,Rk,Player,Pos,Age,Tm,G,GS,MP,FG,FGA,FG%,3P,3PA,3P%,2P,2PA,2P%,eFG%,FT,FTA,FT%,ORB,DRB,TRB,AST,STL,BLK,TOV,PF,PTS,Year
0,1,Alaa Abdelnaby,PF,22,POR,43,0,6.7,1.3,2.7,.474,0.0,0.0,,1.3,2.7,.474,.474,0.6,1.0,.568,0.6,1.4,2.1,0.3,0.1,0.3,0.5,0.9,3.1,1991
1,2,Mahmoud Abdul-Rauf,PG,21,DEN,67,19,22.5,6.2,15.1,.413,0.4,1.5,.240,5.9,13.6,.432,.425,1.3,1.5,.857,0.5,1.3,1.8,3.1,0.8,0.1,1.6,2.2,14.1,1991
2,3,Mark Acres,C,28,ORL,68,0,19.3,1.6,3.1,.509,0.0,0.0,.333,1.6,3.1,.512,.512,1.0,1.5,.653,2.1,3.2,5.3,0.4,0.4,0.4,0.6,3.2,4.2,1991
3,4,Michael Adams,PG,28,DEN,66,66,35.5,8.5,21.5,.394,2.5,8.5,.296,6.0,13.0,.459,.453,7.0,8.0,.879,0.9,3.0,3.9,10.5,2.2,0.1,3.6,2.5,26.5,1991
4,5,Mark Aguirre,SF,31,DET,78,13,25.7,5.4,11.7,.462,0.3,1.0,.308,5.1,10.7,.477,.475,3.1,4.1,.757,1.7,3.1,4.8,1.8,0.6,0.3,1.6,2.7,14.2,1991
5,6,Danny Ainge,SG,31,POR,80,0,21.4,4.2,8.9,.472,1.3,3.1,.406,2.9,5.8,.508,.543,1.4,1.7,.826,0.6,2.0,2.6,3.6,0.8,0.2,1.3,2.4,11.1,1991
6,7,Mark Alarie,PF,27,WSB,42,1,14.0,2.4,5.4,.440,0.1,0.5,.238,2.2,4.9,.461,.451,1.0,1.1,.854,1.0,1.8,2.8,1.1,0.4,0.2,1.0,2.1,5.8,1991
7,8,Steve Alford,PG,26,DAL,34,0,6.9,1.7,3.4,.504,0.2,0.7,.304,1.5,2.8,.553,.534,0.8,0.9,.839,0.3,0.4,0.7,0.6,0.2,0.0,0.5,0.3,4.4,1991
8,9,Greg Anderson,PF,26,TOT,68,2,13.6,1.7,4.0,.430,0.0,0.0,.000,1.7,4.0,.431,.430,0.9,1.7,.522,1.4,3.3,4.7,0.2,0.5,0.7,1.2,2.1,4.3,1991
9,9,Greg Anderson,PF,26,MIL,26,0,9.5,1.0,2.8,.370,0.0,0.0,.000,1.0,2.8,.375,.370,0.6,1.1,.571,1.0,1.9,2.9,0.1,0.3,0.3,0.8,1.1,2.7,1991
10,9,Greg Anderson,PF,26,NJN,1,0,18.0,4.0,4.0,1.000,0.0,0.0,,4.0,4.0,1.000,1.000,0.0,0.0,,4.0,2.0,6.0,1.0,2.0,0.0,1.0,4.0,8.0,1991
11,9,Greg Anderson,PF,26,DEN,41,2,16.1,2.1,4.7,.440,0.0,0.0,,2.1,4.7,.440,.440,1.1,2.1,.506,1.6,4.1,5.8,0.3,0.6,0.9,1.5,2.6,5.2,1991
12,10,Nick Anderson,SG,23,ORL,70,42,28.2,5.7,12.2,.467,0.2,0.8,.293,5.5,11.4,.479,.477,2.5,3.7,.668,1.3,4.2,5.5,1.5,1.1,0.6,1.6,2.1,14.1,1991
13,11,Ron Anderson,SF,32,PHI,82,13,28.5,6.2,12.9,.485,0.1,0.5,.209,6.1,12.3,.497,.490,2.0,2.4,.833,1.3,3.2,4.5,1.4,0.8,0.2,1.2,2.0,14.6,1991
14,12,Willie Anderson,SG,24,SAS,75,75,34.6,6.0,13.2,.457,0.1,0.5,.200,5.9,12.7,.467,.461,2.3,2.8,.798,0.9,3.8,4.7,4.8,1.1,0.6,2.2,3.0,14.4,1991
15,13,Michael Ansley,SF,23,ORL,67,1,13.1,2.1,3.9,.548,0.0,0.0,,2.1,3.9,.548,.548,1.4,1.9,.717,1.8,2.0,3.8,0.4,0.4,0.1,0.5,1.9,5.7,1991
16,14,B.J. Armstrong,PG,23,CHI,82,0,21.1,3.7,7.7,.481,0.2,0.4,.500,3.5,7.3,.480,.493,1.2,1.4,.874,0.3,1.5,1.8,3.7,0.9,0.0,1.3,1.4,8.8,1991
17,15,Vincent Askew,SG,24,GSW,7,0,12.1,1.7,3.6,.480,0.0,0.0,,1.7,3.6,.480,.480,1.3,1.6,.818,1.0,0.6,1.6,1.9,0.3,0.0,0.9,3.0,4.7,1991
18,16,Keith Askins,SF,23,MIA,39,1,6.8,0.9,2.1,.420,0.2,0.6,.240,0.7,1.4,.500,.457,0.3,0.6,.480,0.8,1.0,1.7,0.5,0.4,0.3,0.3,1.2,2.2,1991
19,17,Miloš Babić,PF,22,CLE,12,0,4.3,0.5,1.6,.316,0.0,0.0,,0.5,1.6,.316,.316,0.6,1.0,.583,0.5,0.3,0.8,0.3,0.1,0.1,0.4,0.6,1.6,1991
20,18,Thurl Bailey,PF,29,UTA,82,22,30.3,4.9,10.6,.458,0.0,0.0,.000,4.9,10.6,.459,.458,2.7,3.3,.808,1.2,3.7,5.0,1.5,0.6,1.1,1.6,2.0,12.4,1991
21,19,Cedric Ball,PF,22,LAC,7,0,3.7,0.4,1.1,.375,0.0,0.0,,0.4,1.1,.375,.375,0.3,0.3,1.000,0.7,0.9,1.6,0.0,0.0,0.3,0.3,0.7,1.1,1991
22,20,Ken Bannister,PF,30,LAC,47,3,7.2,0.9,1.7,.531,0.0,0.0,.000,0.9,1.7,.538,.531,0.5,1.4,.385,0.7,1.3,2.0,0.2,0.1,0.1,0.5,1.6,2.4,1991
23,21,Charles Barkley*,SF,27,PHI,67,67,37.3,9.9,17.4,.570,0.7,2.3,.284,9.3,15.1,.614,.589,7.1,9.8,.722,3.9,6.3,10.1,4.2,1.6,0.5,3.1,2.6,27.6,1991
24,22,Dana Barros,PG,23,SEA,66,0,11.4,2.3,4.7,.495,0.5,1.2,.395,1.8,3.5,.530,.547,1.2,1.3,.918,0.3,0.8,1.1,1.7,0.3,0.0,0.8,0.6,6.3,1991
25,23,John Battle,SG,28,ATL,79,2,23.6,5.0,10.9,.461,0.2,0.6,.286,4.8,10.3,.471,.469,3.4,4.0,.854,0.4,1.6,2.0,2.7,0.6,0.1,1.4,1.8,13.6,1991
26,24,Kenny Battle,SG,26,TOT,56,8,16.9,2.4,5.0,.472,0.1,0.4,.125,2.3,4.6,.504,.477,1.3,1.7,.753,1.5,1.7,3.1,1.1,1.1,0.3,0.9,1.9,6.1,1991
27,24,Kenny Battle,SG,26,PHO,16,4,16.4,2.4,5.4,.442,0.0,0.1,.000,2.4,5.3,.452,.442,1.3,1.8,.690,1.3,2.0,3.3,0.9,1.2,0.4,1.1,1.6,6.0,1991
28,24,Kenny Battle,SG,26,DEN,40,4,17.1,2.4,4.9,.485,0.1,0.6,.136,2.3,4.4,.529,.492,1.3,1.6,.781,1.6,1.5,3.1,1.2,1.0,0.3,0.9,2.1,6.1,1991
29,25,William Bedford,C,27,DET,60,4,9.4,1.8,4.0,.438,0.1,0.2,.385,1.7,3.8,.441,.448,0.9,1.3,.705,0.9,1.3,2.2,0.5,0.0,0.6,0.5,1.3,4.5,1991
30,26,Benoit Benjamin,C,26,TOT,70,65,31.9,5.5,11.1,.496,0.0,0.0,,5.5,11.1,.496,.496,3.0,4.2,.712,2.2,8.1,10.3,1.7,0.8,2.1,3.4,2.6,14.0,1991
31,26,Benoit Benjamin,C,26,LAC,39,38,34.3,5.9,11.9,.492,0.0,0.0,,5.9,11.9,.492,.492,3.2,4.3,.728,2.4,9.6,12.0,1.9,0.7,2.3,3.5,2.8,14.9,1991
32,26,Benoit Benjamin,C,26,SEA,31,27,29.0,5.1,10.1,.502,0.0,0.0,,5.1,10.1,.502,.502,2.8,4.1,.690,2.0,6.2,8.2,1.5,0.9,1.7,3.1,2.4,12.9,1991
33,27,Winston Bennett,SF,25,CLE,27,13,12.4,1.5,4.0,.374,0.0,0.0,,1.5,4.0,.374,.374,1.3,1.7,.745,1.1,1.3,2.4,1.0,0.3,0.1,0.7,1.9,4.3,1991
34,28,Larry Bird*,SF,34,BOS,60,60,38.0,7.7,17.0,.454,1.3,3.3,.389,6.4,13.7,.470,.492,2.7,3.1,.891,0.9,7.6,8.5,7.2,1.8,1.0,3.1,2.0,19.4,1991
35,29,Rolando Blackman,SG,31,DAL,80,80,37.1,7.9,16.5,.482,0.5,1.4,.351,7.4,15.0,.494,.497,3.5,4.1,.865,0.8,2.4,3.2,3.8,0.9,0.2,2.0,1.9,19.9,1991
36,30,Lance Blanks,SG,24,DET,38,0,5.6,0.7,1.6,.426,0.1,0.4,.125,0.6,1.2,.533,.443,0.3,0.4,.714,0.1,0.4,0.5,0.7,0.2,0.1,0.5,0.9,1.7,1991
37,31,Mookie Blaylock,PG,23,NJN,72,70,35.9,6.0,14.4,.416,0.2,1.3,.154,5.8,13.2,.441,.423,1.9,2.4,.790,0.9,2.5,3.5,6.1,2.3,0.6,2.9,2.5,14.1,1991
38,32,Muggsy Bogues,PG,26,CHH,81,46,28.4,3.0,6.5,.460,0.0,0.1,.000,3.0,6.3,.471,.460,1.1,1.3,.796,0.7,2.0,2.7,8.3,1.7,0.0,1.5,2.0,7.0,1991
39,33,Manute Bol,C,28,PHI,82,6,18.6,0.8,2.0,.396,0.0,0.2,.071,0.8,1.8,.427,.399,0.3,0.5,.585,0.8,3.5,4.3,0.2,0.2,3.0,0.8,2.2,1.9,1991
40,34,Anthony Bonner,PF,22,SAC,34,6,22.1,3.0,6.8,.448,0.0,0.0,,3.0,6.8,.448,.448,1.3,2.2,.579,1.7,3.0,4.7,1.4,1.1,0.1,1.2,1.8,7.4,1991
41,35,Sam Bowie,C,29,NJN,62,51,30.9,5.1,11.7,.434,0.1,0.4,.182,5.0,11.3,.442,.437,2.7,3.7,.732,2.8,4.9,7.7,2.4,0.7,1.5,2.3,2.8,12.9,1991
42,36,Randy Breuer,C,30,MIN,73,44,20.6,2.7,6.0,.453,0.0,0.0,,2.7,6.0,.453,.453,0.5,1.1,.443,1.6,3.2,4.7,1.0,0.5,1.1,0.9,1.8,5.9,1991
43,37,Frank Brickowski,PF,31,MIL,75,73,25.5,5.0,9.4,.527,0.0,0.0,.000,5.0,9.4,.528,.527,2.6,3.3,.798,1.7,4.0,5.7,1.7,1.1,0.6,2.1,3.4,12.6,1991
44,38,Scott Brooks,PG,25,MIN,80,0,12.3,2.0,4.6,.430,0.6,1.7,.333,1.4,2.9,.485,.491,0.8,0.9,.847,0.4,0.6,0.9,2.6,0.7,0.1,0.6,1.5,5.3,1991
45,39,Chucky Brown,SF,22,CLE,74,51,20.1,3.6,6.8,.524,0.0,0.1,.000,3.6,6.7,.528,.524,1.4,1.9,.701,1.1,1.8,2.9,1.1,0.4,0.3,1.3,1.8,8.5,1991
46,40,Dee Brown,PG,22,BOS,82,5,23.7,3.5,7.5,.464,0.1,0.4,.206,3.4,7.0,.479,.470,1.7,1.9,.873,0.5,1.7,2.2,4.2,1.0,0.2,1.7,2.0,8.7,1991
47,Rk,Player,Pos,Age,Tm,G,GS,MP,FG,FGA,FG%,3P,3PA,3P%,2P,2PA,2P%,eFG%,FT,FTA,FT%,ORB,DRB,TRB,AST,STL,BLK,TOV,PF,PTS,1991
48,41,Mike Brown,C,27,UTA,82,2,17.0,1.6,3.5,.454,0.0,0.0,,1.6,3.5,.454,.454,1.6,2.2,.742,1.3,2.8,4.1,0.6,0.4,0.3,1.0,2.0,4.8,1991
49,42,Tony Brown,SG-SF,30,TOT,30,0,9.8,1.0,2.7,.375,0.1,0.4,.250,0.9,2.3,.397,.394,0.7,0.8,.870,0.8,0.6,1.4,0.5,0.1,0.0,0.5,1.6,2.8,1991
50,42,Tony Brown,SF,30,LAL,7,0,3.9,0.3,0.4,.667,0.1,0.1,1.000,0.1,0.3,.500,.833,0.0,0.0,,0.0,0.6,0.6,0.4,0.0,0.0,0.6,1.1,0.7,1991
51,42,Tony Brown,SG,30,UTA,23,0,11.6,1.2,3.3,.364,0.1,0.5,.182,1.1,2.9,.394,.377,0.9,1.0,.870,1.0,0.7,1.7,0.6,0.2,0.0,0.5,1.7,3.4,1991
52,43,Mark Bryant,PF,25,POR,53,0,14.7,1.9,3.8,.488,0.0,0.0,.000,1.9,3.8,.490,.488,1.4,1.9,.733,1.2,2.4,3.6,0.5,0.3,0.2,0.6,2.3,5.1,1991
53,44,Jud Buechler,SF,22,NJN,74,10,11.6,1.3,3.1,.416,0.0,0.1,.250,1.3,3.0,.419,.418,0.6,0.9,.652,0.8,1.1,1.9,0.7,0.4,0.2,0.4,1.1,3.1,1991
54,45,Matt Bullard,PF,23,HOU,18,0,3.5,0.8,1.7,.452,0.0,0.2,.000,0.8,1.6,.500,.452,0.6,0.9,.647,0.3,0.4,0.8,0.1,0.2,0.0,0.2,0.6,2.2,1991
55,46,Willie Burton,SF,22,MIA,76,26,25.4,4.5,10.2,.441,0.1,0.4,.133,4.4,9.8,.454,.444,3.0,3.9,.782,1.5,2.0,3.4,1.4,0.9,0.3,1.9,3.6,12.0,1991
56,47,Greg Butler,C,24,LAC,9,0,4.1,0.6,2.1,.263,0.0,0.0,,0.6,2.1,.263,.263,0.4,0.7,.667,0.9,0.9,1.8,0.1,0.0,0.0,0.4,1.0,1.6,1991
57,48,Michael Cage,C,29,SEA,82,55,26.1,2.8,5.4,.508,0.0,0.0,.000,2.8,5.4,.511,.508,0.9,1.4,.625,2.2,4.6,6.8,1.1,1.0,0.7,1.0,2.4,6.4,1991
58,49,Adrian Caldwell,PF,24,HOU,42,0,8.2,0.8,2.0,.422,0.0,0.0,.000,0.8,2.0,.427,.422,0.2,0.4,.412,1.0,1.4,2.4,0.2,0.5,0.2,0.7,0.8,1.8,1991
59,50,Rick Calloway,SG,24,SAC,64,0,10.6,1.2,3.0,.391,0.0,0.0,.000,1.2,3.0,.395,.391,0.9,1.2,.696,0.4,0.8,1.2,1.0,0.3,0.1,0.8,1.5,3.2,1991
60,51,Elden Campbell,PF,22,LAL,52,0,7.3,1.1,2.4,.455,0.0,0.0,,1.1,2.4,.455,.455,0.6,0.9,.653,0.8,1.1,1.8,0.2,0.2,0.7,0.3,1.4,2.8,1991
61,52,Tony Campbell,SG,28,MIN,77,71,37.6,8.5,19.5,.434,0.2,0.8,.262,8.3,18.7,.441,.439,4.6,5.8,.803,2.1,2.4,4.5,2.8,1.6,0.6,2.5,2.6,21.8,1991
62,53,Antoine Carr,PF,29,SAC,77,48,32.8,8.2,15.9,.511,0.0,0.0,.000,8.2,15.9,.513,.511,3.8,5.1,.758,2.1,3.3,5.5,2.5,0.6,1.3,2.2,4.1,20.1,1991
63,54,Joe Barry Carroll,C,32,PHO,11,0,8.7,1.2,3.3,.361,0.0,0.0,,1.2,3.3,.361,.361,1.0,1.1,.917,0.3,1.9,2.2,1.0,0.1,0.7,1.1,1.6,3.4,1991
64,55,Bill Cartwright,C,33,CHI,79,79,28.8,4.0,8.2,.490,0.0,0.0,,4.0,8.2,.490,.490,1.6,2.3,.697,2.1,4.0,6.2,1.6,0.4,0.2,1.4,2.1,9.6,1991
65,56,Terry Catledge,PF,27,ORL,51,38,28.6,5.7,12.4,.462,0.0,0.1,.000,5.7,12.3,.466,.462,3.2,5.1,.624,3.3,3.7,7.0,1.1,0.7,0.2,2.1,2.2,14.6,1991
66,57,Duane Causwell,C,22,SAC,76,55,22.6,2.8,5.4,.508,0.0,0.0,,2.8,5.4,.508,.508,1.4,2.2,.636,1.9,3.3,5.1,0.9,0.6,1.9,1.3,3.0,6.9,1991
67,58,Cedric Ceballos,SF,21,PHO,63,0,11.6,3.2,6.7,.487,0.0,0.1,.167,3.2,6.6,.492,.488,1.7,2.6,.663,1.2,1.2,2.4,0.6,0.3,0.1,1.1,1.1,8.2,1991
68,59,Tom Chambers,PF,31,PHO,76,75,32.6,7.3,16.7,.437,0.3,1.0,.274,7.1,15.8,.447,.445,5.0,6.0,.826,1.4,5.1,6.4,2.6,0.9,0.7,2.3,3.1,19.9,1991
69,60,Rex Chapman,PG,23,CHH,70,68,30.0,5.9,13.2,.445,0.7,2.1,.324,5.2,11.1,.468,.471,3.3,4.0,.830,0.6,2.1,2.7,3.6,1.0,0.2,1.9,2.4,15.7,1991
70,Rk,Player,Pos,Age,Tm,G,GS,MP,FG,FGA,FG%,3P,3PA,3P%,2P,2PA,2P%,eFG%,FT,FTA,FT%,ORB,DRB,TRB,AST,STL,BLK,TOV,PF,PTS,1991
71,61,Maurice Cheeks*,PG,34,NYK,76,64,28.3,3.2,6.4,.499,0.1,0.3,.250,3.1,6.1,.510,.504,1.4,1.7,.814,0.3,2.0,2.3,5.7,1.7,0.1,1.4,1.8,7.8,1991
72,62,Derrick Chievous,SF,23,CLE,18,0,6.1,0.9,2.6,.370,0.0,0.0,,0.9,2.6,.370,.370,0.5,0.9,.563,0.6,0.4,1.0,0.1,0.2,0.1,0.3,0.9,2.4,1991
73,63,Richard Coffey,SF,25,MIN,52,1,6.2,0.5,1.4,.373,0.0,0.0,.000,0.5,1.4,.378,.373,0.2,0.4,.545,0.8,0.7,1.5,0.1,0.1,0.1,0.1,0.9,1.3,1991
74,64,Derrick Coleman,PF,23,NJN,74,68,35.2,6.9,14.9,.467,0.2,0.5,.342,6.8,14.4,.472,.473,4.4,6.0,.731,3.6,6.6,10.3,2.2,1.0,1.3,2.9,2.9,18.4,1991
75,65,Bimbo Coles,PG,22,MIA,82,9,16.5,2.0,4.8,.412,0.1,0.4,.176,1.9,4.4,.435,.420,0.9,1.2,.747,0.7,1.2,1.9,2.8,0.8,0.1,1.2,1.8,4.9,1991
76,66,Steve Colter,PG,28,SAC,19,0,13.2,1.2,2.9,.411,0.3,0.7,.357,0.9,2.2,.429,.455,0.4,0.5,.700,0.3,1.1,1.4,1.9,0.6,0.1,0.6,1.4,3.1,1991
77,67,Lester Conner,PG,31,TOT,74,4,13.6,1.3,2.8,.464,0.0,0.1,.000,1.3,2.7,.475,.464,0.9,1.3,.723,0.3,1.2,1.5,2.2,1.1,0.0,0.8,1.0,3.5,1991
78,67,Lester Conner,PG,31,NJN,35,2,14.0,1.7,3.2,.523,0.0,0.1,.000,1.7,3.1,.532,.523,0.8,1.2,.690,0.3,1.3,1.6,1.7,1.1,0.0,0.8,1.1,4.1,1991
79,67,Lester Conner,PG,31,MIL,39,2,13.3,1.0,2.5,.396,0.0,0.1,.000,1.0,2.4,.409,.396,1.0,1.3,.750,0.3,1.2,1.4,2.7,1.2,0.0,0.8,0.9,2.9,1991
80,68,Anthony Cook,PF,23,DEN,58,25,19.3,2.0,4.9,.417,0.0,0.1,.000,2.0,4.8,.421,.417,1.2,2.2,.550,2.3,3.3,5.6,0.4,0.6,1.2,0.9,1.7,5.3,1991
81,69,Wayne Cooper,C,34,POR,67,1,11.1,0.9,2.2,.393,0.0,0.0,.000,0.9,2.1,.396,.393,0.5,0.6,.786,0.8,2.0,2.8,0.3,0.1,0.9,0.3,1.8,2.2,1991
82,70,Tyrone Corbin,SF,28,MIN,82,82,39.0,7.2,16.0,.448,0.0,0.1,.200,7.1,15.9,.450,.449,3.6,4.5,.798,2.3,4.9,7.2,4.2,2.0,0.6,2.5,3.1,18.0,1991
83,71,Dave Corzine,C,34,SEA,28,0,5.3,0.6,1.4,.447,0.0,0.0,,0.6,1.4,.447,.447,0.5,0.8,.591,0.4,0.8,1.2,0.1,0.2,0.2,0.1,0.6,1.7,1991
84,72,Pat Cummings,PF,34,UTA,4,0,6.5,1.0,1.5,.667,0.0,0.0,,1.0,1.5,.667,.667,1.8,2.5,.700,0.8,0.5,1.3,0.0,0.0,0.0,0.5,2.0,3.8,1991
85,73,Terry Cummings,PF,29,SAS,67,62,32.8,7.5,15.5,.484,0.1,0.5,.212,7.4,15.0,.493,.487,2.4,3.6,.683,2.9,4.9,7.8,2.3,0.9,0.4,2.0,3.4,17.6,1991
86,74,Earl Cureton,PF,33,CHH,9,1,17.7,0.9,2.7,.333,0.0,0.1,.000,0.9,2.6,.348,.333,0.1,0.3,.333,0.7,3.3,4.0,0.3,0.0,0.3,0.7,1.8,1.9,1991
87,75,Dell Curry,SG,26,CHH,76,14,19.9,4.4,9.4,.471,0.4,1.1,.372,4.0,8.3,.485,.494,1.3,1.5,.842,0.6,2.0,2.6,2.2,1.0,0.3,1.1,1.6,10.6,1991
88,76,Quintin Dailey,SG,30,SEA,30,0,10.0,2.4,5.2,.471,0.0,0.0,.000,2.4,5.1,.474,.471,1.3,2.1,.613,0.4,0.7,1.1,0.5,0.2,0.0,0.6,0.8,6.1,1991
89,77,Adrian Dantley*,SF,35,MIL,10,0,12.6,1.9,5.0,.380,0.1,0.3,.333,1.8,4.7,.383,.390,1.8,2.6,.692,0.8,0.5,1.3,0.9,0.5,0.0,0.6,0.8,5.7,1991
90,78,Brad Daugherty,C,25,CLE,76,76,38.8,8.0,15.2,.524,0.0,0.0,.000,8.0,15.2,.525,.524,5.7,7.6,.751,2.3,8.6,10.9,3.3,1.0,0.6,2.8,2.5,21.6,1991
91,79,Brad Davis,PG,35,DAL,80,6,17.8,2.0,4.7,.426,0.3,1.1,.259,1.7,3.6,.476,.456,1.1,1.5,.771,0.2,1.3,1.5,2.9,0.6,0.2,1.0,2.7,5.4,1991
92,80,Terry Davis,PF,23,MIA,55,17,18.1,2.1,4.3,.487,0.0,0.0,.500,2.1,4.3,.487,.489,1.3,2.3,.556,1.9,2.9,4.8,0.7,0.3,0.5,0.7,2.3,5.5,1991
93,Rk,Player,Pos,Age,Tm,G,GS,MP,FG,FGA,FG%,3P,3PA,3P%,2P,2PA,2P%,eFG%,FT,FTA,FT%,ORB,DRB,TRB,AST,STL,BLK,TOV,PF,PTS,1991
94,81,Walter Davis,SG,36,TOT,71,14,20.9,5.7,12.1,.468,0.2,0.5,.306,5.5,11.6,.475,.474,1.5,1.6,.915,1.0,1.5,2.5,1.8,1.1,0.0,1.2,2.1,13.0,1991
95,81,Walter Davis,SG,36,DEN,39,13,26.8,8.1,17.1,.474,0.3,0.8,.303,7.8,16.3,.483,.481,2.2,2.4,.915,1.3,1.8,3.2,2.2,1.6,0.1,1.6,2.8,18.7,1991
96,81,Walter Davis,SG,36,POR,32,1,13.7,2.7,6.1,.446,0.0,0.1,.333,2.7,6.0,.448,.449,0.7,0.7,.913,0.6,1.2,1.8,1.3,0.6,0.0,0.8,1.3,6.1,1991
97,82,Johnny Dawkins,PG,27,PHI,4,4,31.0,6.5,10.3,.634,0.3,1.0,.250,6.3,9.3,.676,.646,2.5,2.8,.909,0.0,4.0,4.0,7.0,0.8,0.0,2.0,1.0,15.8,1991
98,83,Tony Dawson,SF,23,SAC,4,0,4.3,1.0,1.8,.571,0.3,0.3,1.000,0.8,1.5,.500,.643,0.0,0.0,,0.5,0.0,0.5,0.0,0.0,0.0,0.3,0.0,2.3,1991
99,84,Byron Dinkins,PG,23,TOT,12,0,12.4,1.2,2.8,.412,0.0,0.0,,1.2,2.8,.412,.412,0.7,0.8,.889,0.0,1.0,1.0,1.6,0.2,0.0,1.1,1.3,3.0,1991
100,84,Byron Dinkins,PG,23,SAS,10,0,14.4,1.3,3.3,.394,0.0,0.0,,1.3,3.3,.394,.394,0.8,0.9,.889,0.0,1.1,1.1,1.9,0.2,0.0,1.3,1.2,3.4,1991
101,84,Byron Dinkins,PG,23,IND,2,0,2.5,0.5,0.5,1.000,0.0,0.0,,0.5,0.5,1.000,1.000,0.0,0.0,,0.0,0.5,0.5,0.0,0.0,0.0,0.0,1.5,1.0,1991
102,85,Vlade Divac*,C,22,LAL,82,81,28.2,4.4,7.8,.565,0.1,0.2,.357,4.3,7.6,.570,.569,2.4,3.4,.703,2.5,5.6,8.1,1.1,1.3,1.5,1.8,3.0,11.2,1991
103,86,James Donaldson,C,33,DAL,82,82,34.1,4.0,7.5,.532,0.0,0.0,,4.0,7.5,.532,.532,2.0,2.8,.721,2.5,6.4,8.9,0.8,0.4,1.1,1.8,2.2,10.0,1991
104,87,Sherman Douglas,PG,24,MIA,73,73,35.1,7.3,14.5,.504,0.1,0.4,.129,7.2,14.0,.516,.506,3.9,5.7,.686,1.1,1.8,2.9,8.5,1.7,0.1,3.7,2.4,18.5,1991
105,88,Greg Dreiling,C,28,IND,73,42,14.1,1.3,2.7,.505,0.0,0.0,.000,1.3,2.6,.510,.505,0.9,1.4,.600,0.9,2.6,3.5,0.7,0.3,0.4,0.8,2.4,3.5,1991
106,89,Larry Drew,PG,32,LAL,48,2,10.3,1.1,2.6,.432,0.3,0.7,.424,0.8,1.9,.435,.488,0.4,0.5,.773,0.1,0.6,0.7,2.5,0.3,0.0,1.0,0.8,2.9,1991
107,90,Clyde Drexler*,SG,28,POR,82,82,34.8,7.9,16.3,.482,0.7,2.3,.319,7.1,14.0,.509,.505,5.1,6.4,.794,2.6,4.1,6.7,6.0,1.8,0.7,2.8,2.8,21.5,1991
108,91,Kevin Duckworth,C,26,POR,81,81,31.0,6.4,13.4,.481,0.0,0.0,.000,6.4,13.4,.482,.481,3.0,3.8,.772,2.2,4.4,6.6,1.1,0.4,0.4,2.3,3.1,15.8,1991
109,92,Chris Dudley,C,25,NJN,61,25,25.6,2.8,6.8,.408,0.0,0.0,,2.8,6.8,.408,.408,1.5,2.9,.534,3.8,4.6,8.4,0.6,0.6,2.5,1.3,3.6,7.1,1991
110,93,Joe Dumars*,SG,27,DET,80,80,38.1,7.8,16.2,.481,0.2,0.6,.311,7.6,15.6,.488,.487,4.6,5.2,.890,0.8,1.6,2.3,5.5,1.1,0.1,2.4,1.7,20.4,1991
111,94,T.R. Dunn,SG,35,DEN,17,3,12.8,1.2,2.8,.447,0.1,0.2,.250,1.2,2.5,.465,.457,0.5,0.6,.900,1.2,1.3,2.5,1.4,0.7,0.1,0.4,1.8,3.1,1991
112,95,Ledell Eackles,SG,24,WSB,67,17,24.1,5.1,11.4,.453,0.2,0.9,.237,4.9,10.5,.471,.462,2.4,3.3,.739,0.7,1.2,1.9,2.0,0.7,0.1,1.7,1.8,13.0,1991
113,96,Mark Eaton,C,34,UTA,80,80,32.3,2.1,3.7,.579,0.0,0.0,,2.1,3.7,.579,.579,0.9,1.4,.634,2.3,6.1,8.3,0.6,0.5,2.4,1.2,3.7,5.1,1991
114,97,Blue Edwards,SF,25,UTA,62,56,26.0,3.9,7.5,.526,0.1,0.4,.250,3.8,7.1,.541,.532,1.3,1.9,.701,0.8,2.4,3.2,1.7,0.9,0.5,1.7,3.3,9.3,1991
115,98,James Edwards,C,35,DET,72,70,26.4,5.3,11.0,.484,0.0,0.0,.500,5.3,11.0,.484,.484,3.0,4.1,.729,1.3,2.6,3.8,0.9,0.2,0.4,1.8,3.5,13.6,1991
116,99,Kevin Edwards,SG,25,MIA,79,16,25.3,4.8,11.7,.410,0.3,1.1,.286,4.5,10.7,.422,.423,2.2,2.7,.803,1.0,1.6,2.6,3.0,1.6,0.6,2.1,1.9,12.1,1991
117,100,Craig Ehlo,SG,29,CLE,82,68,33.7,4.2,9.4,.445,0.6,1.8,.329,3.6,7.6,.473,.477,1.2,1.7,.679,1.7,3.0,4.7,4.6,1.5,0.4,2.0,2.5,10.1,1991
118,Rk,Player,Pos,Age,Tm,G,GS,MP,FG,FGA,FG%,3P,3PA,3P%,2P,2PA,2P%,eFG%,FT,FTA,FT%,ORB,DRB,TRB,AST,STL,BLK,TOV,PF,PTS,1991
119,101,Mario Elie,SF-SG,27,TOT,33,0,19.5,2.4,4.8,.497,0.1,0.3,.400,2.3,4.5,.503,.509,2.3,2.7,.843,1.4,1.9,3.3,1.4,0.6,0.3,0.9,2.6,7.2,1991
120,101,Mario Elie,SG,27,PHI,3,0,6.7,0.7,2.3,.286,0.3,0.7,.500,0.3,1.7,.200,.357,0.3,0.7,.500,0.0,0.3,0.3,0.3,0.0,0.0,1.0,0.7,2.0,1991
121,101,Mario Elie,SF,27,GSW,30,0,20.8,2.6,5.1,.507,0.1,0.3,.375,2.5,4.8,.514,.516,2.5,2.9,.851,1.5,2.1,3.6,1.5,0.6,0.3,0.9,2.8,7.7,1991
122,102,Sean Elliott,SF,22,SAS,82,82,37.1,5.8,11.9,.490,0.2,0.8,.313,5.6,11.1,.502,.500,4.0,4.9,.808,1.7,3.8,5.6,2.9,0.8,0.4,1.8,2.3,15.9,1991
123,103,Dale Ellis,SG,30,TOT,51,24,27.9,6.7,14.1,.474,1.1,3.1,.363,5.5,11.0,.504,.513,2.4,3.3,.723,1.3,2.1,3.4,1.9,1.0,0.2,1.6,2.2,16.8,1991
124,103,Dale Ellis,SG,30,SEA,30,24,26.7,6.0,13.0,.463,0.9,3.0,.303,5.1,10.1,.510,.497,2.1,2.8,.738,0.9,2.1,3.1,2.1,1.1,0.1,1.6,2.0,15.0,1991
125,103,Dale Ellis,SG,30,MIL,21,0,29.7,7.6,15.6,.486,1.4,3.2,.441,6.1,12.3,.498,.532,2.8,3.9,.707,1.8,2.0,3.9,1.5,0.8,0.2,1.5,2.5,19.3,1991
126,104,Pervis Ellison,C,23,WSB,76,30,25.6,4.3,8.4,.513,0.0,0.1,.000,4.3,8.3,.517,.513,1.8,2.8,.650,2.9,4.8,7.7,1.3,0.6,2.1,1.9,3.5,10.4,1991
127,105,A.J. English,SG,23,WSB,70,12,20.6,3.6,8.2,.439,0.0,0.4,.097,3.5,7.7,.458,.441,1.6,2.2,.707,0.9,1.2,2.1,2.5,0.4,0.2,1.6,1.8,8.8,1991
128,106,Alex English*,SF,37,DAL,79,26,22.1,4.1,9.3,.439,0.0,0.0,.000,4.1,9.3,.439,.439,1.5,1.8,.850,1.4,1.8,3.2,1.3,0.5,0.3,1.3,1.8,9.7,1991
129,107,Patrick Ewing*,C,28,NYK,81,81,38.3,10.4,20.3,.514,0.0,0.1,.000,10.4,20.2,.516,.514,5.7,7.7,.745,2.4,8.8,11.2,3.0,1.0,3.2,3.6,3.5,26.6,1991
130,108,Jim Farmer,SG,26,TOT,27,1,16.9,3.7,8.3,.453,0.2,0.9,.217,3.6,7.4,.480,.464,1.8,2.4,.738,1.1,1.4,2.5,1.4,0.5,0.1,1.4,2.1,9.4,1991
131,108,Jim Farmer,SG,26,PHI,2,0,6.5,1.0,3.5,.286,0.0,0.5,.000,1.0,3.0,.333,.286,1.0,1.0,1.000,1.0,1.5,2.5,0.0,0.0,0.0,0.5,0.0,3.0,1991
132,108,Jim Farmer,SG,26,DEN,25,1,17.7,4.0,8.6,.458,0.2,0.9,.227,3.8,7.8,.485,.470,1.8,2.5,.730,1.1,1.4,2.5,1.5,0.5,0.1,1.5,2.3,10.0,1991
133,109,Dave Feitl,C,28,HOU,52,2,7.2,1.0,2.7,.371,0.0,0.1,.000,1.0,2.6,.380,.371,0.6,0.8,.750,0.6,1.4,1.9,0.2,0.1,0.2,0.5,1.0,2.6,1991
134,110,Duane Ferrell,SF,25,ATL,78,2,14.9,2.2,4.6,.489,0.0,0.0,.667,2.2,4.5,.487,.492,1.6,2.0,.801,1.2,1.1,2.3,0.7,0.4,0.3,1.0,1.9,6.1,1991
135,111,Danny Ferry,PF,24,CLE,81,2,20.5,3.4,7.9,.428,0.3,1.0,.299,3.1,7.0,.445,.446,1.5,1.9,.816,1.2,2.3,3.5,1.8,0.5,0.3,1.5,2.8,8.6,1991
136,112,Vern Fleming,PG,28,IND,69,45,28.0,5.2,9.7,.531,0.1,0.3,.222,5.1,9.5,.539,.534,2.3,3.2,.729,1.2,1.9,3.1,5.3,1.1,0.2,2.0,1.7,12.7,1991
137,113,Sleepy Floyd,PG,30,HOU,82,4,22.6,4.7,11.5,.411,0.6,2.1,.273,4.1,9.3,.443,.437,2.3,3.0,.752,0.6,1.3,1.9,3.9,1.2,0.2,1.7,1.5,12.3,1991
138,114,Greg Foster,PF,22,WSB,54,3,11.2,1.8,3.9,.460,0.0,0.1,.000,1.8,3.8,.471,.460,0.8,1.1,.689,1.0,1.8,2.8,0.7,0.2,0.4,0.8,2.1,4.4,1991
139,115,Anthony Frederick,SF,26,SAC,35,3,13.6,1.9,4.8,.399,0.0,0.0,,1.9,4.8,.399,.399,1.2,1.7,.717,1.0,1.4,2.4,1.3,0.6,0.4,1.1,1.4,5.1,1991
140,116,Corey Gaines,SG,25,DEN,10,2,22.6,2.8,7.0,.400,0.5,2.1,.238,2.3,4.9,.469,.436,2.2,2.6,.846,0.4,1.0,1.4,9.1,1.0,0.2,2.3,2.5,8.3,1991
141,117,Kevin Gamble,SF,25,BOS,82,76,33.0,6.7,11.4,.587,0.0,0.1,.000,6.7,11.3,.592,.587,2.3,2.8,.815,1.0,2.2,3.3,3.1,1.2,0.4,1.8,2.9,15.6,1991
142,118,Winston Garland,PG,26,LAC,69,26,24.7,3.2,7.5,.426,0.1,0.4,.154,3.1,7.1,.440,.430,1.7,2.3,.752,0.7,2.2,2.9,4.6,1.4,0.1,1.7,2.7,8.2,1991
143,119,Tom Garrick,SG,24,LAC,67,0,14.2,1.5,3.5,.424,0.0,0.3,.000,1.5,3.2,.467,.424,0.9,1.2,.759,0.6,1.3,1.9,3.3,0.9,0.0,1.0,1.5,3.9,1991
144,120,Kenny Gattison,PF,26,CHH,72,6,21.6,3.4,6.3,.532,0.0,0.0,.000,3.4,6.3,.534,.532,2.3,3.4,.661,1.9,3.4,5.3,0.6,0.7,0.9,1.4,2.9,9.0,1991
145,Rk,Player,Pos,Age,Tm,G,GS,MP,FG,FGA,FG%,3P,3PA,3P%,2P,2PA,2P%,eFG%,FT,FTA,FT%,ORB,DRB,TRB,AST,STL,BLK,TOV,PF,PTS,1991
146,121,Tate George,PG,22,NJN,56,11,10.6,1.4,3.4,.415,0.0,0.0,.000,1.4,3.4,.419,.415,0.6,0.7,.800,0.3,0.5,0.8,1.9,0.4,0.1,0.8,1.0,3.4,1991
147,122,Derrick Gervin,PF,27,NJN,56,4,13.3,2.9,7.0,.416,0.1,0.5,.250,2.8,6.5,.429,.425,1.6,2.0,.789,0.7,1.3,2.0,0.5,0.3,0.3,0.8,1.6,7.6,1991
148,123,Kendall Gill,SG,22,CHH,82,36,23.7,4.6,10.2,.450,0.0,0.2,.143,4.6,10.0,.455,.451,1.9,2.2,.835,1.3,1.9,3.2,3.7,1.3,0.5,2.0,2.3,11.0,1991
149,124,Armen Gilliam,PF,26,TOT,75,75,35.3,6.5,13.3,.487,0.0,0.0,.000,6.5,13.3,.487,.487,3.6,4.4,.815,2.9,5.0,8.0,1.4,0.9,0.7,2.3,2.5,16.6,1991
150,124,Armen Gilliam,PF,26,CHH,25,25,38.0,7.8,15.2,.513,0.0,0.0,,7.8,15.2,.513,.513,4.2,5.1,.813,3.4,5.9,9.4,1.1,1.4,0.8,2.6,2.6,19.8,1991
151,124,Armen Gilliam,PF,26,PHI,50,50,33.9,5.8,12.4,.470,0.0,0.0,.000,5.8,12.4,.472,.470,3.3,4.0,.816,2.7,4.6,7.3,1.6,0.7,0.6,2.2,2.4,15.0,1991
152,125,Gerald Glass,SF,23,MIN,51,3,11.9,2.9,6.7,.438,0.0,0.3,.118,2.9,6.3,.455,.441,1.0,1.5,.684,1.1,0.9,2.0,0.8,0.5,0.2,0.8,1.5,6.9,1991
153,126,Mike Gminski,C,31,TOT,80,79,27.5,4.5,10.1,.442,0.0,0.2,.143,4.4,9.9,.447,.443,1.6,2.0,.810,2.3,5.0,7.3,1.2,0.5,0.7,1.1,1.2,10.6,1991
154,126,Mike Gminski,C,31,PHI,30,29,26.4,3.6,9.5,.384,0.0,0.3,.125,3.6,9.2,.391,.386,1.8,2.1,.841,2.4,4.3,6.7,1.1,0.5,1.1,1.0,1.4,9.1,1991
155,126,Mike Gminski,C,31,CHH,50,50,28.1,5.0,10.5,.473,0.0,0.1,.167,4.9,10.4,.477,.474,1.5,1.9,.789,2.3,5.3,7.6,1.2,0.5,0.4,1.1,1.2,11.4,1991
156,127,Dan Godfread,C,23,MIN,10,0,2.0,0.5,1.2,.417,0.0,0.1,.000,0.5,1.1,.455,.417,0.3,0.4,.750,0.0,0.2,0.2,0.0,0.1,0.4,0.0,0.5,1.3,1991
157,128,Jim Grandholm,PF,30,DAL,26,0,6.5,1.2,2.2,.517,0.3,0.7,.529,0.8,1.6,.512,.595,0.4,0.8,.476,0.8,1.2,1.9,0.3,0.1,0.3,0.4,1.3,3.0,1991
158,129,Gary Grant,PG,25,LAC,68,65,31.0,3.9,8.6,.451,0.1,0.6,.231,3.8,8.1,.467,.459,0.8,1.1,.689,1.0,2.1,3.1,8.6,1.5,0.2,3.1,2.8,8.7,1991
159,130,Greg Grant,PG,24,NYK,22,0,4.9,0.5,1.2,.370,0.0,0.1,.333,0.4,1.1,.375,.389,0.2,0.3,.833,0.0,0.4,0.5,0.9,0.4,0.0,0.5,0.5,1.2,1991
160,131,Harvey Grant,PF,25,WSB,77,76,36.9,7.9,15.9,.498,0.0,0.2,.133,7.9,15.7,.502,.498,2.4,3.2,.743,2.3,4.9,7.2,2.6,1.2,0.8,1.6,3.0,18.2,1991
161,132,Horace Grant,PF,25,CHI,78,76,33.9,5.1,9.4,.547,0.0,0.1,.167,5.1,9.3,.550,.548,2.5,3.6,.711,3.4,5.0,8.4,2.3,1.2,0.9,1.2,2.6,12.8,1991
162,133,Stuart Gray,C,27,NYK,8,0,4.6,0.5,1.5,.333,0.0,0.0,,0.5,1.5,.333,.333,0.4,0.4,1.000,0.3,1.0,1.3,0.0,0.0,0.1,0.3,0.8,1.4,1991
163,134,Jeff Grayer,SG,25,MIL,82,7,17.3,2.6,5.9,.433,0.0,0.0,.000,2.6,5.9,.436,.433,1.2,1.8,.687,1.4,1.6,3.0,1.5,0.6,0.1,1.0,1.2,6.4,1991
164,135,A.C. Green,PF,27,LAL,82,21,26.4,3.1,6.6,.476,0.1,0.7,.200,3.0,5.9,.507,.486,2.7,3.7,.738,2.5,3.8,6.3,0.9,0.7,0.3,1.2,1.4,9.1,1991
165,136,Rickey Green,PG,36,PHI,79,75,28.5,4.2,9.1,.463,0.1,0.5,.222,4.1,8.7,.475,.468,1.5,1.8,.830,0.4,1.3,1.7,5.2,0.7,0.1,1.4,1.6,10.0,1991
166,137,Sidney Green,PF,30,SAS,66,7,16.7,2.7,5.8,.461,0.0,0.0,.000,2.7,5.8,.465,.461,1.3,1.6,.848,1.5,3.3,4.7,0.8,0.5,0.2,1.3,2.6,6.7,1991
167,138,Dave Greenwood,PF,33,SAS,63,11,16.2,1.3,2.7,.503,0.0,0.0,.000,1.3,2.7,.509,.503,1.1,1.5,.734,1.0,2.5,3.5,0.8,0.5,0.4,1.1,2.7,3.8,1991
168,139,Darrell Griffith,SG,32,UTA,75,2,13.4,2.3,5.9,.391,0.6,1.8,.348,1.7,4.1,.410,.445,0.5,0.6,.756,0.2,1.0,1.2,0.5,0.6,0.1,0.6,1.3,5.7,1991
169,140,Scott Haffner,PG,24,CHH,7,0,7.1,1.1,3.0,.381,0.0,0.3,.000,1.1,2.7,.421,.381,0.1,0.3,.500,0.3,0.3,0.6,1.3,0.4,0.1,0.6,0.6,2.4,1991
170,Rk,Player,Pos,Age,Tm,G,GS,MP,FG,FGA,FG%,3P,3PA,3P%,2P,2PA,2P%,eFG%,FT,FTA,FT%,ORB,DRB,TRB,AST,STL,BLK,TOV,PF,PTS,1991
171,141,Jack Haley,PF,27,NJN,78,18,15.1,2.1,4.4,.469,0.0,0.0,,2.1,4.4,.469,.469,1.4,2.3,.619,1.8,2.8,4.6,0.4,0.3,0.3,0.8,2.6,5.6,1991
172,142,Tom Hammonds,PF,23,WSB,70,7,14.6,2.2,4.8,.461,0.0,0.1,.000,2.2,4.7,.467,.461,0.8,1.1,.722,0.8,2.1,2.9,0.6,0.2,0.1,0.8,1.5,5.2,1991
173,143,Bob Hansen,SG,30,SAC,36,24,22.5,2.7,7.1,.375,0.5,1.9,.275,2.1,5.2,.412,.412,0.5,1.0,.500,0.9,1.8,2.7,2.5,0.6,0.1,0.9,2.0,6.4,1991
174,144,Tim Hardaway*,PG,24,GSW,82,82,39.2,9.0,18.9,.476,1.2,3.1,.385,7.8,15.8,.494,.508,3.7,4.6,.803,1.1,3.0,4.0,9.7,2.6,0.1,3.3,2.8,22.9,1991
175,145,Derek Harper,PG,29,DAL,77,77,37.4,7.4,15.9,.467,1.2,3.2,.362,6.3,12.7,.493,.503,3.7,5.1,.731,0.8,2.3,3.0,7.1,1.9,0.2,2.3,2.9,19.7,1991
176,146,Ron Harper,SG,27,LAC,39,34,35.5,7.3,18.7,.391,1.2,3.8,.324,6.1,14.9,.408,.424,3.7,5.6,.668,1.5,3.3,4.8,5.4,1.7,0.9,3.3,2.8,19.6,1991
177,147,Tony Harris,SG,23,PHI,6,0,6.8,0.7,2.7,.250,0.0,0.3,.000,0.7,2.3,.286,.250,0.3,0.7,.500,0.0,0.2,0.2,0.0,0.2,0.0,0.5,0.8,1.7,1991
178,148,Scott Hastings,PF,30,DET,27,0,4.2,0.6,1.0,.571,0.1,0.1,.750,0.5,0.9,.542,.625,0.5,0.5,1.000,0.5,0.5,1.0,0.3,0.0,0.0,0.3,0.9,1.8,1991
179,149,Hersey Hawkins,SG,24,PHI,80,80,38.9,7.4,15.6,.472,1.4,3.4,.400,6.0,12.3,.491,.515,6.0,6.9,.871,0.6,3.3,3.9,3.7,2.2,0.5,2.7,2.3,22.1,1991
180,150,Gerald Henderson,PG,35,DET,23,10,17.0,2.2,5.1,.427,0.3,0.9,.333,1.9,4.2,.448,.457,0.7,0.9,.762,0.3,1.3,1.6,2.7,0.5,0.1,1.2,1.9,5.3,1991
181,151,Steve Henson,PG,22,MIL,68,0,10.1,1.2,2.8,.418,0.3,0.8,.333,0.9,2.0,.452,.466,0.6,0.6,.905,0.2,0.5,0.8,1.9,0.5,0.0,0.6,1.2,3.1,1991
182,152,Mike Higgins,SF,23,SAC,7,0,8.7,0.9,1.4,.600,0.0,0.0,,0.9,1.4,.600,.600,0.6,1.0,.571,0.6,0.1,0.7,0.3,0.0,0.3,0.6,2.3,2.3,1991
183,153,Rod Higgins,SF,31,GSW,82,9,24.7,3.2,6.8,.463,0.9,2.7,.332,2.3,4.1,.549,.529,2.3,2.8,.819,1.3,3.0,4.3,1.4,0.6,0.5,0.8,2.4,9.5,1991
184,154,Sean Higgins,SF,22,SAS,50,0,9.3,1.9,4.2,.458,0.1,0.4,.158,1.9,3.9,.487,.465,0.6,0.7,.848,0.4,0.9,1.3,0.7,0.2,0.0,1.0,1.1,4.5,1991
185,155,Tyrone Hill,PF,22,GSW,74,22,16.1,2.0,4.0,.492,0.0,0.0,,2.0,4.0,.492,.492,1.3,2.1,.632,2.1,3.1,5.2,0.3,0.4,0.4,1.0,3.6,5.3,1991
186,156,Roy Hinson,PF,29,NJN,9,0,10.1,2.2,4.3,.513,0.0,0.0,,2.2,4.3,.513,.513,0.1,0.3,.333,0.7,1.4,2.1,0.4,0.0,0.3,0.7,1.6,4.6,1991
187,157,Craig Hodges,SG,30,CHI,73,0,11.5,2.0,4.7,.424,0.6,1.6,.383,1.4,3.1,.445,.488,0.4,0.4,.963,0.1,0.4,0.6,1.3,0.5,0.0,0.5,1.0,5.0,1991
188,158,Dave Hoppen,C,26,TOT,30,0,5.2,0.8,1.5,.545,0.0,0.1,.000,0.8,1.4,.571,.545,0.5,0.7,.727,0.6,0.7,1.3,0.1,0.1,0.0,0.4,1.0,2.1,1991
189,158,Dave Hoppen,C,26,CHH,19,0,5.9,0.9,1.7,.563,0.0,0.1,.000,0.9,1.6,.581,.563,0.4,0.5,.800,0.7,0.8,1.6,0.2,0.1,0.1,0.6,0.9,2.3,1991
190,158,Dave Hoppen,C,26,PHI,11,0,3.9,0.5,1.1,.500,0.0,0.1,.000,0.5,1.0,.545,.500,0.7,1.1,.667,0.4,0.5,0.8,0.0,0.1,0.0,0.1,1.0,1.8,1991
191,159,Dennis Hopson,SF,25,CHI,61,0,11.9,1.7,4.0,.426,0.0,0.1,.200,1.7,3.9,.431,.428,0.9,1.4,.663,0.8,1.0,1.8,1.1,0.4,0.2,1.0,1.3,4.3,1991
192,160,Jeff Hornacek,SG,27,PHO,80,77,34.2,6.8,13.1,.518,0.8,1.8,.418,6.0,11.3,.534,.547,2.5,2.8,.897,0.9,3.1,4.0,5.1,1.4,0.2,1.6,2.3,16.9,1991
193,Rk,Player,Pos,Age,Tm,G,GS,MP,FG,FGA,FG%,3P,3PA,3P%,2P,2PA,2P%,eFG%,FT,FTA,FT%,ORB,DRB,TRB,AST,STL,BLK,TOV,PF,PTS,1991
194,161,Jay Humphries,PG,28,MIL,80,80,34.1,6.0,12.0,.502,0.8,2.0,.373,5.3,10.0,.528,.533,2.4,3.0,.799,0.7,2.0,2.8,6.7,1.6,0.1,1.9,3.0,15.2,1991
195,162,Byron Irvin,SG,24,WSB,33,4,9.6,1.8,3.9,.465,0.0,0.2,.200,1.8,3.8,.476,.469,1.5,1.8,.820,0.7,0.6,1.4,0.7,0.5,0.1,0.5,1.0,5.2,1991
196,163,Mark Jackson,PG,25,NYK,72,21,22.2,3.5,7.1,.492,0.2,0.7,.255,3.3,6.3,.519,.505,1.6,2.2,.731,0.9,1.9,2.7,6.3,0.8,0.1,1.9,1.1,8.8,1991
197,164,Dave Jamerson,SG,23,HOU,37,0,5.5,1.2,3.1,.381,0.1,0.5,.263,1.0,2.5,.404,.403,0.6,0.7,.815,0.2,0.6,0.8,0.7,0.2,0.0,0.5,0.6,3.1,1991
198,165,Henry James,PF,25,CLE,37,4,13.6,3.0,6.9,.441,0.6,1.6,.400,2.4,5.2,.454,.488,1.4,1.9,.722,0.7,1.4,2.1,0.9,0.4,0.1,1.0,1.6,8.1,1991
199,166,Les Jepsen,C,23,GSW,21,0,5.0,0.5,1.7,.306,0.0,0.0,.000,0.5,1.7,.314,.306,0.3,0.4,.667,0.8,1.0,1.8,0.0,0.0,0.1,0.1,0.8,1.3,1991
200,167,Avery Johnson,PG,25,TOT,68,14,14.1,1.9,4.1,.469,0.0,0.1,.111,1.9,3.9,.481,.471,0.9,1.3,.678,0.3,0.8,1.1,3.4,0.7,0.1,1.1,0.9,4.7,1991
201,167,Avery Johnson,PG,25,DEN,21,4,10.3,1.4,3.2,.426,0.0,0.2,.000,1.4,3.0,.453,.426,1.0,1.5,.656,0.4,0.6,1.0,3.7,0.7,0.1,1.3,1.0,3.8,1991
202,167,Avery Johnson,PG,25,SAS,47,10,15.8,2.1,4.4,.483,0.0,0.1,.200,2.1,4.3,.490,.486,0.8,1.2,.691,0.3,0.9,1.2,3.3,0.7,0.0,1.0,0.9,5.1,1991
203,168,Buck Johnson,SF,27,HOU,73,70,31.2,5.7,12.0,.477,0.0,0.2,.133,5.7,11.8,.483,.478,2.2,3.0,.727,1.5,3.0,4.5,1.9,1.1,0.6,1.7,3.3,13.6,1991
204,169,Eddie Johnson,SG,31,TOT,81,27,25.7,6.7,13.9,.484,0.5,1.5,.325,6.2,12.4,.503,.501,2.8,3.2,.891,1.3,2.0,3.3,1.4,0.7,0.1,1.5,2.2,16.7,1991
205,169,Eddie Johnson,SG,31,PHO,15,0,20.8,5.9,12.4,.473,0.4,1.4,.286,5.5,11.0,.497,.489,1.4,1.9,.724,1.1,2.0,3.1,1.1,0.6,0.1,1.6,2.5,13.5,1991
206,169,Eddie Johnson,SG,31,SEA,66,27,26.9,6.9,14.2,.486,0.5,1.5,.333,6.4,12.7,.504,.504,3.2,3.5,.912,1.4,2.0,3.4,1.4,0.7,0.1,1.5,2.2,17.4,1991
207,170,Kevin Johnson,PG,24,PHO,77,76,36.0,7.7,14.9,.516,0.1,0.6,.205,7.6,14.3,.529,.520,6.7,8.0,.843,0.7,2.8,3.5,10.1,2.1,0.1,3.5,2.3,22.2,1991
208,171,Magic Johnson*,PG,31,LAL,79,79,37.1,5.9,12.4,.477,1.0,3.2,.320,4.9,9.2,.532,.518,6.6,7.3,.906,1.3,5.6,7.0,12.5,1.3,0.2,4.0,1.9,19.4,1991
209,172,Steve Johnson,C,33,GSW,24,8,9.5,1.4,2.6,.540,0.0,0.0,,1.4,2.6,.540,.540,0.9,1.5,.595,0.8,1.6,2.4,0.7,0.2,0.2,1.0,2.1,3.8,1991
210,173,Vinnie Johnson,SG,34,DET,82,28,29.1,5.0,11.4,.434,0.1,0.4,.324,4.8,11.0,.438,.440,1.6,2.5,.646,1.3,2.1,3.4,3.3,0.9,0.2,1.4,2.0,11.7,1991
211,174,Charles Jones,C,33,WSB,62,54,24.2,1.1,2.0,.540,0.0,0.0,,1.1,2.0,.540,.540,0.5,0.8,.580,1.9,3.9,5.8,0.8,0.8,2.0,0.7,3.2,2.6,1991
212,175,Michael Jordan*,SG,27,CHI,82,82,37.0,12.1,22.4,.539,0.4,1.1,.312,11.7,21.3,.551,.547,7.0,8.2,.851,1.4,4.6,6.0,5.5,2.7,1.0,2.5,2.8,31.5,1991
213,176,Shawn Kemp,PF,21,SEA,81,66,30.1,5.7,11.2,.508,0.0,0.1,.167,5.7,11.1,.513,.509,3.6,5.4,.661,3.3,5.1,8.4,1.8,1.0,1.5,2.5,3.9,15.0,1991
214,177,Steve Kerr,PG,25,CLE,57,4,15.9,1.7,3.9,.444,0.5,1.1,.452,1.2,2.8,.441,.507,0.8,0.9,.849,0.1,0.6,0.6,2.3,0.5,0.1,0.7,0.9,4.8,1991
215,178,Jerome Kersey,SF,28,POR,73,72,32.3,5.8,12.2,.478,0.1,0.2,.308,5.8,12.0,.481,.480,3.2,4.5,.709,2.3,4.3,6.6,3.1,1.4,1.0,2.0,3.4,14.8,1991
216,179,Alec Kessler,C,24,MIA,78,18,16.1,2.6,6.0,.425,0.0,0.1,.000,2.6,5.9,.429,.425,1.1,1.7,.672,1.5,2.8,4.3,0.4,0.2,0.3,1.4,2.4,6.2,1991
217,180,Randolph Keys,SF,24,CHH,44,0,10.8,1.3,3.3,.407,0.1,0.3,.214,1.3,3.0,.427,.417,0.4,0.8,.576,0.9,1.4,2.3,0.4,0.5,0.3,0.8,2.1,3.2,1991
218,Rk,Player,Pos,Age,Tm,G,GS,MP,FG,FGA,FG%,3P,3PA,3P%,2P,2PA,2P%,eFG%,FT,FTA,FT%,ORB,DRB,TRB,AST,STL,BLK,TOV,PF,PTS,1991
219,181,Bo Kimble,SG,24,LAC,62,22,16.2,2.6,6.7,.380,0.3,1.0,.292,2.3,5.7,.397,.403,1.5,1.9,.773,0.7,1.2,1.9,1.2,0.5,0.1,1.2,2.5,6.9,1991
220,182,Bernard King*,SF,34,WSB,64,64,37.5,11.1,23.6,.472,0.1,0.6,.216,11.0,23.0,.478,.475,6.0,7.6,.790,1.8,3.2,5.0,4.6,0.9,0.3,4.0,2.9,28.4,1991
221,183,Stacey King,PF,24,CHI,76,6,15.8,2.1,4.4,.467,0.0,0.0,.000,2.1,4.4,.470,.467,1.4,2.0,.704,0.9,1.8,2.7,0.9,0.3,0.6,1.2,1.8,5.5,1991
222,184,Greg Kite,C,29,ORL,82,82,27.1,2.0,4.1,.491,0.0,0.0,,2.0,4.1,.491,.491,0.8,1.5,.512,2.3,4.9,7.2,0.7,0.3,1.0,1.2,3.6,4.8,1991
223,185,Joe Kleine,C,29,BOS,72,1,11.8,1.4,3.0,.468,0.0,0.0,.000,1.4,3.0,.472,.468,0.8,1.0,.783,1.0,2.4,3.4,0.3,0.2,0.2,0.7,1.5,3.6,1991
224,186,Negele Knight,PG,23,PHO,64,6,12.4,2.0,4.8,.425,0.1,0.4,.240,2.0,4.4,.442,.435,1.1,1.8,.602,0.3,0.8,1.1,3.0,0.3,0.1,1.2,1.3,5.3,1991
225,187,Bart Kofoed,SG,26,GSW,5,0,4.2,0.0,0.6,.000,0.0,0.0,,0.0,0.6,.000,.000,0.6,1.2,.500,0.4,0.2,0.6,0.8,0.0,0.0,0.4,0.8,0.6,1991
226,188,Jon Koncak,C,27,ATL,77,61,25.1,1.8,4.2,.436,0.0,0.1,.125,1.8,4.1,.444,.438,0.4,0.7,.593,1.3,3.6,4.9,1.6,1.0,1.0,0.6,3.4,4.1,1991
227,189,Frank Kornet,PF,24,MIL,32,0,4.9,0.7,1.9,.371,0.2,0.6,.278,0.6,1.4,.409,.411,0.2,0.4,.538,0.3,0.4,0.8,0.3,0.2,0.0,0.3,0.9,1.8,1991
228,190,Bill Laimbeer,C,33,DET,82,81,32.5,4.5,9.5,.478,0.5,1.5,.296,4.1,8.0,.513,.502,1.5,1.8,.837,2.1,6.9,9.0,1.9,0.5,0.7,1.2,3.0,11.0,1991
229,191,Jerome Lane,PF,24,DEN,62,25,22.3,3.3,7.4,.438,0.0,0.1,.250,3.2,7.4,.440,.439,0.9,2.3,.411,4.5,4.8,9.3,2.0,0.8,0.2,1.7,3.1,7.5,1991
230,192,Andrew Lang,C,24,PHO,63,18,18.3,1.7,3.0,.577,0.0,0.0,.000,1.7,3.0,.580,.577,1.5,2.1,.715,1.8,3.0,4.8,0.4,0.3,2.0,0.7,2.7,4.9,1991
231,193,Eric Leckner,C,24,TOT,72,2,15.6,1.8,4.1,.446,0.0,0.0,,1.8,4.1,.446,.446,0.9,1.5,.559,1.1,3.0,4.1,0.5,0.2,0.3,1.0,2.7,4.5,1991
232,193,Eric Leckner,C,24,SAC,32,0,11.8,1.2,3.0,.406,0.0,0.0,,1.2,3.0,.406,.406,0.5,0.8,.593,0.8,1.9,2.7,0.6,0.1,0.3,0.8,2.2,2.9,1991
233,193,Eric Leckner,C,24,CHH,40,2,18.6,2.3,5.0,.465,0.0,0.0,,2.3,5.0,.465,.465,1.2,2.1,.548,1.4,3.8,5.2,0.5,0.3,0.3,1.1,3.1,5.8,1991
234,194,Kurk Lee,PG,23,NJN,48,0,5.5,0.4,1.5,.268,0.1,0.3,.200,0.3,1.2,.286,.289,0.5,0.6,.893,0.1,0.5,0.6,0.7,0.2,0.0,0.4,0.8,1.4,1991
235,195,Tim Legler,SG,24,DEN,10,0,14.8,2.5,7.2,.347,0.3,1.2,.250,2.2,6.0,.367,.368,0.5,0.6,.833,0.8,1.0,1.8,1.2,0.2,0.0,0.4,2.0,5.8,1991
236,196,Gary Leonard,C,23,ATL,4,0,2.3,0.0,0.0,,0.0,0.0,,0.0,0.0,,,0.5,1.0,.500,0.0,0.5,0.5,0.0,0.0,0.3,0.0,0.5,0.5,1991
237,197,Jim Les,PG,27,SAC,55,8,25.4,2.2,4.9,.444,1.3,2.8,.461,0.9,2.1,.421,.576,1.6,1.9,.835,0.3,1.7,2.0,5.4,1.0,0.1,1.4,2.6,7.2,1991
238,198,Clifford Lett,PG,25,SAS,7,0,14.1,2.0,4.1,.483,0.0,0.1,.000,2.0,4.0,.500,.483,0.9,1.3,.667,0.1,0.9,1.0,1.0,0.3,0.1,1.1,1.3,4.9,1991
239,199,Fat Lever,SG,30,DAL,4,0,21.5,2.3,5.8,.391,0.0,0.8,.000,2.3,5.0,.450,.391,2.8,3.5,.786,0.8,3.0,3.8,3.0,1.5,0.8,2.5,1.3,7.3,1991
240,200,Cliff Levingston,PF,30,CHI,78,0,13.0,1.6,3.6,.450,0.0,0.1,.250,1.6,3.6,.453,.452,0.8,1.2,.648,1.3,1.6,2.9,0.7,0.4,0.6,0.6,1.8,4.0,1991
241,Rk,Player,Pos,Age,Tm,G,GS,MP,FG,FGA,FG%,3P,3PA,3P%,2P,2PA,2P%,eFG%,FT,FTA,FT%,ORB,DRB,TRB,AST,STL,BLK,TOV,PF,PTS,1991
242,201,Reggie Lewis,SG,25,BOS,79,79,36.4,7.6,15.4,.491,0.0,0.2,.077,7.6,15.3,.495,.491,3.6,4.3,.826,1.5,3.7,5.2,2.5,1.2,1.1,1.9,3.0,18.7,1991
243,202,Marcus Liberty,SF,22,DEN,76,18,15.4,2.8,6.8,.421,0.2,0.8,.298,2.6,6.0,.436,.438,0.8,1.2,.630,1.5,1.4,2.9,0.8,0.6,0.3,0.9,2.0,6.7,1991
244,203,Todd Lichti,SG,24,DEN,29,25,29.7,5.7,13.0,.439,0.5,1.6,.298,5.2,11.4,.459,.458,2.0,2.4,.855,1.7,2.2,3.9,2.5,1.6,0.3,1.1,2.2,14.0,1991
245,204,Alton Lister,C,32,GSW,77,65,20.2,2.4,5.1,.478,0.0,0.0,.000,2.4,5.1,.480,.478,1.5,2.6,.569,1.6,4.7,6.3,1.2,0.3,1.2,1.4,3.7,6.4,1991
246,205,Ian Lockhart,SF,23,PHO,1,0,2.0,1.0,1.0,1.000,0.0,0.0,,1.0,1.0,1.000,1.000,2.0,2.0,1.000,0.0,0.0,0.0,0.0,0.0,0.0,0.0,0.0,4.0,1991
247,206,Brad Lohaus,PF,26,MIL,81,3,15.0,2.2,5.1,.431,0.4,1.5,.277,1.8,3.7,.493,.471,0.5,0.7,.685,0.7,2.0,2.7,0.9,0.6,0.9,0.7,2.1,5.3,1991
248,207,Grant Long,PF,24,MIA,80,66,31.4,3.5,7.0,.492,0.0,0.1,.167,3.4,6.9,.495,.493,2.3,2.9,.787,2.8,4.3,7.1,2.2,1.5,0.5,2.0,3.7,9.2,1991
249,208,John Long,SG,34,DET,25,0,10.2,1.4,3.4,.412,0.1,0.2,.333,1.3,3.2,.418,.424,1.0,1.0,.960,0.4,0.9,1.3,0.7,0.4,0.1,0.6,0.7,3.8,1991
250,209,Rick Mahorn,C,32,PHI,80,74,30.5,3.3,7.0,.467,0.0,0.1,.000,3.3,6.9,.475,.467,2.4,3.0,.788,1.9,5.9,7.8,1.5,1.0,0.7,1.6,3.5,8.9,1991
251,210,Dan Majerle,SF,25,PHO,77,7,29.6,5.2,10.7,.484,0.4,1.1,.349,4.8,9.5,.499,.502,2.9,3.9,.762,2.2,3.2,5.4,2.8,1.4,0.5,1.5,2.1,13.6,1991
252,211,Jeff Malone,SG,29,UTA,69,69,35.7,7.6,15.0,.508,0.0,0.1,.167,7.6,14.9,.510,.508,3.3,3.7,.917,0.5,2.5,3.0,2.1,0.7,0.1,1.6,1.9,18.6,1991
253,212,Karl Malone*,PF,27,UTA,82,82,40.3,10.3,19.6,.527,0.0,0.2,.286,10.3,19.4,.529,.528,8.3,10.8,.770,2.9,8.9,11.8,3.3,1.1,1.0,3.0,3.3,29.0,1991
254,213,Moses Malone*,C,35,ATL,82,15,23.3,3.4,7.3,.468,0.0,0.1,.000,3.4,7.2,.474,.468,3.8,4.5,.831,3.3,4.8,8.1,0.8,0.4,0.9,1.7,1.6,10.6,1991
255,214,Danny Manning,PF,24,LAC,73,47,30.1,6.4,12.4,.519,0.0,0.0,.000,6.4,12.4,.521,.519,3.0,4.2,.716,2.3,3.5,5.8,2.7,1.6,0.8,2.6,3.8,15.9,1991
256,215,Šarūnas Marčiulionis*,SG,26,GSW,50,10,19.7,3.7,7.3,.501,0.0,0.1,.167,3.6,7.2,.507,.503,3.6,4.9,.724,1.0,1.3,2.4,1.7,1.2,0.1,1.5,2.7,10.9,1991
257,216,Jeff Martin,PG,24,LAC,74,26,18.0,2.9,6.9,.422,0.4,1.2,.307,2.5,5.7,.446,.449,0.9,1.4,.680,0.7,1.1,1.8,0.9,0.5,0.4,0.7,1.4,7.1,1991
258,217,Anthony Mason,PF,24,DEN,3,0,7.0,0.7,1.3,.500,0.0,0.0,,0.7,1.3,.500,.500,2.0,2.7,.750,1.0,0.7,1.7,0.0,0.3,0.0,0.0,2.0,3.3,1991
259,218,Tony Massenburg,PF,23,SAS,35,0,4.6,0.8,1.7,.450,0.0,0.0,,0.8,1.7,.450,.450,0.8,1.3,.622,0.7,1.0,1.7,0.1,0.1,0.3,0.4,0.7,2.3,1991
260,219,Vernon Maxwell,SG,25,HOU,82,79,35.0,6.1,15.2,.404,2.1,6.2,.337,4.0,9.0,.450,.473,2.6,3.6,.733,0.5,2.4,2.9,3.7,1.5,0.2,2.1,2.2,17.0,1991
261,220,Travis Mays,PG,22,SAC,64,55,33.5,4.6,11.3,.406,1.1,3.1,.365,3.5,8.2,.421,.456,4.0,5.2,.770,0.8,1.9,2.8,4.0,1.3,0.2,2.5,2.6,14.3,1991
262,Rk,Player,Pos,Age,Tm,G,GS,MP,FG,FGA,FG%,3P,3PA,3P%,2P,2PA,2P%,eFG%,FT,FTA,FT%,ORB,DRB,TRB,AST,STL,BLK,TOV,PF,PTS,1991
263,221,George McCloud,SF,23,IND,74,0,14.5,1.8,4.7,.373,0.6,1.7,.347,1.2,3.1,.388,.434,0.5,0.7,.776,0.5,1.1,1.6,2.0,0.5,0.1,1.2,1.9,4.6,1991
264,222,Tim McCormick,C,28,ATL,56,7,12.3,1.7,3.3,.497,0.0,0.1,.000,1.7,3.3,.505,.497,1.2,1.6,.733,1.0,1.9,2.9,0.6,0.2,0.3,0.8,1.6,4.5,1991
265,223,Rodney McCray,PF,29,DAL,74,68,34.6,4.5,9.2,.495,0.2,0.5,.333,4.4,8.6,.505,.504,2.1,2.7,.803,2.1,5.5,7.6,3.5,0.9,0.7,1.7,2.7,11.4,1991
266,224,Xavier McDaniel,SF,27,TOT,81,79,32.5,7.3,14.6,.497,0.0,0.1,.000,7.3,14.5,.501,.497,2.4,3.3,.723,2.1,4.7,6.9,2.3,0.9,0.6,2.3,3.3,17.0,1991
267,224,Xavier McDaniel,SF,27,SEA,15,15,35.3,9.3,19.3,.479,0.0,0.2,.000,9.3,19.1,.484,.479,3.3,4.6,.710,2.4,3.0,5.4,2.5,1.7,0.3,2.7,3.3,21.8,1991
268,224,Xavier McDaniel,SF,27,PHO,66,64,31.9,6.8,13.6,.503,0.0,0.1,.000,6.8,13.5,.506,.503,2.2,3.0,.727,2.1,5.1,7.2,2.3,0.8,0.6,2.2,3.2,15.8,1991
269,225,Kevin McHale*,PF,33,BOS,68,10,30.4,7.4,13.4,.553,0.2,0.5,.405,7.2,12.9,.559,.561,3.4,4.0,.829,2.1,4.9,7.1,1.9,0.4,2.1,2.1,2.9,18.4,1991
270,226,Derrick McKey,SF,24,SEA,73,55,34.3,6.0,11.6,.517,0.1,0.3,.211,5.9,11.3,.524,.519,3.2,3.8,.845,2.4,3.4,5.8,2.3,1.2,0.8,2.2,3.0,15.3,1991
271,227,Nate McMillan,SG,26,SEA,78,0,18.4,1.7,3.9,.433,0.2,0.6,.354,1.5,3.3,.447,.461,0.7,1.2,.613,0.9,2.3,3.2,4.8,1.3,0.3,1.6,2.7,4.3,1991
272,228,Mark McNamara,C,31,ORL,2,0,6.5,0.0,0.5,.000,0.0,0.0,,0.0,0.5,.000,.000,0.0,0.0,,0.0,2.0,2.0,0.0,0.0,0.0,0.0,0.5,0.0,1991
273,229,Scott Meents,PF,27,SEA,13,0,4.1,0.5,2.2,.250,0.1,0.1,1.000,0.5,2.1,.222,.268,0.2,0.3,.500,0.2,0.5,0.8,0.6,0.5,0.3,0.5,0.4,1.3,1991
274,230,Reggie Miller*,SG,25,IND,82,82,36.2,7.3,14.2,.512,1.4,3.9,.348,5.9,10.3,.575,.560,6.7,7.3,.918,1.0,2.4,3.4,4.0,1.3,0.2,2.0,2.0,22.6,1991
275,231,Terry Mills,PF,23,TOT,55,2,14.9,2.4,5.2,.465,0.0,0.1,.000,2.4,5.2,.472,.465,0.9,1.2,.712,1.5,2.7,4.2,0.6,0.6,0.5,0.8,1.8,5.7,1991
276,231,Terry Mills,PF,23,DEN,17,0,16.4,3.3,7.1,.467,0.0,0.1,.000,3.3,6.9,.475,.467,0.9,1.3,.727,1.8,3.4,5.2,0.9,0.9,0.5,1.1,2.6,7.5,1991
277,231,Terry Mills,PF,23,NJN,38,2,14.2,2.1,4.4,.464,0.0,0.1,.000,2.1,4.4,.470,.464,0.8,1.2,.705,1.3,2.4,3.7,0.4,0.5,0.5,0.7,1.5,4.9,1991
278,232,Sam Mitchell,PF,27,MIN,82,60,38.1,5.4,12.3,.441,0.0,0.1,.000,5.4,12.2,.445,.441,3.7,4.8,.775,2.3,4.0,6.3,1.6,0.8,0.7,1.3,4.1,14.6,1991
279,233,Paul Mokeski,C,34,GSW,36,1,7.1,0.6,1.6,.356,0.1,0.3,.333,0.5,1.4,.360,.381,0.3,0.4,.800,0.6,1.3,1.9,0.3,0.2,0.1,0.2,1.6,1.6,1991
280,234,Sidney Moncrief*,SG,33,ATL,72,3,15.2,1.6,3.3,.488,0.3,0.9,.328,1.3,2.4,.545,.531,1.1,1.5,.781,0.4,1.3,1.8,1.4,0.7,0.1,0.9,1.6,4.7,1991
281,235,Chris Morris,SF,25,NJN,79,68,32.3,5.2,12.2,.425,0.6,2.3,.251,4.6,9.9,.465,.449,2.3,3.1,.734,2.7,3.9,6.6,2.8,1.7,1.2,2.1,3.1,13.2,1991
282,236,John Morton,SF,23,CLE,66,2,18.3,1.8,4.2,.438,0.1,0.2,.333,1.8,4.0,.443,.445,1.7,2.1,.813,0.6,0.9,1.6,3.7,0.9,0.3,1.6,1.7,5.4,1991
283,237,Chris Mullin*,SF,27,GSW,82,82,40.4,9.5,17.7,.536,0.5,1.6,.301,9.0,16.0,.560,.550,6.3,7.1,.884,1.7,3.7,5.4,4.0,2.1,0.8,3.0,2.1,25.7,1991
284,238,Chris Munk,PF,23,UTA,11,0,2.6,0.3,0.6,.429,0.0,0.0,,0.3,0.6,.429,.429,0.6,1.1,.583,0.5,0.8,1.3,0.1,0.1,0.2,0.5,0.5,1.2,1991
285,239,Tod Murphy,PF,27,MIN,52,19,20.4,1.7,4.4,.396,0.0,0.3,.059,1.7,4.0,.424,.399,1.3,2.0,.667,1.8,3.1,4.9,1.2,0.5,0.4,0.6,1.9,4.8,1991
286,240,Jerrod Mustaf,PF,21,NYK,62,5,13.3,1.7,3.7,.465,0.0,0.0,.000,1.7,3.7,.467,.465,0.9,1.4,.644,0.8,1.9,2.7,0.6,0.2,0.2,1.0,1.8,4.3,1991
287,Rk,Player,Pos,Age,Tm,G,GS,MP,FG,FGA,FG%,3P,3PA,3P%,2P,2PA,2P%,eFG%,FT,FTA,FT%,ORB,DRB,TRB,AST,STL,BLK,TOV,PF,PTS,1991
288,241,Pete Myers,SG,27,SAS,8,1,12.9,1.3,2.9,.435,0.0,0.1,.000,1.3,2.8,.455,.435,1.1,1.4,.818,0.3,2.0,2.3,1.8,0.4,0.4,1.8,1.8,3.6,1991
289,242,Larry Nance,PF,31,CLE,80,78,36.6,7.9,15.1,.524,0.0,0.1,.250,7.9,15.0,.526,.525,3.3,4.1,.803,2.5,6.1,8.6,3.0,0.8,2.5,1.6,2.7,19.2,1991
290,243,Craig Neal,PG,26,DEN,10,0,12.5,1.4,3.5,.400,0.3,0.9,.333,1.1,2.6,.423,.443,1.3,2.2,.591,0.2,1.4,1.6,3.7,0.4,0.0,1.9,2.6,4.4,1991
291,244,Ed Nealy,PF,30,PHO,55,0,10.4,0.8,1.8,.464,0.1,0.3,.313,0.7,1.5,.494,.490,0.5,0.7,.737,0.8,1.9,2.7,0.7,0.4,0.1,0.3,0.8,2.2,1991
292,245,Johnny Newman,SF,27,CHH,81,81,30.6,5.9,12.6,.470,0.4,1.0,.357,5.5,11.5,.480,.485,4.8,5.9,.809,1.2,2.0,3.1,2.3,1.2,0.2,2.3,3.4,16.9,1991
293,246,Ken Norman,SF,26,LAC,70,45,33.0,7.4,14.8,.501,0.1,0.5,.188,7.3,14.4,.511,.504,2.5,3.9,.629,2.5,4.6,7.1,2.3,0.9,0.9,2.0,2.7,17.4,1991
294,247,Dan O'Sullivan,C,22,UTA,21,0,4.0,0.3,0.8,.438,0.0,0.0,,0.3,0.8,.438,.438,0.3,0.5,.636,0.2,0.6,0.8,0.2,0.0,0.0,0.2,0.9,1.0,1991
295,248,Charles Oakley,PF,27,NYK,76,74,36.0,4.0,7.8,.516,0.0,0.0,.000,4.0,7.8,.518,.516,3.1,4.0,.784,4.0,8.1,12.1,2.7,0.8,0.2,2.8,3.8,11.2,1991
296,249,Alan Ogg,C,23,MIA,31,1,8.4,0.8,1.8,.436,0.0,0.1,.000,0.8,1.7,.453,.436,0.2,0.3,.600,0.5,1.1,1.6,0.1,0.2,0.9,0.3,1.7,1.7,1991
297,250,Hakeem Olajuwon*,C,28,HOU,56,50,36.8,8.7,17.1,.508,0.0,0.1,.000,8.7,17.1,.510,.508,3.8,4.9,.769,3.9,9.8,13.8,2.3,2.2,3.9,3.1,3.9,21.2,1991
298,251,Jawann Oldham,C,33,IND,4,0,4.8,0.8,1.5,.500,0.0,0.0,,0.8,1.5,.500,.500,0.0,0.0,,0.0,0.8,0.8,0.0,0.0,0.0,0.0,0.3,1.5,1991
299,252,Brian Oliver,SG,22,PHI,73,4,11.0,1.5,3.7,.408,0.1,0.2,.278,1.5,3.5,.417,.417,0.7,1.0,.732,0.2,0.8,1.1,1.2,0.5,0.1,0.7,1.0,3.8,1991
300,253,Gerald Paddio,SF,25,CLE,70,22,16.9,3.0,7.2,.419,0.1,0.3,.250,2.9,6.9,.427,.425,1.1,1.3,.796,0.5,1.1,1.7,1.3,0.3,0.1,1.0,1.0,7.2,1991
301,254,Walter Palmer,C,22,UTA,28,0,3.0,0.5,1.6,.333,0.0,0.0,.000,0.5,1.6,.341,.333,0.4,0.5,.667,0.2,0.5,0.8,0.2,0.1,0.1,0.2,0.7,1.4,1991
302,255,Robert Parish*,C,37,BOS,81,81,30.1,6.0,10.0,.598,0.0,0.0,.000,6.0,10.0,.599,.598,2.9,3.8,.767,3.3,7.2,10.6,0.8,0.8,1.3,1.9,2.4,14.9,1991
303,256,John Paxson,PG,30,CHI,82,82,24.0,3.9,7.0,.548,0.5,1.2,.438,3.4,5.9,.571,.585,0.4,0.5,.829,0.2,0.9,1.1,3.6,0.8,0.0,0.8,1.7,8.7,1991
304,257,Kenny Payne,SF,24,PHI,47,6,9.4,1.4,4.0,.360,0.1,0.4,.222,1.4,3.6,.374,.370,0.6,0.6,.897,0.4,1.0,1.4,0.3,0.2,0.1,0.4,0.9,3.5,1991
305,258,Gary Payton*,PG,22,SEA,82,82,27.4,3.2,7.0,.450,0.0,0.2,.077,3.1,6.9,.459,.451,0.8,1.2,.711,1.3,1.6,3.0,6.4,2.0,0.2,2.2,3.0,7.2,1991
306,259,Will Perdue,C,25,CHI,74,3,13.1,1.6,3.2,.494,0.0,0.0,.000,1.6,3.1,.500,.494,1.0,1.5,.670,1.6,2.9,4.5,0.6,0.3,0.8,1.0,2.0,4.1,1991
307,260,Sam Perkins,PF,29,LAL,73,66,34.3,5.0,10.2,.495,0.2,0.9,.281,4.8,9.3,.515,.507,3.1,3.8,.821,2.3,5.1,7.4,1.5,0.9,1.1,1.4,3.4,13.5,1991
308,Rk,Player,Pos,Age,Tm,G,GS,MP,FG,FGA,FG%,3P,3PA,3P%,2P,2PA,2P%,eFG%,FT,FTA,FT%,ORB,DRB,TRB,AST,STL,BLK,TOV,PF,PTS,1991
309,261,Tim Perry,C,25,PHO,46,2,12.8,1.6,3.1,.521,0.0,0.1,.000,1.6,3.0,.540,.521,0.9,1.5,.614,1.2,1.6,2.7,0.6,0.5,0.9,0.7,1.3,4.2,1991
310,262,Chuck Person,SF,26,IND,80,79,32.1,7.8,15.4,.504,0.9,2.5,.340,6.9,12.9,.536,.532,2.1,2.9,.721,1.5,3.7,5.2,3.0,0.7,0.2,2.3,2.8,18.4,1991
311,263,Jim Petersen,C,28,GSW,62,21,13.5,1.8,3.8,.483,0.0,0.1,.250,1.8,3.7,.487,.485,0.8,1.2,.658,1.1,2.1,3.2,0.4,0.2,0.7,0.8,2.5,4.5,1991
312,264,Dražen Petrović*,SG,26,TOT,61,0,16.6,4.0,8.1,.493,0.4,1.1,.354,3.6,7.0,.514,.516,1.9,2.2,.832,0.8,1.0,1.8,1.4,0.7,0.0,1.3,2.2,10.2,1991
313,264,Dražen Petrović*,SG,26,POR,18,0,7.4,1.8,3.9,.451,0.1,0.3,.167,1.7,3.6,.477,.458,0.8,1.2,.682,0.6,0.4,1.0,1.1,0.3,0.0,0.7,1.2,4.4,1991
314,264,Dražen Petrović*,SG,26,NJN,43,0,20.5,4.9,9.8,.500,0.5,1.4,.373,4.4,8.4,.521,.526,2.3,2.7,.861,1.0,1.2,2.1,1.5,0.9,0.0,1.6,2.6,12.6,1991
315,265,Ricky Pierce,SG,31,TOT,78,2,27.8,7.2,14.8,.485,0.6,1.5,.397,6.6,13.3,.495,.505,5.5,6.0,.913,0.9,1.6,2.4,2.2,0.8,0.2,1.9,2.2,20.5,1991
316,265,Ricky Pierce,SG,31,MIL,46,0,28.8,7.8,15.7,.499,0.8,2.0,.398,7.0,13.6,.514,.524,6.1,6.8,.907,0.8,1.7,2.5,2.1,0.8,0.2,2.0,2.0,22.5,1991
317,265,Ricky Pierce,SG,31,SEA,32,2,26.3,6.3,13.6,.463,0.3,0.7,.391,6.0,12.9,.467,.474,4.6,5.0,.925,0.9,1.4,2.3,2.3,0.7,0.1,1.7,2.5,17.5,1991
318,266,Ed Pinckney,PF,27,BOS,70,16,16.6,1.9,3.5,.539,0.0,0.0,.000,1.9,3.5,.541,.539,1.5,1.7,.897,2.2,2.7,4.9,0.6,0.9,0.6,0.6,2.1,5.2,1991
319,267,Scottie Pippen*,SF,25,CHI,82,82,36.8,7.3,14.1,.520,0.3,0.8,.309,7.1,13.2,.534,.529,2.9,4.1,.706,2.0,5.3,7.3,6.2,2.4,1.1,2.8,3.3,17.8,1991
320,268,Olden Polynice,C,26,TOT,79,30,26.5,4.0,7.1,.560,0.0,0.0,.000,4.0,7.1,.561,.560,1.8,3.2,.579,2.8,4.2,7.0,0.5,0.5,0.4,1.1,2.4,9.8,1991
321,268,Olden Polynice,C,26,SEA,48,0,20.0,3.4,6.3,.545,0.0,0.0,,3.4,6.3,.545,.545,1.4,2.4,.588,2.4,3.3,5.6,0.3,0.5,0.4,1.1,2.0,8.3,1991
322,268,Olden Polynice,C,26,LAC,31,30,36.5,4.9,8.4,.579,0.0,0.0,.000,4.9,8.4,.581,.579,2.5,4.5,.572,3.4,5.7,9.1,0.8,0.5,0.4,1.1,3.2,12.3,1991
323,269,Dave Popson,PF,26,BOS,19,0,3.4,0.7,1.7,.406,0.0,0.0,,0.7,1.7,.406,.406,0.5,0.5,.900,0.4,0.4,0.7,0.1,0.1,0.1,0.3,0.6,1.8,1991
324,270,Terry Porter,PG,27,POR,81,81,32.9,6.0,11.7,.515,1.6,3.9,.415,4.4,7.8,.564,.584,3.4,4.2,.823,0.6,2.8,3.5,8.0,2.0,0.1,2.3,1.9,17.0,1991
325,271,Paul Pressey,SG,32,SAS,70,18,24.0,2.9,6.1,.472,0.2,0.8,.281,2.6,5.3,.501,.491,1.6,1.9,.827,0.7,1.8,2.5,3.9,0.9,0.5,1.9,2.5,7.5,1991
326,272,Mark Price,PG,26,CLE,16,16,35.7,6.1,12.2,.497,1.1,3.3,.340,4.9,8.9,.556,.544,3.7,3.9,.952,0.5,2.3,2.8,10.4,2.6,0.1,3.5,1.4,16.9,1991
327,273,Kevin Pritchard,PG,23,GSW,62,1,12.5,1.4,3.7,.384,0.1,0.5,.161,1.3,3.2,.419,.395,1.0,1.2,.805,0.3,0.8,1.0,1.3,0.5,0.1,1.0,1.7,3.9,1991
328,274,Brian Quinnett,SG,24,NYK,68,5,14.9,2.0,4.5,.459,0.2,0.6,.349,1.8,3.8,.477,.483,0.4,0.5,.722,1.0,1.2,2.1,0.8,0.3,0.2,0.8,1.5,4.7,1991
329,275,Kurt Rambis,PF,32,PHO,62,17,14.5,1.3,2.7,.497,0.0,0.0,.000,1.3,2.7,.503,.497,1.0,1.4,.706,1.2,3.0,4.3,1.0,0.4,0.2,0.7,1.7,3.6,1991
330,276,Blair Rasmussen,C,28,DEN,70,69,33.2,5.8,12.6,.458,0.0,0.1,.400,5.8,12.6,.458,.459,0.9,1.3,.677,2.4,7.3,9.7,1.0,0.7,1.9,1.2,4.4,12.5,1991
331,277,J.R. Reid,C,22,CHH,80,80,30.8,4.5,9.7,.466,0.0,0.0,.000,4.5,9.6,.467,.466,2.3,3.2,.703,1.9,4.4,6.3,1.1,1.1,0.6,1.9,3.6,11.3,1991
332,278,Robert Reid,SF,35,PHI,3,0,12.3,0.7,4.7,.143,0.0,0.0,,0.7,4.7,.143,.143,0.0,0.0,,0.7,2.3,3.0,1.3,0.3,1.0,1.0,1.0,1.3,1991
333,279,Jerry Reynolds,SG,28,ORL,80,9,23.0,4.3,9.9,.434,0.1,0.4,.294,4.2,9.5,.440,.440,4.2,5.2,.802,1.1,2.6,3.7,2.5,1.2,0.7,2.2,1.5,12.9,1991
334,280,Glen Rice,SF,23,MIA,77,77,34.4,7.1,15.5,.461,0.9,2.4,.386,6.2,13.1,.475,.491,2.2,2.7,.818,1.1,3.8,4.9,2.5,1.3,0.3,2.2,2.8,17.4,1991
335,Rk,Player,Pos,Age,Tm,G,GS,MP,FG,FGA,FG%,3P,3PA,3P%,2P,2PA,2P%,eFG%,FT,FTA,FT%,ORB,DRB,TRB,AST,STL,BLK,TOV,PF,PTS,1991
336,281,Pooh Richardson,PG,24,MIN,82,82,38.5,7.7,16.5,.470,0.5,1.6,.328,7.2,14.9,.485,.486,1.1,2.0,.539,1.0,2.5,3.5,9.0,1.6,0.2,2.1,1.4,17.1,1991
337,282,Mitch Richmond*,SG,25,GSW,77,77,39.3,9.1,18.5,.494,0.5,1.5,.348,8.6,17.0,.506,.508,5.1,6.0,.847,1.9,4.0,5.9,3.1,1.6,0.4,3.0,2.7,23.9,1991
338,283,Doc Rivers,PG,29,ATL,79,79,32.7,5.6,12.9,.435,1.1,3.3,.336,4.5,9.6,.470,.478,2.8,3.3,.844,0.6,2.6,3.2,4.3,1.9,0.6,1.6,2.7,15.2,1991
339,284,Fred Roberts,PF,30,MIL,82,82,25.8,4.4,8.2,.533,0.0,0.3,.160,4.3,7.9,.547,.536,2.1,2.5,.813,1.3,2.1,3.4,1.6,0.8,0.4,1.6,2.3,10.8,1991
340,285,Alvin Robertson,SG,28,MIL,81,81,32.1,5.4,11.2,.485,0.3,0.8,.365,5.1,10.4,.493,.497,2.5,3.2,.757,2.4,3.3,5.7,5.5,3.0,0.2,2.6,3.4,13.6,1991
341,286,Clifford Robinson,PF,24,POR,82,11,23.7,4.5,9.8,.463,0.1,0.2,.316,4.5,9.6,.466,.467,2.5,3.8,.653,1.5,2.8,4.3,1.8,1.0,0.9,1.6,3.2,11.7,1991
342,287,David Robinson*,C,25,SAS,82,81,37.7,9.2,16.7,.552,0.0,0.1,.143,9.2,16.6,.554,.552,7.2,9.5,.762,4.1,8.9,13.0,2.5,1.5,3.9,3.3,3.2,25.6,1991
343,288,Larry Robinson,SG,23,TOT,36,10,11.8,1.7,4.2,.413,0.0,0.0,.000,1.7,4.1,.416,.413,0.4,0.8,.556,0.8,0.6,1.4,1.0,0.4,0.0,0.8,1.4,3.9,1991
344,288,Larry Robinson,SG,23,GSW,24,0,7.1,1.0,2.5,.407,0.0,0.0,,1.0,2.5,.407,.407,0.3,0.6,.533,0.6,0.3,1.0,0.5,0.4,0.0,0.7,1.0,2.3,1991
345,288,Larry Robinson,SG,23,WSB,12,10,21.3,3.2,7.6,.418,0.0,0.1,.000,3.2,7.5,.422,.418,0.6,1.0,.583,1.2,1.2,2.3,2.0,0.6,0.0,0.9,2.2,6.9,1991
346,289,Rumeal Robinson,PG,24,ATL,47,16,14.3,2.3,5.1,.446,0.0,0.2,.182,2.3,4.9,.459,.450,1.0,1.7,.588,0.4,1.1,1.5,2.8,0.7,0.2,1.6,1.4,5.6,1991
347,290,Dennis Rodman*,SF,29,DET,82,77,33.5,3.4,6.8,.493,0.1,0.4,.200,3.3,6.5,.509,.498,1.4,2.1,.631,4.4,8.1,12.5,1.0,0.8,0.7,1.1,3.4,8.2,1991
348,291,Tree Rollins,C,35,DET,37,0,5.5,0.4,0.9,.424,0.0,0.0,,0.4,0.9,.424,.424,0.2,0.4,.571,0.4,0.8,1.1,0.1,0.1,0.5,0.4,0.9,1.0,1991
349,292,Delaney Rudd,PG,28,UTA,82,0,10.7,1.5,3.5,.435,0.2,0.7,.279,1.3,2.7,.478,.465,0.7,0.9,.831,0.2,0.6,0.8,2.6,0.4,0.0,1.2,1.1,4.0,1991
350,293,John Salley,PF,26,DET,74,1,22.3,2.4,5.1,.475,0.0,0.0,.000,2.4,5.1,.476,.475,2.5,3.5,.727,1.9,2.6,4.4,0.9,0.7,1.5,1.2,3.2,7.4,1991
351,294,Ralph Sampson*,C,30,SAC,25,4,13.9,1.4,3.7,.366,0.0,0.2,.200,1.3,3.5,.375,.371,0.2,0.8,.263,1.6,2.8,4.4,0.7,0.4,0.7,1.1,2.2,3.0,1991
352,295,Jeff Sanders,PF,25,CHH,3,0,14.3,2.0,4.7,.429,0.0,0.0,,2.0,4.7,.429,.429,0.3,0.7,.500,1.0,2.0,3.0,0.3,0.3,0.3,0.3,2.0,4.3,1991
353,296,Mike Sanders,SF,30,IND,80,7,17.0,2.6,6.2,.417,0.1,0.3,.200,2.5,5.9,.426,.421,0.6,0.7,.825,0.9,1.4,2.3,1.3,0.5,0.3,0.8,2.5,5.8,1991
354,297,Danny Schayes,C,31,MIL,82,38,27.2,3.6,7.3,.499,0.0,0.1,.000,3.6,7.2,.503,.499,3.3,4.0,.835,2.1,4.4,6.5,1.2,0.7,0.7,1.3,3.2,10.6,1991
355,298,Steve Scheffler,C,23,CHH,39,0,5.8,0.5,1.0,.513,0.0,0.0,,0.5,1.0,.513,.513,0.5,0.5,.905,0.5,0.6,1.2,0.2,0.2,0.1,0.1,0.5,1.5,1991
356,299,Dwayne Schintzius,C,22,SAS,42,7,9.5,1.6,3.7,.439,0.0,0.0,.000,1.6,3.6,.444,.439,0.5,1.0,.550,0.7,2.2,2.9,0.4,0.0,0.7,0.8,1.5,3.8,1991
357,300,Detlef Schrempf,PF,28,IND,82,3,32.1,5.3,10.1,.520,0.2,0.5,.375,5.1,9.6,.527,.529,5.4,6.6,.818,2.2,5.9,8.0,3.7,0.7,0.3,2.1,3.2,16.1,1991
358,Rk,Player,Pos,Age,Tm,G,GS,MP,FG,FGA,FG%,3P,3PA,3P%,2P,2PA,2P%,eFG%,FT,FTA,FT%,ORB,DRB,TRB,AST,STL,BLK,TOV,PF,PTS,1991
359,301,Byron Scott,SG,29,LAL,82,82,32.1,6.1,12.8,.477,0.9,2.7,.324,5.2,10.1,.517,.510,1.4,1.8,.797,0.7,2.3,3.0,2.2,1.2,0.3,1.0,1.8,14.5,1991
360,302,Dennis Scott,SG,22,ORL,82,73,28.5,6.1,14.4,.425,1.5,4.1,.374,4.6,10.4,.445,.478,1.9,2.5,.750,0.8,2.1,2.9,1.6,0.8,0.3,1.5,2.5,15.7,1991
361,303,Rony Seikaly,C,25,MIA,64,59,33.9,6.2,12.8,.481,0.0,0.1,.333,6.1,12.8,.482,.482,4.0,6.5,.619,3.2,7.8,11.1,1.5,0.8,1.3,3.2,3.3,16.4,1991
362,304,John Shasky,C,26,DAL,57,0,8.9,0.9,2.0,.440,0.0,0.0,,0.9,2.0,.440,.440,0.8,1.4,.608,1.0,1.3,2.4,0.2,0.2,0.4,0.5,1.3,2.6,1991
363,305,Brian Shaw,PG,24,BOS,79,79,35.1,5.6,11.9,.469,0.0,0.3,.111,5.6,11.6,.480,.471,2.6,3.2,.819,1.3,3.4,4.7,7.6,1.3,0.4,2.8,2.6,13.8,1991
364,306,Jack Sikma*,C,35,MIL,77,44,25.2,3.8,9.0,.427,0.6,1.8,.341,3.2,7.2,.448,.460,2.2,2.6,.843,1.4,4.3,5.7,1.9,0.8,0.8,1.7,2.8,10.4,1991
365,307,Lionel Simmons,SF,22,SAC,79,79,37.7,6.9,16.5,.422,0.0,0.1,.273,6.9,16.3,.423,.423,4.1,5.5,.736,2.4,6.4,8.8,4.0,1.4,1.1,2.9,3.2,18.0,1991
366,308,Scott Skiles,PG,26,ORL,79,66,34.4,5.8,13.2,.445,1.2,2.9,.408,4.7,10.3,.455,.489,4.3,4.8,.902,0.7,2.7,3.4,8.4,1.1,0.1,3.2,2.4,17.2,1991
367,309,Charles Smith,SF,25,LAC,74,74,36.5,7.4,15.8,.469,0.0,0.1,.000,7.4,15.7,.472,.469,5.2,6.5,.793,2.9,5.3,8.2,1.8,1.1,2.0,2.2,3.6,20.0,1991
368,310,Charles Smith,PG,23,BOS,5,0,6.0,0.6,1.4,.429,0.0,0.0,,0.6,1.4,.429,.429,0.6,1.0,.600,0.0,0.4,0.4,1.2,0.2,0.0,0.6,1.4,1.8,1991
369,311,Clinton Smith,SG,27,WSB,5,0,9.0,0.4,0.8,.500,0.0,0.0,,0.4,0.8,.500,.500,0.6,1.2,.500,0.4,0.4,0.8,0.8,0.2,0.0,0.2,0.6,1.4,1991
370,312,Derek Smith,SF,29,BOS,2,0,8.0,0.5,2.0,.250,0.0,0.5,.000,0.5,1.5,.333,.250,1.5,2.0,.750,0.0,0.0,0.0,2.5,0.5,0.5,0.5,1.5,2.5,1991
371,313,Kenny Smith,PG,25,HOU,78,78,34.6,6.7,12.9,.520,0.6,1.7,.363,6.1,11.1,.545,.545,3.7,4.4,.844,0.5,1.6,2.1,7.1,1.4,0.1,3.0,1.7,17.7,1991
372,314,Larry Smith,PF,33,HOU,81,28,23.7,1.6,3.2,.487,0.0,0.0,,1.6,3.2,.487,.487,0.1,0.6,.240,3.7,5.0,8.8,1.1,1.0,0.3,1.1,3.3,3.3,1991
373,315,Michael Smith,PF,25,BOS,47,3,8.3,2.0,4.3,.475,0.1,0.5,.250,1.9,3.7,.506,.490,0.5,0.6,.815,0.4,0.7,1.2,0.9,0.1,0.0,0.8,0.6,4.6,1991
374,316,Otis Smith,SF,27,ORL,75,39,25.1,5.4,12.0,.451,0.1,0.6,.196,5.3,11.4,.465,.456,2.9,4.0,.734,2.3,2.8,5.2,2.3,1.1,0.5,1.9,2.5,13.9,1991
375,317,Tony Smith,SG,22,LAL,64,1,10.9,1.5,3.4,.441,0.0,0.1,.000,1.5,3.3,.455,.441,0.6,0.9,.702,0.4,0.7,1.1,2.1,0.4,0.2,1.1,1.3,3.7,1991
376,318,Rik Smits,C,24,IND,76,38,22.2,4.5,9.3,.485,0.0,0.0,,4.5,9.3,.485,.485,1.9,2.5,.762,1.5,3.2,4.7,1.1,0.3,1.5,1.1,3.2,10.9,1991
377,319,Mike Smrek,C,28,TOT,15,0,6.3,0.6,1.8,.333,0.0,0.0,,0.6,1.8,.333,.333,0.4,0.8,.500,0.5,1.3,1.7,0.3,0.2,0.2,0.2,1.8,1.6,1991
378,319,Mike Smrek,C,28,GSW,5,0,5.0,1.2,2.2,.545,0.0,0.0,,1.2,2.2,.545,.545,0.4,0.8,.500,0.6,0.8,1.4,0.2,0.4,0.0,0.4,1.8,2.8,1991
379,319,Mike Smrek,C,28,LAC,10,0,7.0,0.3,1.6,.188,0.0,0.0,,0.3,1.6,.188,.188,0.4,0.8,.500,0.4,1.5,1.9,0.3,0.1,0.3,0.1,1.8,1.0,1991
380,320,Rory Sparrow,PG,32,SAC,80,74,29.7,4.6,9.5,.491,0.4,1.0,.397,4.3,8.5,.501,.511,0.7,1.0,.699,0.6,1.8,2.3,4.5,1.0,0.2,1.6,2.4,10.4,1991
381,Rk,Player,Pos,Age,Tm,G,GS,MP,FG,FGA,FG%,3P,3PA,3P%,2P,2PA,2P%,eFG%,FT,FTA,FT%,ORB,DRB,TRB,AST,STL,BLK,TOV,PF,PTS,1991
382,321,Felton Spencer,C,23,MIN,81,46,25.9,2.4,4.7,.512,0.0,0.0,.000,2.4,4.7,.513,.512,2.2,3.1,.722,3.4,4.6,7.9,0.3,0.6,1.5,1.0,4.2,7.1,1991
383,322,John Starks,SG,25,NYK,61,10,19.2,3.0,6.7,.439,0.4,1.5,.290,2.5,5.2,.483,.472,1.3,1.7,.752,0.5,1.7,2.1,3.3,1.0,0.3,1.2,2.2,7.6,1991
384,323,Everette Stephens,PG,24,MIL,3,0,2.0,0.7,1.0,.667,0.0,0.0,,0.7,1.0,.667,.667,0.7,0.7,1.000,0.0,0.0,0.0,0.7,0.0,0.0,0.0,0.0,2.0,1991
385,324,John Stockton*,PG,28,UTA,82,82,37.8,6.0,11.9,.507,0.7,2.0,.345,5.3,9.9,.541,.537,4.4,5.3,.836,0.6,2.3,2.9,14.2,2.9,0.2,3.6,2.8,17.2,1991
386,325,Rod Strickland,PG,24,SAS,58,56,35.8,5.4,11.2,.482,0.2,0.6,.333,5.2,10.7,.490,.491,2.8,3.6,.763,1.0,2.8,3.8,8.0,2.0,0.2,2.7,2.2,13.8,1991
387,326,Jon Sundvold,SG,29,MIA,24,0,9.4,1.8,4.5,.402,0.6,1.5,.429,1.2,3.0,.389,.472,0.5,0.5,1.000,0.1,0.3,0.4,1.0,0.3,0.0,0.7,0.5,4.7,1991
388,327,Roy Tarpley,C,26,DAL,5,5,34.2,8.6,15.8,.544,0.0,0.2,.000,8.6,15.6,.551,.544,3.2,3.6,.889,3.2,7.8,11.0,2.4,1.2,1.8,2.6,4.0,20.4,1991
389,328,Terry Teagle,SG,30,LAL,82,0,18.3,4.1,9.2,.443,0.0,0.1,.000,4.1,9.1,.448,.443,1.8,2.2,.819,1.0,1.2,2.2,1.0,0.4,0.1,1.0,2.0,9.9,1991
390,329,Reggie Theus,SG,33,NJN,81,81,36.5,7.2,15.4,.468,0.6,1.8,.361,6.6,13.6,.481,.488,3.6,4.2,.851,0.9,2.0,2.8,4.7,1.0,0.4,3.1,2.9,18.6,1991
391,330,Irving Thomas,PF,25,LAL,26,0,4.2,0.7,1.9,.340,0.0,0.0,,0.7,1.9,.340,.340,0.5,0.8,.571,0.5,0.7,1.2,0.4,0.2,0.0,0.5,0.9,1.8,1991
392,331,Isiah Thomas*,PG,29,DET,48,46,34.5,6.0,13.9,.435,0.4,1.4,.292,5.6,12.5,.450,.449,3.7,4.8,.782,0.7,2.6,3.3,9.3,1.6,0.2,3.9,2.5,16.2,1991
393,332,Jim Thomas,SG,30,MIN,3,0,4.7,0.3,1.3,.250,0.0,0.0,,0.3,1.3,.250,.250,0.0,0.0,,0.0,0.0,0.0,0.3,0.3,0.0,0.3,0.0,0.7,1991
394,333,Billy Thompson,SF,27,MIA,73,46,20.3,2.8,5.6,.499,0.0,0.1,.000,2.8,5.6,.504,.499,1.2,1.7,.718,1.6,2.6,4.3,1.5,0.4,0.7,1.6,2.2,6.8,1991
395,334,LaSalle Thompson,C,29,IND,82,77,23.7,3.4,6.9,.488,0.0,0.1,.200,3.4,6.8,.491,.489,0.9,1.3,.692,1.9,5.0,6.9,1.8,0.8,0.8,2.0,3.2,7.6,1991
396,335,Mychal Thompson,C,36,LAL,72,4,15.0,1.6,3.2,.496,0.0,0.0,.000,1.6,3.1,.500,.496,0.9,1.2,.705,1.0,2.1,3.2,0.3,0.3,0.3,0.7,1.6,4.0,1991
397,336,Bob Thornton,PF,28,MIN,12,1,9.2,0.3,1.1,.308,0.0,0.0,,0.3,1.1,.308,.308,0.7,0.8,.800,0.1,1.2,1.3,0.1,0.0,0.3,0.8,1.5,1.3,1991
398,337,Otis Thorpe,PF,28,HOU,82,82,37.1,6.7,12.0,.556,0.0,0.1,.429,6.7,12.0,.557,.557,4.1,5.9,.696,3.5,6.8,10.3,2.4,0.9,0.2,2.6,3.4,17.5,1991
399,338,Sedale Threatt,PG,29,SEA,80,57,25.8,5.4,10.4,.519,0.1,0.4,.286,5.3,10.0,.529,.525,1.7,2.2,.792,0.3,0.9,1.2,3.4,1.4,0.1,1.7,2.4,12.7,1991
400,339,Wayman Tisdale,PF,26,SAC,33,31,33.8,7.9,16.4,.483,0.0,0.0,.000,7.9,16.4,.484,.483,4.1,5.2,.800,2.3,5.4,7.7,2.0,0.7,0.8,2.5,3.0,20.0,1991
401,340,Tom Tolbert,PF,25,GSW,62,32,22.1,3.0,7.0,.423,0.1,0.3,.333,2.8,6.6,.427,.431,2.0,2.8,.738,1.4,3.0,4.4,1.2,0.6,0.6,1.3,3.1,8.1,1991
402,Rk,Player,Pos,Age,Tm,G,GS,MP,FG,FGA,FG%,3P,3PA,3P%,2P,2PA,2P%,eFG%,FT,FTA,FT%,ORB,DRB,TRB,AST,STL,BLK,TOV,PF,PTS,1991
403,341,Andy Toolson,SF,25,UTA,47,15,10.0,1.1,2.6,.403,0.3,0.7,.375,0.8,2.0,.413,.452,0.5,0.7,.758,0.7,0.7,1.4,0.7,0.3,0.0,0.5,1.2,2.9,1991
404,342,Kelly Tripucka,SF,31,CHH,77,1,16.7,2.4,5.4,.454,0.2,0.6,.333,2.2,4.8,.469,.472,2.0,2.2,.910,0.6,1.7,2.3,2.1,0.4,0.2,1.2,1.7,7.0,1991
405,343,Trent Tucker,SG,31,NYK,65,13,18.4,2.9,6.7,.440,1.0,2.4,.418,2.0,4.3,.452,.514,0.3,0.4,.630,0.5,1.1,1.6,1.7,0.7,0.1,0.7,1.8,7.1,1991
406,344,Andre Turner,PG,26,PHI,70,1,20.1,2.4,5.5,.439,0.2,0.5,.364,2.2,5.0,.446,.454,0.9,1.2,.736,0.5,1.7,2.2,4.4,0.9,0.0,1.4,1.8,5.9,1991
407,345,Jeff Turner,PF,28,ORL,71,43,23.7,3.6,7.5,.487,0.1,0.2,.400,3.6,7.3,.489,.492,1.2,1.6,.759,1.5,3.6,5.1,1.4,0.4,0.1,1.8,3.3,8.6,1991
408,346,Kelvin Upshaw,SG,28,DAL,48,1,10.7,2.2,4.8,.450,0.1,0.6,.241,2.0,4.2,.480,.465,1.1,1.3,.859,0.4,0.7,1.1,1.8,0.6,0.1,0.8,1.6,5.6,1991
409,347,Darnell Valentine,PG,31,CLE,65,60,28.3,3.5,7.6,.464,0.1,0.4,.240,3.4,7.2,.476,.470,2.2,2.6,.831,0.6,2.1,2.6,5.4,1.5,0.2,1.9,2.6,9.4,1991
410,348,Kiki Vandeweghe,SF,32,NYK,75,72,32.3,6.1,12.4,.494,0.7,1.9,.362,5.4,10.5,.518,.522,3.5,3.8,.899,1.0,1.4,2.4,1.5,0.6,0.1,1.4,1.6,16.3,1991
411,349,Loy Vaught,PF,22,LAC,73,0,16.1,2.4,4.9,.487,0.0,0.0,.000,2.4,4.9,.490,.487,0.7,1.0,.662,1.7,3.1,4.8,0.5,0.3,0.3,0.7,1.8,5.5,1991
412,350,Sam Vincent,PG,27,ORL,49,17,19.9,3.1,7.2,.431,0.1,0.4,.158,3.0,6.8,.446,.435,2.0,2.4,.825,0.3,1.8,2.2,4.0,0.6,0.1,1.9,1.5,8.3,1991
413,351,Stojko Vranković,C,27,BOS,31,0,5.4,0.8,1.7,.462,0.0,0.0,,0.8,1.7,.462,.462,0.3,0.6,.556,0.5,1.2,1.6,0.1,0.0,0.9,0.8,1.4,1.9,1991
414,352,Milt Wagner,SG,27,MIA,13,1,8.9,1.8,4.4,.421,0.5,1.3,.353,1.4,3.1,.450,.474,0.7,0.8,.818,0.0,0.5,0.5,1.2,0.2,0.2,0.9,1.1,4.8,1991
415,353,Darrell Walker,PG,29,WSB,71,65,32.5,3.2,7.5,.430,0.0,0.1,.000,3.2,7.4,.437,.430,1.3,2.2,.604,2.0,5.0,7.0,6.5,1.1,0.5,2.2,2.8,7.8,1991
416,354,Kenny Walker,SF,26,NYK,54,8,14.3,1.5,3.5,.435,0.0,0.0,.000,1.5,3.5,.437,.435,1.2,1.5,.780,1.2,1.7,2.9,0.2,0.3,0.6,0.6,1.7,4.3,1991
417,355,Spud Webb,PG,27,ATL,75,64,29.3,4.8,10.7,.447,0.7,2.2,.321,4.1,8.5,.480,.481,3.1,3.5,.868,0.5,1.8,2.3,5.6,1.6,0.1,1.9,2.4,13.4,1991
418,356,Bill Wennington,C,27,SAC,77,23,18.9,2.4,5.4,.436,0.0,0.1,.200,2.3,5.3,.439,.437,1.0,1.2,.787,1.3,3.1,4.4,0.9,0.6,0.8,0.7,3.0,5.7,1991
419,357,Doug West,SG,23,MIN,75,1,11.0,1.6,3.3,.480,0.0,0.0,.000,1.6,3.3,.482,.480,0.8,1.1,.690,0.7,1.1,1.8,0.6,0.5,0.3,0.5,1.5,3.9,1991
420,358,Mark West,C,30,PHO,82,64,23.9,3.0,4.7,.647,0.0,0.0,,3.0,4.7,.647,.647,1.6,2.5,.655,2.1,4.8,6.9,0.5,0.4,2.0,1.0,3.2,7.7,1991
421,359,Randy White,PF,23,DAL,79,29,24.1,3.4,8.4,.398,0.1,0.5,.162,3.3,7.9,.412,.403,2.0,2.8,.707,2.2,4.2,6.4,0.8,1.0,0.6,1.7,3.9,8.8,1991
422,360,Morlon Wiley,PG,24,ORL,34,0,10.3,1.3,3.2,.417,0.2,0.4,.500,1.1,2.8,.406,.444,0.5,0.7,.680,0.1,0.4,0.5,2.1,0.7,0.0,1.0,1.1,3.3,1991
423,Rk,Player,Pos,Age,Tm,G,GS,MP,FG,FGA,FG%,3P,3PA,3P%,2P,2PA,2P%,eFG%,FT,FTA,FT%,ORB,DRB,TRB,AST,STL,BLK,TOV,PF,PTS,1991
424,361,Dominique Wilkins*,SF,31,ATL,81,81,38.0,9.5,20.2,.470,1.0,3.1,.341,8.5,17.2,.492,.495,5.9,7.1,.829,3.2,5.8,9.0,3.3,1.5,0.8,2.5,1.9,25.9,1991
425,362,Eddie Lee Wilkins,C,28,NYK,68,1,9.8,1.7,3.8,.447,0.0,0.0,.000,1.7,3.7,.449,.447,0.8,1.3,.567,1.0,1.6,2.6,0.2,0.3,0.1,0.7,1.3,4.1,1991
426,363,Gerald Wilkins,SG,27,NYK,68,56,31.8,5.6,11.8,.473,0.1,0.6,.209,5.5,11.2,.488,.478,2.5,3.0,.820,1.1,1.9,3.0,4.0,1.2,0.3,2.4,2.7,13.8,1991
427,364,Buck Williams,PF,30,POR,80,80,32.3,4.5,7.4,.602,0.0,0.0,,4.5,7.4,.602,.602,2.7,3.9,.705,2.8,6.6,9.4,1.2,0.6,0.6,1.7,3.1,11.7,1991
428,365,Herb Williams,C,32,DAL,60,36,30.5,5.5,10.9,.507,0.0,0.1,.000,5.5,10.9,.510,.507,1.4,2.2,.638,1.4,4.5,6.0,1.6,0.5,1.5,1.9,3.3,12.5,1991
429,366,Hot Rod Williams,C,28,CLE,43,14,30.1,4.6,10.0,.463,0.0,0.0,.000,4.6,10.0,.464,.463,2.5,3.8,.652,2.6,4.2,6.7,2.3,0.8,1.6,1.5,2.9,11.7,1991
430,367,Jayson Williams,PF,22,PHI,52,1,9.8,1.4,3.1,.447,0.0,0.0,.500,1.4,3.1,.447,.450,0.7,1.1,.661,0.8,1.3,2.1,0.3,0.2,0.1,0.8,1.8,3.5,1991
431,368,John Williams,SF,24,WSB,33,11,28.5,5.0,11.9,.417,0.3,1.2,.244,4.7,10.7,.438,.430,2.2,2.9,.753,1.3,4.1,5.4,4.0,1.2,0.2,2.1,1.9,12.5,1991
432,369,Kenny Williams,PF,21,IND,75,0,7.0,1.2,2.4,.520,0.0,0.0,.000,1.2,2.3,.528,.520,0.5,0.7,.680,0.7,1.0,1.7,0.4,0.1,0.4,0.5,1.1,2.9,1991
433,370,Micheal Williams,PG,24,IND,73,37,23.4,3.6,7.2,.499,0.0,0.1,.143,3.6,7.1,.504,.500,4.0,4.5,.879,0.7,1.7,2.4,4.8,2.1,0.2,2.1,2.8,11.1,1991
434,371,Reggie Williams,SF,26,TOT,73,46,26.0,5.3,11.7,.449,0.8,2.2,.363,4.5,9.6,.468,.482,2.3,2.7,.843,1.8,2.4,4.2,1.8,1.5,0.6,1.5,3.5,13.6,1991
435,371,Reggie Williams,SF,26,SAS,22,0,16.1,2.8,5.8,.480,0.6,1.2,.538,2.1,4.6,.465,.535,1.6,1.9,.854,0.8,1.9,2.7,2.1,0.9,0.5,1.6,2.9,7.8,1991
436,371,Reggie Williams,SF,26,DEN,51,46,30.2,6.3,14.3,.444,0.8,2.6,.328,5.5,11.7,.469,.473,2.6,3.1,.840,2.3,2.6,4.8,1.7,1.8,0.6,1.5,3.7,16.1,1991
437,372,Scott Williams,PF,22,CHI,51,0,6.6,1.0,2.0,.510,0.0,0.0,.500,1.0,2.0,.510,.514,0.4,0.5,.714,0.8,1.1,1.9,0.3,0.2,0.3,0.5,1.0,2.5,1991
438,373,Kevin Willis,PF,28,ATL,80,80,29.7,5.6,11.0,.504,0.1,0.1,.400,5.5,10.9,.505,.506,2.0,3.0,.668,3.2,5.6,8.8,1.2,0.8,0.5,1.9,2.9,13.1,1991
439,374,Trevor Wilson,PF,22,ATL,25,0,6.5,0.8,2.8,.300,0.0,0.1,.000,0.8,2.7,.309,.300,0.5,1.0,.500,0.6,1.0,1.6,0.4,0.2,0.0,0.7,0.5,2.2,1991
440,375,Kennard Winchester,SF,24,HOU,64,1,9.5,1.5,3.8,.400,0.1,0.3,.400,1.4,3.5,.400,.416,0.5,0.7,.778,0.5,0.5,1.0,0.4,0.3,0.2,0.5,1.1,3.7,1991
441,376,David Wingate,SG,27,SAS,25,0,22.5,2.1,5.5,.384,0.0,0.4,.111,2.1,5.2,.403,.388,1.2,1.6,.707,1.0,2.0,3.0,1.8,0.8,0.2,1.7,2.6,5.4,1991
442,377,Randy Wittman,SF,31,IND,41,0,8.7,0.9,1.9,.443,0.0,0.1,.000,0.9,1.8,.473,.443,0.1,0.1,.667,0.1,0.7,0.8,0.6,0.2,0.1,0.2,0.2,1.8,1991
443,378,Joe Wolf,C,26,DEN,74,38,21.5,3.2,7.0,.451,0.0,0.2,.133,3.1,6.8,.460,.453,0.9,1.1,.831,1.8,3.6,5.4,1.4,0.8,0.4,1.3,3.3,7.3,1991
444,379,David Wood,SF,26,HOU,82,13,17.3,1.8,4.3,.424,0.3,1.1,.311,1.5,3.2,.463,.464,1.3,1.6,.812,1.3,1.7,3.0,1.1,0.7,0.2,1.1,2.9,5.3,1991
445,380,Leon Wood,SG,28,SAC,12,0,18.5,2.1,5.3,.397,1.0,3.2,.316,1.1,2.1,.520,.492,1.6,1.8,.905,0.4,1.2,1.6,4.1,0.4,0.0,1.0,0.8,6.8,1991
446,Rk,Player,Pos,Age,Tm,G,GS,MP,FG,FGA,FG%,3P,3PA,3P%,2P,2PA,2P%,eFG%,FT,FTA,FT%,ORB,DRB,TRB,AST,STL,BLK,TOV,PF,PTS,1991
447,381,Mike Woodson,SG,32,TOT,15,3,11.4,1.7,5.1,.338,0.1,0.5,.143,1.7,4.7,.357,.344,0.7,0.9,.846,0.2,0.7,0.9,1.0,0.3,0.3,0.8,1.2,4.3,1991
448,381,Mike Woodson,SG,32,HOU,11,3,11.4,1.9,4.9,.389,0.1,0.5,.167,1.8,4.4,.417,.398,0.9,1.1,.833,0.2,0.8,1.0,0.9,0.5,0.4,0.6,1.0,4.8,1991
449,381,Mike Woodson,SG,32,CLE,4,0,11.5,1.3,5.8,.217,0.0,0.3,.000,1.3,5.5,.227,.217,0.3,0.3,1.000,0.3,0.3,0.5,1.3,0.0,0.3,1.3,1.8,2.8,1991
450,382,Orlando Woolridge,SF,31,DEN,53,50,34.4,9.2,18.5,.498,0.0,0.1,.000,9.2,18.5,.501,.498,6.6,8.3,.797,2.7,4.2,6.8,2.2,1.3,0.4,2.9,2.7,25.1,1991
451,383,Haywoode Workman,PG,25,WSB,73,56,27.9,3.2,7.1,.454,0.2,0.7,.240,3.0,6.4,.477,.466,1.4,1.8,.759,0.7,2.6,3.3,4.8,1.2,0.1,1.8,2.2,8.0,1991
452,384,James Worthy*,SF,29,LAL,78,74,38.6,9.2,18.7,.492,0.3,1.2,.289,8.8,17.5,.505,.501,2.7,3.4,.797,1.4,3.2,4.6,3.5,1.3,0.4,1.6,1.5,21.4,1991
453,385,Howard Wright,PF,23,TOT,15,0,10.9,1.3,3.1,.404,0.0,0.1,.000,1.3,3.1,.413,.404,1.1,1.6,.667,0.8,2.2,3.0,0.2,0.3,0.3,0.7,1.9,3.6,1991
454,385,Howard Wright,PF,23,ATL,4,0,5.0,0.5,0.8,.667,0.0,0.0,,0.5,0.8,.667,.667,0.3,0.3,1.000,0.3,1.3,1.5,0.0,0.0,0.0,0.5,0.8,1.3,1991
455,385,Howard Wright,PF,23,ORL,8,0,17.0,1.9,5.1,.366,0.0,0.0,,1.9,5.1,.366,.366,1.6,2.6,.619,1.3,3.4,4.6,0.4,0.4,0.6,1.1,2.9,5.4,1991
456,385,Howard Wright,PF,23,DAL,3,0,2.7,0.7,1.0,.667,0.0,0.3,.000,0.7,0.7,1.000,.667,0.7,0.7,1.000,0.3,0.3,0.7,0.0,0.3,0.0,0.0,0.7,2.0,1991
457,386,A.J. Wynder,PG,26,BOS,6,0,6.5,0.5,2.0,.250,0.0,0.2,.000,0.5,1.8,.273,.250,1.0,1.3,.750,0.2,0.3,0.5,1.3,0.2,0.0,0.7,0.2,2.0,1991
458,387,Danny Young,PG,28,POR,75,1,12.0,1.4,3.6,.380,0.5,1.4,.346,0.9,2.2,.401,.446,0.5,0.6,.911,0.3,0.7,1.0,1.9,0.7,0.1,0.7,0.7,3.8,1991
459,1,Alaa Abdelnaby,PF,23,POR,71,1,13.2,2.5,5.1,.493,0.0,0.0,,2.5,5.1,.493,.493,1.1,1.4,.752,1.1,2.5,3.7,0.4,0.4,0.2,0.9,1.9,6.1,1992
460,2,Mahmoud Abdul-Rauf,PG,22,DEN,81,11,19.0,4.4,10.4,.421,0.4,1.2,.330,4.0,9.3,.433,.440,1.2,1.3,.870,0.3,1.1,1.4,2.4,0.5,0.0,1.4,1.6,10.3,1992
461,3,Mark Acres,C,29,ORL,68,6,13.6,1.1,2.2,.517,0.0,0.0,.333,1.1,2.2,.520,.520,0.8,1.0,.761,1.4,2.3,3.7,0.3,0.4,0.2,0.5,2.1,3.1,1992
462,4,Michael Adams,PG,29,WSB,78,78,35.8,6.2,15.8,.393,1.6,4.9,.324,4.6,10.9,.425,.444,4.0,4.6,.869,0.7,3.2,4.0,7.6,1.9,0.1,2.7,2.1,18.1,1992
463,5,Rafael Addison,SF,27,NJN,76,8,15.5,2.5,5.7,.433,0.2,0.6,.286,2.3,5.0,.452,.449,0.7,1.0,.737,0.9,1.3,2.2,0.9,0.4,0.4,0.6,1.4,5.8,1992
464,6,Mark Aguirre,SF,32,DET,75,12,21.1,4.5,10.5,.431,0.2,0.9,.211,4.3,9.5,.453,.440,2.1,3.1,.687,0.9,2.3,3.1,1.7,0.7,0.1,1.4,2.3,11.3,1992
465,7,Danny Ainge,SG,32,POR,81,6,19.7,3.7,8.3,.442,1.0,2.8,.339,2.7,5.5,.496,.500,1.3,1.6,.824,0.5,1.3,1.8,2.5,0.9,0.2,0.9,1.8,9.7,1992
466,8,Victor Alexander,C,22,GSW,80,28,16.9,3.0,5.7,.529,0.0,0.0,.000,3.0,5.7,.531,.529,1.3,1.9,.691,1.3,2.9,4.2,0.4,0.6,0.8,1.1,2.2,7.4,1992
467,9,Greg Anderson,PF,27,DEN,82,82,34.1,4.7,10.4,.456,0.0,0.0,.000,4.7,10.4,.458,.456,2.0,3.3,.623,4.1,7.4,11.5,1.0,1.1,0.8,2.5,3.2,11.5,1992
468,10,Kenny Anderson,PG,21,NJN,64,13,17.0,2.9,7.5,.390,0.0,0.2,.231,2.9,7.3,.394,.393,1.1,1.5,.745,0.6,1.4,2.0,3.2,1.0,0.1,1.5,1.1,7.0,1992
469,11,Nick Anderson,SG,24,ORL,60,59,36.7,8.0,17.4,.463,0.5,1.4,.353,7.5,16.0,.472,.477,3.4,5.1,.667,1.6,4.8,6.4,2.7,1.6,0.6,2.1,2.2,19.9,1992
470,12,Ron Anderson,SF,33,PHI,82,11,29.7,5.7,12.3,.465,0.5,1.5,.331,5.2,10.7,.485,.486,1.7,2.0,.877,1.2,2.2,3.4,1.6,1.0,0.1,1.3,1.6,13.7,1992
471,13,Willie Anderson,SG,25,SAS,57,55,33.1,5.5,12.0,.455,0.2,1.0,.232,5.2,11.0,.475,.465,1.9,2.4,.775,1.1,4.2,5.3,5.3,0.9,0.9,2.5,2.6,13.1,1992
472,14,Michael Ansley,SF,24,TOT,10,0,4.5,0.8,1.8,.444,0.0,0.0,,0.8,1.8,.444,.444,0.5,0.6,.833,0.2,0.4,0.6,0.2,0.0,0.0,0.3,0.7,2.1,1992
473,14,Michael Ansley,SF,24,PHI,8,0,4.0,0.6,1.4,.455,0.0,0.0,,0.6,1.4,.455,.455,0.6,0.8,.833,0.3,0.3,0.5,0.3,0.0,0.0,0.4,0.8,1.9,1992
474,14,Michael Ansley,SF,24,CHH,2,0,6.5,1.5,3.5,.429,0.0,0.0,,1.5,3.5,.429,.429,0.0,0.0,,0.0,1.0,1.0,0.0,0.0,0.0,0.0,0.5,3.0,1992
475,15,Greg Anthony,PG,24,NYK,82,1,18.4,2.0,5.3,.370,0.1,0.7,.145,1.9,4.6,.403,.379,1.4,1.9,.741,0.4,1.3,1.7,3.8,0.7,0.1,1.2,2.1,5.5,1992
476,16,B.J. Armstrong,PG,24,CHI,82,3,22.9,4.1,8.5,.481,0.4,1.1,.402,3.7,7.4,.492,.506,1.3,1.6,.806,0.2,1.5,1.8,3.2,0.6,0.1,1.1,1.1,9.9,1992
477,17,Vincent Askew,SG,25,GSW,80,10,18.7,2.4,4.7,.509,0.0,0.1,.100,2.4,4.6,.520,.511,1.4,2.0,.694,1.1,1.8,2.9,2.4,0.6,0.3,1.1,1.6,6.2,1992
478,18,Keith Askins,SF,24,MIA,59,4,14.3,1.4,3.5,.410,0.4,1.2,.342,1.0,2.2,.447,.471,0.4,0.6,.703,1.1,1.3,2.4,0.6,0.7,0.3,0.8,1.8,3.7,1992
479,19,Stacey Augmon,SG,23,ATL,82,82,30.5,5.4,11.0,.489,0.0,0.1,.167,5.4,10.9,.492,.490,2.6,3.9,.666,2.3,2.8,5.1,2.5,1.5,0.3,2.2,2.0,13.3,1992
480,20,Isaac Austin,C,22,UTA,31,0,3.6,0.7,1.5,.457,0.0,0.0,,0.7,1.5,.457,.457,0.6,1.0,.633,0.4,0.8,1.1,0.2,0.1,0.1,0.3,0.6,2.0,1992
481,21,Miloš Babić,C,23,MIA,9,0,3.9,0.7,1.4,.462,0.0,0.0,,0.7,1.4,.462,.462,0.7,0.9,.750,0.2,1.0,1.2,0.7,0.1,0.0,0.6,0.0,2.0,1992
482,22,John Bagley,PG,31,BOS,73,59,23.9,3.1,6.9,.441,0.1,0.6,.238,2.9,6.4,.459,.451,0.9,1.3,.716,0.5,1.7,2.2,6.6,0.8,0.1,2.0,1.7,7.2,1992
483,23,Thurl Bailey,PF,30,TOT,84,18,25.0,4.4,10.0,.440,0.0,0.0,.000,4.4,9.9,.441,.440,2.6,3.2,.796,1.5,4.3,5.8,0.9,0.4,1.4,1.3,1.9,11.3,1992
484,23,Thurl Bailey,PF,30,UTA,13,0,25.2,3.0,7.8,.386,0.0,0.1,.000,3.0,7.7,.390,.386,3.4,4.2,.800,1.8,4.2,6.0,1.5,0.4,1.2,1.6,2.4,9.4,1992
485,23,Thurl Bailey,PF,30,MIN,71,18,25.0,4.6,10.4,.448,0.0,0.0,.000,4.6,10.3,.448,.448,2.4,3.0,.795,1.4,4.3,5.7,0.8,0.4,1.4,1.2,1.8,11.7,1992
486,24,Steve Bardo,SG,23,SAS,1,0,1.0,0.0,0.0,,0.0,0.0,,0.0,0.0,,,0.0,0.0,,1.0,0.0,1.0,0.0,0.0,0.0,0.0,0.0,0.0,1992
487,25,Charles Barkley*,SF,28,PHI,75,75,38.4,8.3,15.0,.552,0.4,1.8,.234,7.9,13.2,.597,.567,6.1,8.7,.695,3.6,7.5,11.1,4.1,1.8,0.6,3.1,2.6,23.1,1992
488,26,Dana Barros,PG,24,SEA,75,1,17.7,3.2,6.6,.483,1.1,2.5,.446,2.1,4.1,.505,.567,0.8,1.1,.759,0.2,0.9,1.1,1.7,0.7,0.1,0.7,1.1,8.3,1992
489,27,John Battle,SG,29,CLE,76,2,21.5,4.2,8.7,.480,0.0,0.2,.118,4.1,8.4,.489,.481,1.9,2.3,.848,0.3,1.2,1.5,2.1,0.5,0.1,1.2,1.5,10.3,1992
490,28,Kenny Battle,SG,27,TOT,16,0,5.8,0.7,1.1,.647,0.0,0.1,.000,0.7,1.0,.688,.647,0.6,0.8,.833,0.3,0.8,1.0,0.3,0.1,0.1,0.3,0.6,2.0,1992
491,28,Kenny Battle,SG,27,BOS,8,0,5.8,0.4,0.5,.750,0.0,0.0,,0.4,0.5,.750,.750,1.0,1.0,1.000,0.4,0.8,1.1,0.0,0.1,0.0,0.3,0.5,1.8,1992
492,28,Kenny Battle,SG,27,GSW,8,0,5.8,1.0,1.6,.615,0.0,0.1,.000,1.0,1.5,.667,.615,0.3,0.5,.500,0.1,0.8,0.9,0.5,0.1,0.3,0.3,0.8,2.3,1992
493,29,William Bedford,C,28,DET,32,8,11.3,1.6,3.8,.413,0.0,0.0,.000,1.6,3.8,.417,.413,0.4,0.7,.636,0.8,1.2,2.0,0.4,0.2,0.6,0.5,1.8,3.6,1992
494,30,Benoit Benjamin,C,27,SEA,63,61,30.8,5.6,11.7,.478,0.0,0.0,.000,5.6,11.7,.480,.478,2.7,4.0,.687,2.1,6.1,8.1,1.2,0.6,1.9,2.8,2.9,14.0,1992
495,31,Winston Bennett,SF,26,TOT,54,45,15.4,1.5,3.9,.379,0.0,0.0,.000,1.5,3.9,.381,.379,0.6,0.9,.700,1.2,1.8,3.0,0.7,0.4,0.2,0.6,2.3,3.6,1992
496,31,Winston Bennett,SF,26,CLE,52,45,16.0,1.5,4.0,.378,0.0,0.0,.000,1.5,4.0,.380,.378,0.7,1.0,.700,1.2,1.9,3.1,0.7,0.4,0.2,0.6,2.3,3.7,1992
497,31,Winston Bennett,SF,26,MIA,2,0,1.0,0.5,1.0,.500,0.0,0.0,,0.5,1.0,.500,.500,0.0,0.0,,0.5,0.0,0.5,0.0,0.0,0.0,0.0,0.5,1.0,1992
498,32,David Benoit,SF,23,UTA,77,2,15.1,2.3,4.9,.467,0.0,0.2,.214,2.2,4.7,.476,.471,1.1,1.3,.810,1.4,2.5,3.8,0.4,0.2,0.6,0.9,1.6,5.6,1992
499,33,Larry Bird*,SF,35,BOS,45,45,36.9,7.8,16.8,.466,1.2,2.8,.406,6.7,14.0,.478,.500,3.3,3.6,.926,1.0,8.6,9.6,6.8,0.9,0.7,2.8,1.8,20.2,1992
500,34,Rolando Blackman,SG,32,DAL,75,74,33.7,7.1,15.5,.461,0.9,2.3,.385,6.3,13.2,.474,.489,3.2,3.5,.898,1.0,2.1,3.2,2.7,0.7,0.3,2.0,1.8,18.3,1992
501,35,Lance Blanks,SG,25,DET,43,0,4.4,0.6,1.3,.455,0.1,0.4,.375,0.4,0.9,.487,.509,0.2,0.3,.727,0.2,0.3,0.5,0.4,0.3,0.0,0.3,0.6,1.5,1992
502,36,Mookie Blaylock,PG,24,NJN,72,67,35.4,6.0,13.8,.432,0.2,0.8,.222,5.8,13.0,.444,.438,1.8,2.5,.712,1.4,2.3,3.7,6.8,2.4,0.6,2.1,2.5,13.8,1992
503,37,Muggsy Bogues,PG,27,CHH,82,69,34.0,3.9,8.2,.472,0.0,0.3,.074,3.8,7.9,.489,.474,1.1,1.5,.783,0.7,2.2,2.9,9.1,2.1,0.1,1.9,1.9,8.9,1992
504,38,Manute Bol,C,29,PHI,71,2,17.8,0.7,1.8,.383,0.0,0.1,.000,0.7,1.7,.412,.383,0.2,0.4,.462,0.8,2.4,3.1,0.3,0.2,2.9,0.6,2.0,1.5,1992
505,39,Anthony Bonner,PF,23,SAC,79,18,28.9,3.7,8.3,.447,0.0,0.1,.250,3.7,8.3,.448,.448,1.9,3.1,.627,2.4,3.7,6.1,1.6,1.2,0.3,1.7,2.5,9.4,1992
506,40,Anthony Bowie,SG,28,ORL,52,26,33.1,6.0,12.2,.493,0.3,0.8,.386,5.7,11.3,.501,.506,2.3,2.6,.860,1.3,3.4,4.7,3.1,1.1,0.7,2.1,1.9,14.6,1992
507,Rk,Player,Pos,Age,Tm,G,GS,MP,FG,FGA,FG%,3P,3PA,3P%,2P,2PA,2P%,eFG%,FT,FTA,FT%,ORB,DRB,TRB,AST,STL,BLK,TOV,PF,PTS,1992
508,41,Sam Bowie,C,30,NJN,71,61,30.7,5.9,13.3,.445,0.1,0.4,.320,5.8,13.0,.448,.449,3.0,3.9,.757,2.9,5.3,8.1,2.6,0.6,1.7,2.1,3.0,15.0,1992
509,42,Terrell Brandon,PG,21,CLE,82,9,19.6,3.1,7.3,.419,0.0,0.3,.043,3.1,7.0,.434,.420,1.2,1.5,.806,0.6,1.4,2.0,3.9,1.0,0.3,1.7,1.3,7.4,1992
510,43,Randy Breuer,C,31,MIN,67,25,17.6,2.4,5.1,.468,0.0,0.0,.000,2.4,5.1,.469,.468,0.6,1.1,.532,1.5,2.7,4.2,1.3,0.4,1.5,0.6,1.7,5.4,1992
511,44,Frank Brickowski,PF,32,MIL,65,60,23.9,4.7,9.0,.524,0.0,0.1,.500,4.7,8.9,.524,.527,1.9,2.5,.767,1.5,3.8,5.3,1.9,0.9,0.4,1.7,3.4,11.4,1992
512,45,Kevin Brooks,SF,22,DEN,37,0,7.3,1.2,2.6,.443,0.1,0.3,.182,1.1,2.3,.477,.454,0.5,0.6,.810,0.4,0.7,1.1,0.3,0.2,0.1,0.5,0.5,2.8,1992
513,46,Scott Brooks,PG,26,MIN,82,0,13.2,2.0,4.6,.447,0.4,1.1,.356,1.6,3.5,.475,.489,0.6,0.8,.810,0.3,0.9,1.2,2.5,0.8,0.1,0.6,1.0,5.1,1992
514,47,Chucky Brown,SF,23,TOT,42,2,10.3,1.4,3.0,.469,0.0,0.1,.000,1.4,3.0,.480,.469,0.7,1.2,.612,0.7,1.2,2.0,0.6,0.3,0.2,0.7,1.1,3.6,1992
515,47,Chucky Brown,SF,23,CLE,6,0,8.3,0.8,1.7,.500,0.0,0.0,,0.8,1.7,.500,.500,0.8,1.3,.625,0.3,0.7,1.0,0.5,0.5,0.0,0.3,1.2,2.5,1992
516,47,Chucky Brown,SF,23,LAL,36,2,10.6,1.5,3.3,.466,0.0,0.1,.000,1.5,3.2,.478,.466,0.7,1.1,.610,0.8,1.3,2.1,0.6,0.3,0.2,0.8,1.1,3.8,1992
517,48,Dee Brown,PG,23,BOS,31,20,28.5,4.8,11.3,.426,0.2,0.7,.227,4.6,10.6,.439,.433,1.9,2.5,.769,0.5,2.1,2.5,5.3,1.1,0.2,1.9,2.4,11.7,1992
518,49,Mike Brown,C,28,UTA,82,1,21.7,2.7,6.0,.453,0.0,0.0,.000,2.7,5.9,.454,.453,2.3,3.5,.667,2.3,3.5,5.8,1.0,0.5,0.4,1.3,2.4,7.7,1992
519,50,Myron Brown,PG,22,MIN,4,0,5.8,1.0,1.5,.667,0.3,0.8,.333,0.8,0.8,1.000,.750,0.0,0.0,,0.0,0.8,0.8,1.5,0.3,0.0,1.0,0.5,2.3,1992
520,51,Randy Brown,PG,23,SAC,56,0,9.6,1.4,3.0,.456,0.0,0.1,.000,1.4,2.9,.472,.456,0.7,1.0,.655,0.5,0.8,1.2,1.1,0.6,0.2,0.8,1.2,3.4,1992
521,52,Tony Brown,SF,31,TOT,57,2,11.5,1.8,4.4,.410,0.3,1.1,.302,1.5,3.3,.446,.448,0.8,1.2,.727,0.6,0.9,1.5,0.8,0.5,0.1,0.6,1.4,4.8,1992
522,52,Tony Brown,SF,31,LAC,22,0,11.5,1.8,4.0,.438,0.3,1.0,.318,1.5,3.0,.478,.478,0.8,1.3,.621,0.4,0.9,1.3,0.7,0.5,0.0,0.6,1.4,4.7,1992
523,52,Tony Brown,SF,31,SEA,35,2,11.5,1.8,4.6,.394,0.3,1.2,.293,1.5,3.4,.429,.431,0.9,1.1,.811,0.7,0.9,1.6,0.9,0.5,0.1,0.6,1.5,4.8,1992
524,53,Mark Bryant,PF,26,POR,56,0,14.3,1.7,3.5,.480,0.0,0.1,.000,1.7,3.5,.487,.480,0.7,1.1,.667,1.6,2.0,3.6,0.7,0.5,0.1,0.5,1.9,4.1,1992
525,54,Jud Buechler,SF,23,TOT,28,0,10.4,1.0,2.5,.408,0.0,0.0,.000,1.0,2.5,.414,.408,0.4,0.8,.571,0.6,1.2,1.9,0.8,0.7,0.3,0.5,1.1,2.5,1992
526,54,Jud Buechler,SF,23,NJN,2,0,14.5,2.0,4.0,.500,0.0,0.0,,2.0,4.0,.500,.500,0.0,0.0,,1.0,0.0,1.0,1.0,1.0,0.5,0.5,1.0,4.0,1992
527,54,Jud Buechler,SF,23,SAS,11,0,12.7,1.4,2.7,.500,0.0,0.0,,1.4,2.7,.500,.500,0.3,0.8,.333,0.5,1.5,2.0,1.0,0.7,0.3,0.5,1.6,3.0,1992
528,54,Jud Buechler,SF,23,GSW,15,0,8.1,0.7,2.2,.303,0.0,0.1,.000,0.7,2.1,.313,.303,0.6,0.8,.750,0.7,1.2,1.9,0.7,0.6,0.2,0.5,0.7,1.9,1992
529,55,Matt Bullard,PF,24,HOU,80,7,16.0,2.6,5.6,.459,0.8,2.1,.386,1.8,3.5,.502,.530,0.5,0.6,.760,0.9,1.9,2.8,0.9,0.3,0.3,0.7,1.6,6.4,1992
530,56,Willie Burton,SF,23,MIA,68,50,23.3,4.1,9.1,.450,0.1,0.2,.400,4.0,8.9,.451,.455,2.9,3.6,.800,1.1,2.5,3.6,1.8,0.7,0.5,1.8,2.7,11.2,1992
531,57,Steve Burtt,SG,29,PHO,31,2,11.5,2.4,5.2,.463,0.0,0.2,.167,2.4,5.0,.474,.466,1.2,1.7,.704,0.3,0.8,1.1,1.9,0.5,0.1,1.1,1.9,6.0,1992
532,58,Michael Cage,PF,30,SEA,82,69,30.0,3.7,6.6,.566,0.0,0.1,.000,3.7,6.5,.572,.566,1.3,2.1,.620,3.2,5.6,8.9,1.1,1.2,0.7,1.0,2.9,8.8,1992
533,59,Demetrius Calip,PG,22,LAL,7,0,8.3,0.6,2.6,.222,0.1,0.7,.200,0.4,1.9,.231,.250,0.3,0.4,.667,0.1,0.6,0.7,1.7,0.1,0.0,0.7,1.1,1.6,1992
534,60,Elden Campbell,C,23,LAL,81,47,23.2,2.7,6.1,.448,0.0,0.0,.000,2.7,6.0,.450,.448,1.7,2.8,.619,1.9,3.3,5.2,0.7,0.7,2.0,0.9,2.5,7.1,1992
535,Rk,Player,Pos,Age,Tm,G,GS,MP,FG,FGA,FG%,3P,3PA,3P%,2P,2PA,2P%,eFG%,FT,FTA,FT%,ORB,DRB,TRB,AST,STL,BLK,TOV,PF,PTS,1992
536,61,Tony Campbell,SF,29,MIN,78,41,31.3,6.8,14.6,.464,0.2,0.5,.351,6.6,14.1,.467,.469,3.1,3.8,.803,1.8,1.9,3.7,2.9,1.1,0.4,2.1,2.6,16.8,1992
537,62,Antoine Carr,PF,30,SAS,81,27,23.0,4.4,9.0,.490,0.0,0.1,.200,4.4,9.0,.492,.491,2.0,2.6,.764,1.6,2.7,4.3,0.8,0.4,1.2,1.4,3.3,10.9,1992
538,63,Bill Cartwright,C,34,CHI,64,64,23.0,3.3,7.0,.467,0.0,0.0,,3.3,7.0,.467,.467,1.5,2.5,.604,1.5,3.6,5.1,1.4,0.3,0.2,1.2,2.0,8.0,1992
539,64,Terry Catledge,PF,28,ORL,78,67,31.2,5.9,11.8,.496,0.0,0.1,.000,5.9,11.8,.498,.496,3.1,4.4,.694,3.3,3.7,7.0,1.4,0.7,0.2,1.8,2.5,14.8,1992
540,65,Duane Causwell,C,23,SAC,80,77,28.6,3.1,5.7,.549,0.0,0.0,.000,3.1,5.7,.551,.549,1.7,2.8,.613,2.5,4.8,7.3,0.7,0.6,2.7,1.6,3.5,8.0,1992
541,66,Cedric Ceballos,SF,22,PHO,64,4,11.3,2.8,5.7,.482,0.0,0.1,.167,2.7,5.6,.487,.484,1.7,2.3,.736,0.9,1.4,2.4,0.8,0.3,0.2,1.1,0.8,7.2,1992
542,67,Tom Chambers,PF,32,PHO,69,66,28.2,6.2,14.3,.431,0.3,0.7,.367,5.9,13.6,.434,.440,3.7,4.5,.830,1.2,4.6,5.8,2.1,0.8,0.5,1.5,2.8,16.3,1992
543,68,Rex Chapman,PG-SG,24,TOT,22,11,25.8,5.1,11.5,.448,0.4,1.3,.276,4.8,10.1,.471,.464,1.6,2.4,.679,0.5,2.2,2.6,4.0,0.7,0.4,2.0,2.3,12.3,1992
544,68,Rex Chapman,PG,24,CHH,21,11,26.0,5.1,11.4,.450,0.4,1.3,.296,4.8,10.1,.469,.467,1.7,2.5,.679,0.4,2.1,2.6,4.1,0.7,0.4,2.0,2.2,12.4,1992
545,68,Rex Chapman,SG,24,WSB,1,0,22.0,5.0,12.0,.417,0.0,2.0,.000,5.0,10.0,.500,.417,0.0,0.0,,1.0,3.0,4.0,3.0,1.0,0.0,3.0,4.0,10.0,1992
546,69,Maurice Cheeks*,PG,35,ATL,56,0,19.4,2.1,4.4,.462,0.1,0.1,.500,2.0,4.3,.461,.468,0.5,0.8,.605,0.5,1.2,1.7,3.3,1.5,0.0,0.6,1.3,4.6,1992
547,70,Pete Chilcutt,PF,23,SAC,69,2,11.8,1.6,3.6,.452,0.0,0.0,1.000,1.6,3.6,.448,.456,0.3,0.4,.821,1.1,1.6,2.7,0.6,0.5,0.2,0.6,1.0,3.6,1992
548,71,Derrick Coleman,PF,24,NJN,65,58,34.0,7.4,14.7,.504,0.4,1.2,.303,7.1,13.6,.522,.516,4.6,6.0,.763,3.1,6.4,9.5,3.2,0.8,1.5,3.8,2.6,19.8,1992
549,72,Bimbo Coles,PG,23,MIA,81,28,24.4,3.6,8.0,.455,0.1,0.6,.192,3.5,7.4,.477,.462,2.7,3.2,.824,0.9,1.5,2.3,4.5,0.9,0.2,2.1,1.9,10.1,1992
550,73,Marty Conlon,C,24,SEA,45,1,8.5,1.1,2.2,.475,0.0,0.0,,1.1,2.2,.475,.475,0.5,0.7,.750,0.7,0.8,1.5,0.3,0.2,0.2,0.6,0.9,2.7,1992
551,74,Lester Conner,PG,32,MIL,81,9,17.5,1.3,3.0,.431,0.0,0.1,.000,1.3,2.9,.444,.431,1.0,1.4,.704,0.8,1.5,2.3,3.6,1.2,0.1,1.0,1.1,3.5,1992
552,75,Anthony Cook,PF,24,DEN,22,0,5.2,0.7,1.1,.600,0.0,0.0,,0.7,1.1,.600,.600,0.2,0.3,.667,0.6,1.0,1.5,0.1,0.2,0.2,0.1,0.5,1.5,1992
553,76,Wayne Cooper,C,35,POR,35,0,9.8,1.0,2.3,.427,0.0,0.0,,1.0,2.3,.427,.427,0.2,0.3,.636,1.1,1.8,2.9,0.6,0.1,0.8,0.4,1.6,2.2,1992
554,77,Tom Copa,C,27,SAS,33,1,4.0,0.7,1.2,.550,0.0,0.0,,0.7,1.2,.550,.550,0.1,0.4,.308,0.4,0.7,1.1,0.1,0.1,0.2,0.2,0.9,1.5,1992
555,78,Lanard Copeland,SG,26,LAC,10,0,4.8,0.7,2.3,.304,0.0,0.2,.000,0.7,2.1,.333,.304,0.2,0.2,1.000,0.1,0.6,0.7,0.5,0.2,0.0,0.4,0.5,1.6,1992
556,79,Tyrone Corbin,SF,29,TOT,80,9,27.6,3.8,7.9,.481,0.0,0.1,.000,3.8,7.8,.484,.481,2.2,2.5,.866,2.0,3.9,5.9,1.8,1.0,0.3,1.2,2.4,9.8,1992
557,79,Tyrone Corbin,SF,29,MIN,11,8,31.3,5.2,12.9,.401,0.0,0.1,.000,5.2,12.8,.404,.401,4.0,4.8,.830,2.2,4.1,6.3,3.0,1.1,0.5,2.4,2.8,14.4,1992
558,79,Tyrone Corbin,SF,29,UTA,69,1,27.0,3.6,7.1,.504,0.0,0.0,.000,3.6,7.0,.507,.504,1.9,2.1,.878,2.0,3.8,5.8,1.6,1.0,0.2,1.0,2.3,9.0,1992
559,80,Chris Corchiani,PG,23,ORL,51,1,14.5,1.5,3.8,.399,0.2,0.7,.270,1.3,3.1,.429,.425,1.8,2.0,.875,0.4,1.2,1.5,2.8,0.9,0.0,1.5,1.8,5.0,1992
560,Rk,Player,Pos,Age,Tm,G,GS,MP,FG,FGA,FG%,3P,3PA,3P%,2P,2PA,2P%,eFG%,FT,FTA,FT%,ORB,DRB,TRB,AST,STL,BLK,TOV,PF,PTS,1992
561,81,Corey Crowder,SF,22,UTA,51,0,6.4,0.8,2.2,.384,0.3,0.6,.433,0.6,1.6,.366,.442,0.3,0.4,.833,0.3,0.5,0.8,0.3,0.1,0.0,0.3,0.7,2.2,1992
562,82,Terry Cummings,PF,30,SAS,70,67,30.7,7.3,15.0,.488,0.1,0.2,.385,7.3,14.9,.489,.491,2.5,3.6,.711,3.5,5.5,9.0,1.5,0.8,0.5,1.6,3.0,17.3,1992
563,83,Dell Curry,SG,27,CHH,77,0,26.2,6.5,13.5,.486,1.0,2.4,.404,5.6,11.1,.503,.521,1.6,2.0,.836,0.7,2.6,3.4,2.3,1.2,0.3,1.7,2.0,15.7,1992
564,84,Quintin Dailey,SG,31,SEA,11,1,8.9,0.8,3.4,.243,0.0,0.1,.000,0.8,3.3,.250,.243,1.2,1.5,.813,0.2,0.9,1.1,0.4,0.5,0.1,0.9,0.5,2.8,1992
565,85,Brad Daugherty,C,26,CLE,73,73,36.2,7.9,13.8,.570,0.0,0.0,.000,7.9,13.8,.571,.570,5.7,7.3,.777,2.6,7.8,10.4,3.6,0.9,1.1,2.5,2.6,21.5,1992
566,86,Brad Davis,PG,36,DAL,33,0,13.0,1.2,2.6,.442,0.2,0.5,.278,1.0,2.1,.485,.471,0.3,0.5,.733,0.1,0.9,1.0,2.0,0.3,0.1,0.8,1.7,2.8,1992
567,87,Dale Davis,PF,22,IND,64,23,20.3,2.4,4.4,.552,0.0,0.0,.000,2.4,4.3,.554,.552,1.4,2.4,.572,2.5,3.9,6.4,0.5,0.4,1.2,0.8,3.0,6.2,1992
568,88,Terry Davis,PF,24,DAL,68,67,31.6,3.8,7.8,.482,0.0,0.1,.000,3.8,7.7,.487,.482,2.7,4.2,.635,3.4,6.5,9.9,0.8,0.4,0.4,1.7,3.0,10.2,1992
569,89,Walter Davis,SF,37,DEN,46,0,16.1,4.0,8.8,.459,0.1,0.3,.313,3.9,8.4,.465,.465,1.8,2.0,.872,0.4,1.1,1.5,1.5,0.6,0.0,1.0,1.5,9.9,1992
570,90,Johnny Dawkins,PG,28,PHI,82,82,34.3,4.8,11.0,.437,0.4,1.2,.356,4.4,9.8,.447,.457,2.0,2.3,.882,0.5,2.3,2.8,6.9,1.1,0.1,2.2,1.9,12.0,1992
571,91,Bison Dele,PF,22,ORL,48,2,18.9,3.6,6.8,.528,0.0,0.0,,3.6,6.8,.528,.528,2.0,3.0,.669,2.4,3.3,5.7,0.7,0.9,1.1,1.8,2.9,9.1,1992
572,92,Vlade Divac*,C,23,LAL,36,18,27.2,4.4,8.8,.495,0.1,0.5,.263,4.2,8.3,.510,.503,2.4,3.1,.768,2.4,4.4,6.9,1.7,1.5,1.0,2.4,3.2,11.3,1992
573,93,James Donaldson,C,34,TOT,58,32,18.5,1.9,4.2,.457,0.0,0.0,,1.9,4.2,.457,.457,1.1,1.5,.709,1.7,3.3,5.0,0.6,0.1,0.8,0.8,1.8,4.9,1992
574,93,James Donaldson,C,34,DAL,44,32,22.6,2.4,5.2,.471,0.0,0.0,,2.4,5.2,.471,.471,1.3,1.9,.702,2.2,3.9,6.1,0.7,0.2,1.0,0.9,2.0,6.2,1992
575,93,James Donaldson,C,34,NYK,14,0,5.8,0.4,1.3,.278,0.0,0.0,,0.4,1.3,.278,.278,0.1,0.1,1.000,0.1,1.2,1.4,0.1,0.0,0.4,0.5,1.2,0.9,1992
576,94,Sherman Douglas,PG,25,TOT,42,2,17.9,2.8,6.0,.462,0.0,0.2,.100,2.8,5.8,.477,.464,1.7,2.5,.682,0.3,1.2,1.5,4.1,0.6,0.2,1.6,1.9,7.3,1992
577,94,Sherman Douglas,PG,25,MIA,5,2,19.6,3.2,6.2,.516,0.0,0.2,.000,3.2,6.0,.533,.516,1.0,1.4,.714,0.2,1.0,1.2,3.8,0.8,0.0,1.6,2.0,7.4,1992
578,94,Sherman Douglas,PG,25,BOS,37,0,17.7,2.7,6.0,.455,0.0,0.2,.111,2.7,5.8,.469,.457,1.8,2.7,.680,0.3,1.2,1.5,4.1,0.6,0.2,1.6,1.8,7.3,1992
579,95,Greg Dreiling,C,29,IND,60,23,8.5,0.7,1.5,.494,0.0,0.0,1.000,0.7,1.4,.488,.500,0.5,0.7,.750,0.4,1.2,1.6,0.4,0.2,0.3,0.5,2.1,2.0,1992
580,96,Clyde Drexler*,SG,29,POR,76,76,36.2,9.1,19.4,.470,1.5,4.4,.337,7.6,15.0,.510,.509,5.3,6.6,.794,2.2,4.4,6.6,6.7,1.8,0.9,3.2,3.0,25.0,1992
581,97,Kevin Duckworth,C,27,POR,82,82,27.1,4.4,9.6,.461,0.0,0.0,.000,4.4,9.5,.462,.461,1.9,2.8,.690,1.8,4.2,6.1,1.2,0.5,0.5,1.7,3.2,10.7,1992
582,98,Chris Dudley,C,26,NJN,82,21,23.2,2.3,5.8,.403,0.0,0.0,,2.3,5.8,.403,.403,1.0,2.1,.468,4.2,4.8,9.0,0.7,0.5,2.2,1.0,3.4,5.6,1992
583,99,Joe Dumars*,SG,28,DET,82,82,38.9,7.2,16.0,.448,0.6,1.5,.408,6.6,14.5,.452,.466,5.0,5.8,.867,1.0,1.3,2.3,4.6,0.9,0.1,2.4,1.8,19.9,1992
584,100,Ledell Eackles,SG,25,WSB,65,25,22.5,5.5,11.7,.468,0.1,0.5,.200,5.4,11.1,.481,.472,2.1,2.9,.743,0.6,2.1,2.7,1.9,0.7,0.1,1.2,2.2,13.2,1992
585,Rk,Player,Pos,Age,Tm,G,GS,MP,FG,FGA,FG%,3P,3PA,3P%,2P,2PA,2P%,eFG%,FT,FTA,FT%,ORB,DRB,TRB,AST,STL,BLK,TOV,PF,PTS,1992
586,101,Mark Eaton,C,35,UTA,81,81,25.0,1.3,3.0,.446,0.0,0.0,,1.3,3.0,.446,.446,0.6,1.1,.598,1.9,4.2,6.1,0.5,0.4,2.5,0.7,3.0,3.3,1992
587,102,Patrick Eddie,C,24,NYK,4,0,3.3,0.5,2.3,.222,0.0,0.0,,0.5,2.3,.222,.222,0.0,0.0,,0.0,0.3,0.3,0.0,0.0,0.0,0.0,0.8,1.0,1992
588,103,Blue Edwards,SF,26,UTA,81,81,28.2,5.3,10.2,.522,0.5,1.3,.379,4.9,9.0,.542,.545,1.4,1.8,.774,1.1,2.6,3.7,1.7,1.0,0.6,1.5,2.9,12.6,1992
589,104,James Edwards,C,36,LAC,72,11,20.0,3.5,7.5,.465,0.0,0.0,.000,3.5,7.5,.466,.465,2.8,3.8,.731,0.8,2.0,2.8,0.7,0.3,0.5,1.0,3.3,9.7,1992
590,105,Kevin Edwards,PG,26,MIA,81,1,22.7,4.0,8.8,.454,0.1,0.4,.219,3.9,8.4,.465,.459,2.0,2.4,.848,0.7,1.9,2.6,2.1,1.2,0.2,1.5,1.7,10.1,1992
591,106,Craig Ehlo,SG,30,CLE,63,62,32.0,4.9,10.9,.453,1.1,2.7,.413,3.8,8.2,.466,.504,1.4,2.0,.707,1.5,3.4,4.9,3.8,1.2,0.3,1.7,2.4,12.3,1992
592,107,Mario Elie,SG,28,GSW,79,32,21.2,2.8,5.4,.521,0.3,0.9,.329,2.5,4.5,.559,.548,2.0,2.3,.852,0.9,2.0,2.9,2.2,0.9,0.2,1.1,2.0,7.8,1992
593,108,Sean Elliott,SF,23,SAS,82,82,38.0,6.3,12.7,.494,0.3,1.0,.305,6.0,11.7,.510,.506,3.5,4.0,.861,1.7,3.6,5.4,2.6,1.0,0.4,1.9,1.8,16.3,1992
594,109,Dale Ellis,SF,31,MIL,81,11,27.0,6.0,12.8,.469,1.7,4.1,.419,4.3,8.7,.492,.536,2.0,2.6,.774,1.1,2.0,3.1,1.3,0.7,0.2,1.5,1.9,15.7,1992
595,110,LeRon Ellis,C,22,LAC,29,0,3.6,0.6,1.7,.340,0.0,0.0,,0.6,1.7,.340,.340,0.3,0.7,.474,0.4,0.4,0.8,0.0,0.2,0.3,0.4,0.4,1.5,1992
596,111,Pervis Ellison,C,24,WSB,66,64,38.0,8.3,15.4,.539,0.0,0.0,.333,8.3,15.3,.540,.540,3.4,4.7,.728,3.3,7.9,11.2,2.9,0.9,2.7,3.0,3.4,20.0,1992
597,112,A.J. English,SG,24,WSB,81,6,20.6,4.5,10.4,.433,0.1,0.4,.176,4.4,10.0,.443,.436,1.8,2.2,.841,0.9,1.2,2.1,1.8,0.4,0.1,1.1,2.0,10.9,1992
598,113,Patrick Ewing*,C,29,NYK,82,82,38.4,9.7,18.6,.522,0.0,0.1,.167,9.7,18.5,.523,.522,4.6,6.2,.738,2.8,8.5,11.2,1.9,1.1,3.0,2.5,3.4,24.0,1992
599,114,Dave Feitl,C,29,NJN,34,0,5.1,1.0,2.3,.429,0.0,0.0,,1.0,2.3,.429,.429,0.5,0.6,.842,0.6,1.2,1.8,0.2,0.1,0.1,0.6,0.6,2.4,1992
600,115,Duane Ferrell,SF,26,ATL,66,12,24.2,5.0,9.6,.524,0.2,0.5,.333,4.8,9.1,.534,.532,2.5,3.3,.761,1.6,1.6,3.2,1.4,0.7,0.3,1.5,2.0,12.7,1992
601,116,Danny Ferry,PF,25,CLE,68,1,13.8,2.0,4.8,.409,0.3,0.7,.354,1.7,4.1,.418,.434,0.9,1.1,.836,0.8,2.4,3.1,1.1,0.3,0.2,0.7,2.0,5.1,1992
602,117,Vern Fleming,PG,29,IND,82,6,21.2,3.6,7.4,.482,0.1,0.3,.222,3.5,7.1,.494,.487,1.6,2.2,.737,0.8,1.7,2.5,3.2,0.7,0.1,1.7,1.6,8.9,1992
603,118,Sleepy Floyd,PG,31,HOU,82,3,20.3,3.5,8.6,.406,0.5,1.5,.301,3.0,7.1,.429,.433,1.6,2.1,.794,0.4,1.4,1.8,2.9,0.7,0.3,1.6,1.6,9.1,1992
604,119,Greg Foster,PF,23,WSB,49,3,11.2,1.8,3.9,.461,0.0,0.0,.000,1.8,3.9,.464,.461,0.7,1.0,.714,0.9,2.1,3.0,0.7,0.1,0.2,0.7,1.7,4.3,1992
605,120,Rick Fox,SF,22,BOS,81,5,19.0,3.0,6.5,.459,0.3,0.9,.329,2.7,5.6,.479,.481,1.7,2.3,.755,0.9,1.8,2.7,1.6,1.0,0.4,1.5,2.8,8.0,1992
606,Rk,Player,Pos,Age,Tm,G,GS,MP,FG,FGA,FG%,3P,3PA,3P%,2P,2PA,2P%,eFG%,FT,FTA,FT%,ORB,DRB,TRB,AST,STL,BLK,TOV,PF,PTS,1992
607,121,Tellis Frank,PF,26,MIN,10,0,14.0,1.8,3.3,.545,0.0,0.0,,1.8,3.3,.545,.545,1.0,1.5,.667,0.8,1.8,2.6,0.8,0.5,0.4,0.5,2.4,4.6,1992
608,122,Anthony Frederick,SF,27,CHH,66,26,12.9,2.4,5.6,.435,0.1,0.3,.235,2.4,5.3,.445,.441,1.0,1.4,.685,1.1,1.0,2.2,1.1,0.6,0.4,0.9,1.4,5.9,1992
609,123,Kevin Gamble,SF,26,BOS,82,77,30.4,5.9,11.1,.529,0.1,0.4,.290,5.7,10.7,.537,.534,1.7,1.9,.885,1.0,2.5,3.5,2.7,0.9,0.5,1.2,2.4,13.5,1992
610,124,Winston Garland,PG,27,DEN,78,67,28.3,4.3,9.6,.444,0.1,0.4,.321,4.2,9.3,.449,.450,2.2,2.6,.859,0.9,1.6,2.4,5.3,1.3,0.3,2.2,2.6,10.8,1992
611,125,Tom Garrick,SG,25,TOT,40,5,13.7,1.5,3.6,.413,0.0,0.1,.250,1.5,3.5,.417,.416,0.5,0.7,.692,0.3,1.1,1.4,2.5,0.9,0.1,1.1,1.4,3.4,1992
612,125,Tom Garrick,SG,25,SAS,19,5,19.7,2.3,4.9,.473,0.0,0.1,.000,2.3,4.8,.478,.473,0.5,0.8,.625,0.4,1.7,2.2,3.3,1.1,0.1,1.6,1.7,5.2,1992
613,125,Tom Garrick,SG,25,MIN,15,0,7.5,0.7,2.2,.333,0.1,0.1,.500,0.7,2.1,.323,.348,0.4,0.5,.750,0.1,0.5,0.6,1.2,0.5,0.2,0.7,0.9,1.9,1992
614,125,Tom Garrick,SG,25,DAL,6,0,10.5,0.7,2.8,.235,0.0,0.2,.000,0.7,2.7,.250,.235,0.3,0.3,1.000,0.3,0.7,1.0,2.8,1.3,0.0,0.7,1.2,1.7,1992
615,126,Chris Gatling,PF,24,GSW,54,1,11.3,2.2,3.8,.568,0.0,0.1,.000,2.2,3.7,.579,.568,1.3,2.0,.661,1.4,2.0,3.4,0.3,0.6,0.7,0.8,1.9,5.7,1992
616,127,Kenny Gattison,PF,27,CHH,82,71,27.1,5.2,9.7,.529,0.0,0.0,.000,5.2,9.7,.531,.529,2.4,3.5,.688,2.2,4.9,7.1,1.6,0.7,0.8,1.7,3.3,12.7,1992
617,128,Tate George,SG,23,NJN,70,2,14.8,2.4,5.5,.427,0.0,0.1,.167,2.3,5.4,.432,.429,1.2,1.5,.821,0.5,1.0,1.5,2.3,0.6,0.0,1.2,1.4,6.0,1992
618,129,Kendall Gill,SG,23,CHH,79,79,36.8,8.4,18.1,.467,0.1,0.3,.240,8.4,17.7,.471,.469,3.6,4.8,.745,2.1,3.0,5.1,4.2,1.9,0.6,2.3,3.0,20.5,1992
619,130,Armen Gilliam,PF,27,PHI,81,81,34.2,6.3,12.4,.511,0.0,0.0,.000,6.3,12.3,.513,.511,4.2,5.2,.807,2.9,5.3,8.1,1.5,0.6,1.0,2.0,2.2,16.9,1992
620,131,Gerald Glass,SF,24,MIN,75,41,24.3,5.1,11.6,.440,0.2,0.7,.296,4.9,10.9,.449,.449,1.0,1.7,.616,1.4,2.0,3.5,2.3,0.9,0.4,1.4,2.3,11.5,1992
621,132,Mike Gminski,C,32,CHH,35,10,14.3,2.6,5.7,.452,0.0,0.1,.333,2.5,5.6,.454,.455,0.6,0.8,.750,1.1,2.3,3.4,0.9,0.3,0.5,0.6,1.1,5.8,1992
622,133,Dan Godfread,C,24,HOU,1,0,2.0,0.0,0.0,,0.0,0.0,,0.0,0.0,,,0.0,0.0,,0.0,0.0,0.0,0.0,0.0,0.0,0.0,0.0,0.0,1992
623,134,Paul Graham,SG,24,ATL,78,9,22.0,3.9,8.7,.447,0.7,1.8,.390,3.2,6.9,.462,.488,1.6,2.2,.741,0.9,2.0,3.0,2.2,1.2,0.3,1.2,2.5,10.1,1992
624,135,Ron Grandison,PF,27,CHH,3,0,8.3,0.7,1.3,.500,0.0,0.0,,0.7,1.3,.500,.500,2.0,3.3,.600,1.0,2.7,3.7,0.3,0.3,0.3,1.0,1.3,3.3,1992
625,136,Gary Grant,PG,26,LAC,78,53,26.3,3.5,7.6,.462,0.2,0.7,.294,3.3,7.0,.478,.475,0.6,0.7,.815,0.4,1.9,2.4,6.9,1.8,0.2,2.4,2.3,7.8,1992
626,137,Greg Grant,PG,25,TOT,68,0,13.1,1.5,3.3,.440,0.1,0.3,.389,1.4,3.0,.444,.456,0.3,0.4,.833,0.2,0.8,1.0,3.2,0.7,0.0,0.7,1.1,3.3,1992
627,137,Greg Grant,PG,25,CHH,13,0,4.4,0.0,0.6,.000,0.0,0.0,,0.0,0.6,.000,.000,0.1,0.2,.500,0.1,0.2,0.3,1.4,0.6,0.0,0.4,0.2,0.1,1992
628,137,Greg Grant,PG,25,PHI,55,0,15.2,1.8,3.9,.456,0.1,0.3,.389,1.7,3.6,.462,.472,0.3,0.4,.864,0.2,0.9,1.2,3.6,0.7,0.0,0.7,1.3,4.1,1992
629,138,Harvey Grant,SF,26,WSB,64,60,37.3,7.6,16.0,.478,0.0,0.1,.125,7.6,15.8,.481,.479,2.8,3.4,.800,2.5,4.3,6.8,2.7,1.2,0.4,1.7,2.8,18.0,1992
630,139,Horace Grant,PF,26,CHI,81,81,35.3,5.6,9.8,.578,0.0,0.0,.000,5.6,9.7,.580,.578,2.9,3.9,.741,4.2,5.7,10.0,2.7,1.2,1.6,1.2,2.4,14.2,1992
631,140,Jeff Grayer,SG,26,MIL,82,11,20.2,3.8,8.4,.448,0.2,0.8,.288,3.5,7.6,.465,.462,1.2,1.9,.667,1.6,1.6,3.1,1.8,0.8,0.2,1.3,1.7,9.0,1992
632,Rk,Player,Pos,Age,Tm,G,GS,MP,FG,FGA,FG%,3P,3PA,3P%,2P,2PA,2P%,eFG%,FT,FTA,FT%,ORB,DRB,TRB,AST,STL,BLK,TOV,PF,PTS,1992
633,141,A.C. Green,PF,28,LAL,82,53,35.4,4.7,9.8,.476,0.1,0.7,.214,4.5,9.1,.495,.483,4.1,5.6,.744,3.7,5.6,9.3,1.4,1.1,0.4,1.4,1.7,13.6,1992
634,142,Rickey Green,PG,37,BOS,26,0,14.1,1.8,4.0,.447,0.0,0.2,.250,1.7,3.8,.455,.451,0.5,0.7,.722,0.1,0.8,0.9,2.6,0.7,0.0,0.7,1.1,4.1,1992
635,143,Sean Green,SG,21,IND,35,0,7.3,1.8,4.5,.392,0.1,0.3,.200,1.7,4.2,.405,.399,0.4,0.8,.536,0.6,0.6,1.2,0.6,0.4,0.2,0.8,0.9,4.0,1992
636,144,Sidney Green,PF,31,SAS,80,1,14.1,1.8,4.3,.427,0.0,0.0,,1.8,4.3,.427,.427,0.9,1.1,.820,1.2,3.1,4.3,0.5,0.4,0.1,0.8,1.9,4.6,1992
637,145,Jack Haley,C,28,LAL,49,9,8.0,0.6,1.7,.369,0.0,0.0,,0.6,1.7,.369,.369,0.3,0.6,.483,0.6,1.3,1.9,0.1,0.1,0.2,0.5,1.5,1.6,1992
638,146,Tom Hammonds,PF,24,WSB,37,19,26.6,5.3,10.8,.488,0.0,0.0,.000,5.3,10.8,.489,.488,1.4,2.2,.610,1.3,3.7,5.0,1.0,0.6,0.4,1.6,3.2,11.9,1992
639,147,Bob Hansen,SG,31,TOT,68,2,11.9,1.2,2.6,.444,0.1,0.4,.259,1.1,2.2,.477,.463,0.1,0.3,.364,0.3,0.9,1.1,1.0,0.4,0.0,0.4,2.0,2.5,1992
640,147,Bob Hansen,SG,31,SAC,2,2,20.0,2.0,4.5,.444,0.0,1.0,.000,2.0,3.5,.571,.444,0.0,0.0,,1.0,1.0,2.0,0.5,0.5,0.0,0.0,3.0,4.0,1992
641,147,Bob Hansen,SG,31,CHI,66,0,11.7,1.1,2.6,.444,0.1,0.4,.280,1.0,2.2,.472,.464,0.1,0.3,.364,0.2,0.9,1.1,1.0,0.4,0.0,0.4,1.9,2.5,1992
642,148,Tim Hardaway*,PG,25,GSW,81,81,41.1,9.1,19.7,.461,1.6,4.6,.338,7.5,15.0,.499,.501,3.7,4.8,.766,1.0,2.8,3.8,10.0,2.0,0.2,3.3,2.6,23.4,1992
643,149,Derek Harper,PG,30,DAL,65,64,34.6,6.9,15.6,.443,0.9,2.9,.312,6.0,12.7,.473,.472,3.0,4.0,.759,0.8,1.9,2.6,5.7,1.6,0.3,2.4,2.3,17.7,1992
644,150,Ron Harper,SG,28,LAC,82,82,38.3,6.9,15.8,.440,0.8,2.6,.303,6.2,13.2,.467,.465,3.6,4.9,.736,1.5,4.0,5.5,5.1,1.9,0.9,3.1,2.4,18.2,1992
645,151,Scott Hastings,C,31,DEN,40,4,10.5,0.4,1.3,.340,0.0,0.2,.000,0.4,1.0,.415,.340,0.6,0.7,.857,0.8,1.7,2.5,0.7,0.3,0.4,0.6,1.4,1.5,1992
646,152,Hersey Hawkins,SG,25,PHI,81,81,37.2,6.4,13.9,.462,1.1,2.8,.397,5.3,11.1,.479,.503,5.0,5.7,.874,0.7,2.7,3.3,3.1,1.9,0.5,2.3,2.1,19.0,1992
647,153,Gerald Henderson,PG,36,TOT,16,0,6.0,0.8,2.0,.375,0.2,0.5,.375,0.6,1.5,.375,.422,0.6,0.7,.818,0.1,0.4,0.5,0.6,0.2,0.0,0.5,0.8,2.3,1992
648,153,Gerald Henderson,PG,36,HOU,8,0,4.3,0.5,1.4,.364,0.0,0.4,.000,0.5,1.0,.500,.364,0.5,0.8,.667,0.1,0.1,0.3,0.6,0.0,0.0,0.5,0.5,1.5,1992
649,153,Gerald Henderson,PG,36,DET,8,0,7.8,1.0,2.6,.381,0.4,0.6,.600,0.6,2.0,.313,.452,0.6,0.6,1.000,0.0,0.8,0.8,0.6,0.4,0.0,0.5,1.0,3.0,1992
650,154,Steve Henson,PG,23,MIL,50,1,7.7,1.0,2.9,.361,0.5,1.0,.479,0.6,1.9,.302,.441,0.5,0.6,.793,0.3,0.5,0.8,1.6,0.3,0.0,0.8,1.0,3.0,1992
651,155,Carl Herrera,PF,25,HOU,43,7,13.2,1.9,3.7,.516,0.0,0.0,.000,1.9,3.7,.519,.516,0.6,1.0,.568,0.8,1.5,2.3,0.6,0.4,0.6,0.9,1.4,4.4,1992
652,156,Rod Higgins,SF,32,GSW,25,6,21.4,3.5,8.4,.412,1.3,3.8,.347,2.2,4.6,.466,.491,1.9,2.4,.814,1.2,2.2,3.4,0.9,0.6,0.5,0.6,3.0,10.2,1992
653,157,Sean Higgins,PF-SF,23,TOT,38,12,16.2,3.3,7.3,.458,0.2,0.7,.240,3.2,6.6,.480,.469,0.8,0.9,.861,0.8,1.9,2.7,1.1,0.4,0.2,1.1,1.5,7.7,1992
654,157,Sean Higgins,SF,23,SAS,6,0,6.0,0.7,2.5,.267,0.0,0.2,.000,0.7,2.3,.286,.267,1.2,1.2,1.000,0.3,1.0,1.3,0.7,0.3,0.0,0.7,1.0,2.5,1992
655,157,Sean Higgins,PF,23,ORL,32,12,18.1,3.8,8.2,.469,0.2,0.8,.250,3.7,7.4,.492,.481,0.8,0.9,.828,0.8,2.1,2.9,1.2,0.4,0.2,1.2,1.6,8.6,1992
656,158,Tyrone Hill,C,23,GSW,82,75,23.0,3.1,5.9,.522,0.0,0.0,.000,3.1,5.9,.523,.522,2.0,2.9,.694,2.2,5.0,7.2,0.6,0.9,0.5,1.3,3.8,8.2,1992
657,159,Donald Hodge,PF,22,DAL,51,27,20.7,3.2,6.4,.497,0.0,0.0,,3.2,6.4,.497,.497,2.0,2.9,.667,2.3,3.1,5.4,0.8,0.5,0.5,1.5,2.5,8.4,1992
658,160,Craig Hodges,SG,31,CHI,56,2,9.9,1.7,4.3,.384,0.6,1.7,.375,1.0,2.6,.390,.459,0.3,0.3,.941,0.1,0.3,0.4,1.0,0.3,0.0,0.4,0.6,4.3,1992
659,Rk,Player,Pos,Age,Tm,G,GS,MP,FG,FGA,FG%,3P,3PA,3P%,2P,2PA,2P%,eFG%,FT,FTA,FT%,ORB,DRB,TRB,AST,STL,BLK,TOV,PF,PTS,1992
660,161,Dave Hoppen,C,27,PHI,11,0,3.6,0.2,0.6,.286,0.0,0.0,,0.2,0.6,.286,.286,0.5,0.9,.500,0.1,0.8,0.9,0.2,0.0,0.0,0.3,0.5,0.8,1992
661,162,Dennis Hopson,SG,26,TOT,71,0,18.5,3.9,8.4,.465,0.2,0.7,.255,3.7,7.7,.484,.476,2.5,3.6,.708,1.5,1.4,2.9,1.4,0.9,0.5,1.4,1.6,10.5,1992
662,162,Dennis Hopson,SG,26,CHI,2,0,5.0,0.5,1.0,.500,0.0,0.0,,0.5,1.0,.500,.500,0.0,0.0,,0.0,0.0,0.0,0.0,0.5,0.0,0.0,1.0,1.0,1992
663,162,Dennis Hopson,SG,26,SAC,69,0,18.9,4.0,8.6,.465,0.2,0.7,.255,3.8,7.9,.483,.475,2.6,3.7,.708,1.5,1.5,3.0,1.5,1.0,0.6,1.4,1.6,10.7,1992
664,163,Jeff Hornacek,SG,28,PHO,81,81,38.0,7.8,15.3,.512,1.0,2.3,.439,6.8,13.0,.525,.546,3.4,3.9,.886,1.3,3.7,5.0,5.1,2.0,0.4,2.1,2.7,20.1,1992
665,164,Brian Howard,SF,24,DAL,27,0,11.8,2.0,3.9,.519,0.0,0.1,.500,2.0,3.8,.520,.524,0.8,1.1,.710,0.6,1.3,1.9,0.5,0.4,0.3,0.6,2.0,4.9,1992
666,165,Jay Humphries,PG,29,MIL,71,71,31.8,5.3,11.3,.469,0.6,2.0,.292,4.7,9.3,.508,.496,2.7,3.5,.783,0.6,2.0,2.6,6.6,1.7,0.2,2.1,3.0,14.0,1992
667,166,Cedric Hunter,PG,27,CHH,1,0,1.0,0.0,0.0,,0.0,0.0,,0.0,0.0,,,0.0,0.0,,0.0,0.0,0.0,0.0,0.0,0.0,0.0,0.0,0.0,1992
668,167,Mike Iuzzolino,PG,24,DAL,52,21,24.6,3.1,6.8,.451,1.1,2.6,.434,1.9,4.2,.461,.534,2.1,2.5,.836,0.5,1.4,1.9,3.7,0.6,0.0,1.8,1.5,9.3,1992
669,168,Jaren Jackson,SG,24,GSW,5,0,10.8,2.2,4.6,.478,0.0,0.0,,2.2,4.6,.478,.478,0.8,1.2,.667,1.0,1.0,2.0,0.6,0.4,0.0,0.8,1.4,5.2,1992
670,169,Mark Jackson,PG,26,NYK,81,81,30.4,4.5,9.2,.491,0.1,0.5,.256,4.4,8.7,.506,.499,2.1,2.7,.770,1.2,2.6,3.8,8.6,1.4,0.2,2.6,1.9,11.3,1992
671,170,Dave Jamerson,SG,24,HOU,48,0,7.9,1.6,4.0,.414,0.2,0.6,.286,1.5,3.4,.436,.435,0.5,0.6,.926,0.5,0.4,0.9,0.7,0.4,0.0,0.5,0.8,4.0,1992
672,171,Henry James,SF,26,CLE,65,5,13.3,2.5,6.2,.407,0.4,1.4,.322,2.1,4.8,.431,.443,0.9,1.2,.803,0.5,1.2,1.7,0.4,0.2,0.2,0.7,1.4,6.4,1992
673,172,Les Jepsen,C,24,SAC,31,0,2.8,0.3,0.8,.375,0.0,0.0,.000,0.3,0.7,.391,.375,0.2,0.4,.636,0.4,0.6,1.0,0.0,0.0,0.2,0.1,0.5,0.8,1992
674,173,Avery Johnson,PG,26,TOT,69,15,17.9,2.3,4.8,.479,0.1,0.2,.267,2.2,4.6,.489,.485,1.0,1.5,.653,0.2,1.0,1.2,3.9,0.9,0.1,1.6,1.3,5.6,1992
675,173,Avery Johnson,PG,26,SAS,20,14,23.2,2.8,5.4,.509,0.1,0.3,.200,2.7,5.2,.524,.514,1.2,1.6,.750,0.3,1.5,1.8,5.0,1.1,0.2,2.3,2.2,6.8,1992
676,173,Avery Johnson,PG,26,HOU,49,1,15.8,2.1,4.5,.464,0.1,0.2,.300,2.0,4.3,.472,.471,0.9,1.4,.609,0.2,0.8,0.9,3.4,0.8,0.1,1.3,0.9,5.1,1992
677,174,Buck Johnson,SF,28,HOU,80,69,27.5,3.6,7.9,.458,0.0,0.1,.111,3.6,7.8,.463,.459,1.3,1.8,.727,1.2,2.7,3.9,2.0,0.9,0.6,1.3,2.9,8.6,1992
678,175,Eddie Johnson,SF,32,SEA,81,19,29.2,6.6,14.4,.459,0.3,1.3,.252,6.3,13.0,.480,.470,3.6,4.2,.861,1.5,2.1,3.6,2.0,0.7,0.1,1.6,2.5,17.1,1992
679,176,Kevin Johnson,PG,25,PHO,78,78,37.2,6.9,14.4,.479,0.1,0.6,.217,6.8,13.8,.490,.484,5.7,7.1,.807,0.8,3.0,3.7,10.7,1.5,0.3,3.5,2.3,19.7,1992
680,177,Larry Johnson,PF,22,CHH,82,77,37.2,7.5,15.3,.490,0.1,0.3,.227,7.5,15.1,.494,.492,4.1,5.0,.829,3.9,7.0,11.0,3.6,1.0,0.6,2.0,2.7,19.2,1992
681,178,Vinnie Johnson,SG,35,SAS,60,23,22.5,3.4,8.3,.405,0.3,1.0,.317,3.1,7.3,.417,.424,0.9,1.4,.647,1.1,1.9,3.0,2.4,0.7,0.2,1.2,1.6,8.0,1992
682,179,Charles Jones,C,34,WSB,75,32,18.2,0.4,1.2,.367,0.0,0.0,,0.4,1.2,.367,.367,0.3,0.5,.500,1.4,2.8,4.2,0.8,0.6,1.2,0.5,2.9,1.1,1992
683,180,Michael Jordan*,SG,28,CHI,80,80,38.8,11.8,22.7,.519,0.3,1.3,.270,11.5,21.5,.533,.526,6.1,7.4,.832,1.1,5.3,6.4,6.1,2.3,0.9,2.5,2.5,30.1,1992
684,Rk,Player,Pos,Age,Tm,G,GS,MP,FG,FGA,FG%,3P,3PA,3P%,2P,2PA,2P%,eFG%,FT,FTA,FT%,ORB,DRB,TRB,AST,STL,BLK,TOV,PF,PTS,1992
685,181,Shawn Kemp,PF,22,SEA,64,23,28.3,5.7,11.2,.504,0.0,0.0,.000,5.7,11.2,.506,.504,4.2,5.6,.748,4.1,6.3,10.4,1.3,1.1,1.9,2.4,4.1,15.5,1992
686,182,Steve Kerr,PG,26,CLE,48,20,17.6,2.5,4.9,.511,0.7,1.5,.432,1.9,3.4,.546,.578,0.9,1.1,.833,0.3,1.3,1.6,2.3,0.6,0.2,0.6,0.6,6.6,1992
687,183,Jerome Kersey,SF,29,POR,77,76,33.2,5.2,11.1,.467,0.0,0.1,.125,5.2,11.0,.470,.468,2.3,3.4,.664,3.1,5.1,8.2,3.2,1.5,0.9,2.0,3.3,12.6,1992
688,184,Alec Kessler,PF,25,MIA,77,4,15.5,2.1,5.0,.413,0.0,0.0,,2.1,5.0,.413,.413,1.2,1.5,.817,1.5,2.6,4.1,0.4,0.2,0.4,0.8,2.4,5.3,1992
689,185,Bo Kimble,SG,25,LAC,34,0,8.1,1.3,3.3,.396,0.1,0.4,.308,1.2,2.9,.408,.414,0.6,0.9,.645,0.4,0.6,0.9,0.5,0.3,0.2,0.4,1.1,3.3,1992
690,186,Albert King,SF,32,WSB,6,0,9.8,1.8,5.0,.367,0.3,1.2,.286,1.5,3.8,.391,.400,1.2,1.3,.875,0.2,1.7,1.8,0.8,0.5,0.0,0.3,1.2,5.2,1992
691,187,Rich King,C,22,SEA,40,2,5.3,0.7,1.8,.380,0.0,0.0,.000,0.7,1.8,.386,.380,0.9,1.1,.756,0.5,0.7,1.2,0.3,0.1,0.1,0.5,1.1,2.2,1992
692,188,Stacey King,PF,25,CHI,79,12,16.1,2.7,5.4,.506,0.0,0.1,.400,2.7,5.3,.507,.508,1.5,2.0,.753,1.1,1.5,2.6,1.0,0.3,0.3,1.0,1.6,7.0,1992
693,189,Greg Kite,C,30,ORL,72,44,20.5,1.3,3.0,.437,0.0,0.0,.000,1.3,3.0,.439,.437,0.6,0.9,.588,2.2,3.4,5.6,0.6,0.4,0.8,0.8,2.9,3.2,1992
694,190,Joe Kleine,C,30,BOS,70,3,14.2,2.1,4.2,.491,0.1,0.1,.500,2.0,4.1,.491,.498,0.5,0.7,.708,1.3,2.9,4.2,0.5,0.3,0.2,0.4,1.4,4.7,1992
695,191,Negele Knight,PG,24,PHO,42,1,15.0,2.5,5.2,.475,0.1,0.3,.308,2.4,4.9,.485,.484,0.8,1.1,.688,0.4,0.7,1.1,2.7,0.6,0.1,1.4,1.4,5.8,1992
696,192,Bart Kofoed,SG,27,SEA,44,0,5.4,0.6,1.2,.472,0.0,0.2,.143,0.5,1.0,.522,.481,0.3,0.6,.577,0.1,0.5,0.6,1.2,0.0,0.0,0.5,0.6,1.5,1992
697,193,Jon Koncak,C,28,ATL,77,14,19.3,1.4,3.7,.391,0.0,0.2,.000,1.4,3.5,.408,.391,0.2,0.4,.655,0.8,2.6,3.4,1.7,0.6,0.9,0.7,2.7,3.1,1992
698,194,Larry Krystkowiak,PF,27,MIL,79,16,23.4,3.7,8.4,.444,0.0,0.1,.000,3.7,8.3,.447,.444,1.6,2.1,.757,1.7,3.8,5.4,1.4,0.7,0.2,1.5,2.8,9.0,1992
699,195,Bill Laimbeer,C,34,DET,81,46,27.6,4.2,9.0,.470,0.4,1.0,.376,3.8,7.9,.483,.492,0.8,0.9,.893,1.3,4.3,5.6,2.0,0.6,0.7,1.3,2.8,9.7,1992
700,196,Jerome Lane,PF,25,TOT,14,5,12.6,1.0,3.3,.304,0.0,0.0,,1.0,3.3,.304,.304,0.6,1.9,.333,2.3,2.4,4.7,1.2,0.1,0.1,1.0,2.0,2.6,1992
701,196,Jerome Lane,PF,25,DEN,9,5,15.7,1.1,4.4,.250,0.0,0.0,,1.1,4.4,.250,.250,0.9,2.1,.421,2.4,2.4,4.9,1.4,0.2,0.1,1.1,2.0,3.1,1992
702,196,Jerome Lane,PF,25,IND,3,0,10.0,1.0,1.7,.600,0.0,0.0,,1.0,1.7,.600,.600,0.0,2.0,.000,3.0,3.0,6.0,1.3,0.0,0.0,1.0,3.0,2.0,1992
703,196,Jerome Lane,PF,25,MIL,2,0,3.0,0.5,0.5,1.000,0.0,0.0,,0.5,0.5,1.000,1.000,0.5,1.0,.500,0.5,1.5,2.0,0.0,0.0,0.0,0.5,0.5,1.5,1992
704,197,Andrew Lang,C,25,PHO,81,71,24.3,3.1,5.9,.522,0.0,0.0,.000,3.1,5.9,.523,.522,1.6,2.0,.768,2.1,4.6,6.7,0.5,0.6,2.5,1.1,3.8,7.7,1992
705,198,Eric Leckner,C,25,CHH,59,2,12.1,1.3,2.6,.513,0.0,0.0,.000,1.3,2.6,.516,.513,0.6,0.9,.745,0.8,2.7,3.5,0.5,0.2,0.3,0.7,1.9,3.3,1992
706,199,Doug Lee,SG,27,NJN,46,0,6.7,1.1,2.5,.431,0.2,0.8,.270,0.9,1.7,.506,.474,0.2,0.4,.526,0.4,0.4,0.8,0.5,0.2,0.0,0.3,0.8,2.6,1992
707,200,Gary Leonard,C,24,ATL,5,0,2.6,0.8,1.2,.667,0.0,0.0,,0.8,1.2,.667,.667,0.4,0.4,1.000,0.6,0.4,1.0,0.2,0.2,0.0,0.2,0.6,2.0,1992
708,Rk,Player,Pos,Age,Tm,G,GS,MP,FG,FGA,FG%,3P,3PA,3P%,2P,2PA,2P%,eFG%,FT,FTA,FT%,ORB,DRB,TRB,AST,STL,BLK,TOV,PF,PTS,1992
709,201,Jim Les,PG,28,SAC,62,5,11.5,1.2,3.1,.385,0.7,2.1,.344,0.5,1.0,.475,.503,0.6,0.8,.809,0.2,0.8,1.0,2.3,0.5,0.0,0.7,0.9,3.7,1992
710,202,Fat Lever,SG,31,DAL,31,5,28.5,4.4,11.3,.387,0.5,1.7,.327,3.8,9.6,.397,.411,1.9,2.6,.750,1.8,3.4,5.2,3.5,1.5,0.4,1.2,2.4,11.2,1992
711,203,Cliff Levingston,PF,31,CHI,79,0,12.9,1.6,3.2,.498,0.0,0.1,.167,1.6,3.1,.506,.500,0.8,1.2,.625,1.4,1.5,2.9,0.8,0.3,0.6,0.5,1.7,3.9,1992
712,204,Reggie Lewis,SG,26,BOS,82,82,37.4,8.6,17.0,.503,0.1,0.3,.238,8.5,16.8,.507,.505,3.6,4.2,.851,1.4,3.4,4.8,2.3,1.5,1.3,1.7,3.1,20.8,1992
713,205,Marcus Liberty,SF,23,DEN,75,13,20.4,3.7,8.3,.443,0.2,0.7,.340,3.4,7.6,.452,.457,1.7,2.4,.728,1.9,2.2,4.1,0.8,0.9,0.4,1.2,2.2,9.3,1992
714,206,Todd Lichti,SG,25,DEN,68,10,17.3,2.5,5.5,.460,0.0,0.1,.111,2.5,5.4,.469,.461,1.5,1.7,.839,0.5,1.2,1.7,1.1,0.6,0.2,1.1,1.9,6.6,1992
715,207,Alton Lister,C,33,GSW,26,12,11.3,1.7,3.0,.557,0.0,0.0,,1.7,3.0,.557,.557,0.5,1.3,.424,0.8,2.7,3.5,0.5,0.2,0.6,0.8,2.3,3.9,1992
716,208,Brad Lohaus,PF,27,MIL,70,8,15.4,2.3,5.1,.450,0.8,2.1,.396,1.5,3.1,.486,.529,0.4,0.6,.659,0.9,2.6,3.6,1.1,0.6,1.0,0.7,2.1,5.8,1992
717,209,Grant Long,PF,25,MIA,82,82,37.4,5.4,10.9,.494,0.1,0.3,.273,5.3,10.6,.500,.498,4.0,4.9,.807,3.2,5.3,8.4,2.7,1.7,0.5,2.3,3.0,14.8,1992
718,210,Luc Longley,C,23,MIN,66,3,15.0,1.7,3.8,.458,0.0,0.0,,1.7,3.8,.458,.458,0.8,1.2,.663,1.0,2.9,3.9,0.8,0.5,1.0,1.3,2.4,4.3,1992
719,211,Kevin Lynch,SG,23,CHH,55,3,14.9,1.7,4.1,.417,0.1,0.1,.375,1.6,3.9,.419,.424,0.6,0.8,.761,0.5,1.0,1.5,1.5,0.7,0.2,0.8,1.9,4.1,1992
720,212,Mark Macon,SG,22,DEN,76,67,30.3,4.4,11.7,.375,0.1,0.4,.133,4.3,11.3,.383,.377,1.8,2.4,.730,1.1,1.8,2.9,2.2,2.0,0.2,2.0,3.2,10.6,1992
721,213,Dan Majerle,SF,26,PHO,82,15,34.8,6.7,14.1,.478,1.1,2.8,.382,5.7,11.3,.502,.516,2.8,3.7,.756,1.8,4.1,5.9,3.3,1.6,0.5,1.2,1.9,17.3,1992
722,214,Jeff Malone,SG,30,UTA,81,81,36.1,8.5,16.7,.511,0.0,0.1,.083,8.5,16.6,.515,.511,3.2,3.5,.898,0.6,2.3,2.9,2.2,0.7,0.1,1.7,1.6,20.2,1992
723,215,Karl Malone*,PF,28,UTA,81,81,37.7,9.9,18.7,.526,0.0,0.2,.176,9.8,18.5,.530,.527,8.3,10.7,.778,2.8,8.4,11.2,3.0,1.3,0.6,3.1,2.8,28.0,1992
724,216,Moses Malone*,C,36,MIL,82,77,30.6,5.4,11.3,.474,0.0,0.1,.375,5.3,11.2,.474,.475,4.8,6.1,.786,3.9,5.2,9.1,1.1,0.9,0.8,1.8,1.7,15.6,1992
725,217,Danny Manning,PF,25,LAC,82,82,35.4,7.9,14.6,.542,0.0,0.1,.000,7.9,14.6,.544,.542,3.4,4.7,.725,2.8,4.1,6.9,3.5,1.6,1.5,2.6,3.6,19.3,1992
726,218,Šarūnas Marčiulionis*,SG,27,GSW,72,5,29.4,6.8,12.7,.538,0.0,0.1,.300,6.8,12.5,.541,.540,5.2,6.6,.788,0.9,1.9,2.9,3.4,1.6,0.1,2.7,3.3,18.9,1992
727,219,Anthony Mason,PF,25,NYK,82,0,26.8,2.5,4.9,.509,0.0,0.0,,2.5,4.9,.509,.509,2.0,3.2,.642,2.6,4.4,7.0,1.3,0.6,0.2,1.2,2.8,7.0,1992
728,220,Tony Massenburg,PF,24,TOT,18,0,5.0,0.6,1.4,.400,0.0,0.0,,0.6,1.4,.400,.400,0.5,0.8,.600,0.4,1.0,1.4,0.0,0.1,0.1,0.5,1.2,1.6,1992
729,220,Tony Massenburg,PF,24,SAS,1,0,9.0,1.0,5.0,.200,0.0,0.0,,1.0,5.0,.200,.200,0.0,0.0,,0.0,0.0,0.0,0.0,0.0,0.0,0.0,2.0,2.0,1992
730,220,Tony Massenburg,PF,24,CHH,3,0,4.3,0.0,1.0,.000,0.0,0.0,,0.0,1.0,.000,.000,0.3,0.7,.500,0.3,1.0,1.3,0.0,0.3,0.0,1.3,0.7,0.3,1992
731,220,Tony Massenburg,PF,24,BOS,7,0,6.6,0.6,1.3,.444,0.0,0.0,,0.6,1.3,.444,.444,0.3,0.6,.500,0.3,1.0,1.3,0.0,0.0,0.1,0.3,1.0,1.4,1992
732,220,Tony Massenburg,PF,24,GSW,7,0,3.1,0.7,1.1,.625,0.0,0.0,,0.7,1.1,.625,.625,0.9,1.3,.667,0.6,1.1,1.7,0.0,0.0,0.0,0.4,1.4,2.3,1992
733,Rk,Player,Pos,Age,Tm,G,GS,MP,FG,FGA,FG%,3P,3PA,3P%,2P,2PA,2P%,eFG%,FT,FTA,FT%,ORB,DRB,TRB,AST,STL,BLK,TOV,PF,PTS,1992
734,221,Vernon Maxwell,SG,26,HOU,80,80,33.8,6.3,15.2,.413,2.0,5.9,.342,4.3,9.3,.458,.479,2.6,3.3,.772,0.5,2.6,3.0,4.1,1.3,0.4,2.2,2.5,17.2,1992
735,222,Tharon Mayes,SG,23,TOT,24,0,10.6,1.3,4.1,.303,0.6,1.7,.366,0.6,2.4,.259,.379,1.0,1.5,.667,0.1,0.5,0.7,1.5,0.7,0.1,1.3,1.7,4.1,1992
736,222,Tharon Mayes,SG,23,PHI,21,0,10.2,1.3,4.5,.298,0.7,1.9,.359,0.7,2.6,.255,.372,1.0,1.4,.667,0.1,0.6,0.7,1.5,0.7,0.0,1.3,1.5,4.3,1992
737,222,Tharon Mayes,SG,23,LAC,3,0,13.3,0.7,1.7,.400,0.3,0.7,.500,0.3,1.0,.333,.500,1.3,2.0,.667,0.0,0.3,0.3,1.0,0.7,0.3,1.0,3.0,3.0,1992
738,223,Travis Mays,PG,23,ATL,2,0,16.0,3.0,7.0,.429,1.5,3.0,.500,1.5,4.0,.375,.536,1.0,1.0,1.000,0.5,0.5,1.0,0.5,0.0,0.0,1.5,2.0,8.5,1992
739,224,Bob McCann,SF,27,DET,26,0,5.0,0.5,1.3,.394,0.0,0.0,.000,0.5,1.2,.406,.394,0.2,0.5,.308,0.5,0.7,1.2,0.2,0.2,0.2,0.3,0.9,1.2,1992
740,225,George McCloud,SF,24,IND,51,5,17.5,2.5,6.1,.409,0.6,1.8,.340,1.9,4.3,.438,.460,1.0,1.3,.781,0.9,1.7,2.6,2.3,0.5,0.2,1.2,1.9,6.6,1992
741,226,Tim McCormick,C,29,NYK,22,0,4.9,0.6,1.5,.424,0.0,0.0,,0.6,1.5,.424,.424,0.6,1.0,.667,0.6,0.9,1.5,0.4,0.1,0.0,0.4,0.8,1.9,1992
742,227,Rodney McCray,SF,30,DAL,75,48,28.1,3.6,8.3,.436,0.3,1.1,.294,3.3,7.2,.458,.456,1.5,2.0,.719,2.0,4.3,6.2,2.9,0.6,0.4,1.5,2.4,9.0,1992
743,228,Xavier McDaniel,SF,28,NYK,82,82,28.6,6.0,12.5,.478,0.1,0.5,.308,5.8,12.0,.485,.484,1.7,2.3,.714,2.1,3.5,5.6,1.8,0.7,0.3,1.8,2.9,13.7,1992
744,229,Kevin McHale*,PF,34,BOS,56,1,25.0,5.8,11.3,.509,0.0,0.2,.000,5.8,11.1,.520,.509,2.4,2.9,.822,2.1,3.8,5.9,1.5,0.2,1.1,1.5,2.0,13.9,1992
745,230,Derrick McKey,SF,25,SEA,52,44,33.8,5.5,11.6,.472,0.4,1.0,.380,5.1,10.7,.480,.488,3.6,4.3,.847,1.8,3.3,5.2,2.3,1.2,0.9,2.2,2.7,14.9,1992
746,231,Carlton McKinney,SG,27,NYK,2,0,4.5,1.0,4.5,.222,0.0,0.0,,1.0,4.5,.222,.222,0.0,0.0,,0.0,0.5,0.5,0.0,0.0,0.0,0.0,0.5,2.0,1992
747,232,Nate McMillan,PG,27,SEA,72,30,22.9,2.5,5.6,.437,0.4,1.4,.276,2.1,4.3,.489,.470,0.8,1.2,.643,1.3,2.2,3.5,5.0,1.8,0.4,1.6,3.0,6.0,1992
748,233,Reggie Miller*,SG,26,IND,82,82,38.0,6.9,13.7,.501,1.6,4.2,.378,5.3,9.5,.555,.559,5.4,6.3,.858,1.0,2.9,3.9,3.8,1.3,0.3,1.9,2.6,20.7,1992
749,234,Terry Mills,PF,24,NJN,82,24,20.9,3.8,8.2,.463,0.1,0.3,.348,3.7,7.9,.467,.469,1.4,1.9,.750,2.3,3.2,5.5,1.0,0.6,0.5,1.0,2.4,9.0,1992
750,235,Sam Mitchell,PF,28,MIN,82,63,26.2,3.7,8.8,.423,0.0,0.1,.182,3.7,8.7,.427,.425,2.5,3.2,.786,1.9,3.8,5.8,1.1,0.6,0.5,1.2,2.8,10.1,1992
751,236,Rodney Monroe,SG,23,ATL,38,0,8.2,1.4,3.8,.368,0.2,0.7,.222,1.2,3.1,.402,.389,0.5,0.6,.826,0.3,0.6,0.9,0.7,0.3,0.1,0.6,0.5,3.4,1992
752,237,Tracy Moore,SF,26,DAL,42,2,18.6,3.1,7.7,.400,0.7,2.0,.357,2.4,5.7,.415,.446,1.5,1.9,.833,0.7,1.2,2.0,1.1,0.8,0.1,1.0,2.3,8.5,1992
753,238,Chris Morris,SF,26,NJN,77,74,31.1,4.5,9.4,.477,0.3,1.4,.200,4.2,8.0,.526,.492,2.1,3.0,.714,2.6,3.8,6.4,2.6,1.7,1.1,2.2,2.7,11.4,1992
754,239,John Morton,SF-SG,24,TOT,25,0,10.8,1.4,3.7,.387,0.1,0.6,.125,1.4,3.1,.442,.398,1.3,1.5,.842,0.2,0.8,1.0,1.3,0.5,0.0,1.1,0.9,4.2,1992
755,239,John Morton,SG,24,CLE,4,0,13.5,0.8,3.0,.250,0.0,0.3,.000,0.8,2.8,.273,.250,2.0,2.3,.889,0.8,1.0,1.8,1.3,0.3,0.0,1.0,0.8,3.5,1992
756,239,John Morton,SF,24,MIA,21,0,10.3,1.6,3.9,.407,0.1,0.7,.133,1.5,3.1,.470,.420,1.1,1.4,.828,0.1,0.8,0.9,1.3,0.6,0.0,1.1,1.0,4.4,1992
757,240,Chris Mullin*,SF,28,GSW,81,81,41.3,10.2,19.6,.524,0.8,2.2,.366,9.5,17.4,.544,.544,4.3,5.2,.833,1.6,4.0,5.6,3.5,2.1,0.8,2.5,2.1,25.6,1992
758,Rk,Player,Pos,Age,Tm,G,GS,MP,FG,FGA,FG%,3P,3PA,3P%,2P,2PA,2P%,eFG%,FT,FTA,FT%,ORB,DRB,TRB,AST,STL,BLK,TOV,PF,PTS,1992
759,241,Eric Murdock,PG,23,UTA,50,0,9.6,1.5,3.7,.415,0.1,0.5,.192,1.4,3.1,.452,.429,0.9,1.2,.754,0.4,0.7,1.1,1.8,0.6,0.1,1.0,1.0,4.1,1992
760,242,Tod Murphy,PF,28,MIN,47,3,9.1,0.8,1.7,.488,0.0,0.0,.500,0.8,1.7,.487,.494,0.4,0.7,.559,0.8,1.6,2.3,0.2,0.2,0.2,0.4,0.9,2.1,1992
761,243,Jerrod Mustaf,PF,22,PHO,52,3,10.5,1.8,3.7,.477,0.0,0.0,,1.8,3.7,.477,.477,0.9,1.4,.690,0.9,1.9,2.8,0.9,0.4,0.3,1.0,1.1,4.5,1992
762,244,Dikembe Mutombo*,C,25,DEN,71,71,38.3,6.0,12.2,.493,0.0,0.0,,6.0,12.2,.493,.493,4.5,7.0,.642,4.5,7.8,12.3,2.2,0.6,3.0,3.5,3.8,16.6,1992
763,245,Larry Nance,PF,32,CLE,81,81,35.6,6.9,12.7,.539,0.0,0.1,.000,6.9,12.7,.542,.539,3.2,4.0,.822,2.6,5.6,8.3,2.9,1.0,3.0,1.1,2.5,17.0,1992
764,246,Ed Nealy,PF,31,PHO,52,4,9.7,1.2,2.3,.512,0.4,1.0,.400,0.8,1.4,.592,.595,0.3,0.5,.667,0.5,1.7,2.1,0.7,0.3,0.0,0.3,0.9,3.1,1992
765,247,Chuck Nevitt,C,32,CHI,4,0,2.3,0.3,0.8,.333,0.0,0.0,,0.3,0.8,.333,.333,0.0,0.0,,0.0,0.3,0.3,0.3,0.0,0.0,0.8,0.5,0.5,1992
766,248,Johnny Newman,SF,28,CHH,55,55,30.0,5.4,11.2,.477,0.2,0.8,.283,5.1,10.4,.493,.488,4.3,5.6,.766,1.3,2.0,3.3,2.7,1.3,0.3,2.3,3.3,15.3,1992
767,249,Ken Norman,SF,27,LAC,77,24,26.1,5.2,10.7,.490,0.1,0.4,.143,5.2,10.3,.502,.492,1.6,2.9,.535,2.1,3.8,5.8,1.6,0.7,0.9,1.3,1.9,12.1,1992
768,250,Charles Oakley,PF,28,NYK,82,82,28.2,2.6,4.9,.522,0.0,0.0,.000,2.6,4.9,.526,.522,1.0,1.4,.735,3.1,5.4,8.5,1.6,0.8,0.2,1.5,3.1,6.2,1992
769,251,Alan Ogg,C,24,MIA,43,0,8.5,1.1,2.0,.548,0.0,0.0,,1.1,2.0,.548,.548,0.4,0.7,.533,0.7,1.0,1.7,0.2,0.1,0.7,0.4,1.7,2.5,1992
770,252,Hakeem Olajuwon*,C,29,HOU,70,69,37.7,8.4,16.8,.502,0.0,0.0,.000,8.4,16.8,.503,.502,4.7,6.1,.766,3.5,8.6,12.1,2.2,1.8,4.3,2.7,3.8,21.6,1992
771,253,Brian Oliver,SG,23,PHI,34,0,8.2,1.0,2.9,.330,0.0,0.1,.000,1.0,2.8,.344,.330,0.4,0.6,.682,0.3,0.6,0.9,0.6,0.3,0.1,0.7,1.0,2.4,1992
772,254,Jimmy Oliver,SG,22,CLE,27,8,9.3,1.4,3.6,.398,0.0,0.3,.111,1.4,3.3,.427,.403,0.6,0.8,.773,0.3,0.7,1.0,0.7,0.3,0.1,0.3,0.8,3.6,1992
773,255,Billy Owens,PF,22,GSW,80,77,31.4,5.9,11.1,.525,0.0,0.1,.111,5.8,11.0,.529,.526,2.6,3.9,.654,3.0,5.0,8.0,2.4,1.1,0.8,2.2,3.5,14.3,1992
774,256,Keith Owens,SF,22,LAL,20,0,4.0,0.5,1.6,.281,0.0,0.0,,0.5,1.6,.281,.281,0.4,0.5,.800,0.4,0.4,0.8,0.2,0.3,0.2,0.1,0.6,1.3,1992
775,257,Robert Pack,PG,22,POR,72,0,12.4,1.6,3.8,.423,0.0,0.1,.000,1.6,3.6,.439,.423,1.4,1.8,.803,0.4,0.9,1.3,1.9,0.6,0.1,1.3,1.4,4.6,1992
776,258,Robert Parish*,C,38,BOS,79,79,28.9,5.9,11.1,.535,0.0,0.0,,5.9,11.1,.535,.535,2.3,2.9,.772,2.8,6.2,8.9,0.9,0.9,1.2,1.7,2.2,14.1,1992
777,259,John Paxson,PG,31,CHI,79,79,24.6,3.3,6.2,.528,0.2,0.6,.273,3.1,5.6,.553,.540,0.4,0.5,.784,0.3,0.9,1.2,3.1,0.6,0.1,0.6,1.8,7.0,1992
778,260,Kenny Payne,SF,25,PHI,49,3,7.2,1.3,3.0,.448,0.1,0.2,.417,1.2,2.7,.451,.466,0.2,0.3,.692,0.3,0.8,1.1,0.3,0.3,0.2,0.4,0.7,2.9,1992
779,Rk,Player,Pos,Age,Tm,G,GS,MP,FG,FGA,FG%,3P,3PA,3P%,2P,2PA,2P%,eFG%,FT,FTA,FT%,ORB,DRB,TRB,AST,STL,BLK,TOV,PF,PTS,1992
780,261,Gary Payton*,PG,23,SEA,81,79,31.5,4.1,9.1,.451,0.0,0.3,.130,4.0,8.8,.461,.453,1.2,1.8,.669,1.5,2.1,3.6,6.2,1.8,0.3,2.1,3.1,9.4,1992
781,262,Will Perdue,C,26,CHI,77,7,13.1,2.0,3.6,.547,0.0,0.0,.500,2.0,3.6,.547,.549,0.6,1.2,.495,1.4,2.6,4.1,1.0,0.2,0.6,0.9,1.7,4.5,1992
782,263,Sam Perkins,PF,30,LAL,63,63,37.0,5.7,12.7,.450,0.2,1.1,.217,5.5,11.7,.471,.459,4.8,5.9,.817,3.0,5.8,8.8,2.2,1.0,1.0,1.3,3.0,16.5,1992
783,264,Elliot Perry,PG,22,TOT,50,0,8.7,1.0,2.6,.380,0.0,0.1,.143,1.0,2.4,.393,.384,0.5,0.8,.659,0.3,0.5,0.8,1.6,0.7,0.1,1.0,0.7,2.5,1992
784,264,Elliot Perry,PG,22,LAC,10,0,6.6,0.6,1.5,.400,0.0,0.2,.000,0.6,1.3,.462,.400,0.1,0.2,.500,0.2,0.5,0.7,1.4,0.9,0.1,1.3,1.0,1.3,1992
785,264,Elliot Perry,PG,22,CHH,40,0,9.3,1.1,2.9,.377,0.0,0.1,.200,1.1,2.7,.385,.382,0.7,1.0,.667,0.3,0.5,0.8,1.6,0.6,0.1,0.9,0.7,2.8,1992
786,265,Tim Perry,PF,26,PHO,80,69,31.0,5.2,9.9,.523,0.0,0.1,.375,5.1,9.8,.525,.525,1.9,2.7,.712,2.6,4.3,6.9,1.7,0.6,1.5,1.8,3.0,12.3,1992
787,266,Chuck Person,SF,27,IND,81,81,36.1,7.6,15.9,.480,1.6,4.4,.373,6.0,11.5,.520,.531,1.6,2.4,.675,1.4,3.9,5.3,4.7,0.8,0.2,2.7,3.0,18.5,1992
788,267,Jim Petersen,PF,29,GSW,27,2,6.3,0.7,1.5,.450,0.0,0.1,.000,0.7,1.4,.474,.450,0.3,0.4,.700,0.4,1.2,1.7,0.3,0.2,0.2,0.2,1.3,1.6,1992
789,268,Dražen Petrović*,SG,27,NJN,82,82,36.9,8.1,16.0,.508,1.5,3.4,.444,6.6,12.7,.525,.555,2.8,3.5,.808,1.2,2.0,3.1,3.1,1.3,0.1,2.6,3.0,20.6,1992
790,269,Bobby Phills,SG,22,CLE,10,0,6.5,1.2,2.8,.429,0.0,0.2,.000,1.2,2.6,.462,.429,0.7,1.1,.636,0.4,0.4,0.8,0.4,0.3,0.1,0.8,0.3,3.1,1992
791,270,Ricky Pierce,SG,32,SEA,78,78,34.1,7.9,16.7,.475,0.4,1.6,.268,7.5,15.2,.496,.487,5.3,5.8,.916,1.2,1.8,3.0,3.1,1.1,0.3,2.4,2.7,21.7,1992
792,271,Ed Pinckney,PF,28,BOS,81,36,23.7,2.5,4.7,.537,0.0,0.0,.000,2.5,4.7,.538,.537,2.6,3.1,.812,3.1,3.9,7.0,0.8,0.9,0.7,0.9,2.0,7.6,1992
793,272,Scottie Pippen*,SF,26,CHI,82,82,38.6,8.4,16.6,.506,0.2,1.0,.200,8.2,15.6,.525,.511,4.0,5.3,.760,2.3,5.4,7.7,7.0,1.9,1.1,3.1,3.0,21.0,1992
794,273,Olden Polynice,C,27,LAC,76,65,24.1,3.2,6.2,.519,0.0,0.0,.000,3.2,6.2,.520,.519,1.6,2.6,.622,2.6,4.5,7.1,0.6,0.6,0.3,1.1,2.2,8.1,1992
795,274,Dave Popson,PF,27,MIL,5,0,5.2,0.6,1.4,.429,0.0,0.2,.000,0.6,1.2,.500,.429,0.2,0.4,.500,0.4,0.6,1.0,0.6,0.4,0.2,0.8,1.0,1.4,1992
796,275,Terry Porter,PG,28,POR,82,82,34.0,6.4,13.8,.461,1.6,4.0,.395,4.8,9.8,.488,.518,3.8,4.5,.856,0.6,2.5,3.1,5.8,1.5,0.1,2.3,1.9,18.1,1992
797,276,Paul Pressey,SG,33,SAS,56,7,13.6,1.1,2.9,.373,0.1,0.4,.143,1.0,2.5,.407,.382,0.5,0.7,.683,0.4,1.3,1.7,2.5,0.5,0.3,1.1,1.5,2.7,1992
798,277,Mark Price,PG,27,CLE,72,72,29.7,6.1,12.5,.488,1.4,3.6,.387,4.7,8.8,.530,.545,3.8,4.0,.947,0.5,1.9,2.4,7.4,1.3,0.2,2.2,1.6,17.3,1992
799,278,Kevin Pritchard,PG,24,BOS,11,0,12.4,1.5,3.1,.471,0.0,0.3,.000,1.5,2.8,.516,.471,1.3,1.6,.778,0.1,0.9,1.0,2.7,0.3,0.4,1.0,1.5,4.2,1992
800,279,Brian Quinnett,SG,25,TOT,39,0,8.4,1.1,3.2,.347,0.3,1.1,.317,0.8,2.1,.361,.399,0.4,0.7,.615,0.4,0.9,1.3,0.3,0.4,0.2,0.4,0.8,2.9,1992
801,279,Brian Quinnett,SG,25,NYK,24,0,7.9,1.2,3.0,.384,0.4,1.1,.385,0.8,2.0,.383,.452,0.3,0.6,.571,0.4,0.6,1.0,0.3,0.3,0.3,0.3,0.9,3.1,1992
802,279,Brian Quinnett,SG,25,DAL,15,0,9.1,1.0,3.4,.294,0.2,1.0,.200,0.8,2.4,.333,.324,0.5,0.8,.667,0.5,1.3,1.8,0.3,0.6,0.1,0.5,0.7,2.7,1992
803,280,Kurt Rambis,PF,33,PHO,28,5,13.6,1.4,2.9,.463,0.0,0.0,,1.4,2.9,.463,.463,0.5,0.6,.778,0.8,3.0,3.8,1.3,0.4,0.5,0.9,1.6,3.2,1992
804,Rk,Player,Pos,Age,Tm,G,GS,MP,FG,FGA,FG%,3P,3PA,3P%,2P,2PA,2P%,eFG%,FT,FTA,FT%,ORB,DRB,TRB,AST,STL,BLK,TOV,PF,PTS,1992
805,281,Mark Randall,PF,24,TOT,54,0,8.2,1.3,2.8,.456,0.1,0.3,.188,1.2,2.5,.489,.466,0.6,0.8,.744,0.7,0.6,1.3,0.6,0.2,0.1,0.5,0.7,3.2,1992
806,281,Mark Randall,PF,24,CHI,15,0,4.5,0.7,1.5,.455,0.0,0.1,.000,0.7,1.3,.500,.455,0.4,0.5,.750,0.3,0.3,0.6,0.5,0.0,0.0,0.4,0.5,1.7,1992
807,281,Mark Randall,PF,24,MIN,39,0,9.6,1.5,3.3,.457,0.1,0.4,.214,1.4,2.9,.487,.469,0.7,0.9,.743,0.9,0.7,1.6,0.7,0.3,0.1,0.5,0.8,3.7,1992
808,282,Blair Rasmussen,C,29,ATL,81,61,24.3,4.3,9.0,.478,0.1,0.3,.217,4.2,8.7,.486,.481,0.4,0.5,.750,1.2,3.7,4.9,1.3,0.4,0.6,0.6,2.9,9.0,1992
809,283,J.R. Reid,C,23,CHH,51,7,24.6,4.2,8.5,.490,0.0,0.1,.000,4.2,8.5,.493,.490,2.6,3.7,.705,1.9,4.3,6.2,1.6,1.0,0.5,1.6,3.1,11.0,1992
810,284,Jerry Reynolds,SG,29,ORL,46,16,25.2,4.3,11.3,.380,0.1,0.5,.125,4.2,10.7,.393,.383,3.4,4.1,.836,1.0,2.2,3.2,3.3,1.4,0.4,2.1,1.5,12.1,1992
811,285,Glen Rice,SF,24,MIA,79,79,38.1,8.5,18.1,.469,2.0,5.0,.391,6.5,13.1,.499,.523,3.4,4.0,.836,1.1,3.9,5.0,2.3,1.1,0.4,1.8,2.2,22.3,1992
812,286,Pooh Richardson,PG,25,MIN,82,82,35.6,7.2,15.4,.466,0.6,1.9,.342,6.5,13.5,.483,.487,1.5,2.2,.691,1.1,2.6,3.7,8.4,1.5,0.3,2.5,1.9,16.5,1992
813,287,Mitch Richmond*,SG,26,SAC,80,80,38.7,8.6,18.3,.468,1.3,3.4,.384,7.3,15.0,.486,.503,4.1,5.1,.813,0.8,3.2,4.0,5.1,1.2,0.4,3.1,2.9,22.5,1992
814,288,David Rivers,PG,27,LAC,15,0,8.1,0.7,2.0,.333,0.0,0.1,.000,0.7,1.9,.345,.333,0.7,0.7,.909,0.7,0.6,1.3,1.4,0.5,0.1,1.1,0.9,2.0,1992
815,289,Doc Rivers,PG,30,LAC,59,25,28.1,3.8,9.0,.424,0.4,1.6,.283,3.4,7.5,.454,.448,2.8,3.3,.832,0.4,2.1,2.5,3.9,1.9,0.3,1.6,2.8,10.9,1992
816,290,Fred Roberts,SF,31,MIL,80,63,21.8,3.9,8.1,.482,0.2,0.5,.514,3.7,7.6,.480,.497,1.6,2.1,.749,1.3,1.9,3.2,1.5,0.7,0.5,1.5,2.2,9.6,1992
817,291,Stanley Roberts,C,21,ORL,55,34,20.3,4.3,8.1,.529,0.0,0.0,.000,4.3,8.1,.530,.529,1.8,3.6,.515,2.1,4.1,6.1,0.7,0.4,1.5,1.4,4.0,10.4,1992
818,292,Alvin Robertson,SG,29,MIL,82,79,30.0,4.8,11.2,.430,0.8,2.6,.319,4.0,8.7,.462,.466,1.8,2.4,.763,2.1,2.1,4.3,4.4,2.6,0.4,2.7,3.2,12.3,1992
819,293,Cliff Robinson,PF,31,LAL,9,0,8.7,1.2,3.0,.407,0.0,0.1,.000,1.2,2.9,.423,.407,0.8,0.9,.875,0.8,1.3,2.1,1.0,0.6,0.0,0.8,0.4,3.2,1992
820,294,Clifford Robinson,SF,25,POR,82,7,25.9,4.9,10.4,.466,0.0,0.1,.091,4.8,10.3,.471,.467,2.7,4.0,.664,1.7,3.4,5.1,1.7,1.0,1.3,1.9,3.3,12.4,1992
821,295,David Robinson*,C,26,SAS,68,68,37.7,8.7,15.8,.551,0.0,0.1,.125,8.7,15.7,.554,.552,5.8,8.3,.701,3.8,8.4,12.2,2.7,2.3,4.5,2.7,3.2,23.2,1992
822,296,Larry Robinson,SG,24,BOS,1,0,6.0,1.0,5.0,.200,0.0,0.0,,1.0,5.0,.200,.200,0.0,0.0,,2.0,0.0,2.0,1.0,0.0,0.0,1.0,3.0,2.0,1992
823,297,Rumeal Robinson,PG,25,ATL,81,64,27.4,5.2,11.5,.456,0.4,1.3,.327,4.8,10.2,.472,.474,2.2,3.4,.636,0.8,1.9,2.7,5.5,1.3,0.3,2.5,2.2,13.0,1992
824,298,Dennis Rodman*,PF,30,DET,82,80,40.3,4.2,7.7,.539,0.4,1.2,.317,3.8,6.5,.581,.564,1.0,1.7,.600,6.4,12.3,18.7,2.3,0.8,0.9,1.7,3.0,9.8,1992
825,299,Tree Rollins,C,36,HOU,59,5,11.8,0.8,1.5,.535,0.0,0.0,,0.8,1.5,.535,.535,0.4,0.5,.867,1.0,1.9,2.9,0.3,0.2,1.1,0.3,1.4,2.0,1992
826,300,Donald Royal,SF,25,SAS,60,4,12.0,1.3,3.0,.449,0.0,0.0,,1.3,3.0,.449,.449,1.5,2.2,.692,1.1,1.0,2.1,0.6,0.4,0.1,0.7,1.2,4.2,1992
827,Rk,Player,Pos,Age,Tm,G,GS,MP,FG,FGA,FG%,3P,3PA,3P%,2P,2PA,2P%,eFG%,FT,FTA,FT%,ORB,DRB,TRB,AST,STL,BLK,TOV,PF,PTS,1992
828,301,Delaney Rudd,SG,29,UTA,65,0,8.3,1.2,2.9,.399,0.2,0.7,.234,1.0,2.2,.454,.428,0.5,0.6,.762,0.2,0.6,0.8,1.7,0.2,0.0,0.8,1.0,3.0,1992
829,302,Jeff Ruland,C,33,PHI,13,5,16.1,1.5,2.9,.526,0.0,0.0,,1.5,2.9,.526,.526,0.8,1.2,.688,1.2,2.4,3.6,0.4,0.5,0.3,1.5,3.5,3.9,1992
830,303,John Salley,PF,27,DET,72,38,24.6,3.5,6.8,.512,0.0,0.0,.000,3.5,6.7,.516,.512,2.6,3.6,.715,1.5,2.6,4.1,1.6,0.7,1.5,1.4,3.1,9.5,1992
831,304,Ralph Sampson*,C,31,WSB,10,0,10.8,0.9,2.9,.310,0.0,0.2,.000,0.9,2.7,.333,.310,0.4,0.6,.667,1.1,1.9,3.0,0.4,0.3,0.8,1.0,1.4,2.2,1992
832,305,Jeff Sanders,SF,26,ATL,12,0,9.8,1.7,3.8,.444,0.0,0.0,,1.7,3.8,.444,.444,0.6,0.8,.778,0.8,1.4,2.2,0.8,0.4,0.3,0.4,1.3,3.9,1992
833,306,Mike Sanders,SF,31,TOT,31,20,20.4,3.0,5.2,.571,0.0,0.1,.333,2.9,5.1,.576,.575,1.2,1.5,.766,0.9,2.2,3.1,1.7,0.8,0.3,0.7,2.7,7.1,1992
834,306,Mike Sanders,SF,31,IND,10,0,8.1,1.1,2.2,.500,0.0,0.0,,1.1,2.2,.500,.500,0.5,0.6,.833,0.0,0.8,0.8,1.1,0.2,0.1,0.6,0.8,2.7,1992
835,306,Mike Sanders,SF,31,CLE,21,20,26.3,3.9,6.6,.583,0.0,0.1,.333,3.8,6.5,.588,.586,1.5,2.0,.756,1.3,2.9,4.2,2.0,1.0,0.4,0.8,3.6,9.2,1992
836,307,Danny Schayes,C,32,MIL,43,4,16.9,1.9,4.6,.417,0.0,0.0,,1.9,4.6,.417,.417,1.7,2.2,.771,1.3,2.6,3.9,0.8,0.4,0.4,1.0,2.3,5.6,1992
837,308,Steve Scheffler,C,24,TOT,11,0,5.5,0.5,0.8,.667,0.0,0.0,,0.5,0.8,.667,.667,0.8,1.1,.750,0.9,0.4,1.3,0.0,0.3,0.1,0.1,0.9,1.9,1992
838,308,Steve Scheffler,C,24,SAC,4,0,3.8,0.5,0.5,1.000,0.0,0.0,,0.5,0.5,1.000,1.000,1.3,1.5,.833,0.5,0.3,0.8,0.0,0.0,0.3,0.0,0.5,2.3,1992
839,308,Steve Scheffler,C,24,DEN,7,0,6.6,0.6,1.0,.571,0.0,0.0,,0.6,1.0,.571,.571,0.6,0.9,.667,1.1,0.4,1.6,0.0,0.4,0.0,0.1,1.1,1.7,1992
840,309,Dwayne Schintzius,C,23,SAC,33,0,12.1,1.5,3.5,.427,0.0,0.1,.000,1.5,3.4,.442,.427,0.3,0.4,.833,1.3,2.3,3.6,0.6,0.2,0.8,0.6,2.0,3.3,1992
841,310,Detlef Schrempf,PF,29,IND,80,4,32.6,6.2,11.6,.536,0.3,0.9,.324,5.9,10.7,.554,.549,4.6,5.5,.828,2.5,7.1,9.6,3.9,0.8,0.5,2.4,3.6,17.3,1992
842,311,Byron Scott,SG,30,LAL,82,82,32.7,5.6,12.3,.458,0.7,1.9,.344,5.0,10.3,.479,.485,3.0,3.5,.838,0.9,2.9,3.8,2.8,1.3,0.3,1.5,1.7,14.9,1992
843,312,Dennis Scott,SF,23,ORL,18,15,33.8,7.4,18.4,.402,1.6,4.9,.326,5.8,13.4,.430,.446,3.6,3.9,.901,0.8,2.9,3.7,1.9,1.1,0.5,1.7,2.7,19.9,1992
844,313,Rony Seikaly,C,26,MIA,79,78,35.4,5.9,12.0,.489,0.0,0.0,.000,5.9,11.9,.490,.489,4.7,6.4,.733,3.9,7.9,11.8,1.4,0.5,1.5,2.7,3.5,16.4,1992
845,314,Brad Sellers,PF,29,DET,43,1,5.3,1.0,2.0,.466,0.0,0.0,.000,1.0,2.0,.471,.466,0.5,0.6,.769,0.3,0.6,1.0,0.3,0.0,0.2,0.3,0.5,2.4,1992
846,315,Charles Shackleford,C,25,PHI,72,62,19.4,2.8,5.9,.486,0.0,0.0,.000,2.8,5.8,.487,.486,0.9,1.3,.663,2.0,3.8,5.8,0.6,0.5,0.7,0.9,2.8,6.6,1992
847,316,Brian Shaw,PG,25,TOT,63,26,22.6,3.3,8.1,.407,0.1,0.4,.217,3.2,7.8,.416,.412,1.1,1.4,.791,0.8,2.4,3.2,4.0,0.9,0.3,1.6,1.8,7.9,1992
848,316,Brian Shaw,PG,25,BOS,17,3,25.6,4.1,9.6,.427,0.0,0.4,.000,4.1,9.2,.446,.427,2.1,2.4,.875,0.6,3.4,4.1,5.2,0.7,0.6,1.9,1.7,10.3,1992
849,316,Brian Shaw,PG,25,MIA,46,23,21.5,3.0,7.6,.398,0.1,0.3,.313,2.9,7.2,.402,.405,0.8,1.1,.725,0.8,2.1,2.9,3.5,1.0,0.3,1.5,1.9,7.0,1992
850,317,Lionel Simmons,SF,23,SAC,78,78,37.1,6.8,14.9,.454,0.0,0.1,.200,6.7,14.8,.455,.454,3.6,4.7,.770,1.9,6.2,8.1,4.3,1.7,1.7,2.8,2.6,17.1,1992
851,318,Scott Skiles,PG,27,ORL,75,63,31.7,4.8,11.6,.414,1.2,3.3,.364,3.6,8.2,.434,.466,3.3,3.7,.895,0.5,2.2,2.7,7.3,1.0,0.1,3.1,2.5,14.1,1992
852,319,Charles Smith,SF,26,LAC,49,25,26.7,5.1,11.0,.466,0.0,0.1,.000,5.1,10.9,.471,.466,4.3,5.5,.785,1.9,4.2,6.1,1.1,0.8,2.0,1.4,3.2,14.6,1992
853,320,Doug Smith,PF,22,DAL,76,32,22.5,3.8,9.2,.415,0.0,0.1,.000,3.8,9.1,.421,.415,1.2,1.6,.736,1.7,3.4,5.1,1.7,0.8,0.4,1.3,3.4,8.8,1992
854,Rk,Player,Pos,Age,Tm,G,GS,MP,FG,FGA,FG%,3P,3PA,3P%,2P,2PA,2P%,eFG%,FT,FTA,FT%,ORB,DRB,TRB,AST,STL,BLK,TOV,PF,PTS,1992
855,321,Kenny Smith,PG,26,HOU,81,80,33.8,5.3,11.2,.475,0.7,1.7,.394,4.7,9.5,.489,.504,2.7,3.1,.866,0.4,1.8,2.2,6.9,1.3,0.1,2.8,1.4,14.0,1992
856,322,LaBradford Smith,SG,22,WSB,48,5,14.8,2.1,5.1,.407,0.0,0.4,.095,2.0,4.7,.436,.411,0.9,1.2,.804,0.6,1.1,1.7,2.1,0.9,0.0,1.3,2.0,5.1,1992
857,323,Larry Smith,PF,34,HOU,45,7,17.8,1.1,2.0,.543,0.0,0.0,.000,1.1,2.0,.549,.543,0.1,0.2,.364,2.4,3.3,5.7,0.7,0.5,0.2,1.0,2.7,2.3,1992
858,324,Otis Smith,SG,28,ORL,55,5,15.9,2.1,5.8,.365,0.1,0.4,.381,2.0,5.4,.364,.377,1.3,1.7,.769,0.7,1.4,2.1,1.0,0.7,0.2,1.1,1.5,5.6,1992
859,325,Steve Smith,SG,22,MIA,61,59,29.6,4.9,10.7,.454,0.7,2.0,.320,4.2,8.7,.486,.485,1.6,2.1,.748,1.3,1.8,3.1,4.6,1.0,0.3,2.5,2.7,12.0,1992
860,326,Tony Smith,PG,23,LAL,63,0,13.0,1.8,4.5,.399,0.0,0.2,.000,1.8,4.3,.415,.399,0.8,1.2,.653,0.5,0.7,1.2,1.7,0.6,0.1,0.8,1.4,4.4,1992
861,327,Rik Smits,C,25,IND,74,55,23.9,5.9,11.6,.510,0.0,0.0,.000,5.9,11.5,.511,.510,2.1,2.6,.788,1.7,4.0,5.6,1.6,0.4,1.4,1.8,3.1,13.8,1992
862,328,Mike Smrek,C,29,GSW,2,0,1.5,0.0,0.0,,0.0,0.0,,0.0,0.0,,,0.0,0.0,,0.0,0.5,0.5,0.0,0.0,0.0,0.0,0.0,0.0,1992
863,329,Rory Sparrow,PG,33,TOT,46,0,10.6,1.3,3.3,.384,0.1,0.3,.200,1.2,3.0,.404,.394,0.2,0.3,.615,0.1,0.5,0.6,1.8,0.3,0.1,0.7,1.2,2.8,1992
864,329,Rory Sparrow,PG,33,CHI,4,0,4.5,0.3,2.0,.125,0.3,0.5,.500,0.0,1.5,.000,.188,0.0,0.0,,0.0,0.3,0.3,1.0,0.0,0.0,0.5,0.5,0.8,1992
865,329,Rory Sparrow,PG,33,LAL,42,0,11.2,1.4,3.4,.399,0.0,0.3,.154,1.3,3.1,.423,.406,0.2,0.3,.615,0.1,0.6,0.6,1.9,0.3,0.1,0.7,1.3,3.0,1992
866,330,Felton Spencer,C,24,MIN,61,54,24.3,2.3,5.4,.426,0.0,0.0,,2.3,5.4,.426,.426,2.0,2.9,.691,2.7,4.4,7.1,0.9,0.4,1.3,1.1,4.0,6.6,1992
867,331,John Starks,SG,26,NYK,82,0,25.8,4.9,11.0,.449,1.1,3.3,.348,3.8,7.7,.492,.501,2.9,3.7,.778,0.5,1.8,2.3,3.4,1.3,0.2,1.8,2.8,13.9,1992
868,332,Larry Stewart,PF,23,WSB,76,43,29.3,4.0,7.8,.514,0.0,0.0,.000,4.0,7.7,.516,.514,2.5,3.1,.807,2.4,3.5,5.9,1.6,0.7,0.6,1.5,3.0,10.4,1992
869,333,John Stockton*,PG,29,UTA,82,82,36.6,5.5,11.5,.482,1.0,2.5,.407,4.5,9.0,.503,.527,3.8,4.5,.842,0.8,2.5,3.3,13.7,3.0,0.3,3.5,2.9,15.8,1992
870,334,Rod Strickland,PG,25,SAS,57,54,36.0,5.3,11.6,.455,0.1,0.3,.333,5.2,11.3,.458,.459,3.2,4.6,.687,1.6,3.0,4.6,8.6,2.1,0.3,2.8,2.1,13.8,1992
871,335,Derek Strong,PF,23,WSB,1,0,12.0,0.0,4.0,.000,0.0,0.0,,0.0,4.0,.000,.000,3.0,4.0,.750,1.0,4.0,5.0,1.0,0.0,0.0,1.0,1.0,3.0,1992
872,336,Lamont Strothers,SG,23,POR,4,0,4.3,1.0,3.0,.333,0.0,0.5,.000,1.0,2.5,.400,.333,0.5,1.0,.500,0.3,0.0,0.3,0.3,0.3,0.3,0.5,0.5,2.5,1992
873,337,Jon Sundvold,PG,30,MIA,3,0,2.7,0.3,1.0,.333,0.3,0.3,1.000,0.0,0.7,.000,.500,0.0,0.0,,0.0,0.0,0.0,0.7,0.0,0.0,0.0,0.7,1.0,1992
874,338,Greg Sutton,PG,24,SAS,67,2,9.0,1.4,3.6,.388,0.4,1.3,.292,1.0,2.3,.444,.442,0.5,0.7,.756,0.1,0.6,0.7,1.4,0.4,0.1,1.0,1.7,3.7,1992
875,339,Terry Teagle,SG,31,LAL,82,0,19.5,4.4,9.8,.452,0.0,0.0,.250,4.4,9.8,.453,.453,1.8,2.4,.766,1.1,1.1,2.2,1.4,0.8,0.1,1.4,1.8,10.7,1992
876,340,Carl Thomas,SG,22,SAC,1,0,31.0,5.0,12.0,.417,1.0,2.0,.500,4.0,10.0,.400,.458,1.0,2.0,.500,0.0,0.0,0.0,1.0,1.0,0.0,1.0,3.0,12.0,1992
877,Rk,Player,Pos,Age,Tm,G,GS,MP,FG,FGA,FG%,3P,3PA,3P%,2P,2PA,2P%,eFG%,FT,FTA,FT%,ORB,DRB,TRB,AST,STL,BLK,TOV,PF,PTS,1992
878,341,Charles Thomas,SG,22,DET,36,0,4.3,0.5,1.4,.353,0.1,0.5,.118,0.4,0.9,.471,.373,0.3,0.4,.667,0.2,0.4,0.6,0.6,0.1,0.0,0.5,0.6,1.3,1992
879,342,Isiah Thomas*,PG,30,DET,78,78,37.4,7.2,16.2,.446,0.3,1.1,.291,6.9,15.1,.458,.456,3.7,4.8,.772,0.9,2.3,3.2,7.2,1.5,0.2,3.2,2.5,18.5,1992
880,343,Billy Thompson,SF,28,GSW,1,0,1.0,0.0,0.0,,0.0,0.0,,0.0,0.0,,,0.0,0.0,,0.0,0.0,0.0,0.0,0.0,0.0,0.0,0.0,0.0,1992
881,344,LaSalle Thompson,C,30,IND,80,49,16.2,2.1,4.5,.468,0.0,0.0,.000,2.1,4.5,.471,.468,0.7,0.9,.817,1.2,3.5,4.8,1.3,0.7,0.4,1.2,2.6,4.9,1992
882,345,Stephen Thompson,SG,23,TOT,19,0,4.8,0.7,1.9,.378,0.0,0.1,.000,0.7,1.9,.389,.378,0.2,0.4,.375,0.6,0.4,1.0,0.4,0.3,0.2,0.3,0.5,1.6,1992
883,345,Stephen Thompson,SG,23,ORL,1,0,15.0,1.0,3.0,.333,0.0,0.0,,1.0,3.0,.333,.333,0.0,0.0,,0.0,1.0,1.0,1.0,0.0,0.0,2.0,2.0,2.0,1992
884,345,Stephen Thompson,SG,23,SAC,18,0,4.2,0.7,1.9,.382,0.0,0.1,.000,0.7,1.8,.394,.382,0.2,0.4,.375,0.6,0.4,1.0,0.4,0.3,0.2,0.2,0.4,1.6,1992
885,346,Bob Thornton,PF,29,UTA,2,0,3.0,0.5,3.5,.143,0.0,0.0,,0.5,3.5,.143,.143,1.0,1.0,1.000,1.0,0.0,1.0,0.0,0.0,0.0,0.0,0.5,2.0,1992
886,347,Otis Thorpe,PF,29,HOU,82,82,37.3,6.8,11.5,.592,0.0,0.1,.000,6.8,11.4,.596,.592,3.7,5.6,.657,3.5,7.0,10.5,3.0,0.6,0.5,2.9,3.7,17.3,1992
887,348,Sedale Threatt,PG,30,LAL,82,82,37.4,6.2,12.7,.489,0.2,0.8,.323,6.0,11.9,.499,.499,2.5,3.0,.831,0.5,2.6,3.1,7.2,2.0,0.2,2.2,2.8,15.1,1992
888,349,Wayman Tisdale,PF,27,SAC,72,71,35.0,7.3,14.5,.500,0.0,0.0,.000,7.3,14.5,.501,.500,2.1,2.8,.763,1.9,4.6,6.5,1.5,0.8,1.1,1.7,3.4,16.6,1992
889,350,Tom Tolbert,PF,26,GSW,35,0,8.9,0.9,2.5,.384,0.1,0.2,.250,0.9,2.2,.397,.395,0.6,1.1,.550,0.4,1.2,1.6,0.6,0.3,0.2,0.6,2.1,2.6,1992
890,351,Trent Tucker,SG,32,SAS,24,0,17.3,2.5,5.4,.465,0.8,2.0,.396,1.7,3.4,.506,.539,0.7,0.8,.800,0.3,1.2,1.5,1.1,0.9,0.1,0.6,1.6,6.5,1992
891,352,Andre Turner,PG,27,WSB,70,3,12.4,1.6,3.7,.425,0.0,0.2,.063,1.6,3.5,.449,.427,0.9,1.1,.792,0.2,1.0,1.3,2.5,0.8,0.0,1.2,0.8,4.1,1992
892,353,Jeff Turner,SF,29,ORL,75,42,21.2,3.0,6.7,.451,0.0,0.1,.125,3.0,6.5,.456,.452,1.1,1.5,.693,0.8,2.5,3.3,1.2,0.3,0.2,1.4,3.1,7.1,1992
893,354,John Turner,SF,24,HOU,42,0,8.2,1.0,2.3,.439,0.0,0.0,,1.0,2.3,.439,.439,0.7,1.4,.525,0.9,1.0,1.9,0.3,0.1,0.1,0.8,1.0,2.8,1992
894,355,Kiki Vandeweghe,SF,33,NYK,67,0,14.3,2.8,5.7,.491,0.4,1.0,.394,2.4,4.7,.511,.525,1.0,1.2,.802,0.5,0.9,1.3,0.9,0.2,0.1,0.4,1.3,7.0,1992
895,356,Loy Vaught,PF,23,LAC,79,38,21.4,3.4,7.0,.492,0.1,0.1,.800,3.4,6.9,.489,.495,0.7,0.9,.797,2.0,4.5,6.5,0.9,0.5,0.4,0.8,2.1,7.6,1992
896,357,João Vianna,SF,25,DAL,1,0,9.0,1.0,2.0,.500,0.0,0.0,,1.0,2.0,.500,.500,0.0,0.0,,0.0,0.0,0.0,2.0,0.0,0.0,1.0,3.0,2.0,1992
897,358,Sam Vincent,PG,28,ORL,39,18,22.7,3.8,8.9,.430,0.0,0.3,.077,3.8,8.6,.443,.431,2.8,3.3,.846,0.5,2.1,2.6,3.8,0.9,0.1,1.8,1.4,10.5,1992
898,359,Alexander Volkov,C,27,ATL,77,27,19.7,3.3,7.4,.441,0.5,1.4,.318,2.8,6.0,.471,.472,1.6,2.6,.631,1.3,2.1,3.4,3.2,0.9,0.4,1.3,2.3,8.6,1992
899,360,Stojko Vranković,C,28,BOS,19,0,5.8,0.8,1.7,.469,0.0,0.0,,0.8,1.7,.469,.469,0.4,0.6,.583,0.4,1.1,1.5,0.3,0.0,0.9,0.5,1.2,1.9,1992
900,Rk,Player,Pos,Age,Tm,G,GS,MP,FG,FGA,FG%,3P,3PA,3P%,2P,2PA,2P%,eFG%,FT,FTA,FT%,ORB,DRB,TRB,AST,STL,BLK,TOV,PF,PTS,1992
901,361,Darrell Walker,SG,30,DET,74,4,20.8,2.2,5.1,.423,0.0,0.1,.000,2.2,5.0,.434,.423,0.9,1.4,.619,1.1,2.1,3.2,2.8,0.9,0.2,1.1,1.8,5.2,1992
902,362,Spud Webb,PG,28,SAC,77,77,35.4,5.8,13.1,.445,0.9,2.6,.367,4.9,10.5,.465,.482,3.4,4.0,.859,0.4,2.5,2.9,7.1,1.6,0.3,3.0,2.5,16.0,1992
903,363,Doug West,SG,24,MIN,80,72,31.8,5.8,11.2,.518,0.1,0.3,.174,5.7,10.9,.527,.520,2.3,2.9,.805,1.3,1.9,3.2,3.5,0.8,0.3,1.5,3.0,14.0,1992
904,364,Mark West,C,31,PHO,82,11,17.5,2.4,3.8,.632,0.0,0.0,,2.4,3.8,.632,.632,1.3,2.1,.637,1.6,2.9,4.5,0.3,0.2,1.0,1.0,2.9,6.1,1992
905,365,Ennis Whatley,PG,29,POR,23,0,9.1,0.9,2.2,.412,0.0,0.2,.000,0.9,2.0,.447,.412,1.2,1.3,.871,0.3,0.7,0.9,1.5,0.6,0.1,0.6,0.5,3.0,1992
906,366,Randy White,PF,24,DAL,65,12,15.7,2.2,5.9,.380,0.1,0.4,.148,2.2,5.5,.397,.385,1.9,2.5,.765,1.5,2.2,3.6,0.5,0.5,0.3,1.0,2.4,6.4,1992
907,367,Mitchell Wiggins,SG,32,PHI,49,0,11.6,1.8,4.7,.384,0.0,0.0,.000,1.8,4.7,.386,.384,0.7,1.0,.686,0.9,1.0,1.9,0.4,0.4,0.0,0.5,1.4,4.3,1992
908,368,Morlon Wiley,PG,25,TOT,53,19,16.4,1.6,3.6,.430,0.3,0.8,.333,1.3,2.8,.457,.466,0.5,0.7,.686,0.5,1.1,1.5,3.4,0.9,0.1,1.1,1.7,3.8,1992
909,368,Morlon Wiley,PG,25,ORL,9,0,10.0,1.0,3.1,.321,0.0,0.4,.000,1.0,2.7,.375,.321,0.3,0.6,.600,0.2,0.6,0.8,1.4,0.4,0.0,0.9,1.4,2.3,1992
910,368,Morlon Wiley,PG,25,SAS,3,0,4.3,1.0,1.7,.600,0.0,0.0,,1.0,1.7,.600,.600,0.0,0.0,,0.0,0.3,0.3,0.3,0.0,0.0,0.0,1.0,2.0,1992
911,368,Morlon Wiley,PG,25,ATL,41,19,18.7,1.7,3.9,.444,0.3,0.9,.368,1.4,3.0,.467,.488,0.5,0.7,.700,0.5,1.2,1.8,4.0,1.0,0.1,1.3,1.8,4.3,1992
912,369,Dominique Wilkins*,SF,32,ATL,42,42,38.1,10.1,21.8,.464,0.9,3.0,.289,9.2,18.7,.492,.484,7.0,8.4,.835,2.5,4.6,7.0,3.8,1.2,0.6,2.9,1.8,28.1,1992
913,370,Gerald Wilkins,SG,28,NYK,82,82,28.6,5.3,11.8,.447,0.5,1.3,.352,4.8,10.4,.459,.467,1.4,1.9,.730,0.9,1.6,2.5,2.7,0.9,0.2,1.4,2.4,12.4,1992
914,371,Buck Williams,PF,31,POR,80,80,31.5,4.3,7.0,.604,0.0,0.0,.000,4.3,7.0,.605,.604,2.8,3.7,.754,3.3,5.6,8.8,1.4,0.8,0.5,1.6,3.1,11.3,1992
915,372,Herb Williams,C,33,DAL,75,26,27.2,4.9,11.3,.431,0.0,0.1,.167,4.9,11.3,.433,.432,1.7,2.3,.725,1.4,4.6,6.1,1.3,0.5,1.3,1.5,2.5,11.5,1992
916,373,Hot Rod Williams,C,29,CLE,80,12,30.4,4.3,8.5,.503,0.0,0.1,.000,4.3,8.4,.506,.503,3.4,4.5,.752,2.9,4.7,7.6,2.5,0.8,2.3,1.0,2.4,11.9,1992
917,374,Jayson Williams,PF,23,PHI,50,8,12.9,1.5,4.1,.364,0.0,0.0,,1.5,4.1,.364,.364,1.1,1.8,.636,1.2,1.7,2.9,0.2,0.4,0.4,0.9,2.2,4.1,1992
918,375,Kenny Williams,SF,22,IND,60,6,9.4,1.9,3.6,.518,0.0,0.1,.000,1.9,3.6,.528,.518,0.4,0.7,.605,1.1,1.1,2.2,0.7,0.3,0.7,0.4,1.7,4.2,1992
919,376,Micheal Williams,PG,25,IND,79,76,34.8,5.1,10.4,.490,0.1,0.4,.242,5.0,10.0,.501,.495,4.7,5.4,.871,0.9,2.6,3.6,8.2,2.9,0.3,3.0,3.3,15.0,1992
920,377,Reggie Williams,SF,27,DEN,81,80,32.4,7.4,15.8,.471,0.7,1.9,.359,6.7,13.8,.486,.493,2.7,3.3,.803,1.8,3.2,5.0,2.9,1.8,0.8,2.1,3.3,18.2,1992
921,378,Scott Williams,PF,23,CHI,63,0,11.0,1.3,2.7,.483,0.0,0.0,.000,1.3,2.7,.491,.483,0.8,1.2,.649,1.4,2.5,3.9,0.8,0.2,0.6,0.6,1.9,3.4,1992
922,379,Kevin Willis,PF,29,ATL,81,80,36.6,7.3,15.1,.483,0.1,0.5,.162,7.2,14.7,.493,.485,3.6,4.5,.804,5.2,10.4,15.5,2.1,0.9,0.7,2.4,2.8,18.3,1992
923,380,Kennard Winchester,SF-SG,25,TOT,19,0,4.3,0.7,1.6,.433,0.1,0.1,.500,0.6,1.5,.429,.450,0.4,0.5,.800,0.3,0.5,0.8,0.4,0.1,0.1,0.1,0.3,1.8,1992
924,380,Kennard Winchester,SG,25,HOU,4,0,4.3,0.3,0.8,.333,0.0,0.0,,0.3,0.8,.333,.333,0.0,0.0,,0.0,0.0,0.0,0.0,0.0,0.0,0.0,0.3,0.5,1992
925,380,Kennard Winchester,SF,25,NYK,15,0,4.3,0.8,1.8,.444,0.1,0.1,.500,0.7,1.7,.440,.463,0.5,0.7,.800,0.4,0.6,1.0,0.5,0.1,0.1,0.1,0.3,2.2,1992
926,Rk,Player,Pos,Age,Tm,G,GS,MP,FG,FGA,FG%,3P,3PA,3P%,2P,2PA,2P%,eFG%,FT,FTA,FT%,ORB,DRB,TRB,AST,STL,BLK,TOV,PF,PTS,1992
927,381,David Wingate,SG,28,WSB,81,72,26.3,3.3,7.1,.465,0.0,0.2,.056,3.3,6.8,.478,.466,1.3,1.8,.719,1.0,2.3,3.3,3.0,1.5,0.3,1.5,2.0,7.9,1992
928,382,Randy Wittman,SG,32,IND,24,0,4.8,0.3,0.8,.421,0.0,0.0,,0.3,0.8,.421,.421,0.0,0.1,.500,0.0,0.3,0.4,0.5,0.1,0.0,0.1,0.2,0.7,1992
929,383,Joe Wolf,C,27,DEN,67,0,17.3,1.5,4.1,.361,0.0,0.2,.091,1.5,4.0,.372,.363,0.8,1.0,.803,1.4,2.1,3.6,0.9,0.5,0.2,0.9,1.9,3.8,1992
930,384,Orlando Woolridge,SF,32,DET,82,61,25.8,5.5,11.1,.498,0.0,0.1,.111,5.5,11.0,.502,.499,2.9,4.3,.683,1.3,1.8,3.2,1.1,0.5,0.4,1.6,1.9,14.0,1992
931,385,James Worthy*,SF,30,LAL,54,54,39.0,8.3,18.6,.447,0.2,0.8,.209,8.2,17.9,.457,.451,3.1,3.8,.814,1.8,3.8,5.6,4.7,1.4,0.4,2.4,1.6,19.9,1992
932,386,Danny Young,PG,29,TOT,62,5,16.5,1.6,4.1,.392,0.4,1.1,.329,1.2,3.0,.416,.437,0.9,1.1,.851,0.3,1.0,1.2,2.8,0.7,0.1,0.8,0.9,4.5,1992
933,386,Danny Young,PG,29,POR,18,0,7.4,0.9,2.2,.400,0.2,0.6,.300,0.7,1.7,.433,.438,0.6,0.8,.714,0.0,0.5,0.5,1.1,0.3,0.0,0.3,0.3,2.5,1992
934,386,Danny Young,PG,29,LAC,44,5,20.2,1.9,4.9,.391,0.5,1.4,.333,1.5,3.5,.413,.437,1.1,1.2,.887,0.4,1.1,1.5,3.5,0.9,0.1,1.0,1.1,5.3,1992
935,1,Alaa Abdelnaby,PF,24,TOT,75,52,17.5,3.3,6.3,.518,0.0,0.0,.000,3.3,6.3,.519,.518,1.2,1.5,.759,1.7,2.8,4.5,0.4,0.3,0.3,1.3,2.5,7.7,1993
936,1,Alaa Abdelnaby,PF,24,MIL,12,0,13.3,2.2,4.7,.464,0.0,0.1,.000,2.2,4.6,.473,.464,1.0,1.3,.750,1.0,2.1,3.1,0.8,0.5,0.3,1.1,2.0,5.3,1993
937,1,Alaa Abdelnaby,PF,24,BOS,63,52,18.3,3.5,6.6,.525,0.0,0.0,,3.5,6.6,.525,.525,1.2,1.6,.760,1.8,3.0,4.8,0.3,0.3,0.3,1.3,2.6,8.2,1993
938,2,Mahmoud Abdul-Rauf,PG,23,DEN,81,81,33.5,7.8,17.4,.450,0.9,2.4,.355,7.0,14.9,.465,.475,2.7,2.9,.935,0.6,2.1,2.8,4.2,1.0,0.1,2.3,2.2,19.2,1993
939,3,Mark Acres,C,30,TOT,18,7,14.9,1.4,2.7,.531,0.1,0.1,.500,1.4,2.6,.532,.541,0.6,0.9,.688,1.4,2.3,3.7,0.3,0.2,0.3,0.7,1.9,3.6,1993
940,3,Mark Acres,C,30,HOU,6,0,3.8,0.3,1.5,.222,0.2,0.3,.500,0.2,1.2,.143,.278,0.2,0.3,.500,0.3,0.7,1.0,0.0,0.0,0.0,0.3,0.3,1.0,1993
941,3,Mark Acres,C,30,WSB,12,7,20.5,2.0,3.3,.600,0.0,0.0,,2.0,3.3,.600,.600,0.8,1.2,.714,2.0,3.1,5.1,0.4,0.3,0.5,0.9,2.7,4.8,1993
942,4,Michael Adams,PG,30,WSB,70,70,35.7,5.2,11.9,.439,1.0,3.0,.321,4.2,8.8,.480,.480,3.4,4.0,.856,0.7,2.7,3.4,7.5,1.4,0.1,2.5,2.1,14.8,1993
943,5,Rafael Addison,SF,28,NJN,68,15,17.1,2.7,6.0,.443,0.1,0.5,.206,2.6,5.5,.464,.451,0.8,1.0,.814,0.7,1.3,1.9,0.8,0.3,0.2,0.9,1.8,6.3,1993
944,6,Mark Aguirre,SF,33,DET,51,15,20.7,3.7,8.3,.443,0.6,1.6,.361,3.1,6.6,.463,.479,1.9,2.5,.767,0.8,2.1,3.0,2.1,0.3,0.1,1.3,2.0,9.9,1993
945,7,Danny Ainge,SG,33,PHO,80,0,27.0,4.2,9.1,.462,1.9,4.7,.403,2.3,4.5,.522,.564,1.5,1.8,.848,0.6,2.1,2.7,3.3,0.9,0.1,1.4,2.2,11.8,1993
946,8,Victor Alexander,C,23,GSW,72,59,24.3,4.8,9.3,.516,0.1,0.3,.455,4.6,9.0,.518,.523,1.5,2.3,.685,1.8,4.0,5.8,1.3,0.5,0.7,1.7,3.0,11.2,1993
947,9,Eric Anderson,PF,22,NYK,16,0,2.8,0.3,1.1,.278,0.0,0.0,,0.3,1.1,.278,.278,0.7,0.8,.846,0.4,0.5,0.9,0.2,0.2,0.1,0.3,0.9,1.3,1993
948,10,Kenny Anderson,PG,22,NJN,55,55,36.5,6.7,15.5,.435,0.1,0.5,.280,6.6,15.0,.440,.439,3.3,4.2,.776,0.9,3.2,4.1,8.2,1.7,0.2,2.8,2.5,16.9,1993
949,11,Nick Anderson,SG,25,ORL,79,76,37.0,7.5,16.8,.449,1.1,3.2,.353,6.4,13.6,.471,.482,3.8,5.1,.741,1.5,4.5,6.0,3.4,1.6,0.7,2.1,2.5,19.9,1993
950,12,Ron Anderson,SF,34,PHI,69,0,18.3,3.3,7.9,.414,0.6,1.7,.325,2.7,6.1,.439,.449,1.0,1.3,.809,0.9,1.8,2.7,1.3,0.4,0.1,0.9,1.1,8.1,1993
951,13,Willie Anderson,SG,26,SAS,38,7,14.7,2.1,4.9,.430,0.0,0.2,.125,2.1,4.7,.444,.433,0.6,0.7,.786,0.2,1.3,1.5,2.1,0.4,0.2,1.2,1.4,4.8,1993
952,14,Greg Anthony,PG,25,NYK,70,35,24.3,2.5,6.0,.415,0.1,0.4,.133,2.4,5.6,.437,.420,1.5,2.3,.673,0.6,1.8,2.4,5.7,1.6,0.2,1.5,2.0,6.6,1993
953,15,B.J. Armstrong,PG,25,CHI,82,74,30.4,5.0,10.0,.499,0.8,1.7,.453,4.2,8.3,.508,.537,1.6,1.8,.861,0.3,1.5,1.8,4.0,0.8,0.1,1.0,2.1,12.3,1993
954,16,Vincent Askew,SG,26,TOT,73,4,15.5,2.1,4.2,.492,0.0,0.1,.333,2.1,4.2,.495,.495,1.4,2.0,.705,0.8,1.4,2.2,1.7,0.5,0.3,0.9,1.8,5.6,1993
955,16,Vincent Askew,SG,26,SAC,9,0,8.4,0.9,1.9,.471,0.0,0.0,,0.9,1.9,.471,.471,1.2,1.7,.733,0.8,0.4,1.2,0.6,0.2,0.1,0.9,1.2,3.0,1993
956,16,Vincent Askew,SG,26,SEA,64,4,16.5,2.3,4.6,.493,0.0,0.1,.333,2.2,4.5,.497,.497,1.5,2.1,.701,0.9,1.5,2.3,1.8,0.6,0.3,1.0,1.9,6.0,1993
957,17,Keith Askins,SF,25,MIA,69,1,13.6,1.3,3.1,.413,0.3,0.9,.338,1.0,2.1,.446,.465,0.4,0.6,.725,1.1,1.8,2.9,0.4,0.4,0.4,0.5,2.0,3.3,1993
958,18,Stacey Augmon,SG,24,ATL,73,66,28.9,5.4,10.8,.501,0.0,0.1,.000,5.4,10.8,.504,.501,3.1,4.2,.739,1.9,2.0,3.9,2.3,1.2,0.2,2.2,1.9,14.0,1993
959,19,Isaac Austin,C,23,UTA,46,3,6.7,1.1,2.4,.446,0.0,0.0,.000,1.1,2.4,.450,.446,0.6,1.0,.659,0.8,0.9,1.7,0.1,0.2,0.3,0.5,1.3,2.8,1993
960,20,Anthony Avent,PF,23,MIL,82,78,27.9,4.2,9.8,.433,0.0,0.0,.000,4.2,9.8,.434,.433,1.4,2.1,.651,2.2,4.0,6.2,1.1,0.7,0.9,1.7,2.9,9.8,1993
961,21,John Bagley,PG,32,BOS,10,0,9.7,0.9,2.5,.360,0.0,0.1,.000,0.9,2.4,.375,.360,0.5,0.6,.833,0.1,0.6,0.7,2.0,0.2,0.0,1.7,1.1,2.3,1993
962,22,Thurl Bailey,PF,31,MIN,70,3,18.2,2.9,6.4,.455,0.0,0.0,,2.9,6.4,.455,.455,1.7,2.0,.838,0.8,2.3,3.1,0.9,0.3,0.7,0.9,1.3,7.5,1993
963,23,Steve Bardo,SG,24,DAL,23,0,7.6,0.8,2.7,.306,0.0,0.3,.167,0.8,2.4,.321,.315,0.5,0.7,.706,0.4,1.2,1.6,1.3,0.3,0.1,0.7,1.2,2.2,1993
964,24,Charles Barkley*,PF,29,PHO,76,76,37.6,9.4,18.1,.520,0.9,2.9,.305,8.5,15.2,.561,.545,5.9,7.7,.765,3.1,9.1,12.2,5.1,1.6,1.0,3.1,2.6,25.6,1993
965,25,Dana Barros,PG,25,SEA,69,2,18.0,3.1,6.9,.451,0.9,2.4,.379,2.2,4.4,.492,.519,0.7,0.9,.831,0.3,1.3,1.6,2.2,0.9,0.0,0.8,1.1,7.8,1993
966,26,Jon Barry,SG,23,MIL,47,0,11.7,1.6,4.4,.369,0.4,1.3,.333,1.2,3.0,.385,.420,0.7,1.0,.673,0.2,0.7,0.9,1.4,0.7,0.1,0.9,1.2,4.4,1993
967,27,John Battle,SG,30,CLE,41,0,12.1,2.0,4.9,.415,0.0,0.1,.167,2.0,4.7,.423,.418,1.4,1.8,.778,0.1,0.6,0.7,1.3,0.2,0.1,0.5,1.0,5.4,1993
968,28,Kenny Battle,SG,28,BOS,3,1,9.7,2.0,4.3,.462,0.0,0.3,.000,2.0,4.0,.500,.462,0.7,0.7,1.000,2.3,1.3,3.7,0.7,0.3,0.0,0.7,0.7,4.7,1993
969,29,William Bedford,C,29,SAS,16,0,4.1,0.6,1.7,.333,0.1,0.1,1.000,0.5,1.6,.308,.352,0.4,0.8,.500,0.1,0.6,0.6,0.0,0.0,0.1,0.1,0.9,1.6,1993
970,30,Benoit Benjamin,C,28,TOT,59,6,12.8,2.3,4.6,.491,0.0,0.0,,2.3,4.6,.491,.491,1.2,1.8,.663,0.9,2.7,3.5,0.4,0.5,0.8,1.3,2.3,5.7,1993
971,30,Benoit Benjamin,C,28,SEA,31,6,14.5,2.6,5.3,.497,0.0,0.0,,2.6,5.3,.497,.497,1.5,2.2,.701,0.9,2.8,3.6,0.4,0.5,1.1,1.4,2.4,6.7,1993
972,30,Benoit Benjamin,C,28,LAL,28,0,10.9,1.9,3.9,.481,0.0,0.0,,1.9,3.9,.481,.481,0.8,1.3,.595,0.9,2.6,3.4,0.4,0.5,0.5,1.3,2.2,4.5,1993
973,31,Tony Bennett,PG,23,CHH,75,2,11.4,1.5,3.5,.423,0.3,1.1,.325,1.1,2.4,.467,.473,0.4,0.5,.732,0.2,0.7,0.8,1.8,0.4,0.0,0.7,1.5,3.7,1993
974,32,David Benoit,SF,24,UTA,82,27,20.9,3.1,7.2,.436,0.4,1.2,.347,2.7,6.0,.453,.465,1.4,1.9,.750,1.4,3.4,4.8,0.5,0.5,0.5,1.1,2.5,8.1,1993
975,33,Rolando Blackman,SG,33,NYK,60,33,23.9,4.0,9.0,.443,0.5,1.2,.425,3.5,7.8,.446,.472,1.2,1.5,.789,0.4,1.3,1.7,2.6,0.4,0.2,1.1,2.2,9.7,1993
976,34,Alex Blackwell,SF,22,LAL,27,0,4.0,0.5,1.6,.333,0.0,0.1,.000,0.5,1.4,.359,.333,0.2,0.3,.750,0.4,0.5,0.9,0.3,0.1,0.1,0.2,0.5,1.3,1993
977,35,Lance Blanks,SG,26,MIN,61,2,10.5,1.1,2.5,.433,0.2,0.7,.256,0.9,1.8,.505,.470,0.3,0.5,.625,0.3,0.8,1.1,1.2,0.3,0.1,0.5,1.0,2.6,1993
978,36,Ricky Blanton,SF,26,CHI,2,0,6.5,1.5,3.5,.429,0.0,0.0,,1.5,3.5,.429,.429,0.0,0.0,,1.0,0.5,1.5,0.5,1.0,0.0,0.5,0.5,3.0,1993
979,37,Mookie Blaylock,PG,25,ATL,80,78,35.3,5.2,12.1,.429,1.5,3.9,.375,3.7,8.1,.456,.491,1.5,2.1,.728,1.1,2.4,3.5,8.4,2.5,0.3,2.3,2.0,13.4,1993
980,38,Muggsy Bogues,PG,28,CHH,81,80,35.0,4.1,9.0,.453,0.1,0.3,.231,4.0,8.7,.462,.458,1.7,2.1,.833,0.6,3.0,3.7,8.8,2.0,0.1,1.9,2.2,10.0,1993
981,39,Manute Bol,C,30,PHI,58,23,14.7,0.9,2.2,.409,0.2,0.6,.313,0.7,1.6,.442,.449,0.2,0.3,.632,0.8,2.6,3.3,0.3,0.2,2.1,0.9,1.5,2.2,1993
982,40,Walter Bond,SG,23,DAL,74,38,21.3,3.1,7.6,.402,0.1,0.6,.167,3.0,7.1,.421,.408,1.7,2.3,.772,0.7,1.9,2.6,1.6,1.0,0.2,1.5,3.0,8.0,1993
983,Rk,Player,Pos,Age,Tm,G,GS,MP,FG,FGA,FG%,3P,3PA,3P%,2P,2PA,2P%,eFG%,FT,FTA,FT%,ORB,DRB,TRB,AST,STL,BLK,TOV,PF,PTS,1993
984,41,Anthony Bonner,PF,24,SAC,70,35,25.2,3.3,7.1,.461,0.0,0.1,.000,3.3,7.0,.467,.461,2.0,3.4,.593,2.7,3.8,6.5,1.4,1.2,0.2,1.5,2.6,8.6,1993
985,42,Anthony Bowie,SG,29,ORL,77,45,22.9,3.5,7.4,.471,0.2,0.6,.313,3.3,6.8,.486,.484,0.9,1.1,.798,0.5,2.1,2.5,2.3,0.7,0.2,1.1,1.7,8.0,1993
986,43,Sam Bowie,C,31,NJN,79,65,26.5,3.6,8.1,.450,0.0,0.1,.333,3.6,8.0,.451,.451,1.8,2.3,.779,2.0,5.0,7.0,1.6,0.4,1.6,1.5,2.9,9.1,1993
987,44,Terrell Brandon,PG,22,CLE,82,8,19.8,3.6,7.6,.478,0.2,0.5,.310,3.5,7.1,.491,.489,1.4,1.7,.825,0.5,1.7,2.2,3.7,1.0,0.3,1.3,1.5,8.8,1993
988,45,Randy Breuer,C,32,ATL,12,0,8.9,1.3,2.6,.484,0.0,0.0,,1.3,2.6,.484,.484,0.2,0.4,.400,0.8,1.5,2.3,0.5,0.2,0.3,0.4,1.0,2.7,1993
989,46,Frank Brickowski,C,33,MIL,66,64,31.4,6.9,12.7,.545,0.1,0.4,.308,6.8,12.3,.553,.550,3.0,4.1,.728,1.8,4.3,6.1,3.0,1.2,0.7,3.1,3.6,16.9,1993
990,47,Kevin Brooks,SF,23,DEN,55,2,10.4,1.7,4.2,.399,0.1,0.5,.231,1.6,3.8,.420,.412,0.6,0.7,.875,0.4,1.1,1.5,0.6,0.2,0.0,0.7,0.8,4.1,1993
991,48,Scott Brooks,PG,27,HOU,82,0,18.5,2.2,4.7,.475,0.5,1.2,.414,1.7,3.5,.497,.529,1.4,1.6,.830,0.3,0.9,1.2,3.0,1.0,0.0,0.9,1.7,6.3,1993
992,49,Chucky Brown,SF,24,NJN,77,20,15.4,2.1,4.3,.483,0.0,0.1,.000,2.1,4.2,.491,.483,0.9,1.3,.724,1.1,1.9,3.0,0.7,0.3,0.3,0.7,1.5,5.1,1993
993,50,Dee Brown,PG,24,BOS,80,48,28.2,4.1,8.8,.468,0.3,1.0,.317,3.8,7.7,.488,.486,2.4,3.0,.793,0.6,2.5,3.1,5.8,1.7,0.4,1.7,2.5,10.9,1993
994,51,Mike Brown,C,29,UTA,82,21,18.9,2.1,5.0,.430,0.0,0.0,.000,2.1,5.0,.431,.430,1.4,2.0,.689,1.8,3.0,4.8,0.8,0.4,0.3,1.2,2.3,5.7,1993
995,52,Randy Brown,PG,24,SAC,75,34,23.0,3.0,6.5,.463,0.0,0.1,.333,3.0,6.4,.465,.465,1.5,2.1,.732,1.0,1.8,2.8,2.6,1.4,0.5,1.6,2.7,7.6,1993
996,53,Mark Bryant,C,27,POR,80,24,17.5,2.3,4.6,.503,0.0,0.0,.000,2.3,4.6,.504,.503,1.3,1.9,.703,1.7,2.4,4.1,0.5,0.5,0.3,0.8,2.8,6.0,1993
997,54,Jud Buechler,SF,24,GSW,70,9,18.4,2.5,5.8,.437,0.3,0.8,.339,2.2,4.9,.453,.462,0.9,1.2,.747,1.2,1.6,2.8,1.3,0.7,0.3,0.8,1.4,6.2,1993
998,55,Matt Bullard,PF,25,HOU,79,4,17.2,2.7,6.3,.431,1.2,3.1,.374,1.5,3.2,.486,.523,0.7,0.9,.784,0.8,2.0,2.8,1.4,0.4,0.1,0.7,1.6,7.3,1993
999,56,Willie Burton,SF,24,MIA,26,8,17.3,2.1,5.4,.383,0.2,0.6,.333,1.9,4.8,.389,.401,3.5,4.9,.717,0.8,1.8,2.7,0.6,0.5,0.6,1.9,2.2,7.8,1993
1000,57,Steve Burtt,SG,30,WSB,4,0,8.8,2.5,6.5,.385,0.3,0.8,.333,2.3,5.8,.391,.404,2.0,2.5,.800,0.5,0.3,0.8,1.5,0.5,0.0,1.0,1.3,7.3,1993
1001,58,Michael Cage,C,31,SEA,82,66,26.3,2.7,5.1,.526,0.0,0.0,.000,2.7,5.1,.528,.526,0.7,1.6,.469,3.3,4.8,8.0,0.8,0.9,0.6,0.7,2.2,6.1,1993
1002,59,Dexter Cambridge,SF,23,DAL,53,13,16.7,2.8,5.9,.484,0.0,0.1,.000,2.8,5.8,.490,.484,1.3,1.9,.687,1.7,1.5,3.2,1.1,0.5,0.1,1.2,2.4,7.0,1993
1003,60,Elden Campbell,PF,24,LAL,79,13,19.6,3.0,6.6,.458,0.0,0.0,.000,3.0,6.5,.460,.458,1.6,2.6,.637,1.6,2.6,4.2,0.6,0.7,1.3,0.9,2.1,7.7,1993
1004,Rk,Player,Pos,Age,Tm,G,GS,MP,FG,FGA,FG%,3P,3PA,3P%,2P,2PA,2P%,eFG%,FT,FTA,FT%,ORB,DRB,TRB,AST,STL,BLK,TOV,PF,PTS,1993
1005,61,Tony Campbell,SF,30,NYK,58,13,18.3,3.3,6.8,.490,0.0,0.1,.400,3.3,6.7,.491,.492,1.0,1.5,.678,1.0,1.7,2.7,1.1,0.6,0.1,0.9,2.6,7.7,1993
1006,62,Antoine Carr,PF,31,SAS,71,46,27.4,5.3,9.9,.538,0.0,0.1,.000,5.3,9.9,.541,.538,2.5,3.2,.777,1.5,4.0,5.5,1.4,0.5,1.2,1.4,3.7,13.1,1993
1007,63,Bill Cartwright,C,35,CHI,63,63,19.9,2.2,5.4,.411,0.0,0.0,,2.2,5.4,.411,.411,1.1,1.6,.735,1.3,2.4,3.7,1.3,0.3,0.2,1.0,2.4,5.6,1993
1008,64,Terry Catledge,PF,29,ORL,21,1,12.5,1.7,3.5,.493,0.0,0.0,,1.7,3.5,.493,.493,1.3,1.6,.794,0.9,1.3,2.2,0.2,0.2,0.0,1.2,1.5,4.7,1993
1009,65,Duane Causwell,C,24,SAC,55,45,22.0,3.2,5.8,.545,0.0,0.0,.000,3.2,5.8,.547,.545,1.9,3.0,.624,2.0,3.5,5.5,0.6,0.6,1.6,1.1,3.5,8.2,1993
1010,66,Cedric Ceballos,SF,23,PHO,74,46,21.7,5.1,8.9,.576,0.0,0.0,.000,5.1,8.9,.577,.576,2.5,3.5,.725,2.3,3.2,5.5,1.0,0.7,0.4,1.4,1.4,12.8,1993
1011,67,Tom Chambers,PF,33,PHO,73,0,23.6,4.4,9.8,.447,0.2,0.4,.393,4.2,9.4,.449,.455,3.3,3.9,.837,1.3,3.4,4.7,1.4,0.6,0.3,1.3,2.9,12.2,1993
1012,68,Rex Chapman,SG,25,WSB,60,23,21.7,4.8,10.0,.477,0.7,1.9,.371,4.1,8.1,.502,.512,2.2,2.7,.810,0.3,1.2,1.5,1.9,0.6,0.2,1.3,2.0,12.5,1993
1013,69,Maurice Cheeks*,PG,36,NJN,35,0,14.6,1.5,2.7,.548,0.0,0.1,.000,1.5,2.6,.560,.548,0.7,0.8,.889,0.1,1.1,1.2,3.1,0.9,0.1,0.9,1.0,3.6,1993
1014,70,Pete Chilcutt,PF,24,SAC,59,9,14.1,2.8,5.8,.485,0.0,0.0,,2.8,5.8,.485,.485,0.5,0.8,.696,1.4,1.9,3.3,1.1,0.4,0.4,0.9,1.7,6.1,1993
1015,71,Doug Christie,SG,22,LAL,23,0,14.4,2.0,4.6,.425,0.1,0.5,.167,1.9,4.1,.457,.434,2.2,2.9,.758,1.0,1.2,2.2,2.3,1.0,0.2,2.2,2.3,6.2,1993
1016,72,Derrick Coleman,PF,25,NJN,76,73,36.3,7.4,16.1,.460,0.3,1.3,.232,7.1,14.8,.480,.469,5.5,6.9,.808,3.3,8.0,11.2,3.6,1.2,1.7,3.2,2.8,20.7,1993
1017,73,Bimbo Coles,PG,24,MIA,81,37,27.6,3.9,8.5,.464,0.5,1.7,.307,3.4,6.8,.503,.494,2.2,2.7,.805,0.7,1.3,2.0,4.6,1.0,0.1,1.3,2.5,10.6,1993
1018,74,Marty Conlon,C,25,SAC,46,0,10.2,1.8,3.7,.474,0.0,0.1,.000,1.8,3.6,.485,.474,1.2,1.8,.704,1.0,1.6,2.7,0.8,0.3,0.1,0.6,0.9,4.8,1993
1019,75,Lester Conner,PG,33,LAC,31,0,13.6,0.9,2.0,.452,0.0,0.0,,0.9,2.0,.452,.452,0.6,0.6,.947,0.5,1.1,1.6,2.1,1.1,0.1,0.7,1.3,2.4,1993
1020,76,Duane Cooper,PG,23,LAL,65,0,9.9,1.0,2.4,.392,0.1,0.5,.233,0.8,2.0,.430,.415,0.4,0.5,.714,0.2,0.6,0.8,2.3,0.3,0.0,1.1,1.0,2.4,1993
1021,77,Tyrone Corbin,SF,30,UTA,82,58,31.2,4.7,9.3,.503,0.0,0.1,.000,4.7,9.3,.506,.503,2.2,2.7,.826,2.4,4.0,6.3,2.1,1.3,0.4,1.3,3.1,11.6,1993
1022,78,Chris Corchiani,PG,24,TOT,10,0,10.5,1.4,2.4,.583,0.0,0.3,.000,1.4,2.1,.667,.583,1.6,2.1,.762,0.1,0.6,0.7,1.6,0.6,0.0,0.8,1.8,4.4,1993
1023,78,Chris Corchiani,PG,24,ORL,9,0,11.3,1.4,2.6,.565,0.0,0.3,.000,1.4,2.2,.650,.565,1.8,2.3,.762,0.1,0.7,0.8,1.8,0.7,0.0,0.9,1.9,4.7,1993
1024,78,Chris Corchiani,PG,24,WSB,1,0,3.0,1.0,1.0,1.000,0.0,0.0,,1.0,1.0,1.000,1.000,0.0,0.0,,0.0,0.0,0.0,0.0,0.0,0.0,0.0,1.0,2.0,1993
1025,79,Joe Courtney,PF,23,TOT,12,0,8.7,1.1,2.7,.406,0.0,0.0,,1.1,2.7,.406,.406,0.6,0.8,.778,0.3,1.3,1.6,0.3,0.4,0.4,0.5,1.4,2.8,1993
1026,79,Joe Courtney,PF,23,CHI,5,0,6.8,0.8,1.8,.444,0.0,0.0,,0.8,1.8,.444,.444,0.6,0.8,.750,0.4,0.0,0.4,0.2,0.4,0.2,0.6,1.8,2.2,1993
1027,79,Joe Courtney,PF,23,GSW,7,0,10.0,1.3,3.3,.391,0.0,0.0,,1.3,3.3,.391,.391,0.6,0.7,.800,0.3,2.1,2.4,0.3,0.4,0.6,0.4,1.1,3.1,1993
1028,80,John Crotty,PG,23,UTA,40,0,6.1,0.9,1.8,.514,0.1,0.4,.143,0.9,1.5,.603,.528,0.7,1.0,.684,0.1,0.3,0.4,1.4,0.3,0.0,0.8,0.7,2.6,1993
1029,Rk,Player,Pos,Age,Tm,G,GS,MP,FG,FGA,FG%,3P,3PA,3P%,2P,2PA,2P%,eFG%,FT,FTA,FT%,ORB,DRB,TRB,AST,STL,BLK,TOV,PF,PTS,1993
1030,81,Terry Cummings,PF,31,SAS,8,0,9.5,1.4,3.6,.379,0.0,0.0,,1.4,3.6,.379,.379,0.6,1.3,.500,0.8,1.6,2.4,0.5,0.1,0.1,0.3,2.1,3.4,1993
1031,82,Radisav Ćurčić,C,27,DAL,20,0,8.3,0.8,2.1,.390,0.0,0.0,,0.8,2.1,.390,.390,1.3,1.8,.722,0.9,1.6,2.5,0.6,0.4,0.1,0.4,1.5,2.9,1993
1032,83,Dell Curry,SG,28,CHH,80,0,26.2,6.2,13.8,.452,1.2,3.0,.401,5.0,10.8,.466,.495,1.7,2.0,.866,0.6,2.9,3.6,2.3,1.1,0.3,1.6,1.9,15.3,1993
1033,84,Lloyd Daniels,SG,25,SAS,77,10,20.4,3.7,8.4,.443,0.8,2.3,.333,2.9,6.1,.484,.488,0.9,1.3,.727,1.1,1.7,2.8,1.9,0.5,0.4,1.3,1.9,9.1,1993
1034,85,Brad Daugherty,C,27,CLE,71,71,37.9,7.3,12.8,.571,0.0,0.0,.500,7.3,12.8,.571,.571,5.5,6.9,.795,2.3,7.9,10.2,4.4,0.7,0.8,2.1,2.5,20.2,1993
1035,86,Dale Davis,PF,23,IND,82,82,27.6,3.7,6.5,.568,0.0,0.0,,3.7,6.5,.568,.568,1.5,2.7,.529,3.5,5.3,8.8,0.8,0.8,1.8,1.0,3.3,8.9,1993
1036,87,Hubert Davis,SG,22,NYK,50,2,16.3,2.2,5.0,.438,0.1,0.4,.316,2.1,4.6,.448,.450,0.9,1.1,.796,0.3,0.9,1.1,1.7,0.4,0.1,0.9,1.4,5.4,1993
1037,88,Terry Davis,PF,25,DAL,75,74,32.8,5.2,11.5,.455,0.0,0.1,.250,5.2,11.4,.457,.457,2.2,3.7,.594,3.5,5.9,9.3,0.9,0.5,0.4,2.1,2.7,12.7,1993
1038,89,Johnny Dawkins,PG,29,PHI,74,10,21.6,3.5,8.0,.437,0.4,1.1,.310,3.1,6.8,.458,.459,1.5,1.9,.796,0.4,1.4,1.8,4.6,1.1,0.1,1.6,1.2,8.9,1993
1039,90,Todd Day,SG,23,MIL,71,37,27.2,5.0,11.7,.432,0.8,2.6,.293,4.3,9.1,.472,.465,3.0,4.2,.717,2.0,2.1,4.1,1.6,1.1,0.7,1.7,3.1,13.8,1993
1040,91,Vinny Del Negro,PG,26,SAS,73,31,20.9,3.0,5.9,.507,0.1,0.3,.250,2.9,5.6,.522,.514,1.4,1.6,.863,0.3,2.0,2.2,4.0,0.6,0.0,1.3,2.0,7.4,1993
1041,92,Bison Dele,PF,23,ORL,21,0,11.4,1.9,3.7,.513,0.0,0.0,.000,1.9,3.7,.519,.513,0.8,1.0,.800,1.1,1.5,2.7,0.2,0.7,0.8,1.2,2.3,4.6,1993
1042,93,Vlade Divac*,C,24,LAL,82,69,30.8,4.8,10.0,.485,0.3,0.9,.280,4.6,9.1,.505,.498,2.9,4.2,.689,2.7,6.2,8.9,2.8,1.6,1.7,2.6,3.8,12.8,1993
1043,94,James Donaldson,C,35,UTA,6,1,15.7,1.3,2.3,.571,0.0,0.0,,1.3,2.3,.571,.571,0.8,1.5,.556,1.0,3.8,4.8,0.2,0.2,1.2,0.7,2.2,3.5,1993
1044,95,Sherman Douglas,PG,26,BOS,79,36,24.5,3.3,6.7,.498,0.1,0.4,.207,3.3,6.3,.515,.504,1.1,1.9,.560,0.8,1.2,2.1,6.4,0.6,0.1,2.0,2.1,7.8,1993
1045,96,Greg Dreiling,C,30,IND,43,0,5.6,0.4,1.3,.328,0.0,0.1,.000,0.4,1.3,.352,.328,0.2,0.3,.533,0.6,0.9,1.5,0.2,0.1,0.2,0.2,1.4,1.1,1993
1046,97,Clyde Drexler*,SG,30,POR,49,49,34.1,7.1,16.7,.429,0.6,2.7,.233,6.5,13.9,.467,.448,5.0,6.0,.839,2.6,3.7,6.3,5.7,1.9,0.8,2.3,3.2,19.9,1993
1047,98,Kevin Duckworth,C,28,POR,74,55,23.8,4.1,9.3,.438,0.0,0.0,.000,4.1,9.3,.439,.438,1.7,2.4,.730,1.6,3.6,5.2,0.9,0.6,0.5,1.2,3.0,9.9,1993
1048,99,Chris Dudley,C,27,NJN,71,16,19.7,1.3,3.7,.353,0.0,0.0,,1.3,3.7,.353,.353,0.8,1.5,.518,3.0,4.2,7.2,0.2,0.2,1.5,0.8,2.7,3.5,1993
1049,100,Joe Dumars*,SG,29,DET,77,77,40.2,8.8,18.9,.466,1.5,3.9,.375,7.3,15.0,.489,.504,4.5,5.2,.864,0.8,1.1,1.9,4.0,1.0,0.1,1.8,1.8,23.5,1993
1050,Rk,Player,Pos,Age,Tm,G,GS,MP,FG,FGA,FG%,3P,3PA,3P%,2P,2PA,2P%,eFG%,FT,FTA,FT%,ORB,DRB,TRB,AST,STL,BLK,TOV,PF,PTS,1993
1051,101,Richard Dumas,SF,23,PHO,48,32,27.5,6.3,12.0,.524,0.0,0.1,.333,6.3,11.9,.525,.525,3.2,4.5,.707,2.1,2.6,4.6,1.3,1.8,0.8,1.9,2.6,15.8,1993
1052,102,Pat Durham,SF,25,GSW,5,1,15.6,1.2,5.0,.240,0.0,0.0,,1.2,5.0,.240,.240,1.8,2.4,.750,1.0,1.8,2.8,0.8,0.2,0.2,1.4,1.2,4.2,1993
1053,103,Mark Eaton,C,36,UTA,64,57,17.3,1.1,2.0,.546,0.0,0.0,,1.1,2.0,.546,.546,0.5,0.8,.700,1.1,3.0,4.1,0.3,0.3,1.2,0.7,2.2,2.8,1993
1054,104,Blue Edwards,SF,27,MIL,82,81,33.3,6.8,13.2,.512,0.5,1.3,.349,6.3,11.9,.529,.529,2.9,3.7,.790,1.5,3.2,4.7,2.6,1.6,0.5,2.1,3.0,16.9,1993
1055,105,James Edwards,C,37,LAL,52,0,11.9,2.3,5.2,.452,0.0,0.0,,2.3,5.2,.452,.452,1.6,2.3,.712,0.6,1.3,1.9,0.8,0.2,0.1,1.0,2.3,6.3,1993
1056,106,Kevin Edwards,SG,27,MIA,40,30,28.4,5.4,11.6,.468,0.1,0.4,.294,5.3,11.1,.474,.473,3.0,3.5,.844,1.2,1.8,3.0,3.0,1.7,0.3,1.9,1.7,13.9,1993
1057,107,Craig Ehlo,SG,31,CLE,82,73,31.2,4.7,9.6,.490,1.1,3.0,.381,3.6,6.6,.540,.550,1.0,1.5,.717,1.4,3.5,4.9,3.1,1.3,0.3,1.5,2.1,11.6,1993
1058,108,Mario Elie,SF,29,POR,82,7,21.4,2.9,6.4,.458,0.5,1.6,.349,2.4,4.8,.494,.501,2.2,2.6,.855,0.7,1.9,2.6,2.2,0.9,0.2,1.1,1.8,8.6,1993
1059,109,Sean Elliott,SF,24,SAS,70,70,37.2,6.4,13.1,.491,0.5,1.5,.356,5.9,11.6,.509,.511,3.8,4.8,.795,1.2,3.4,4.6,3.8,1.0,0.4,2.2,1.9,17.2,1993
1060,110,Dale Ellis,SG,32,SAS,82,76,33.3,6.6,13.3,.499,1.5,3.6,.401,5.2,9.7,.536,.554,1.9,2.4,.797,1.0,2.8,3.8,1.3,1.0,0.2,1.4,2.2,16.7,1993
1061,111,LaPhonso Ellis,PF,22,DEN,82,82,33.5,5.9,11.7,.504,0.0,0.2,.154,5.9,11.5,.509,.505,2.9,3.9,.748,3.3,5.7,9.1,1.8,0.9,1.4,1.9,3.6,14.7,1993
1062,112,Pervis Ellison,C,25,WSB,49,48,34.7,7.0,13.4,.521,0.0,0.1,.000,7.0,13.3,.524,.521,3.5,4.9,.702,2.8,6.0,8.8,2.4,0.9,2.2,2.2,3.1,17.4,1993
1063,113,Jo Jo English,SG,22,CHI,6,0,5.2,0.5,1.7,.300,0.0,0.5,.000,0.5,1.2,.429,.300,0.0,0.3,.000,0.3,0.7,1.0,0.2,0.5,0.3,0.7,0.8,1.0,1993
1064,114,Patrick Ewing*,C,30,NYK,81,81,37.1,9.6,19.1,.503,0.0,0.1,.143,9.6,19.0,.504,.503,4.9,6.9,.719,2.4,9.7,12.1,1.9,0.9,2.0,3.3,3.5,24.2,1993
1065,115,Duane Ferrell,SF,27,ATL,82,15,21.2,4.0,8.5,.470,0.1,0.4,.250,3.9,8.0,.482,.476,2.1,2.8,.779,1.2,1.1,2.3,1.6,0.7,0.2,1.3,2.0,10.2,1993
1066,116,Danny Ferry,PF,26,CLE,76,1,19.2,2.9,6.0,.479,0.4,1.1,.415,2.4,5.0,.493,.516,1.3,1.5,.876,1.1,2.6,3.7,1.8,0.4,0.6,1.1,2.3,7.5,1993
1067,117,Vern Fleming,PG,30,IND,75,8,20.0,3.7,7.4,.505,0.1,0.5,.194,3.6,6.9,.527,.512,1.9,2.6,.726,0.8,1.4,2.3,3.0,0.8,0.1,1.6,1.7,9.5,1993
1068,118,Sleepy Floyd,PG,32,HOU,52,10,16.7,2.4,5.9,.407,0.3,1.1,.286,2.1,4.8,.434,.433,1.6,2.0,.794,0.3,1.4,1.7,2.5,0.6,0.1,1.3,1.1,6.6,1993
1069,119,Greg Foster,PF,24,TOT,43,0,6.9,1.3,2.8,.458,0.0,0.1,.000,1.3,2.7,.474,.458,0.3,0.5,.714,0.7,1.2,1.9,0.5,0.1,0.3,0.6,1.3,2.9,1993
1070,119,Greg Foster,PF,24,WSB,10,0,9.3,1.1,2.5,.440,0.0,0.0,,1.1,2.5,.440,.440,0.2,0.3,.667,0.8,1.9,2.7,1.1,0.0,0.5,0.9,1.7,2.4,1993
1071,119,Greg Foster,PF,24,ATL,33,0,6.2,1.3,2.9,.463,0.0,0.1,.000,1.3,2.8,.484,.463,0.4,0.5,.722,0.7,1.0,1.7,0.3,0.1,0.3,0.5,1.2,3.1,1993
1072,120,Rick Fox,SF,23,BOS,71,14,15.2,2.6,5.4,.484,0.1,0.3,.174,2.5,5.0,.504,.489,1.1,1.4,.802,0.8,1.5,2.2,1.6,0.9,0.3,1.1,1.9,6.4,1993
1073,Rk,Player,Pos,Age,Tm,G,GS,MP,FG,FGA,FG%,3P,3PA,3P%,2P,2PA,2P%,eFG%,FT,FTA,FT%,ORB,DRB,TRB,AST,STL,BLK,TOV,PF,PTS,1993
1074,121,Kevin Gamble,SF,27,BOS,82,58,31.0,5.6,11.0,.507,0.6,1.7,.374,5.0,9.4,.531,.535,1.5,1.8,.826,0.6,2.4,3.0,2.8,1.0,0.5,1.0,2.3,13.3,1993
1075,122,Winston Garland,PG,28,HOU,66,4,15.2,2.3,5.2,.443,0.1,0.2,.462,2.2,5.0,.442,.452,1.2,1.3,.910,0.5,1.2,1.6,2.1,0.6,0.1,1.0,1.8,5.9,1993
1076,123,Chris Gatling,PF,25,GSW,70,11,17.8,3.6,6.6,.539,0.0,0.1,.000,3.6,6.5,.546,.539,2.1,3.0,.725,1.8,2.7,4.6,0.6,0.6,0.8,1.5,2.8,9.3,1993
1077,124,Kenny Gattison,PF,28,CHH,75,5,19.7,2.7,5.1,.529,0.0,0.0,.000,2.7,5.1,.533,.529,1.4,2.3,.604,1.4,3.3,4.7,0.9,0.6,0.7,0.9,3.2,6.8,1993
1078,125,Matt Geiger,C,23,MIA,48,2,11.5,1.6,3.0,.524,0.0,0.1,.000,1.6,2.9,.539,.524,1.3,1.9,.674,1.0,1.5,2.5,0.3,0.3,0.4,0.8,2.6,4.5,1993
1079,126,Tate George,PG,24,NJN,48,1,7.9,1.1,2.8,.378,0.0,0.1,.000,1.1,2.7,.392,.378,0.4,0.5,.833,0.2,0.4,0.6,1.2,0.2,0.1,0.6,0.5,2.5,1993
1080,127,Kendall Gill,SG,24,CHH,69,67,35.2,6.7,15.0,.449,0.2,0.9,.274,6.5,14.1,.460,.457,3.2,4.2,.772,1.7,3.2,4.9,3.9,1.4,0.5,2.5,2.8,16.9,1993
1081,128,Armen Gilliam,PF,28,PHI,80,26,21.8,4.5,9.7,.464,0.0,0.0,.000,4.5,9.7,.464,.464,3.4,4.1,.843,1.7,4.2,5.9,1.5,0.5,0.7,2.0,1.5,12.4,1993
1082,129,Gerald Glass,SF,25,TOT,60,5,14.1,2.4,5.7,.419,0.1,0.6,.212,2.3,5.1,.441,.429,0.4,0.7,.641,1.0,1.4,2.4,1.3,0.6,0.3,0.6,1.7,5.3,1993
1083,129,Gerald Glass,SF,25,MIN,4,0,17.8,2.0,6.8,.296,0.0,0.5,.000,2.0,6.3,.320,.296,1.0,1.5,.667,0.3,0.5,0.8,2.3,0.8,0.0,1.3,1.5,5.0,1993
1084,129,Gerald Glass,SF,25,DET,56,5,13.9,2.4,5.6,.429,0.1,0.6,.226,2.3,5.0,.452,.441,0.4,0.6,.636,1.1,1.4,2.5,1.2,0.5,0.3,0.5,1.8,5.3,1993
1085,130,Mike Gminski,C,33,CHH,34,0,7.4,1.2,2.4,.506,0.0,0.0,,1.2,2.4,.506,.506,0.3,0.3,.900,1.0,1.5,2.5,0.2,0.0,0.3,0.3,0.8,2.7,1993
1086,131,Paul Graham,SG,25,ATL,80,11,18.9,3.2,7.0,.457,0.5,1.8,.298,2.7,5.2,.511,.495,1.2,1.6,.733,0.8,1.6,2.4,2.1,1.1,0.1,1.5,2.3,8.1,1993
1087,132,Gary Grant,PG,27,LAC,74,8,21.9,2.8,6.4,.441,0.1,0.6,.262,2.7,5.9,.459,.453,0.7,1.0,.743,0.4,1.5,1.9,4.8,1.4,0.1,1.7,2.3,6.6,1993
1088,133,Greg Grant,PG,26,PHI,72,0,13.8,1.1,3.1,.350,0.3,0.9,.294,0.8,2.1,.375,.395,0.3,0.4,.645,0.3,0.6,0.9,2.9,0.6,0.0,0.8,1.0,2.7,1993
1089,134,Harvey Grant,SF,27,WSB,72,72,37.0,7.8,16.0,.487,0.0,0.1,.100,7.8,15.8,.491,.488,3.0,4.2,.727,1.8,3.9,5.7,2.8,1.0,0.6,1.3,2.3,18.6,1993
1090,135,Horace Grant,PF,27,CHI,77,77,35.6,5.5,10.8,.508,0.0,0.1,.200,5.5,10.7,.510,.508,2.3,3.6,.619,4.4,5.0,9.5,2.6,1.2,1.2,1.4,2.8,13.2,1993
1091,136,Jeff Grayer,SG,27,GSW,48,12,21.4,3.4,7.4,.467,0.0,0.3,.143,3.4,7.1,.481,.470,1.9,2.8,.669,1.5,1.8,3.3,1.5,0.6,0.2,1.1,2.5,8.8,1993
1092,137,A.C. Green,PF,29,LAL,82,55,34.4,4.6,8.6,.537,0.2,0.6,.348,4.4,8.0,.550,.548,3.4,4.6,.739,3.5,5.2,8.7,1.4,1.1,0.5,1.4,1.8,12.8,1993
1093,138,Litterial Green,PG,22,ORL,52,4,12.0,1.7,3.8,.439,0.0,0.2,.100,1.7,3.6,.457,.442,1.2,1.8,.625,0.2,0.4,0.7,2.2,0.4,0.1,0.8,1.3,4.5,1993
1094,139,Sean Green,SG,22,IND,13,0,6.2,2.2,4.2,.509,0.2,0.8,.300,1.9,3.5,.556,.536,0.2,0.3,.750,0.3,0.4,0.7,0.5,0.2,0.1,0.7,0.8,4.8,1993
1095,140,Sidney Green,PF,32,TOT,39,0,8.4,0.9,2.3,.382,0.0,0.1,.000,0.9,2.2,.391,.382,0.6,0.8,.806,0.8,2.2,3.0,0.6,0.2,0.1,0.5,0.9,2.4,1993
1096,140,Sidney Green,PF,32,SAS,15,0,13.5,1.3,3.3,.408,0.0,0.0,,1.3,3.3,.408,.408,0.9,1.0,.867,1.2,3.5,4.7,1.3,0.3,0.2,0.8,1.4,3.5,1993
1097,140,Sidney Green,PF,32,CHH,24,0,5.3,0.6,1.7,.350,0.0,0.1,.000,0.6,1.6,.368,.350,0.5,0.7,.750,0.6,1.4,2.0,0.2,0.0,0.1,0.3,0.7,1.7,1993
1098,Rk,Player,Pos,Age,Tm,G,GS,MP,FG,FGA,FG%,3P,3PA,3P%,2P,2PA,2P%,eFG%,FT,FTA,FT%,ORB,DRB,TRB,AST,STL,BLK,TOV,PF,PTS,1993
1099,141,Tom Gugliotta,PF,23,WSB,81,81,34.5,6.0,14.0,.426,0.5,1.7,.281,5.5,12.3,.446,.443,2.2,3.5,.644,2.7,6.9,9.6,3.8,1.7,0.4,2.8,2.4,14.7,1993
1100,142,Jay Guidinger,C,23,CLE,32,5,6.7,0.6,1.7,.345,0.0,0.0,,0.6,1.7,.345,.345,0.4,0.8,.520,0.8,1.2,2.0,0.5,0.3,0.3,0.3,1.5,1.6,1993
1101,143,Tom Hammonds,PF,25,TOT,54,5,13.2,1.9,4.1,.475,0.0,0.0,.000,1.9,4.1,.477,.475,0.7,1.1,.613,0.7,1.6,2.4,0.4,0.3,0.2,0.6,1.4,4.6,1993
1102,143,Tom Hammonds,PF,25,CHH,19,5,7.5,1.0,2.4,.422,0.0,0.0,,1.0,2.4,.422,.422,0.3,0.4,.625,0.3,1.4,1.6,0.4,0.0,0.2,0.2,1.1,2.3,1993
1103,143,Tom Hammonds,PF,25,DEN,35,0,16.3,2.5,5.0,.489,0.0,0.0,.000,2.5,5.0,.491,.489,0.9,1.5,.611,0.9,1.8,2.7,0.5,0.5,0.2,0.9,1.6,5.9,1993
1104,144,Tim Hardaway*,PG,26,GSW,66,66,39.5,7.9,17.7,.447,1.5,4.7,.330,6.4,13.0,.489,.491,4.1,5.6,.744,0.9,3.1,4.0,10.6,1.8,0.2,3.3,2.3,21.5,1993
1105,145,Derek Harper,SG,31,DAL,62,60,34.0,6.3,15.1,.419,1.6,4.1,.393,4.7,11.0,.428,.472,3.9,5.1,.756,0.7,1.3,2.0,5.4,1.3,0.3,2.2,2.3,18.2,1993
1106,146,Ron Harper,SG,29,LAC,80,77,37.1,6.8,15.0,.451,0.7,2.3,.280,6.1,12.7,.482,.472,3.8,5.0,.769,1.5,3.9,5.3,4.5,2.2,0.9,2.8,2.7,18.0,1993
1107,147,Scott Hastings,C,32,DEN,76,0,8.8,0.8,1.5,.509,0.0,0.1,.250,0.7,1.4,.529,.518,0.5,0.7,.727,0.6,1.2,1.8,0.4,0.2,0.1,0.4,1.5,2.1,1993
1108,148,Hersey Hawkins,SG,26,PHI,81,81,36.8,6.8,14.5,.470,1.5,3.8,.397,5.3,10.7,.496,.522,5.2,6.0,.860,1.1,3.1,4.3,3.9,1.7,0.4,2.2,2.3,20.3,1993
1109,149,Steve Henson,PG,24,ATL,53,2,13.6,1.3,3.4,.390,0.7,1.5,.463,0.6,1.9,.333,.492,0.6,0.8,.850,0.2,0.8,1.0,2.9,0.6,0.0,1.0,1.6,4.0,1993
1110,150,Carl Herrera,PF,26,HOU,81,12,22.2,3.0,5.5,.541,0.0,0.0,.000,3.0,5.5,.543,.541,1.5,2.2,.710,1.8,3.8,5.6,0.8,0.6,0.4,1.1,2.3,7.5,1993
1111,151,Rod Higgins,SF,33,SAC,69,4,20.7,2.9,7.0,.412,0.6,1.9,.323,2.3,5.1,.446,.457,1.9,2.2,.861,1.0,1.8,2.8,1.7,0.7,0.4,0.9,2.0,8.3,1993
1112,152,Sean Higgins,SF,24,GSW,29,4,20.4,3.3,7.4,.447,0.4,1.3,.351,2.9,6.1,.466,.477,1.2,1.6,.745,0.8,1.6,2.3,2.3,0.4,0.2,2.2,1.9,8.3,1993
1113,153,Tyrone Hill,C,24,GSW,74,66,28.0,3.4,6.7,.508,0.0,0.1,.000,3.4,6.6,.512,.508,1.9,3.0,.624,3.4,6.7,10.2,0.9,0.6,0.5,1.2,4.3,8.6,1993
1114,154,Donald Hodge,C,23,DAL,79,8,16.0,2.0,5.1,.403,0.0,0.0,,2.0,5.1,.403,.403,0.9,1.3,.683,1.2,2.5,3.7,0.9,0.4,0.5,1.1,2.6,5.0,1993
1115,155,Dave Hoppen,C,28,NJN,2,0,5.0,0.5,0.5,1.000,0.0,0.0,,0.5,0.5,1.000,1.000,0.0,1.0,.000,0.5,1.5,2.0,0.0,0.0,0.0,0.0,1.0,1.0,1993
1116,156,Jeff Hornacek,PG,29,PHI,79,78,36.2,7.4,15.7,.470,1.2,3.2,.390,6.1,12.5,.490,.509,3.2,3.7,.865,1.1,3.3,4.3,6.9,1.7,0.3,2.8,2.6,19.1,1993
1117,157,Robert Horry,SF,22,HOU,79,79,29.5,4.1,8.6,.474,0.2,0.6,.255,3.9,8.0,.490,.482,1.8,2.5,.715,1.4,3.5,5.0,2.4,1.0,1.1,2.0,2.7,10.1,1993
1118,158,Byron Houston,PF,23,GSW,79,8,16.1,1.8,4.1,.446,0.0,0.1,.286,1.8,4.0,.450,.449,1.6,2.5,.665,1.5,2.5,4.0,0.9,0.6,0.5,1.1,3.2,5.3,1993
1119,159,Brian Howard,SF,25,DAL,68,22,19.0,2.7,6.1,.442,0.0,0.1,.143,2.7,6.0,.447,.443,1.1,1.4,.766,1.0,2.1,3.1,1.0,0.8,0.5,1.0,3.2,6.5,1993
1120,160,Stephen Howard,SF,22,UTA,49,0,5.3,0.7,1.9,.376,0.0,0.0,,0.7,1.9,.376,.376,0.7,1.1,.642,0.5,0.7,1.2,0.2,0.3,0.2,0.5,1.2,2.1,1993
1121,Rk,Player,Pos,Age,Tm,G,GS,MP,FG,FGA,FG%,3P,3PA,3P%,2P,2PA,2P%,eFG%,FT,FTA,FT%,ORB,DRB,TRB,AST,STL,BLK,TOV,PF,PTS,1993
1122,161,Jay Humphries,SG,30,UTA,78,20,26.1,3.7,8.4,.436,0.2,1.0,.200,3.5,7.5,.466,.447,1.3,1.7,.777,0.5,1.3,1.8,4.1,1.3,0.1,1.7,3.0,8.8,1993
1123,162,Byron Irvin,SG,26,WSB,4,2,11.3,2.3,4.5,.500,0.3,0.3,1.000,2.0,4.3,.471,.528,0.8,1.5,.500,0.5,0.5,1.0,0.5,0.3,0.0,1.0,1.3,5.5,1993
1124,163,Mike Iuzzolino,PG,25,DAL,70,23,25.3,3.2,6.8,.462,0.8,2.1,.375,2.4,4.8,.500,.519,1.6,2.1,.765,0.4,1.6,2.0,4.7,0.7,0.1,1.8,1.4,8.7,1993
1125,164,Jaren Jackson,SG,25,LAC,34,0,10.3,1.6,3.8,.414,0.1,0.1,.400,1.5,3.6,.415,.422,0.7,0.8,.852,0.6,0.6,1.1,1.0,0.6,0.1,0.5,1.3,3.9,1993
1126,165,Jim Jackson,SF,22,DAL,28,28,33.5,6.6,16.6,.395,0.8,2.6,.288,5.8,14.0,.415,.417,2.4,3.3,.739,1.5,2.9,4.4,4.7,1.4,0.4,4.1,2.9,16.3,1993
1127,166,Mark Jackson,PG,27,LAC,82,81,38.0,5.6,11.5,.486,0.3,1.0,.268,5.3,10.5,.506,.497,2.9,3.7,.803,1.6,3.2,4.7,8.8,1.7,0.1,2.7,1.9,14.4,1993
1128,167,Henry James,PF,27,TOT,10,0,8.8,2.1,5.1,.412,0.3,1.3,.231,1.8,3.8,.474,.441,2.2,2.6,.846,0.7,0.4,1.1,0.1,0.3,0.0,0.7,0.9,6.7,1993
1129,167,Henry James,PF,27,SAC,8,0,9.9,2.5,5.6,.444,0.4,1.3,.300,2.1,4.4,.486,.478,2.1,2.5,.850,0.8,0.5,1.3,0.1,0.4,0.0,0.9,1.1,7.5,1993
1130,167,Henry James,PF,27,UTA,2,0,4.5,0.5,3.0,.167,0.0,1.5,.000,0.5,1.5,.333,.167,2.5,3.0,.833,0.5,0.0,0.5,0.0,0.0,0.0,0.0,0.0,3.5,1993
1131,168,Keith Jennings,PG,24,GSW,8,0,17.0,3.1,5.3,.595,0.6,1.1,.556,2.5,4.1,.606,.655,1.8,2.3,.778,0.3,1.1,1.4,2.9,0.5,0.0,0.9,2.3,8.6,1993
1132,169,Avery Johnson,PG,27,SAS,75,49,27.1,3.4,6.8,.502,0.0,0.1,.000,3.4,6.7,.510,.502,1.9,2.4,.791,0.3,1.7,1.9,7.5,1.1,0.2,1.9,1.9,8.7,1993
1133,170,Buck Johnson,SF,29,WSB,73,19,17.6,2.6,5.5,.479,0.0,0.0,.000,2.6,5.5,.483,.479,1.3,1.7,.730,1.1,1.6,2.7,1.2,0.5,0.2,1.0,2.6,6.5,1993
1134,171,Dave Johnson,SG,22,POR,42,0,8.5,1.4,3.5,.383,0.1,0.3,.214,1.3,3.2,.400,.393,1.0,1.4,.678,0.4,0.7,1.1,0.3,0.2,0.0,0.7,0.5,3.7,1993
1135,172,Eddie Johnson,SF,33,SEA,82,0,22.8,5.6,12.1,.467,0.2,0.7,.304,5.4,11.4,.477,.476,2.9,3.1,.911,1.5,1.8,3.3,1.6,0.4,0.0,1.6,2.1,14.4,1993
1136,173,Frank Johnson,PG,34,PHO,77,0,14.6,1.8,4.1,.436,0.0,0.2,.083,1.8,3.9,.450,.438,0.8,1.0,.776,0.5,0.9,1.5,2.4,0.8,0.1,1.0,1.5,4.3,1993
1137,174,Kevin Johnson,PG,26,PHO,49,47,33.5,5.8,11.5,.499,0.0,0.2,.125,5.7,11.4,.504,.500,4.6,5.6,.819,0.6,1.5,2.1,7.8,1.7,0.4,3.1,2.0,16.1,1993
1138,175,Larry Johnson,PF,23,CHH,82,82,40.5,8.9,16.9,.526,0.2,0.9,.254,8.7,16.0,.540,.532,4.1,5.3,.767,3.4,7.1,10.5,4.3,0.6,0.3,2.8,2.3,22.1,1993
1139,176,Charles Jones,C,35,WSB,67,21,18.0,0.5,0.9,.524,0.0,0.0,.000,0.5,0.9,.532,.524,0.3,0.6,.579,1.3,2.8,4.1,0.6,0.6,1.1,0.6,2.1,1.3,1993
1140,177,Michael Jordan*,SG,29,CHI,78,78,39.3,12.7,25.7,.495,1.0,2.9,.352,11.7,22.7,.514,.515,6.1,7.3,.837,1.7,5.0,6.7,5.5,2.8,0.8,2.7,2.4,32.6,1993
1141,178,Thomas Jordan,PF,24,PHI,4,0,26.5,4.5,10.3,.439,0.0,0.0,,4.5,10.3,.439,.439,2.0,4.3,.471,1.3,3.5,4.8,0.8,0.8,1.3,3.0,3.5,11.0,1993
1142,179,Adam Keefe,PF,22,ATL,82,6,18.9,2.3,4.6,.500,0.0,0.0,.000,2.3,4.6,.501,.500,2.0,2.9,.700,2.1,3.2,5.3,1.0,0.7,0.2,1.2,2.4,6.6,1993
1143,180,Shawn Kemp,PF,23,SEA,78,68,33.1,6.6,13.4,.492,0.0,0.1,.000,6.6,13.4,.494,.492,4.6,6.4,.712,3.7,7.0,10.7,2.0,1.5,1.9,2.8,4.2,17.8,1993
1144,Rk,Player,Pos,Age,Tm,G,GS,MP,FG,FGA,FG%,3P,3PA,3P%,2P,2PA,2P%,eFG%,FT,FTA,FT%,ORB,DRB,TRB,AST,STL,BLK,TOV,PF,PTS,1993
1145,181,Tim Kempton,PF,29,PHO,30,0,5.6,0.6,1.6,.396,0.0,0.0,,0.6,1.6,.396,.396,0.6,1.0,.581,0.4,0.9,1.3,0.6,0.1,0.1,0.5,1.0,1.9,1993
1146,182,Steve Kerr,SG-PG,27,TOT,52,0,9.3,1.0,2.3,.434,0.1,0.5,.231,0.9,1.8,.490,.459,0.4,0.5,.917,0.1,0.8,0.9,1.3,0.2,0.0,0.5,0.7,2.6,1993
1147,182,Steve Kerr,PG,27,CLE,5,0,8.2,1.0,2.0,.500,0.0,0.4,.000,1.0,1.6,.625,.500,0.4,0.4,1.000,0.0,1.4,1.4,2.2,0.4,0.0,0.4,0.4,2.4,1993
1148,182,Steve Kerr,SG,27,ORL,47,0,9.4,1.0,2.4,.429,0.1,0.5,.250,0.9,1.9,.477,.455,0.4,0.5,.909,0.1,0.7,0.8,1.3,0.2,0.0,0.5,0.7,2.6,1993
1149,183,Jerome Kersey,SF,30,POR,65,50,26.4,4.3,9.9,.438,0.1,0.4,.286,4.2,9.4,.445,.444,1.8,2.8,.634,1.9,4.3,6.2,1.9,1.2,0.6,1.3,2.8,10.6,1993
1150,184,Alec Kessler,PF,26,MIA,40,2,10.4,1.4,3.1,.467,0.1,0.3,.455,1.3,2.8,.468,.488,0.9,1.2,.766,0.6,1.7,2.3,0.4,0.1,0.3,0.5,1.6,3.9,1993
1151,185,Bo Kimble,SG,26,NYK,9,0,6.1,1.6,3.7,.424,0.2,0.9,.250,1.3,2.8,.480,.455,0.3,0.9,.375,0.3,0.9,1.2,0.6,0.1,0.0,0.7,1.1,3.7,1993
1152,186,Stan Kimbrough,PG,26,SAC,3,0,5.0,0.7,2.0,.333,0.3,0.7,.500,0.3,1.3,.250,.417,0.0,0.0,,0.0,0.0,0.0,0.3,0.3,0.0,0.0,0.3,1.7,1993
1153,187,Bernard King*,SF,36,NJN,32,2,13.4,2.8,5.5,.514,0.1,0.2,.286,2.8,5.3,.524,.520,1.2,1.8,.684,1.1,1.3,2.4,0.6,0.3,0.1,0.7,1.7,7.0,1993
1154,188,Rich King,C,23,SEA,3,0,4.0,0.7,1.7,.400,0.0,0.0,,0.7,1.7,.400,.400,0.7,0.7,1.000,0.3,1.3,1.7,0.3,0.0,0.0,1.0,0.3,2.0,1993
1155,189,Stacey King,C,26,CHI,76,3,13.9,2.1,4.5,.471,0.0,0.1,.333,2.1,4.4,.473,.474,1.1,1.6,.705,1.4,1.3,2.7,0.9,0.3,0.3,0.9,1.7,5.4,1993
1156,190,Greg Kite,C,31,ORL,64,1,10.0,0.6,1.3,.452,0.0,0.0,.000,0.6,1.3,.458,.452,0.2,0.4,.542,1.0,2.0,3.0,0.2,0.2,0.2,0.5,2.1,1.4,1993
1157,191,Joe Kleine,C,31,BOS,78,3,14.5,1.4,3.4,.404,0.0,0.1,.000,1.4,3.3,.414,.404,0.5,0.7,.707,1.4,3.0,4.4,0.5,0.2,0.2,0.5,1.6,3.3,1993
1158,192,Negele Knight,PG,25,PHO,52,35,17.1,2.4,6.1,.391,0.0,0.1,.000,2.4,6.0,.400,.391,1.3,1.7,.779,0.5,0.7,1.2,2.8,0.4,0.1,1.4,1.3,6.1,1993
1159,193,Bart Kofoed,SG,28,BOS,7,0,5.9,0.4,1.9,.231,0.0,0.1,.000,0.4,1.7,.250,.231,1.6,2.0,.786,0.0,0.1,0.1,1.4,0.3,0.1,0.4,0.1,2.4,1993
1160,194,Jon Koncak,C,29,ATL,78,65,25.3,1.6,3.4,.464,0.0,0.1,.375,1.6,3.3,.467,.470,0.3,0.6,.480,1.3,4.2,5.5,1.8,1.0,1.3,0.7,3.4,3.5,1993
1161,195,Larry Krystkowiak,PF,28,UTA,71,0,19.2,2.8,6.0,.466,0.0,0.0,.000,2.8,6.0,.467,.466,1.6,2.1,.796,1.0,2.9,3.9,1.0,0.6,0.2,0.9,2.5,7.2,1993
1162,196,Christian Laettner,PF,23,MIN,81,81,34.9,6.2,13.1,.474,0.0,0.5,.100,6.2,12.6,.489,.476,5.7,6.8,.835,2.1,6.6,8.7,2.8,1.3,1.0,3.4,3.6,18.2,1993
1163,197,Bill Laimbeer,C,35,DET,79,41,24.5,3.7,7.3,.509,0.1,0.3,.370,3.6,6.9,.516,.517,1.2,1.3,.894,1.4,3.9,5.3,1.6,0.6,0.5,0.7,2.7,8.7,1993
1164,198,Jerome Lane,PF,26,CLE,21,2,7.1,1.3,2.6,.500,0.0,0.0,,1.3,2.6,.500,.500,0.2,1.0,.250,1.1,1.4,2.5,0.8,0.6,0.1,0.3,1.5,2.8,1993
1165,199,Andrew Lang,C,26,PHI,73,59,25.5,2.0,4.8,.425,0.0,0.1,.200,2.0,4.7,.428,.426,1.2,1.6,.763,1.9,4.1,6.0,1.1,0.6,1.9,1.2,3.6,5.3,1993
1166,200,Doug Lee,SG,28,NJN,5,0,6.6,0.4,1.4,.286,0.2,0.6,.333,0.2,0.8,.250,.357,0.0,0.0,,0.0,0.4,0.4,1.0,0.0,0.2,0.6,1.4,1.0,1993
1167,Rk,Player,Pos,Age,Tm,G,GS,MP,FG,FGA,FG%,3P,3PA,3P%,2P,2PA,2P%,eFG%,FT,FTA,FT%,ORB,DRB,TRB,AST,STL,BLK,TOV,PF,PTS,1993
1168,201,Tim Legler,SG,26,TOT,33,0,19.2,3.2,7.3,.436,0.7,2.0,.338,2.5,5.3,.472,.481,1.7,2.2,.803,0.8,1.0,1.8,1.4,0.7,0.2,0.8,1.9,8.8,1993
1169,201,Tim Legler,SG,26,UTA,3,0,1.7,0.3,1.0,.333,0.0,0.0,,0.3,1.0,.333,.333,0.0,0.0,,0.0,0.3,0.3,0.0,0.0,0.0,0.0,0.0,0.7,1993
1170,201,Tim Legler,SG,26,DAL,30,0,21.0,3.5,7.9,.437,0.7,2.2,.338,2.7,5.8,.474,.483,1.9,2.4,.803,0.8,1.1,1.9,1.5,0.8,0.2,0.9,2.1,9.6,1993
1171,202,Jim Les,PG,29,SAC,73,0,12.1,1.5,3.5,.425,0.9,2.1,.429,0.6,1.4,.419,.552,0.6,0.7,.840,0.3,0.9,1.2,2.3,0.5,0.1,0.7,1.1,4.5,1993
1172,203,Reggie Lewis,SG,27,BOS,80,80,39.3,8.3,17.6,.470,0.2,0.8,.233,8.1,16.9,.481,.475,4.1,4.7,.867,1.1,3.2,4.3,3.7,1.5,1.0,1.7,3.1,20.8,1993
1173,204,Marcus Liberty,SF,24,DEN,78,32,20.3,3.2,7.9,.406,0.3,0.8,.373,2.9,7.2,.410,.424,1.3,2.0,.654,1.7,2.6,4.3,1.3,0.8,0.3,1.0,1.8,8.1,1993
1174,205,Todd Lichti,SG,26,DEN,48,12,15.7,2.6,5.8,.449,0.0,0.1,.333,2.5,5.6,.452,.453,1.7,2.1,.794,0.7,1.4,2.1,1.1,0.6,0.2,1.0,1.3,6.9,1993
1175,206,Alton Lister,C,34,GSW,20,9,8.7,1.0,2.1,.452,0.0,0.0,,1.0,2.1,.452,.452,0.4,0.7,.538,0.8,1.5,2.2,0.3,0.0,0.5,0.9,2.0,2.3,1993
1176,207,Brad Lohaus,PF,28,MIL,80,24,22.1,3.5,7.7,.461,1.1,2.9,.370,2.5,4.8,.516,.530,0.9,1.3,.723,0.7,2.7,3.5,1.6,0.6,0.9,1.2,2.2,9.1,1993
1177,208,Grant Long,PF,26,MIA,76,62,35.9,5.2,11.1,.469,0.1,0.3,.231,5.1,10.8,.476,.472,3.4,4.5,.765,2.6,4.9,7.5,2.4,1.4,0.4,1.8,3.5,14.0,1993
1178,209,Luc Longley,C,24,MIN,55,25,19.0,2.4,5.3,.455,0.0,0.0,,2.4,5.3,.455,.455,1.0,1.3,.716,1.3,3.1,4.4,0.9,0.9,1.4,1.6,3.1,5.8,1993
1179,210,Kevin Lynch,SG,24,CHH,40,8,8.1,0.8,1.5,.508,0.0,0.0,.000,0.8,1.5,.517,.508,0.7,1.0,.684,0.3,0.6,0.9,0.6,0.3,0.2,0.6,1.1,2.2,1993
1180,211,Sam Mack,SF,22,SAS,40,0,6.7,1.2,3.0,.398,0.1,0.6,.136,1.1,2.4,.458,.411,1.1,1.5,.776,0.5,0.8,1.2,0.4,0.4,0.1,0.6,1.1,3.6,1993
1181,212,Don MacLean,PF,23,WSB,62,4,10.9,2.5,5.8,.435,0.0,0.1,.500,2.5,5.7,.434,.439,1.5,1.8,.811,0.5,1.4,2.0,0.6,0.2,0.1,0.7,1.3,6.6,1993
1182,213,Mark Macon,PG,23,DEN,48,27,23.8,3.3,7.9,.415,0.0,0.1,.000,3.3,7.8,.421,.415,0.9,1.3,.700,0.7,1.5,2.1,2.6,1.4,0.1,1.5,2.8,7.5,1993
1183,214,Rick Mahorn,PF,34,NJN,74,9,14.6,1.4,2.9,.472,0.0,0.0,.333,1.4,2.9,.474,.474,1.2,1.5,.800,1.3,2.5,3.8,0.4,0.3,0.4,0.8,2.1,3.9,1993
1184,215,Dan Majerle,SG,27,PHO,82,82,39.0,6.2,13.4,.464,2.0,5.3,.381,4.2,8.0,.520,.541,2.5,3.2,.778,1.5,3.2,4.7,3.8,1.7,0.4,1.6,2.2,16.9,1993
1185,216,Jeff Malone,SG,31,UTA,79,59,32.4,7.5,15.3,.494,0.0,0.1,.333,7.5,15.1,.495,.495,3.0,3.5,.852,0.4,1.8,2.2,1.6,0.5,0.1,1.6,1.5,18.1,1993
1186,217,Karl Malone*,PF,29,UTA,82,82,37.8,9.7,17.6,.552,0.0,0.2,.200,9.7,17.4,.557,.554,7.5,10.2,.740,2.8,8.4,11.2,3.8,1.5,1.0,2.9,3.2,27.0,1993
1187,218,Moses Malone*,C,37,MIL,11,0,9.5,1.2,3.8,.310,0.0,0.0,,1.2,3.8,.310,.310,2.2,2.8,.774,2.0,2.2,4.2,0.6,0.1,0.7,0.9,0.5,4.5,1993
1188,219,Danny Manning,PF,26,LAC,79,77,34.9,8.9,17.5,.509,0.1,0.4,.267,8.8,17.1,.514,.512,4.9,6.1,.802,2.5,4.1,6.6,2.6,1.4,1.3,2.9,4.1,22.8,1993
1189,220,Šarūnas Marčiulionis*,SF,28,GSW,30,8,27.9,5.9,10.9,.543,0.1,0.5,.200,5.8,10.4,.559,.547,5.4,7.1,.761,1.3,1.9,3.2,3.5,1.7,0.1,2.5,3.1,17.4,1993
1190,Rk,Player,Pos,Age,Tm,G,GS,MP,FG,FGA,FG%,3P,3PA,3P%,2P,2PA,2P%,eFG%,FT,FTA,FT%,ORB,DRB,TRB,AST,STL,BLK,TOV,PF,PTS,1993
1191,221,Anthony Mason,PF,26,NYK,81,0,30.6,3.9,7.8,.502,0.0,0.0,,3.9,7.8,.502,.502,2.5,3.6,.682,2.9,5.0,7.9,2.1,0.5,0.2,1.7,3.0,10.3,1993
1192,222,Marlon Maxey,PF,23,MIN,43,3,12.1,2.2,3.9,.550,0.0,0.0,.000,2.2,3.9,.554,.550,1.0,1.6,.643,1.5,2.3,3.8,0.3,0.3,0.4,0.9,1.7,5.4,1993
1193,223,Vernon Maxwell,SG,27,HOU,71,68,31.7,4.9,12.1,.407,1.7,5.1,.332,3.2,7.0,.461,.477,2.3,3.2,.719,0.4,2.7,3.1,4.2,1.2,0.1,2.0,1.7,13.8,1993
1194,224,Lee Mayberry,PG,22,MIL,82,4,18.3,2.1,4.6,.456,0.5,1.3,.391,1.6,3.2,.483,.513,0.5,0.8,.574,0.3,1.1,1.4,3.3,0.7,0.1,1.0,1.8,5.2,1993
1195,225,Travis Mays,PG,24,ATL,49,9,16.1,2.6,6.3,.417,0.6,1.7,.345,2.0,4.6,.444,.464,1.1,1.7,.659,0.4,0.7,1.1,1.5,0.4,0.1,1.0,1.2,7.0,1993
1196,226,Bob McCann,SF,28,MIN,79,7,19.4,2.5,5.2,.488,0.0,0.0,.000,2.5,5.2,.490,.488,1.2,1.9,.625,1.2,2.4,3.6,0.9,0.6,0.7,1.0,2.6,6.3,1993
1197,227,George McCloud,SF,25,IND,78,21,19.2,2.8,6.7,.411,0.7,2.3,.320,2.0,4.4,.459,.467,1.0,1.3,.735,0.8,1.9,2.6,2.5,0.7,0.1,1.4,2.1,7.2,1993
1198,228,Rodney McCray,SF,31,CHI,64,5,15.9,1.4,3.2,.451,0.0,0.1,.400,1.4,3.1,.452,.456,0.6,0.8,.692,0.8,1.6,2.5,1.3,0.2,0.2,0.8,1.5,3.5,1993
1199,229,Xavier McDaniel,PF,29,BOS,82,27,27.0,5.6,11.3,.495,0.1,0.3,.273,5.5,11.0,.500,.498,2.3,2.9,.793,2.0,3.9,6.0,2.0,0.9,0.6,2.1,3.0,13.5,1993
1200,230,Kevin McHale*,PF,35,BOS,71,0,23.3,4.2,9.1,.459,0.0,0.3,.111,4.2,8.9,.469,.461,2.3,2.7,.841,1.3,3.7,5.0,1.0,0.2,0.8,1.3,1.8,10.7,1993
1201,231,Derrick McKey,SF,26,SEA,77,68,31.7,5.0,10.1,.496,0.5,1.5,.357,4.5,8.7,.519,.522,2.9,3.9,.741,1.6,2.7,4.2,2.6,1.4,0.8,2.0,2.7,13.4,1993
1202,232,Nate McMillan,PG,28,SEA,73,25,27.1,2.9,6.3,.464,0.3,0.9,.385,2.6,5.4,.477,.491,1.3,1.8,.709,1.2,3.0,4.2,5.3,2.4,0.5,1.9,3.3,7.5,1993
1203,233,Oliver Miller,C,22,PHO,56,1,19.1,2.2,4.6,.475,0.0,0.1,.000,2.2,4.5,.480,.475,1.3,1.8,.710,1.3,3.7,4.9,2.1,0.7,1.8,1.9,2.6,5.6,1993
1204,234,Reggie Miller*,SG,27,IND,82,82,36.0,7.0,14.5,.479,2.0,5.1,.399,4.9,9.4,.522,.549,5.2,5.9,.880,0.8,2.3,3.1,3.2,1.5,0.3,1.8,2.2,21.2,1993
1205,235,Terry Mills,PF,25,DET,81,46,27.0,6.1,13.2,.461,0.1,0.4,.278,6.0,12.8,.467,.465,2.5,3.1,.791,2.2,3.7,5.8,1.4,0.5,0.6,1.8,3.5,14.8,1993
1206,236,Harold Miner,SG,21,MIA,73,0,18.9,4.0,8.4,.475,0.0,0.1,.333,4.0,8.3,.477,.477,2.2,2.9,.762,1.0,1.0,2.0,1.0,0.5,0.1,1.3,1.8,10.3,1993
1207,237,Sam Mitchell,SF,29,IND,81,1,17.3,2.7,6.0,.445,0.0,0.3,.174,2.6,5.7,.459,.449,1.9,2.3,.811,1.1,1.9,3.1,0.9,0.3,0.1,0.6,2.6,7.2,1993
1208,238,Tracy Moore,SG,27,DAL,39,1,13.1,2.6,6.4,.414,0.6,1.7,.343,2.1,4.7,.440,.460,1.4,1.6,.869,0.6,0.7,1.3,1.2,0.5,0.1,0.8,1.4,7.2,1993
1209,239,Chris Morris,SF,27,NJN,77,57,29.9,5.7,11.8,.481,0.2,1.0,.224,5.4,10.8,.504,.490,2.6,3.2,.794,2.9,2.9,5.9,1.4,1.9,0.7,1.5,2.2,14.1,1993
1210,240,Isaiah Morris,SF,23,DET,25,0,4.1,1.0,2.3,.456,0.0,0.0,,1.0,2.3,.456,.456,0.1,0.2,.750,0.2,0.2,0.5,0.2,0.1,0.0,0.3,0.6,2.2,1993
1211,Rk,Player,Pos,Age,Tm,G,GS,MP,FG,FGA,FG%,3P,3PA,3P%,2P,2PA,2P%,eFG%,FT,FTA,FT%,ORB,DRB,TRB,AST,STL,BLK,TOV,PF,PTS,1993
1212,241,Alonzo Mourning*,C,22,CHH,78,78,33.9,7.3,14.3,.511,0.0,0.0,.000,7.3,14.3,.513,.511,6.3,8.1,.781,3.4,6.9,10.3,1.0,0.3,3.5,3.0,3.7,21.0,1993
1213,242,Chris Mullin*,SF,29,GSW,46,46,41.3,10.3,20.2,.510,1.3,2.9,.451,9.0,17.3,.519,.542,4.0,4.9,.810,0.9,4.1,5.0,3.6,1.5,0.9,3.0,1.7,25.9,1993
1214,243,Eric Murdock,PG,24,MIL,79,78,30.8,5.5,11.8,.468,0.4,1.5,.261,5.2,10.3,.498,.485,2.9,3.7,.780,1.2,2.4,3.6,7.6,2.2,0.1,2.6,2.2,14.4,1993
1215,244,Tracy Murray,SF,21,POR,48,14,10.3,2.3,5.4,.415,0.4,1.5,.300,1.8,4.0,.458,.456,0.7,0.8,.875,0.8,0.9,1.7,0.2,0.2,0.1,0.6,1.2,5.7,1993
1216,245,Jerrod Mustaf,PF,23,PHO,32,9,10.5,1.8,4.1,.438,0.0,0.0,.000,1.8,4.0,.442,.438,1.0,1.7,.623,0.9,1.7,2.6,0.3,0.4,0.3,0.7,1.3,4.6,1993
1217,246,Dikembe Mutombo*,C,26,DEN,82,82,36.9,4.9,9.5,.510,0.0,0.0,,4.9,9.5,.510,.510,4.1,6.0,.681,4.2,8.9,13.0,1.8,0.5,3.5,2.6,3.5,13.8,1993
1218,247,Larry Nance,PF,33,CLE,77,77,35.8,6.9,12.6,.549,0.0,0.1,.000,6.9,12.6,.551,.549,2.6,3.2,.818,2.4,6.3,8.7,2.9,0.7,2.6,1.4,2.9,16.5,1993
1219,248,Ed Nealy,PF,32,TOT,41,4,7.5,0.6,1.7,.377,0.2,0.7,.296,0.4,1.0,.429,.435,0.2,0.3,.750,0.3,1.3,1.6,0.4,0.3,0.0,0.2,1.0,1.7,1993
1220,248,Ed Nealy,PF,32,GSW,30,4,7.6,0.5,1.5,.348,0.2,0.7,.318,0.3,0.8,.375,.424,0.2,0.3,.700,0.3,1.3,1.6,0.4,0.3,0.0,0.2,1.2,1.5,1993
1221,248,Ed Nealy,PF,32,CHI,11,0,7.2,0.9,2.1,.435,0.1,0.5,.200,0.8,1.6,.500,.457,0.2,0.2,1.000,0.4,1.1,1.5,0.2,0.3,0.1,0.2,0.5,2.1,1993
1222,249,Melvin Newbern,SG,25,DET,33,1,9.4,1.3,3.4,.372,0.0,0.2,.125,1.2,3.2,.390,.376,1.0,1.8,.567,0.6,0.5,1.1,1.7,0.7,0.0,1.0,1.3,3.6,1993
1223,250,Johnny Newman,SF,29,CHH,64,27,23.0,4.4,8.3,.522,0.2,0.7,.267,4.2,7.6,.546,.534,3.0,3.8,.808,1.1,1.1,2.2,1.8,0.7,0.3,1.4,2.4,11.9,1993
1224,251,Ken Norman,SF,28,LAC,76,71,32.6,6.6,12.8,.511,0.1,0.5,.263,6.4,12.3,.521,.516,1.7,2.9,.595,2.8,4.8,7.5,2.2,0.8,0.8,1.6,2.1,15.0,1993
1225,252,Shaquille O'Neal*,C,20,ORL,81,81,37.9,9.0,16.1,.562,0.0,0.0,.000,9.0,16.1,.563,.562,5.3,8.9,.592,4.2,9.6,13.9,1.9,0.7,3.5,3.8,4.0,23.4,1993
1226,253,Dan O'Sullivan,C,24,TOT,6,0,2.8,0.5,0.8,.600,0.0,0.0,,0.5,0.8,.600,.600,0.5,0.7,.750,0.3,0.7,1.0,0.2,0.2,0.0,0.0,0.7,1.5,1993
1227,253,Dan O'Sullivan,C,24,NJN,3,0,3.3,0.7,1.0,.667,0.0,0.0,,0.7,1.0,.667,.667,0.0,0.0,,0.7,0.7,1.3,0.0,0.0,0.0,0.0,0.3,1.3,1993
1228,253,Dan O'Sullivan,C,24,MIL,3,0,2.3,0.3,0.7,.500,0.0,0.0,,0.3,0.7,.500,.500,1.0,1.3,.750,0.0,0.7,0.7,0.3,0.3,0.0,0.0,1.0,1.7,1993
1229,254,Charles Oakley,PF,29,NYK,82,82,27.2,2.7,5.3,.508,0.0,0.0,.000,2.7,5.2,.509,.508,1.5,2.1,.722,3.5,5.1,8.6,1.5,1.0,0.2,1.5,3.5,6.9,1993
1230,255,Alan Ogg,C,25,TOT,6,0,4.8,0.8,2.2,.385,0.0,0.0,,0.8,2.2,.385,.385,0.5,0.7,.750,0.5,1.2,1.7,0.7,0.2,0.5,0.5,1.0,2.2,1993
1231,255,Alan Ogg,C,25,MIL,3,0,8.7,1.0,3.0,.333,0.0,0.0,,1.0,3.0,.333,.333,0.7,0.7,1.000,0.3,1.7,2.0,1.3,0.3,1.0,1.0,2.0,2.7,1993
1232,255,Alan Ogg,C,25,WSB,3,0,1.0,0.7,1.3,.500,0.0,0.0,,0.7,1.3,.500,.500,0.3,0.7,.500,0.7,0.7,1.3,0.0,0.0,0.0,0.0,0.0,1.7,1993
1233,256,Hakeem Olajuwon*,C,30,HOU,82,82,39.5,10.3,19.5,.529,0.0,0.1,.000,10.3,19.5,.532,.529,5.4,7.0,.779,3.5,9.6,13.0,3.5,1.8,4.2,3.2,3.7,26.1,1993
1234,257,Matt Othick,PG,23,SAS,4,0,9.8,0.8,1.3,.600,0.5,1.0,.500,0.3,0.3,1.000,.800,0.0,0.5,.000,0.3,0.3,0.5,1.8,0.3,0.0,1.0,1.8,2.0,1993
1235,258,Doug Overton,PG,23,WSB,45,13,22.0,3.4,7.2,.471,0.1,0.3,.231,3.3,6.9,.481,.475,1.3,1.8,.728,0.6,1.8,2.4,3.5,0.7,0.1,1.6,1.8,8.1,1993
1236,259,Billy Owens,PF,23,GSW,37,37,32.5,6.7,13.3,.501,0.0,0.3,.091,6.6,13.0,.510,.502,3.2,4.9,.639,2.9,4.2,7.1,3.9,0.9,0.8,2.9,2.8,16.5,1993
1237,260,Robert Pack,PG,23,DEN,77,1,20.5,3.7,7.9,.470,0.0,0.1,.125,3.7,7.8,.475,.471,3.1,4.0,.768,0.7,1.4,2.1,4.4,1.1,0.1,2.4,2.4,10.5,1993
1238,Rk,Player,Pos,Age,Tm,G,GS,MP,FG,FGA,FG%,3P,3PA,3P%,2P,2PA,2P%,eFG%,FT,FTA,FT%,ORB,DRB,TRB,AST,STL,BLK,TOV,PF,PTS,1993
1239,261,Gerald Paddio,SF,27,SEA,41,3,7.5,1.7,3.9,.447,0.0,0.2,.250,1.7,3.7,.457,.453,0.3,0.5,.667,0.4,0.8,1.2,0.8,0.3,0.1,0.4,0.6,3.9,1993
1240,262,Walter Palmer,C,24,DAL,20,0,6.2,1.4,2.9,.474,0.0,0.0,,1.4,2.9,.474,.474,0.3,0.5,.667,0.6,1.6,2.2,0.3,0.1,0.3,0.5,1.5,3.0,1993
1241,263,Robert Parish*,C,39,BOS,79,79,27.2,5.3,9.8,.535,0.0,0.0,,5.3,9.8,.535,.535,2.1,3.0,.689,3.1,6.3,9.4,0.8,0.7,1.4,1.5,2.5,12.6,1993
1242,264,John Paxson,PG,32,CHI,59,8,17.5,1.8,3.9,.451,0.3,0.7,.463,1.5,3.3,.448,.491,0.3,0.3,.850,0.2,0.7,0.8,2.3,0.6,0.0,0.5,1.7,4.2,1993
1243,265,Kenny Payne,SF,26,PHI,13,0,11.8,2.9,6.9,.422,0.3,1.4,.222,2.6,5.5,.472,.444,0.3,0.3,1.000,0.3,1.5,1.8,1.4,0.4,0.2,0.5,1.2,6.5,1993
1244,266,Gary Payton*,PG,24,SEA,82,78,31.1,5.8,11.7,.494,0.1,0.4,.206,5.7,11.3,.505,.498,1.8,2.4,.770,1.2,2.3,3.4,4.9,2.2,0.3,1.8,3.0,13.5,1993
1245,267,Anthony Peeler,SG,23,LAL,77,11,21.5,3.9,8.2,.468,0.6,1.5,.390,3.3,6.7,.486,.505,2.1,2.7,.786,0.8,1.5,2.3,2.2,0.8,0.2,1.6,2.5,10.4,1993
1246,268,Will Perdue,C,27,CHI,72,16,13.9,1.9,3.4,.557,0.0,0.0,.000,1.9,3.4,.559,.557,0.9,1.5,.604,1.4,2.6,4.0,1.0,0.3,0.7,1.0,1.9,4.7,1993
1247,269,Sam Perkins,PF,31,TOT,79,62,29.8,4.8,10.1,.477,0.3,0.9,.338,4.5,9.2,.490,.492,3.2,3.9,.820,2.1,4.6,6.6,2.0,0.8,1.0,1.4,2.8,13.1,1993
1248,269,Sam Perkins,PF,31,LAL,49,49,32.4,4.9,10.8,.459,0.1,0.6,.172,4.8,10.2,.476,.464,3.8,4.5,.829,2.3,5.5,7.7,2.6,0.8,1.0,1.6,2.8,13.7,1993
1249,269,Sam Perkins,PF,31,SEA,30,13,25.4,4.6,9.1,.511,0.6,1.4,.452,4.0,7.7,.522,.546,2.2,2.8,.795,1.7,3.1,4.8,0.9,0.7,1.0,1.1,2.9,12.1,1993
1250,270,Tim Perry,PF,27,PHI,81,51,26.0,3.5,7.6,.468,0.1,0.6,.204,3.4,7.0,.491,.476,1.8,2.6,.710,1.9,3.1,5.0,1.6,0.5,1.1,1.5,2.0,9.0,1993
1251,271,Chuck Person,SF,28,MIN,78,75,38.3,6.9,16.0,.433,1.5,4.3,.355,5.4,11.7,.462,.481,1.4,2.2,.649,1.3,4.3,5.6,4.4,0.9,0.4,2.8,2.5,16.8,1993
1252,272,Dražen Petrović*,SG,28,NJN,70,67,38.0,8.4,16.2,.518,1.1,2.4,.449,7.3,13.8,.529,.551,4.5,5.2,.870,0.6,2.1,2.7,3.5,1.3,0.2,2.9,3.4,22.3,1993
1253,273,Bobby Phills,SG,23,CLE,31,0,4.5,1.2,2.6,.463,0.1,0.2,.400,1.2,2.5,.468,.476,0.5,0.8,.600,0.2,0.4,0.5,0.3,0.3,0.1,0.6,0.6,3.0,1993
1254,274,Ricky Pierce,SG,33,SEA,77,72,28.8,6.8,13.9,.489,0.5,1.5,.372,6.3,12.4,.503,.509,4.1,4.6,.889,0.8,1.7,2.5,2.9,1.3,0.1,2.1,2.2,18.2,1993
1255,275,Ed Pinckney,PF,29,BOS,7,5,21.6,1.4,3.4,.417,0.0,0.0,,1.4,3.4,.417,.417,1.7,1.9,.923,2.0,4.1,6.1,0.1,0.6,1.0,1.1,1.9,4.6,1993
1256,276,Scottie Pippen*,SF,27,CHI,81,81,38.6,7.8,16.4,.473,0.3,1.1,.237,7.5,15.2,.491,.482,2.9,4.3,.663,2.5,5.2,7.7,6.3,2.1,0.9,3.0,2.7,18.6,1993
1257,277,Gary Plummer,PF,30,DEN,60,0,12.3,1.8,3.8,.465,0.0,0.1,.000,1.8,3.8,.471,.465,1.2,1.6,.726,0.9,2.0,2.9,0.7,0.2,0.2,1.3,2.4,4.7,1993
1258,278,Olden Polynice,C,28,DET,67,18,19.4,3.1,6.4,.490,0.0,0.0,.000,3.1,6.4,.491,.490,1.0,2.1,.465,2.7,3.5,6.2,0.4,0.5,0.3,0.8,1.9,7.3,1993
1259,279,Terry Porter,PG,29,POR,81,81,35.6,6.2,13.7,.454,1.8,4.3,.414,4.4,9.4,.472,.519,4.0,4.8,.843,0.7,3.2,3.9,5.2,1.2,0.1,2.5,1.5,18.2,1993
1260,280,Paul Pressey,SG,34,GSW,18,0,14.9,1.6,3.7,.439,0.0,0.2,.000,1.6,3.4,.468,.439,1.2,1.5,.778,0.4,1.3,1.7,1.7,0.6,0.3,1.3,2.0,4.4,1993
1261,Rk,Player,Pos,Age,Tm,G,GS,MP,FG,FGA,FG%,3P,3PA,3P%,2P,2PA,2P%,eFG%,FT,FTA,FT%,ORB,DRB,TRB,AST,STL,BLK,TOV,PF,PTS,1993
1262,281,Brent Price,PG,24,WSB,68,9,12.6,1.5,4.1,.358,0.1,0.7,.167,1.4,3.4,.398,.373,0.8,1.0,.794,0.4,1.1,1.5,2.3,0.8,0.0,1.3,1.3,3.9,1993
1263,282,Mark Price,PG,28,CLE,75,74,31.7,6.4,13.1,.484,1.6,3.9,.416,4.7,9.2,.512,.546,3.9,4.1,.948,0.5,2.2,2.7,8.0,1.2,0.1,2.6,1.4,18.2,1993
1264,283,Anthony Pullard,PF,26,MIL,8,0,4.6,1.0,2.3,.444,0.0,0.0,,1.0,2.3,.444,.444,0.1,0.4,.333,0.3,0.8,1.0,0.3,0.3,0.3,0.6,0.6,2.1,1993
1265,284,Kurt Rambis,PF,34,TOT,72,1,11.4,0.9,1.8,.519,0.0,0.0,.000,0.9,1.8,.528,.519,0.6,0.9,.662,1.1,2.1,3.2,0.7,0.6,0.3,0.6,1.7,2.5,1993
1266,284,Kurt Rambis,PF,34,PHO,5,0,8.2,0.8,1.4,.571,0.0,0.0,,0.8,1.4,.571,.571,0.2,0.4,.500,0.4,0.8,1.2,0.2,0.6,0.0,1.2,0.6,1.8,1993
1267,284,Kurt Rambis,PF,34,SAC,67,1,11.7,0.9,1.8,.516,0.0,0.0,.000,0.9,1.8,.525,.516,0.6,0.9,.667,1.1,2.2,3.3,0.8,0.6,0.3,0.5,1.8,2.5,1993
1268,285,Mark Randall,PF,25,TOT,37,0,6.7,1.1,2.2,.500,0.0,0.2,.125,1.1,1.9,.542,.506,0.4,0.7,.615,0.7,0.8,1.5,0.3,0.1,0.1,0.5,0.9,2.6,1993
1269,285,Mark Randall,PF,25,MIN,2,0,4.0,0.0,0.5,.000,0.0,0.5,.000,0.0,0.0,,.000,0.0,0.0,,0.0,0.0,0.0,0.5,0.0,0.0,0.5,0.5,0.0,1993
1270,285,Mark Randall,PF,25,DET,35,0,6.9,1.1,2.3,.506,0.0,0.2,.143,1.1,2.1,.542,.513,0.5,0.7,.615,0.8,0.8,1.6,0.3,0.1,0.1,0.5,0.9,2.8,1993
1271,286,Blair Rasmussen,C,30,ATL,22,6,12.9,1.4,3.6,.375,0.1,0.3,.333,1.3,3.4,.378,.388,0.4,0.6,.692,0.9,1.6,2.5,0.2,0.2,0.5,0.5,2.8,3.2,1993
1272,287,J.R. Reid,PF,24,TOT,83,25,22.7,3.4,7.2,.476,0.0,0.1,.000,3.4,7.1,.480,.476,2.6,3.4,.764,1.4,4.0,5.5,1.0,0.6,0.4,1.5,3.2,9.4,1993
1273,287,J.R. Reid,PF,24,CHH,17,1,17.4,2.5,5.8,.429,0.0,0.1,.000,2.5,5.7,.433,.429,2.5,3.4,.741,1.2,2.9,4.1,1.4,0.6,0.3,1.4,2.9,7.5,1993
1274,287,J.R. Reid,PF,24,SAS,66,24,24.1,3.7,7.5,.485,0.0,0.1,.000,3.7,7.5,.489,.485,2.6,3.4,.770,1.5,4.3,5.8,0.8,0.5,0.4,1.5,3.3,9.9,1993
1275,288,Glen Rice,SF,25,MIA,82,82,37.6,7.1,16.1,.440,1.8,4.7,.383,5.3,11.4,.463,.495,3.0,3.6,.820,1.1,4.0,5.2,2.2,1.1,0.3,1.9,2.5,19.0,1993
1276,289,Pooh Richardson,PG,26,IND,74,73,32.4,4.6,9.5,.479,0.0,0.4,.103,4.5,9.1,.496,.482,1.2,1.7,.742,0.9,2.8,3.6,7.7,1.3,0.2,2.3,1.8,10.4,1993
1277,290,Mitch Richmond*,SG,27,SAC,45,45,38.4,8.2,17.4,.474,1.1,2.9,.369,7.2,14.5,.495,.505,4.4,5.2,.845,0.4,3.0,3.4,4.9,1.2,0.2,2.9,3.0,21.9,1993
1278,291,Doc Rivers,PG,31,NYK,77,45,24.5,2.8,6.4,.437,0.5,1.6,.317,2.3,4.8,.477,.477,1.7,2.1,.821,0.3,2.2,2.5,5.3,1.6,0.1,1.5,2.8,7.8,1993
1279,292,Fred Roberts,C,32,MIL,79,5,18.8,2.9,5.4,.528,0.2,0.4,.414,2.7,5.1,.536,.542,1.7,2.1,.799,1.2,1.8,3.0,1.5,0.7,0.3,0.8,1.7,7.6,1993
1280,293,Stanley Roberts,C,22,LAC,77,76,23.6,4.9,9.2,.527,0.0,0.0,,4.9,9.2,.527,.527,1.6,3.2,.488,2.4,3.9,6.2,0.8,0.4,1.8,1.6,4.3,11.3,1993
1281,294,Alvin Robertson,SG,30,TOT,69,54,29.1,3.6,7.8,.458,0.6,1.8,.328,3.0,6.0,.496,.495,1.2,1.9,.656,1.6,2.3,3.9,3.8,2.2,0.3,1.9,3.2,9.0,1993
1282,294,Alvin Robertson,SG,30,MIL,39,32,27.3,3.6,7.4,.479,0.4,1.4,.309,3.1,6.0,.519,.509,1.1,1.8,.629,1.2,2.3,3.5,4.0,2.3,0.2,2.0,3.1,8.7,1993
1283,294,Alvin Robertson,SG,30,DET,30,22,31.4,3.6,8.3,.434,0.8,2.2,.343,2.8,6.1,.467,.480,1.3,1.9,.690,2.0,2.4,4.4,3.6,2.2,0.3,1.9,3.3,9.3,1993
1284,295,Clifford Robinson,PF,26,POR,82,12,31.4,7.7,16.3,.473,0.2,0.9,.247,7.5,15.4,.487,.480,3.5,5.1,.690,2.0,4.6,6.6,2.2,1.2,2.0,2.1,3.5,19.1,1993
1285,296,David Robinson*,C,27,SAS,82,82,39.2,8.2,16.4,.501,0.0,0.2,.176,8.2,16.2,.506,.503,6.8,9.3,.732,2.8,8.9,11.7,3.7,1.5,3.2,2.9,2.9,23.4,1993
1286,297,Larry Robinson,SG,25,WSB,4,0,8.3,1.5,4.0,.375,0.0,0.3,.000,1.5,3.8,.400,.375,0.8,1.3,.600,0.3,0.5,0.8,0.8,0.3,0.3,0.3,0.0,3.8,1993
1287,298,Rumeal Robinson,PG,26,NJN,80,28,19.8,3.4,8.0,.423,0.3,0.7,.357,3.1,7.3,.430,.439,1.4,2.4,.574,0.6,1.4,2.0,4.0,1.2,0.2,1.8,2.1,8.4,1993
1288,299,Dennis Rodman*,PF,31,DET,62,55,38.9,3.0,6.9,.427,0.2,1.2,.205,2.7,5.7,.472,.444,1.4,2.6,.534,5.9,12.3,18.3,1.6,0.8,0.7,1.7,3.2,7.5,1993
1289,300,Tree Rollins,C,37,HOU,42,0,5.9,0.3,1.0,.268,0.0,0.0,.000,0.3,0.9,.282,.268,0.2,0.3,.750,0.3,1.1,1.4,0.2,0.1,0.4,0.2,1.0,0.7,1993
1290,Rk,Player,Pos,Age,Tm,G,GS,MP,FG,FGA,FG%,3P,3PA,3P%,2P,2PA,2P%,eFG%,FT,FTA,FT%,ORB,DRB,TRB,AST,STL,BLK,TOV,PF,PTS,1993
1291,301,Sean Rooks,C,23,DAL,72,68,29.0,5.1,10.4,.493,0.0,0.0,.000,5.1,10.3,.494,.493,3.3,5.4,.602,2.7,4.7,7.4,1.3,0.5,1.1,2.2,2.8,13.5,1993
1292,302,Donald Royal,SF,26,ORL,77,0,21.2,2.5,5.1,.496,0.0,0.0,.000,2.5,5.0,.500,.496,4.1,5.1,.815,1.5,2.3,3.8,1.0,0.5,0.3,1.5,2.3,9.2,1993
1293,303,Delaney Rudd,PG,30,POR,15,1,6.3,0.5,2.4,.194,0.1,0.7,.091,0.4,1.7,.240,.208,0.7,0.9,.786,0.3,0.3,0.6,1.1,0.1,0.0,0.7,0.5,1.7,1993
1294,304,Jeff Ruland,C,34,DET,11,0,5.0,0.5,1.0,.455,0.0,0.0,,0.5,1.0,.455,.455,0.2,0.4,.500,0.8,0.8,1.6,0.2,0.2,0.0,0.5,1.5,1.1,1993
1295,305,John Salley,PF,28,MIA,51,34,27.9,3.0,6.0,.502,0.0,0.0,,3.0,6.0,.502,.502,2.3,2.8,.799,2.2,3.9,6.1,1.6,0.6,1.4,2.0,3.8,8.3,1993
1296,306,Jeff Sanders,PF,27,ATL,9,0,13.3,1.1,2.8,.400,0.0,0.0,,1.1,2.8,.400,.400,0.4,0.9,.500,1.3,1.9,3.2,0.7,0.9,0.1,1.2,1.8,2.7,1993
1297,307,Mike Sanders,SF,32,CLE,53,51,22.4,3.7,7.5,.497,0.0,0.1,.250,3.7,7.4,.500,.499,1.1,1.5,.756,1.0,2.2,3.2,1.4,0.7,0.6,1.1,2.8,8.6,1993
1298,308,Danny Schayes,C,33,MIL,70,7,16.1,1.5,3.8,.399,0.0,0.0,.000,1.5,3.7,.404,.399,1.6,2.0,.818,1.0,2.5,3.6,1.1,0.5,0.5,0.9,2.1,4.6,1993
1299,309,Steve Scheffler,C,25,SEA,29,5,5.7,0.9,1.7,.521,0.0,0.0,,0.9,1.7,.521,.521,0.6,0.8,.667,0.5,0.7,1.2,0.2,0.2,0.0,0.2,1.3,2.3,1993
1300,310,Dwayne Schintzius,C,24,NJN,5,0,7.0,0.4,1.4,.286,0.0,0.0,,0.4,1.4,.286,.286,0.6,0.6,1.000,0.4,1.2,1.6,0.4,0.4,0.4,0.0,0.8,1.4,1993
1301,311,Detlef Schrempf,PF,30,IND,82,60,37.8,6.3,13.2,.476,0.1,0.6,.154,6.2,12.6,.493,.480,6.4,8.0,.804,2.6,7.0,9.5,6.0,1.0,0.3,3.0,3.7,19.1,1993
1302,312,Byron Scott,SG,31,LAL,58,53,28.9,5.1,11.4,.449,0.8,2.3,.326,4.3,9.0,.481,.483,2.7,3.2,.848,0.5,1.8,2.3,2.7,0.9,0.2,1.2,1.7,13.7,1993
1303,313,Dennis Scott,SF,24,ORL,54,43,32.6,6.1,14.1,.431,2.0,5.0,.403,4.1,9.2,.446,.502,1.7,2.2,.786,0.7,2.7,3.4,2.5,1.1,0.3,1.9,2.4,15.9,1993
1304,314,Malik Sealy,SF,22,IND,58,2,11.6,2.3,5.5,.426,0.1,0.5,.226,2.2,5.0,.448,.437,0.9,1.3,.689,1.0,0.9,1.9,0.8,0.6,0.1,1.0,1.3,5.7,1993
1305,315,Rony Seikaly,C,27,MIA,72,64,34.1,5.8,12.1,.480,0.0,0.1,.125,5.8,11.9,.484,.481,5.5,7.5,.735,3.6,8.2,11.8,1.4,0.5,1.2,2.8,3.6,17.1,1993
1306,316,Brad Sellers,PF,30,MIN,54,4,9.9,0.9,2.4,.377,0.0,0.0,.000,0.9,2.4,.380,.377,0.7,0.7,.949,0.5,1.0,1.5,0.9,0.1,0.2,0.5,0.7,2.5,1993
1307,317,Charles Shackleford,C,26,PHI,48,0,11.8,1.7,3.4,.488,0.0,0.0,.000,1.7,3.4,.494,.488,0.6,1.0,.633,1.4,2.9,4.3,0.5,0.3,0.5,0.8,1.9,4.0,1993
1308,318,Brian Shaw,PG,26,MIA,68,45,23.6,2.9,7.4,.393,0.6,1.9,.331,2.3,5.5,.415,.436,0.9,1.1,.782,1.0,2.8,3.8,3.5,0.7,0.3,1.4,2.4,7.3,1993
1309,319,Lionel Simmons,SF,24,SAC,69,68,36.3,6.8,15.3,.444,0.0,0.2,.091,6.8,15.1,.447,.444,4.3,5.3,.819,2.3,4.9,7.2,4.5,1.4,0.6,2.8,2.9,17.9,1993
1310,320,Scott Skiles,PG,28,ORL,78,78,39.6,5.3,11.4,.467,1.0,3.0,.340,4.3,8.4,.512,.512,3.7,4.2,.892,0.7,3.1,3.7,9.4,1.1,0.0,3.4,3.1,15.4,1993
1311,Rk,Player,Pos,Age,Tm,G,GS,MP,FG,FGA,FG%,3P,3PA,3P%,2P,2PA,2P%,eFG%,FT,FTA,FT%,ORB,DRB,TRB,AST,STL,BLK,TOV,PF,PTS,1993
1312,321,Charles Smith,SF,27,NYK,81,68,26.8,4.4,9.4,.469,0.0,0.0,.000,4.4,9.4,.470,.469,3.5,4.5,.782,2.1,3.2,5.3,1.8,0.6,1.2,1.9,3.1,12.4,1993
1313,322,Chris Smith,SG,22,MIN,80,6,15.8,1.6,3.6,.433,0.0,0.2,.143,1.5,3.4,.447,.436,1.2,1.5,.792,0.4,0.8,1.2,2.5,0.6,0.2,0.9,1.2,4.3,1993
1314,323,Doug Smith,PF,23,DAL,61,42,25.0,4.7,10.9,.434,0.0,0.1,.000,4.7,10.9,.437,.434,0.9,1.2,.757,1.6,3.8,5.4,1.7,0.8,0.9,1.9,4.6,10.4,1993
1315,324,Kenny Smith,PG,27,HOU,82,82,29.5,4.7,9.1,.520,1.2,2.7,.438,3.5,6.4,.554,.585,2.4,2.7,.878,0.3,1.6,2.0,5.4,1.0,0.1,2.0,1.3,13.0,1993
1316,325,LaBradford Smith,SG,23,WSB,69,33,22.4,3.8,8.3,.458,0.1,0.3,.348,3.7,7.9,.463,.465,1.6,1.8,.858,0.4,1.2,1.5,2.7,0.8,0.1,1.5,2.6,9.3,1993
1317,326,Larry Smith,PF,35,SAS,66,13,12.6,0.6,1.3,.437,0.0,0.0,,0.6,1.3,.437,.437,0.1,0.3,.409,1.6,2.5,4.1,0.4,0.3,0.2,0.6,2.0,1.3,1993
1318,327,Reggie Smith,C,22,POR,23,0,3.0,0.4,1.2,.370,0.0,0.0,.000,0.4,1.1,.385,.370,0.1,0.6,.214,0.7,0.3,0.9,0.0,0.2,0.0,0.2,0.7,1.0,1993
1319,328,Steve Smith,SG,23,MIA,48,43,33.5,5.8,12.9,.451,1.1,2.8,.402,4.7,10.1,.464,.494,3.2,4.1,.787,1.2,2.9,4.1,5.6,1.0,0.3,2.7,3.1,16.0,1993
1320,329,Tony Smith,SG,24,LAL,55,9,13.7,2.4,5.0,.484,0.0,0.2,.182,2.4,4.8,.496,.487,1.1,1.5,.756,0.8,0.7,1.6,1.1,0.9,0.1,0.7,1.3,6.0,1993
1321,330,Rik Smits,C,26,IND,81,81,25.6,6.1,12.6,.486,0.0,0.0,,6.1,12.6,.486,.486,2.1,2.8,.732,1.6,3.8,5.3,1.5,0.3,0.9,1.8,3.5,14.3,1993
1322,331,Andre Spencer,SF,28,TOT,20,1,21.1,3.7,8.2,.448,0.0,0.1,.000,3.7,8.1,.453,.448,2.1,2.7,.759,1.9,2.2,4.1,1.2,0.9,0.4,1.3,3.2,9.4,1993
1323,331,Andre Spencer,SF,28,ATL,3,0,5.0,0.0,1.0,.000,0.0,0.0,,0.0,1.0,.000,.000,0.0,0.0,,0.0,0.3,0.3,0.0,0.7,0.0,0.7,1.0,0.0,1993
1324,331,Andre Spencer,SF,28,GSW,17,1,23.9,4.3,9.4,.456,0.0,0.1,.000,4.3,9.3,.462,.456,2.4,3.2,.759,2.2,2.5,4.7,1.4,0.9,0.4,1.4,3.6,11.0,1993
1325,332,Elmore Spencer,C,23,LAC,44,4,6.4,1.0,1.9,.537,0.0,0.0,,1.0,1.9,.537,.537,0.4,0.7,.500,0.4,1.0,1.4,0.2,0.2,0.4,0.6,1.2,2.4,1993
1326,333,Felton Spencer,C,25,MIN,71,48,18.3,1.5,3.2,.465,0.0,0.0,,1.5,3.2,.465,.465,1.2,1.8,.654,1.9,2.7,4.6,0.2,0.3,0.9,1.0,3.4,4.1,1993
1327,334,Latrell Sprewell,SG,22,GSW,77,69,35.6,5.8,12.6,.464,0.9,2.6,.369,4.9,10.0,.488,.502,2.7,3.7,.746,1.0,2.5,3.5,3.8,1.6,0.7,2.6,2.2,15.4,1993
1328,335,John Starks,SG,27,NYK,80,51,31.0,6.4,15.0,.428,1.4,4.2,.321,5.1,10.8,.469,.473,3.3,4.1,.795,0.7,1.9,2.6,5.1,1.1,0.2,2.2,2.9,17.5,1993
1329,336,Barry Stevens,SF,30,GSW,2,0,3.0,0.5,1.0,.500,0.0,0.0,,0.5,1.0,.500,.500,0.0,0.0,,1.0,0.0,1.0,0.0,0.0,0.0,0.0,0.5,1.0,1993
1330,337,Larry Stewart,SF,24,WSB,81,8,22.5,3.8,7.0,.543,0.0,0.0,.000,3.8,6.9,.544,.543,2.3,3.1,.727,1.9,2.8,4.7,1.8,0.6,0.4,1.9,2.4,9.8,1993
1331,338,Bryant Stith,SG,22,DEN,39,12,22.2,3.2,7.1,.446,0.0,0.1,.000,3.2,7.0,.453,.446,2.5,3.1,.832,1.0,2.2,3.2,1.3,0.6,0.1,1.1,2.1,8.9,1993
1332,339,Alex Stivrins,PF-SF,30,TOT,19,0,4.0,1.0,2.1,.487,0.0,0.1,.000,1.0,1.9,.514,.487,0.2,0.2,.750,0.4,0.6,1.0,0.2,0.1,0.1,0.4,0.6,2.2,1993
1333,339,Alex Stivrins,PF,30,PHO,10,0,3.5,1.1,1.8,.611,0.0,0.1,.000,1.1,1.7,.647,.611,0.0,0.0,,0.2,0.6,0.8,0.1,0.1,0.1,0.5,0.7,2.2,1993
1334,339,Alex Stivrins,SF,30,LAC,1,0,1.0,0.0,1.0,.000,0.0,0.0,,0.0,1.0,.000,.000,0.0,0.0,,0.0,0.0,0.0,0.0,0.0,0.0,0.0,0.0,0.0,1993
1335,339,Alex Stivrins,SF,30,MIL,3,0,8.3,1.3,3.7,.364,0.0,0.0,,1.3,3.7,.364,.364,1.0,1.3,.750,1.0,1.0,2.0,0.7,0.3,0.0,0.7,1.3,3.7,1993
1336,339,Alex Stivrins,PF,30,ATL,5,0,3.0,0.8,1.8,.444,0.0,0.2,.000,0.8,1.6,.500,.444,0.0,0.0,,0.4,0.6,1.0,0.0,0.0,0.2,0.0,0.0,1.6,1993
1337,340,John Stockton*,PG,30,UTA,82,82,34.9,5.3,11.0,.486,0.9,2.3,.385,4.5,8.7,.513,.526,3.6,4.5,.798,0.8,2.1,2.9,12.0,2.4,0.3,3.2,2.7,15.1,1993
1338,Rk,Player,Pos,Age,Tm,G,GS,MP,FG,FGA,FG%,3P,3PA,3P%,2P,2PA,2P%,eFG%,FT,FTA,FT%,ORB,DRB,TRB,AST,STL,BLK,TOV,PF,PTS,1993
1339,341,Rod Strickland,SG,26,POR,78,35,31.7,5.1,10.5,.485,0.1,0.4,.133,5.0,10.1,.499,.488,3.5,4.9,.717,1.5,2.8,4.3,7.2,1.7,0.3,2.6,2.0,13.7,1993
1340,342,Derek Strong,PF,24,MIL,23,0,14.7,1.8,4.0,.457,0.2,0.3,.500,1.7,3.7,.452,.478,3.0,3.7,.800,1.7,3.3,5.0,0.6,0.5,0.0,0.6,0.9,6.8,1993
1341,343,Lamont Strothers,SG,24,DAL,9,0,15.3,2.2,6.8,.328,0.2,1.4,.154,2.0,5.3,.375,.344,0.9,1.1,.800,0.9,0.7,1.6,1.4,0.9,0.0,1.7,1.4,5.6,1993
1342,344,Terry Teagle,SG,32,HOU,2,0,12.5,1.0,3.5,.286,0.0,0.0,,1.0,3.5,.286,.286,0.5,1.0,.500,0.0,1.5,1.5,1.0,0.0,0.0,0.5,0.5,2.5,1993
1343,345,Isiah Thomas*,PG,31,DET,79,79,37.0,6.7,15.9,.418,0.8,2.5,.308,5.9,13.4,.439,.442,3.5,4.8,.737,0.9,2.0,2.9,8.5,1.6,0.2,3.6,2.8,17.6,1993
1344,346,LaSalle Thompson,C,31,IND,63,0,11.6,1.7,3.4,.488,0.0,0.0,.000,1.7,3.4,.491,.488,0.5,0.6,.744,0.9,2.0,2.8,0.5,0.5,0.4,0.7,2.2,3.8,1993
1345,347,Otis Thorpe,PF,30,HOU,72,69,32.7,5.3,9.6,.558,0.0,0.0,.000,5.3,9.6,.560,.558,2.1,3.6,.598,3.0,5.1,8.2,2.5,0.6,0.3,2.1,3.3,12.8,1993
1346,348,Sedale Threatt,PG,31,LAL,82,82,35.3,6.4,12.5,.508,0.2,0.6,.264,6.2,11.9,.521,.515,2.2,2.6,.823,0.6,2.8,3.3,6.9,1.7,0.1,2.1,3.0,15.1,1993
1347,349,Wayman Tisdale,PF,28,SAC,76,75,30.0,7.2,14.1,.509,0.0,0.0,.000,7.2,14.0,.510,.509,2.3,3.0,.758,1.7,4.9,6.6,1.4,0.7,0.6,1.5,3.6,16.6,1993
1348,350,Tom Tolbert,PF,27,ORL,72,61,25.5,3.1,6.3,.498,0.1,0.4,.321,3.0,5.9,.509,.508,1.7,2.3,.726,1.8,3.9,5.7,1.3,0.5,0.3,1.7,2.7,8.1,1993
1349,351,Trent Tucker,SG,33,CHI,69,0,13.2,2.1,4.3,.485,0.8,1.9,.397,1.3,2.4,.555,.573,0.3,0.3,.818,0.2,0.8,1.0,1.2,0.3,0.1,0.3,0.9,5.2,1993
1350,352,Jeff Turner,PF,30,ORL,75,20,19.7,3.1,5.8,.529,0.1,0.2,.588,2.9,5.6,.526,.540,0.7,0.9,.800,1.0,2.4,3.4,1.4,0.3,0.1,0.9,2.6,7.0,1993
1351,353,Kiki Vandeweghe,SF,34,LAC,41,3,12.0,2.2,5.0,.453,0.3,0.9,.324,2.0,4.0,.482,.483,1.4,1.6,.879,0.3,0.9,1.2,0.6,0.3,0.2,0.5,1.1,6.2,1993
1352,354,Loy Vaught,PF,24,LAC,79,4,20.9,4.0,7.8,.508,0.0,0.1,.250,3.9,7.7,.510,.509,1.5,2.0,.748,2.1,4.2,6.2,0.7,0.7,0.5,1.1,2.2,9.4,1993
1353,355,Gundars Vētra,SF,25,MIN,13,0,6.8,1.5,3.1,.475,0.2,0.2,1.000,1.2,2.8,.432,.513,0.3,0.5,.667,0.3,0.3,0.6,0.5,0.2,0.0,0.2,0.9,3.5,1993
1354,356,Darrell Walker,PG-SG,31,TOT,37,2,13.8,0.9,2.6,.354,0.0,0.0,.000,0.9,2.6,.358,.354,0.3,0.7,.462,0.6,1.0,1.6,1.4,0.9,0.1,0.7,1.7,2.2,1993
1355,356,Darrell Walker,SG,31,DET,9,2,16.0,0.3,2.1,.158,0.0,0.1,.000,0.3,2.0,.167,.158,0.2,0.7,.333,0.4,1.7,2.1,1.0,1.1,0.0,1.4,1.3,0.9,1993
1356,356,Darrell Walker,PG,31,CHI,28,0,13.1,1.1,2.8,.403,0.0,0.0,,1.1,2.8,.403,.403,0.4,0.7,.500,0.6,0.8,1.4,1.6,0.8,0.1,0.4,1.8,2.6,1993
1357,357,Duane Washington,SG,28,LAC,4,0,7.0,0.0,1.3,.000,0.0,0.0,,0.0,1.3,.000,.000,0.0,0.0,,0.0,0.5,0.5,1.3,0.3,0.0,0.5,0.5,0.0,1993
1358,358,Clarence Weatherspoon,SF,22,PHI,82,82,32.4,6.0,12.8,.469,0.0,0.0,.250,6.0,12.8,.470,.470,3.5,5.0,.713,2.2,5.0,7.2,1.8,1.0,0.8,2.1,2.3,15.6,1993
1359,359,Marcus Webb,PF,22,BOS,9,0,5.7,1.4,2.8,.520,0.0,0.1,.000,1.4,2.7,.542,.520,1.4,2.3,.619,0.6,0.6,1.1,0.2,0.1,0.2,0.6,1.2,4.3,1993
1360,360,Spud Webb,PG,29,SAC,69,68,33.8,5.0,11.4,.433,0.5,2.0,.274,4.4,9.5,.466,.457,4.0,4.8,.851,0.6,2.2,2.8,7.0,1.5,0.1,2.8,2.6,14.5,1993
1361,Rk,Player,Pos,Age,Tm,G,GS,MP,FG,FGA,FG%,3P,3PA,3P%,2P,2PA,2P%,eFG%,FT,FTA,FT%,ORB,DRB,TRB,AST,STL,BLK,TOV,PF,PTS,1993
1362,361,Robert Werdann,C,22,DEN,28,0,5.3,0.6,2.1,.305,0.0,0.0,.000,0.6,2.1,.310,.305,0.6,1.1,.548,0.8,1.0,1.9,0.3,0.2,0.1,0.4,1.4,1.9,1993
1363,362,Doug West,SG,25,MIN,80,80,38.8,8.1,15.6,.517,0.0,0.3,.087,8.1,15.3,.525,.518,3.1,3.7,.841,1.1,2.0,3.1,2.9,1.1,0.3,2.1,3.5,19.3,1993
1364,363,Mark West,C,32,PHO,82,82,19.0,2.1,3.5,.614,0.0,0.0,,2.1,3.5,.614,.614,1.0,2.0,.518,1.9,3.7,5.6,0.4,0.2,1.3,1.1,3.0,5.3,1993
1365,364,Randy White,PF,25,DAL,64,20,22.4,3.7,8.4,.435,0.2,0.7,.238,3.5,7.8,.452,.444,2.2,2.9,.750,2.4,3.4,5.8,0.8,1.0,0.7,1.7,3.5,9.7,1993
1366,365,Morlon Wiley,PG,26,TOT,58,15,17.2,1.7,4.4,.378,0.9,2.7,.351,0.7,1.7,.420,.484,0.3,0.4,.654,0.5,1.1,1.6,3.1,1.1,0.1,1.4,2.2,4.5,1993
1367,365,Morlon Wiley,PG,26,ATL,25,2,14.2,1.0,3.2,.321,0.6,2.0,.294,0.4,1.2,.367,.414,0.2,0.3,.625,0.4,1.0,1.4,3.2,1.0,0.1,1.2,2.0,2.9,1993
1368,365,Morlon Wiley,PG,26,DAL,33,13,19.4,2.1,5.2,.405,1.2,3.1,.379,0.9,2.1,.443,.517,0.4,0.5,.667,0.6,1.1,1.7,3.0,1.2,0.0,1.5,2.4,5.8,1993
1369,366,Dominique Wilkins*,SF,33,ATL,71,70,37.3,10.4,22.3,.468,1.7,4.5,.380,8.7,17.9,.490,.506,7.3,8.8,.828,2.6,4.2,6.8,3.2,1.0,0.4,2.6,1.6,29.9,1993
1370,367,Eddie Lee Wilkins,PF,30,PHI,26,0,7.4,2.1,3.7,.567,0.0,0.1,.000,2.1,3.7,.579,.567,1.8,3.0,.615,0.5,1.0,1.5,0.1,0.3,0.0,0.7,1.3,6.1,1993
1371,368,Gerald Wilkins,SF,29,CLE,80,35,26.0,4.5,10.0,.453,0.2,0.7,.276,4.3,9.2,.467,.463,1.9,2.3,.840,0.9,1.8,2.7,2.3,1.0,0.2,1.2,1.9,11.1,1993
1372,369,Buck Williams,PF,32,POR,82,82,30.5,3.3,6.4,.511,0.0,0.0,.000,3.3,6.4,.512,.511,1.7,2.6,.645,2.8,5.6,8.4,0.9,1.0,0.7,1.2,3.3,8.3,1993
1373,370,Corey Williams,PG,22,CHI,35,0,6.9,0.9,2.4,.365,0.0,0.1,.333,0.9,2.3,.366,.371,0.5,0.6,.818,0.5,0.3,0.9,0.7,0.1,0.1,0.3,0.7,2.3,1993
1374,371,Herb Williams,C,34,NYK,55,0,10.4,1.3,3.2,.411,0.0,0.0,,1.3,3.2,.411,.411,0.3,0.4,.667,0.8,1.9,2.7,0.3,0.4,0.5,0.4,1.4,2.9,1993
1375,372,Hot Rod Williams,C,30,CLE,67,13,30.7,3.9,8.4,.470,0.0,0.0,,3.9,8.4,.470,.470,3.2,4.4,.716,1.9,4.3,6.2,2.3,0.7,1.6,1.7,2.6,11.0,1993
1376,373,Jayson Williams,PF,24,NJN,12,2,11.6,1.8,3.8,.457,0.0,0.0,,1.8,3.8,.457,.457,0.6,1.5,.389,1.8,1.6,3.4,0.0,0.3,0.3,0.7,2.0,4.1,1993
1377,374,John Williams,SF,26,LAC,74,8,22.1,2.8,6.4,.430,0.2,0.7,.226,2.6,5.7,.455,.442,0.9,1.7,.543,1.2,3.1,4.3,1.9,1.1,0.3,1.1,2.5,6.6,1993
1378,375,Kenny Williams,SF,23,IND,57,0,14.8,2.6,4.9,.532,0.0,0.1,.000,2.6,4.9,.538,.532,0.8,1.2,.706,1.8,2.2,4.0,0.7,0.4,0.8,0.5,1.5,6.1,1993
1379,376,Lorenzo Williams,PF-C,23,TOT,27,7,6.6,0.6,1.3,.472,0.0,0.0,,0.6,1.3,.472,.472,0.1,0.3,.286,0.6,1.4,2.0,0.2,0.2,0.6,0.3,1.1,1.3,1993
1380,376,Lorenzo Williams,C,23,CHH,2,0,9.0,0.5,1.5,.333,0.0,0.0,,0.5,1.5,.333,.333,0.0,0.0,,1.5,3.0,4.5,0.0,0.0,1.0,1.0,2.0,1.0,1993
1381,376,Lorenzo Williams,PF,23,ORL,3,0,3.3,0.0,0.7,.000,0.0,0.0,,0.0,0.7,.000,.000,0.0,0.0,,0.3,0.3,0.7,0.0,0.3,0.3,0.0,0.7,0.0,1993
1382,376,Lorenzo Williams,PF,23,BOS,22,7,6.9,0.7,1.4,.516,0.0,0.0,,0.7,1.4,.516,.516,0.1,0.3,.286,0.6,1.4,2.0,0.2,0.2,0.6,0.3,1.0,1.5,1993
1383,377,Micheal Williams,PG,26,MIN,76,76,35.0,4.6,10.4,.446,0.3,1.4,.243,4.3,9.0,.478,.463,5.5,6.1,.907,1.1,2.5,3.6,8.7,2.2,0.3,3.0,3.5,15.1,1993
1384,378,Reggie Williams,SF,28,DEN,79,79,34.5,6.8,14.8,.458,0.4,1.5,.270,6.4,13.2,.480,.473,3.0,3.7,.804,1.7,3.7,5.4,3.7,1.6,1.0,2.5,3.6,17.0,1993
1385,379,Scott Williams,PF,24,CHI,71,5,19.3,2.3,5.0,.466,0.0,0.1,.000,2.3,4.9,.476,.466,1.3,1.8,.714,2.4,4.0,6.4,1.0,0.8,0.9,1.0,3.2,5.9,1993
1386,380,Walt Williams,SF,22,SAC,59,26,28.4,6.1,13.9,.435,1.0,3.2,.319,5.0,10.7,.470,.472,3.8,5.1,.742,1.9,2.5,4.5,3.0,1.1,0.5,3.0,3.5,17.0,1993
1387,Rk,Player,Pos,Age,Tm,G,GS,MP,FG,FGA,FG%,3P,3PA,3P%,2P,2PA,2P%,eFG%,FT,FTA,FT%,ORB,DRB,TRB,AST,STL,BLK,TOV,PF,PTS,1993
1388,381,Kevin Willis,PF,30,ATL,80,80,36.0,7.7,15.2,.506,0.1,0.4,.241,7.6,14.9,.512,.509,2.5,3.8,.653,4.2,8.7,12.9,2.1,0.9,0.5,2.7,3.3,17.9,1993
1389,382,Kennard Winchester,SG,26,HOU,39,0,8.7,1.6,3.6,.439,0.1,0.5,.211,1.5,3.1,.475,.453,0.4,0.6,.773,0.4,0.8,1.3,0.3,0.3,0.3,0.4,1.0,3.7,1993
1390,383,David Wingate,SF,29,CHH,72,55,20.4,2.5,4.7,.536,0.0,0.1,.167,2.5,4.6,.542,.537,1.1,1.5,.738,0.7,1.7,2.4,2.5,0.9,0.1,1.2,1.9,6.1,1993
1391,384,Joe Wolf,C,28,TOT,23,0,7.2,0.9,1.9,.455,0.0,0.0,.000,0.9,1.9,.465,.455,0.6,0.7,.813,0.6,1.5,2.1,0.2,0.3,0.0,0.3,1.0,2.3,1993
1392,384,Joe Wolf,C,28,BOS,2,0,4.5,0.0,0.5,.000,0.0,0.0,,0.0,0.5,.000,.000,0.5,1.0,.500,0.5,1.0,1.5,0.0,0.0,0.5,1.0,1.0,0.5,1993
1393,384,Joe Wolf,C,28,POR,21,0,7.4,1.0,2.0,.465,0.0,0.0,.000,1.0,2.0,.476,.465,0.6,0.7,.857,0.6,1.5,2.1,0.2,0.3,0.0,0.2,1.0,2.5,1993
1394,385,David Wood,PF,28,SAS,64,2,9.3,0.8,1.8,.444,0.1,0.3,.238,0.7,1.5,.490,.466,0.7,0.9,.836,0.6,0.9,1.5,0.5,0.2,0.2,0.5,1.5,2.4,1993
1395,386,Randy Woods,PG,22,LAC,41,1,4.2,0.6,1.6,.348,0.1,0.3,.214,0.5,1.3,.385,.371,0.5,0.6,.731,0.1,0.2,0.3,1.0,0.3,0.0,0.4,0.6,1.7,1993
1396,387,Orlando Woolridge,SF,33,TOT,58,47,26.8,5.0,10.3,.482,0.0,0.2,.000,5.0,10.2,.490,.482,2.1,3.1,.678,1.5,1.7,3.2,2.0,0.5,0.5,1.4,2.1,12.0,1993
1397,387,Orlando Woolridge,SF,33,DET,50,47,29.5,5.4,11.3,.479,0.0,0.2,.000,5.4,11.1,.487,.479,2.3,3.4,.673,1.7,1.8,3.5,2.2,0.5,0.5,1.5,2.3,13.1,1993
1398,387,Orlando Woolridge,SF,33,MIL,8,0,9.8,2.3,4.1,.545,0.0,0.0,,2.3,4.1,.545,.545,0.9,1.1,.778,0.4,0.8,1.1,0.4,0.1,0.3,0.8,1.0,5.4,1993
1399,388,James Worthy*,SF,31,LAL,82,69,28.8,6.2,13.9,.447,0.4,1.4,.270,5.9,12.6,.466,.460,2.1,2.6,.810,0.9,2.1,3.0,3.4,1.1,0.3,1.7,1.1,14.9,1993
1400,389,Howard Wright,PF,25,ORL,4,0,2.5,1.0,1.3,.800,0.0,0.0,,1.0,1.3,.800,.800,0.0,0.5,.000,0.3,0.3,0.5,0.0,0.0,0.0,0.0,0.0,2.0,1993
1401,390,Danny Young,PG,30,DET,65,2,12.9,1.1,2.6,.413,0.3,1.0,.324,0.7,1.5,.475,.479,0.4,0.5,.875,0.2,0.5,0.7,1.8,0.5,0.1,0.5,0.6,2.9,1993
1402,1,Alaa Abdelnaby,PF,25,BOS,13,0,12.2,1.8,4.2,.436,0.0,0.0,,1.8,4.2,.436,.436,1.2,1.9,.640,0.9,2.6,3.5,0.2,0.2,0.2,1.3,1.5,4.9,1994
1403,2,Mahmoud Abdul-Rauf,PG,24,DEN,80,78,32.7,7.4,16.0,.460,0.5,1.7,.316,6.8,14.3,.476,.476,2.7,2.9,.956,0.3,1.8,2.1,4.5,1.0,0.1,1.9,1.9,18.0,1994
1404,3,Michael Adams,PG,31,WSB,70,67,33.4,4.1,10.0,.408,0.8,2.7,.288,3.3,7.2,.454,.448,3.2,3.9,.830,0.5,2.1,2.6,6.9,1.4,0.1,2.4,2.0,12.1,1994
1405,4,Mark Aguirre,SF,34,LAC,39,0,22.0,4.2,8.9,.468,0.9,2.4,.398,3.2,6.5,.494,.522,1.3,1.8,.694,0.7,2.3,3.0,2.7,0.5,0.2,1.8,2.5,10.6,1994
1406,5,Danny Ainge,SG,34,PHO,68,1,22.9,3.3,7.9,.417,1.2,3.6,.328,2.1,4.3,.491,.492,1.1,1.4,.830,0.4,1.5,1.9,2.6,0.8,0.1,1.2,2.1,8.9,1994
1407,6,Gary Alexander,PF,24,TOT,11,0,5.0,0.7,1.3,.571,0.0,0.0,,0.7,1.3,.571,.571,0.3,0.8,.333,0.6,0.7,1.4,0.2,0.3,0.0,0.7,0.9,1.7,1994
1408,6,Gary Alexander,PF,24,MIA,4,0,3.0,0.3,0.5,.500,0.0,0.0,,0.3,0.5,.500,.500,0.0,0.5,.000,0.3,0.5,0.8,0.3,0.0,0.0,0.3,0.8,0.5,1994
1409,6,Gary Alexander,PF,24,CLE,7,0,6.1,1.0,1.7,.583,0.0,0.0,,1.0,1.7,.583,.583,0.4,1.0,.429,0.9,0.9,1.7,0.1,0.4,0.0,1.0,1.0,2.4,1994
1410,7,Victor Alexander,C,24,GSW,69,39,19.1,3.9,7.3,.530,0.0,0.2,.154,3.8,7.1,.540,.532,1.0,1.9,.527,1.7,2.8,4.5,1.0,0.4,0.5,1.2,2.4,8.7,1994
1411,8,Eric Anderson,PF,23,NYK,11,0,3.5,0.6,1.5,.412,0.2,0.2,1.000,0.5,1.4,.333,.471,0.5,1.3,.357,0.5,1.0,1.5,0.2,0.0,0.1,0.2,0.8,1.9,1994
1412,9,Greg Anderson,PF,29,DET,77,47,21.1,2.6,4.8,.543,0.0,0.0,.333,2.6,4.8,.545,.545,1.1,2.0,.571,2.4,5.0,7.4,0.7,0.7,0.9,1.2,3.0,6.4,1994
1413,10,Kenny Anderson,PG,23,NJN,82,82,38.2,7.0,16.8,.417,0.5,1.6,.303,6.5,15.2,.429,.432,4.2,5.2,.818,1.1,2.8,3.9,9.6,1.9,0.2,3.2,2.5,18.8,1994
1414,11,Nick Anderson,SG,26,ORL,81,81,34.7,6.2,13.0,.478,1.2,3.9,.322,5.0,9.1,.545,.526,2.1,3.1,.672,1.4,4.5,5.9,3.6,1.7,0.4,2.0,1.8,15.8,1994
1415,12,Ron Anderson,SF,35,TOT,21,2,17.0,1.7,4.1,.407,0.3,1.2,.269,1.3,2.9,.467,.448,0.9,1.1,.826,0.8,1.8,2.5,0.8,0.4,0.1,0.5,0.8,4.6,1994
1416,12,Ron Anderson,SF,35,NJN,11,2,16.0,1.4,3.9,.349,0.4,1.1,.333,1.0,2.8,.355,.395,0.9,1.1,.833,0.7,1.6,2.4,0.5,0.5,0.2,0.1,0.8,4.0,1994
1417,12,Ron Anderson,SF,35,WSB,10,0,18.0,2.0,4.3,.465,0.3,1.4,.214,1.7,2.9,.586,.500,0.9,1.1,.818,0.8,1.9,2.7,1.1,0.3,0.1,0.9,0.7,5.2,1994
1418,13,Willie Anderson,SG,27,SAS,80,79,31.1,4.9,10.5,.471,0.3,0.9,.324,4.7,9.6,.484,.484,1.8,2.1,.848,0.9,2.2,3.0,4.3,0.9,0.6,1.9,2.3,11.9,1994
1419,14,Greg Anthony,PG,26,NYK,80,36,24.9,2.8,7.1,.394,0.6,2.0,.300,2.2,5.1,.431,.436,1.6,2.1,.774,0.5,1.8,2.4,4.6,1.4,0.2,1.6,2.0,7.9,1994
1420,15,B.J. Armstrong,PG,26,CHI,82,82,33.8,5.8,12.3,.476,0.7,1.6,.444,5.1,10.6,.481,.505,2.4,2.8,.855,0.3,1.7,2.1,3.9,1.0,0.1,1.6,1.8,14.8,1994
1421,16,Vincent Askew,SG,27,SEA,80,3,21.1,3.4,7.1,.481,0.1,0.4,.194,3.3,6.7,.498,.487,2.2,2.6,.829,0.8,1.6,2.3,2.4,0.9,0.2,0.9,1.8,9.1,1994
1422,17,Keith Askins,SF,26,MIA,37,0,8.6,1.0,2.4,.409,0.1,0.6,.190,0.9,1.8,.478,.432,0.2,0.3,.900,0.9,1.3,2.2,0.4,0.3,0.0,0.6,1.5,2.3,1994
1423,18,Stacey Augmon,SG,25,ATL,82,82,31.8,5.4,10.5,.510,0.0,0.1,.143,5.3,10.4,.513,.510,4.1,5.3,.764,2.2,2.6,4.8,2.3,1.8,0.5,1.8,2.2,14.8,1994
1424,19,Isaac Austin,C,24,PHI,14,0,14.4,2.1,4.7,.439,0.0,0.1,.000,2.1,4.6,.446,.439,1.0,1.6,.609,1.8,3.1,4.9,1.2,0.4,0.7,1.2,2.1,5.1,1994
1425,20,Anthony Avent,PF,24,TOT,74,40,18.5,2.0,5.4,.377,0.0,0.0,,2.0,5.4,.377,.377,1.2,1.7,.724,1.9,2.6,4.6,0.9,0.4,0.4,1.1,2.0,5.3,1994
1426,20,Anthony Avent,PF,24,MIL,33,20,21.1,2.8,6.9,.404,0.0,0.0,,2.8,6.9,.404,.404,1.8,2.4,.772,1.8,2.8,4.7,1.0,0.5,0.6,1.3,1.8,7.4,1994
1427,20,Anthony Avent,PF,24,ORL,41,20,16.5,1.4,4.1,.341,0.0,0.0,,1.4,4.1,.341,.341,0.7,1.1,.636,2.0,2.4,4.5,0.8,0.4,0.3,1.0,2.1,3.5,1994
1428,21,John Bagley,PG,33,ATL,3,0,4.3,0.0,0.7,.000,0.0,0.0,,0.0,0.7,.000,.000,0.7,0.7,1.000,0.0,0.3,0.3,1.0,0.0,0.0,0.0,0.7,0.7,1994
1429,22,Thurl Bailey,PF,32,MIN,79,3,16.4,2.9,5.8,.510,0.0,0.0,.000,2.9,5.7,.512,.510,1.5,1.9,.799,0.8,1.9,2.7,0.7,0.3,0.7,0.7,1.2,7.4,1994
1430,23,Vin Baker,C,22,MIL,82,63,31.2,5.3,10.6,.501,0.0,0.1,.200,5.3,10.5,.502,.501,2.9,5.0,.569,3.4,4.2,7.6,2.0,0.7,1.4,2.0,2.8,13.5,1994
1431,24,Charles Barkley*,PF,30,PHO,65,65,35.4,8.0,16.1,.495,0.7,2.7,.270,7.2,13.4,.541,.518,4.9,7.0,.704,3.0,8.1,11.2,4.6,1.6,0.6,3.2,2.5,21.6,1994
1432,25,Dana Barros,PG,26,PHI,81,70,31.1,5.1,10.8,.469,1.7,4.4,.381,3.4,6.5,.529,.546,1.4,1.8,.800,0.3,2.1,2.4,5.2,1.3,0.1,2.1,1.2,13.3,1994
1433,26,Jon Barry,SG,24,MIL,72,7,17.3,2.2,5.3,.414,0.4,1.6,.278,1.8,3.7,.472,.455,1.3,1.7,.795,0.5,1.5,2.0,2.3,1.4,0.2,1.2,1.5,6.2,1994
1434,27,John Battle,SG,31,CLE,51,1,16.0,2.5,5.4,.476,0.1,0.4,.263,2.5,5.0,.492,.485,1.4,1.9,.753,0.1,0.6,0.8,1.6,0.4,0.0,0.8,1.3,6.6,1994
1435,28,Benoit Benjamin,C,29,NJN,77,74,23.6,3.7,7.6,.480,0.0,0.0,,3.7,7.6,.480,.480,2.0,2.8,.710,1.8,4.7,6.5,0.6,0.5,1.2,1.3,2.6,9.3,1994
1436,29,Tony Bennett,PG,24,CHH,74,5,13.3,1.4,3.6,.399,0.4,1.0,.360,1.1,2.5,.415,.451,0.1,0.2,.733,0.2,1.0,1.2,2.2,0.5,0.0,0.5,1.1,3.4,1994
1437,30,David Benoit,SF,25,UTA,55,18,19.5,2.5,6.6,.385,0.2,1.1,.203,2.3,5.5,.421,.402,1.2,1.6,.773,1.6,3.1,4.7,0.4,0.4,0.7,0.7,2.1,6.5,1994
1438,31,Rolando Blackman,SG,34,NYK,55,1,17.6,2.9,6.7,.436,0.5,1.5,.357,2.4,5.2,.460,.477,0.9,1.0,.906,0.4,1.3,1.7,1.4,0.5,0.1,0.8,1.8,7.3,1994
1439,32,Mookie Blaylock,PG,26,ATL,81,81,36.0,5.5,13.3,.411,1.4,4.2,.334,4.1,9.1,.447,.464,1.4,2.0,.730,1.4,3.8,5.2,9.7,2.6,0.5,2.4,1.8,13.8,1994
1440,33,Corie Blount,PF,25,CHI,67,8,10.3,1.1,2.6,.437,0.0,0.0,,1.1,2.6,.437,.437,0.7,1.1,.613,1.1,1.8,2.9,0.8,0.3,0.5,0.8,1.4,3.0,1994
1441,34,Muggsy Bogues,PG,29,CHH,77,77,35.7,4.6,9.8,.471,0.0,0.2,.167,4.6,9.6,.476,.473,1.6,2.0,.806,1.0,3.1,4.1,10.1,1.7,0.0,2.2,1.9,10.8,1994
1442,35,Manute Bol,C,31,TOT,14,0,8.3,0.3,1.4,.211,0.0,0.2,.000,0.3,1.1,.250,.211,0.0,0.0,,0.2,1.1,1.3,0.1,0.1,1.1,0.4,0.9,0.6,1994
1443,35,Manute Bol,C,31,MIA,8,0,7.6,0.1,1.5,.083,0.0,0.4,.000,0.1,1.1,.111,.083,0.0,0.0,,0.1,1.3,1.4,0.0,0.0,0.8,0.6,0.5,0.3,1994
1444,35,Manute Bol,C,31,WSB,2,0,3.0,0.0,0.0,,0.0,0.0,,0.0,0.0,,,0.0,0.0,,0.0,0.5,0.5,0.5,0.0,0.5,0.0,0.5,0.0,1994
1445,35,Manute Bol,C,31,PHI,4,0,12.3,0.8,1.8,.429,0.0,0.0,,0.8,1.8,.429,.429,0.0,0.0,,0.5,1.0,1.5,0.0,0.5,2.3,0.0,2.0,1.5,1994
1446,36,Walter Bond,SG,24,UTA,56,4,10.0,1.1,2.8,.404,0.3,1.0,.352,0.8,1.8,.431,.465,0.6,0.7,.775,0.4,0.7,1.1,0.6,0.3,0.2,0.3,1.6,3.1,1994
1447,37,Anthony Bonner,SF,25,NYK,73,38,19.2,2.2,3.9,.563,0.0,0.0,,2.2,3.9,.563,.563,0.7,1.4,.476,2.1,2.7,4.7,1.2,1.0,0.2,1.2,2.4,5.1,1994
1448,38,Anthony Bowie,SG,30,ORL,70,0,13.5,2.0,4.1,.481,0.0,0.3,.056,2.0,3.9,.509,.483,0.6,0.7,.837,0.4,1.3,1.7,1.5,0.5,0.2,0.8,1.2,4.6,1994
1449,39,Sam Bowie,C,32,LAL,25,7,22.2,3.0,6.9,.436,0.0,0.2,.250,3.0,6.7,.440,.439,2.9,3.3,.867,1.1,4.2,5.2,1.9,0.2,1.1,1.7,2.6,8.9,1994
1450,40,Shawn Bradley,C,21,PHI,49,45,28.3,4.1,10.0,.409,0.0,0.1,.000,4.1,10.0,.412,.409,2.1,3.4,.607,2.0,4.2,6.2,2.0,0.9,3.0,3.0,3.5,10.3,1994
1451,Rk,Player,Pos,Age,Tm,G,GS,MP,FG,FGA,FG%,3P,3PA,3P%,2P,2PA,2P%,eFG%,FT,FTA,FT%,ORB,DRB,TRB,AST,STL,BLK,TOV,PF,PTS,1994
1452,41,Terrell Brandon,PG,23,CLE,73,10,21.2,3.2,7.5,.420,0.1,0.4,.219,3.1,7.1,.432,.426,1.9,2.2,.858,0.5,1.7,2.2,3.8,1.2,0.2,1.5,1.5,8.3,1994
1453,42,Randy Breuer,C,33,SAC,26,3,9.5,0.3,1.0,.308,0.0,0.0,.000,0.3,1.0,.320,.308,0.1,0.5,.214,0.6,1.6,2.2,0.3,0.2,0.7,0.3,1.2,0.7,1994
1454,43,Frank Brickowski,C,34,TOT,71,46,29.5,5.2,10.6,.488,0.1,0.3,.200,5.1,10.3,.496,.491,2.7,3.6,.768,1.2,4.5,5.7,3.1,1.1,0.4,2.5,3.4,13.2,1994
1455,43,Frank Brickowski,C,34,MIL,43,40,33.5,5.8,12.1,.482,0.1,0.4,.167,5.8,11.7,.493,.485,3.4,4.4,.775,1.2,5.3,6.5,3.8,1.2,0.4,2.9,3.8,15.2,1994
1456,43,Frank Brickowski,C,34,CHH,28,6,23.3,4.2,8.3,.502,0.0,0.1,.500,4.1,8.3,.502,.504,1.7,2.3,.746,1.1,3.3,4.5,2.0,1.0,0.4,2.0,2.8,10.1,1994
1457,44,Kevin Brooks,SF,24,DEN,34,0,5.6,1.1,2.9,.364,0.1,0.7,.174,0.9,2.2,.421,.384,0.3,0.3,.900,0.1,0.5,0.6,0.1,0.0,0.1,0.4,0.6,2.5,1994
1458,45,Scott Brooks,PG,28,HOU,73,0,16.8,1.9,4.0,.491,0.3,0.8,.377,1.6,3.1,.522,.531,1.0,1.2,.871,0.1,1.3,1.4,2.0,0.7,0.0,0.8,1.3,5.2,1994
1459,46,Chucky Brown,SF,25,DAL,1,0,10.0,1.0,1.0,1.000,0.0,0.0,,1.0,1.0,1.000,1.000,1.0,1.0,1.000,0.0,1.0,1.0,0.0,0.0,0.0,0.0,2.0,3.0,1994
1460,47,Dee Brown,SG,25,BOS,77,76,37.2,6.4,13.3,.480,0.4,1.2,.313,6.0,12.0,.497,.495,2.4,2.8,.831,0.8,3.1,3.9,4.5,2.0,0.6,1.6,2.7,15.5,1994
1461,48,Mike Brown,C,30,MIN,82,40,23.4,1.4,3.2,.427,0.0,0.0,.000,1.4,3.1,.430,.427,0.9,1.4,.653,1.5,4.0,5.5,0.9,0.6,0.4,0.9,2.7,3.6,1994
1462,49,P.J. Brown,C,24,NJN,79,54,24.7,2.1,5.1,.415,0.0,0.1,.167,2.1,5.0,.419,.417,1.5,1.9,.757,2.4,3.9,6.2,1.2,0.9,1.2,0.9,2.2,5.7,1994
1463,50,Randy Brown,PG,25,SAC,61,2,17.1,1.8,4.1,.438,0.0,0.1,.000,1.8,4.0,.445,.438,0.9,1.4,.609,0.7,1.2,1.8,2.2,1.0,0.2,1.2,2.2,4.5,1994
1464,51,Mark Bryant,C,28,POR,79,10,18.2,2.3,4.9,.482,0.0,0.0,.000,2.3,4.8,.483,.482,0.9,1.3,.692,1.5,2.5,4.0,0.5,0.4,0.4,0.8,2.4,5.6,1994
1465,52,Jud Buechler,SF,25,GSW,36,0,6.1,1.2,2.3,.500,0.3,0.8,.414,0.8,1.5,.545,.571,0.3,0.6,.500,0.4,0.5,0.9,0.4,0.2,0.0,0.3,0.7,2.9,1994
1466,53,Matt Bullard,PF,26,HOU,65,0,11.2,1.2,3.5,.345,0.8,2.4,.325,0.4,1.1,.389,.456,0.3,0.4,.769,0.4,0.9,1.3,1.0,0.2,0.1,0.4,1.0,3.5,1994
1467,54,Evers Burns,PF,22,SAC,23,0,6.2,1.0,2.4,.400,0.0,0.0,,1.0,2.4,.400,.400,0.5,1.0,.522,0.6,0.7,1.3,0.4,0.3,0.1,0.3,1.4,2.4,1994
1468,55,Scott Burrell,SF,23,CHH,51,16,15.0,1.9,4.6,.419,0.0,0.1,.333,1.9,4.5,.421,.423,0.9,1.4,.657,0.9,1.7,2.6,1.2,0.7,0.3,0.9,1.7,4.8,1994
1469,56,Willie Burton,SF,25,MIA,53,1,13.2,2.3,5.3,.438,0.1,0.3,.200,2.3,5.1,.451,.443,2.3,3.0,.759,0.9,1.6,2.6,0.7,0.3,0.4,1.0,1.8,7.0,1994
1470,57,Mitchell Butler,SG,23,WSB,75,19,17.6,2.8,5.6,.495,0.0,0.1,.000,2.8,5.5,.501,.495,1.4,2.4,.578,1.4,1.6,3.0,1.0,0.7,0.3,1.2,1.7,6.9,1994
1471,58,Michael Cage,C,32,SEA,82,42,20.8,2.1,3.8,.545,0.0,0.0,.000,2.1,3.8,.546,.545,0.4,0.9,.486,2.0,3.4,5.4,0.5,0.9,0.5,0.6,2.2,4.6,1994
1472,59,Elden Campbell,PF,25,LAL,76,74,29.6,4.9,10.6,.462,0.0,0.0,.000,4.9,10.6,.463,.462,2.5,3.6,.689,2.2,4.6,6.8,1.1,0.8,1.9,1.3,3.2,12.3,1994
1473,60,Tony Campbell,SF,31,TOT,63,14,19.3,3.6,8.1,.443,0.1,0.4,.250,3.5,7.7,.455,.450,1.5,1.9,.783,1.2,1.7,3.0,1.3,0.8,0.2,1.3,2.1,8.8,1994
1474,60,Tony Campbell,SF,31,NYK,22,11,17.2,2.9,5.8,.492,0.0,0.1,.333,2.8,5.7,.496,.496,1.4,1.7,.811,1.3,1.5,2.7,1.4,0.9,0.0,1.3,2.7,7.1,1994
1475,60,Tony Campbell,SF,31,DAL,41,3,20.4,4.0,9.4,.427,0.1,0.6,.240,3.9,8.8,.440,.435,1.6,2.0,.771,1.2,1.9,3.1,1.2,0.7,0.3,1.3,1.8,9.7,1994
1476,Rk,Player,Pos,Age,Tm,G,GS,MP,FG,FGA,FG%,3P,3PA,3P%,2P,2PA,2P%,eFG%,FT,FTA,FT%,ORB,DRB,TRB,AST,STL,BLK,TOV,PF,PTS,1994
1477,61,Antoine Carr,PF,32,SAS,34,0,13.7,2.3,4.7,.488,0.0,0.0,.000,2.3,4.7,.491,.488,1.2,1.7,.724,0.4,1.1,1.5,0.4,0.3,0.6,0.4,2.2,5.8,1994
1478,62,Bill Cartwright,C,36,CHI,42,41,18.6,2.3,4.5,.513,0.0,0.0,,2.3,4.5,.513,.513,0.9,1.4,.684,1.0,2.6,3.6,1.4,0.2,0.2,1.2,2.0,5.6,1994
1479,63,Sam Cassell,PG,24,HOU,66,6,17.0,2.5,5.9,.418,0.4,1.3,.295,2.1,4.5,.453,.451,1.4,1.6,.841,0.4,1.7,2.0,2.9,0.9,0.1,1.4,2.1,6.7,1994
1480,64,Duane Causwell,C,25,SAC,41,8,16.4,1.7,3.3,.518,0.0,0.0,,1.7,3.3,.518,.518,1.0,1.7,.588,1.7,2.9,4.5,0.3,0.5,1.2,0.8,2.7,4.4,1994
1481,65,Cedric Ceballos,SF,24,PHO,53,43,30.2,8.0,15.0,.535,0.0,0.2,.000,8.0,14.8,.541,.535,3.0,4.2,.724,2.9,3.6,6.5,1.7,1.1,0.4,1.8,2.3,19.1,1994
1482,66,Tom Chambers,PF,34,UTA,80,0,23.0,4.1,9.4,.440,0.2,0.6,.311,3.9,8.8,.448,.449,2.8,3.5,.786,1.1,3.0,4.1,1.0,0.5,0.4,1.1,2.9,11.2,1994
1483,67,Rex Chapman,SG,26,WSB,60,59,33.8,7.2,14.4,.498,1.1,2.8,.388,6.1,11.7,.524,.535,2.8,3.4,.816,1.0,1.5,2.4,3.1,1.0,0.1,2.0,1.4,18.2,1994
1484,68,Calbert Cheaney,SG,22,WSB,65,21,24.7,5.0,10.7,.470,0.0,0.4,.043,5.0,10.4,.484,.471,1.9,2.5,.770,1.4,1.6,2.9,1.9,1.0,0.2,1.7,2.3,12.0,1994
1485,69,Pete Chilcutt,PF,25,TOT,76,24,18.0,2.7,5.9,.453,0.0,0.2,.200,2.6,5.7,.462,.456,0.5,0.9,.631,1.7,3.2,4.9,1.1,0.7,0.5,1.0,2.2,5.9,1994
1486,69,Pete Chilcutt,PF,25,SAC,46,24,21.2,3.3,7.1,.463,0.0,0.0,.000,3.3,7.1,.465,.463,0.7,1.1,.596,2.2,3.7,5.9,1.5,0.9,0.6,1.2,2.5,7.3,1994
1487,69,Pete Chilcutt,PF,25,DET,30,0,13.0,1.7,4.0,.425,0.1,0.5,.214,1.6,3.5,.453,.438,0.3,0.4,.769,1.0,2.4,3.3,0.5,0.3,0.4,0.6,1.6,3.8,1994
1488,70,Doug Christie,SG,23,LAL,65,34,23.3,3.8,8.6,.434,0.6,1.8,.328,3.2,6.8,.463,.469,2.2,3.2,.697,1.4,2.2,3.6,2.1,1.4,0.4,2.2,2.9,10.3,1994
1489,71,Ben Coleman,PF,32,DET,9,0,8.6,1.3,2.8,.480,0.0,0.0,,1.3,2.8,.480,.480,0.4,0.9,.500,1.1,1.8,2.9,0.0,0.2,0.2,0.8,1.0,3.1,1994
1490,72,Derrick Coleman,PF,26,NJN,77,77,36.1,7.0,15.7,.447,0.5,1.6,.314,6.5,14.1,.462,.463,5.7,7.4,.774,3.4,7.9,11.3,3.4,0.9,1.8,2.7,2.7,20.2,1994
1491,73,Bimbo Coles,PG,25,MIA,76,4,22.7,3.1,6.8,.449,0.3,1.3,.202,2.8,5.5,.507,.468,1.3,1.7,.779,0.7,1.4,2.1,3.5,1.0,0.2,1.4,1.7,7.7,1994
1492,74,Marty Conlon,C,26,TOT,30,9,19.3,3.2,5.5,.576,0.0,0.1,.000,3.2,5.4,.583,.576,1.4,1.8,.811,1.8,2.9,4.6,1.1,0.3,0.3,1.1,2.3,7.8,1994
1493,74,Marty Conlon,C,26,CHH,16,8,23.6,4.1,6.8,.606,0.0,0.1,.000,4.1,6.8,.611,.606,1.9,2.4,.816,2.1,3.4,5.6,1.8,0.3,0.4,1.4,2.3,10.2,1994
1494,74,Marty Conlon,C,26,WSB,14,1,14.4,2.1,4.0,.518,0.0,0.1,.000,2.1,3.9,.527,.518,0.9,1.1,.800,1.4,2.2,3.6,0.4,0.3,0.1,0.7,2.4,5.0,1994
1495,75,Lester Conner,PG,34,IND,11,0,15.4,1.3,3.5,.368,0.0,0.3,.000,1.3,3.2,.400,.368,0.3,0.5,.500,0.9,1.3,2.2,2.8,1.3,0.1,0.8,1.1,2.8,1994
1496,76,Anthony Cook,PF,26,TOT,25,0,8.1,1.0,2.2,.481,0.0,0.0,.000,1.0,2.1,.491,.481,0.4,1.0,.400,0.8,1.4,2.2,0.2,0.1,0.6,0.5,0.9,2.5,1994
1497,76,Anthony Cook,PF,26,ORL,2,0,1.0,0.0,0.5,.000,0.0,0.0,,0.0,0.5,.000,.000,0.0,0.0,,0.0,0.0,0.0,0.0,0.0,1.0,0.5,0.0,0.0,1994
1498,76,Anthony Cook,PF,26,MIL,23,0,8.7,1.1,2.3,.491,0.0,0.0,.000,1.1,2.3,.500,.491,0.4,1.1,.400,0.9,1.6,2.4,0.2,0.1,0.5,0.5,1.0,2.7,1994
1499,77,Duane Cooper,PG,24,PHO,23,2,5.9,0.8,1.8,.439,0.0,0.3,.143,0.7,1.5,.500,.451,0.5,0.7,.733,0.1,0.3,0.4,1.2,0.1,0.0,0.9,0.5,2.1,1994
1500,78,Tyrone Corbin,SF,31,UTA,82,17,26.2,3.3,7.2,.456,0.1,0.4,.207,3.2,6.8,.469,.461,1.4,1.8,.813,1.8,2.9,4.7,1.5,1.2,0.3,1.1,2.6,8.0,1994
1501,79,Chris Corchiani,PG,25,BOS,51,0,9.2,0.8,1.8,.426,0.2,0.7,.289,0.6,1.1,.518,.484,0.5,0.7,.684,0.2,0.7,0.9,1.7,0.4,0.0,0.7,0.9,2.3,1994
1502,80,Joe Courtney,PF,24,TOT,52,1,6.6,1.3,2.8,.453,0.0,0.1,.667,1.3,2.8,.448,.459,0.6,0.9,.681,0.5,0.5,1.1,0.3,0.2,0.2,0.4,0.8,3.2,1994
1503,80,Joe Courtney,PF,24,PHO,33,1,5.1,1.2,2.4,.513,0.0,0.0,,1.2,2.4,.513,.513,0.7,1.0,.719,0.4,0.4,0.8,0.3,0.1,0.2,0.3,0.7,3.1,1994
1504,80,Joe Courtney,PF,24,MIL,19,0,9.3,1.4,3.7,.386,0.1,0.2,.667,1.3,3.5,.373,.400,0.5,0.8,.600,0.7,0.8,1.5,0.3,0.4,0.3,0.6,1.1,3.4,1994
1505,Rk,Player,Pos,Age,Tm,G,GS,MP,FG,FGA,FG%,3P,3PA,3P%,2P,2PA,2P%,eFG%,FT,FTA,FT%,ORB,DRB,TRB,AST,STL,BLK,TOV,PF,PTS,1994
1506,81,John Crotty,PG,24,UTA,45,0,7.0,1.0,2.2,.455,0.2,0.5,.458,0.8,1.7,.453,.510,0.7,0.8,.861,0.2,0.4,0.7,1.7,0.3,0.0,0.6,0.8,2.9,1994
1507,82,Terry Cummings,PF,32,SAS,59,29,19.2,3.1,7.3,.428,0.0,0.0,.000,3.1,7.2,.430,.428,1.1,1.8,.589,2.2,2.8,5.0,0.8,0.5,0.2,1.0,2.3,7.3,1994
1508,83,Earl Cureton,PF,36,HOU,2,0,15.0,1.0,4.0,.250,0.0,0.0,,1.0,4.0,.250,.250,0.0,1.0,.000,2.0,4.0,6.0,0.0,0.0,0.0,0.5,2.0,2.0,1994
1509,84,Dell Curry,SG,29,CHH,82,0,26.5,6.5,14.3,.455,1.9,4.6,.402,4.6,9.7,.480,.520,1.4,1.6,.873,0.9,2.3,3.2,2.7,1.2,0.3,1.5,2.0,16.3,1994
1510,85,Michael Curry,SG,25,PHI,10,0,4.3,0.3,1.4,.214,0.0,0.2,.000,0.3,1.2,.250,.214,0.3,0.4,.750,0.0,0.1,0.1,0.1,0.1,0.0,0.3,0.6,0.9,1994
1511,86,Lloyd Daniels,SG,26,SAS,65,5,15.1,2.2,5.7,.376,0.7,1.9,.352,1.5,3.8,.389,.435,0.7,1.0,.719,0.7,1.0,1.7,1.4,0.4,0.2,0.9,1.1,5.7,1994
1512,87,Brad Daugherty,C,28,CLE,50,50,36.8,5.9,12.1,.488,0.0,0.0,,5.9,12.1,.488,.488,5.1,6.5,.785,2.6,7.6,10.2,3.0,0.8,0.7,2.2,2.9,17.0,1994
1513,88,Antonio Davis,PF,25,IND,81,4,21.4,2.7,5.2,.508,0.0,0.0,.000,2.7,5.2,.509,.508,2.4,3.7,.642,2.3,3.9,6.2,0.7,0.6,1.0,1.3,2.3,7.7,1994
1514,89,Brian Davis,SF,23,MIN,68,3,5.5,0.6,1.9,.317,0.0,0.0,.333,0.6,1.8,.317,.321,0.7,1.0,.735,0.3,0.5,0.8,0.3,0.2,0.1,0.3,0.5,1.9,1994
1515,90,Dale Davis,PF,24,IND,66,64,34.7,4.7,8.8,.529,0.0,0.0,.000,4.7,8.8,.530,.529,2.3,4.5,.527,4.2,6.6,10.9,1.5,0.7,1.6,1.5,3.2,11.7,1994
1516,91,Hubert Davis,SG,23,NYK,56,27,23.8,4.3,9.0,.471,0.9,2.4,.402,3.3,6.7,.496,.524,1.5,1.8,.825,0.4,0.8,1.2,2.9,0.7,0.1,1.4,2.1,11.0,1994
1517,92,Terry Davis,PF,26,DAL,15,5,19.1,1.6,3.9,.407,0.0,0.0,,1.6,3.9,.407,.407,0.5,0.8,.667,2.0,2.9,4.9,0.4,0.6,0.1,0.3,1.8,3.7,1994
1518,93,Johnny Dawkins,PG,30,PHI,72,12,18.7,2.5,5.9,.418,0.5,1.5,.352,1.9,4.4,.440,.462,1.2,1.4,.840,0.4,1.3,1.7,3.7,0.9,0.1,1.5,1.0,6.6,1994
1519,94,Todd Day,SG,24,MIL,76,39,28.0,4.6,11.1,.415,0.4,1.9,.223,4.2,9.2,.456,.435,3.0,4.4,.698,1.5,2.6,4.1,1.8,1.4,0.7,1.7,2.9,12.7,1994
1520,95,Terry Dehere,PG,22,LAC,64,6,11.9,2.0,5.3,.377,0.4,0.9,.404,1.7,4.5,.372,.411,1.0,1.3,.753,0.4,0.7,1.1,1.2,0.4,0.0,1.0,1.1,5.3,1994
1521,96,Vinny Del Negro,SG,27,SAS,77,56,25.3,4.0,8.2,.487,0.2,0.6,.349,3.8,7.7,.497,.499,1.8,2.2,.824,0.4,1.7,2.1,4.2,0.8,0.0,1.3,2.2,10.0,1994
1522,97,Bison Dele,C,24,DEN,80,1,18.8,3.1,5.8,.541,0.0,0.0,.000,3.1,5.8,.544,.541,1.7,2.6,.649,1.7,3.9,5.6,0.6,0.6,1.1,1.3,2.8,8.0,1994
1523,98,Dell Demps,PG,23,GSW,2,0,5.5,1.0,3.0,.333,0.0,0.0,,1.0,3.0,.333,.333,0.0,1.0,.000,0.0,0.0,0.0,0.5,1.0,0.0,0.5,0.5,2.0,1994
1524,99,Vlade Divac*,C,25,LAL,79,73,34.0,5.7,11.3,.506,0.1,0.6,.191,5.6,10.7,.524,.511,2.6,3.8,.686,3.6,7.2,10.8,3.9,1.2,1.4,2.4,3.6,14.2,1994
1525,100,Sherman Douglas,PG,27,BOS,78,78,35.8,5.4,11.8,.462,0.2,0.7,.232,5.3,11.1,.477,.470,2.3,3.5,.641,0.9,1.6,2.5,8.8,1.1,0.1,3.0,2.2,13.3,1994
1526,Rk,Player,Pos,Age,Tm,G,GS,MP,FG,FGA,FG%,3P,3PA,3P%,2P,2PA,2P%,eFG%,FT,FTA,FT%,ORB,DRB,TRB,AST,STL,BLK,TOV,PF,PTS,1994
1527,101,Greg Dreiling,C,31,DAL,54,19,12.7,1.0,1.9,.500,0.0,0.0,1.000,0.9,1.9,.495,.505,0.5,0.7,.711,0.9,2.3,3.1,0.6,0.3,0.4,0.8,2.9,2.4,1994
1528,102,Clyde Drexler*,SG,31,POR,68,68,34.3,7.0,16.3,.428,1.0,3.2,.324,5.9,13.0,.454,.460,4.2,5.4,.777,2.3,4.3,6.5,4.9,1.4,0.5,2.5,3.0,19.2,1994
1529,103,Kevin Duckworth,C,29,WSB,69,52,21.5,2.7,6.4,.417,0.0,0.0,,2.7,6.4,.417,.417,1.3,1.9,.667,1.5,3.2,4.7,0.8,0.5,0.5,1.5,3.2,6.6,1994
1530,104,Chris Dudley,C,28,POR,6,3,14.3,1.0,4.2,.240,0.0,0.0,,1.0,4.2,.240,.240,0.3,0.7,.500,2.7,1.3,4.0,0.8,0.7,0.5,0.3,3.0,2.3,1994
1531,105,Joe Dumars*,SG,30,DET,69,69,37.6,7.3,16.2,.452,1.8,4.6,.388,5.5,11.6,.477,.507,4.0,4.8,.836,0.5,1.7,2.2,3.8,0.9,0.1,2.3,1.7,20.4,1994
1532,106,Acie Earl,C,23,BOS,74,8,15.5,2.0,5.0,.406,0.0,0.0,.000,2.0,5.0,.407,.406,1.5,2.2,.675,1.1,2.2,3.3,0.2,0.3,0.7,1.0,2.4,5.5,1994
1533,107,Bill Edwards,PF,22,PHI,3,0,14.7,0.7,6.0,.111,0.0,1.7,.000,0.7,4.3,.154,.111,0.7,1.7,.400,1.7,3.0,4.7,1.3,1.0,0.3,1.3,2.0,2.0,1994
1534,108,Blue Edwards,SF,28,MIL,82,64,28.3,4.7,9.8,.478,0.5,1.3,.358,4.2,8.5,.496,.501,1.8,2.3,.799,1.3,2.7,4.0,2.1,1.0,0.3,1.8,2.9,11.6,1994
1535,109,Doug Edwards,PF,23,ATL,16,0,6.7,1.1,3.1,.347,0.0,0.1,.000,1.1,3.0,.354,.347,0.6,1.0,.563,0.4,0.7,1.1,0.5,0.1,0.3,0.4,0.6,2.7,1994
1536,110,James Edwards,C,38,LAL,45,2,10.4,1.7,3.7,.464,0.0,0.0,,1.7,3.7,.464,.464,1.2,1.8,.684,0.2,1.2,1.4,0.5,0.1,0.1,0.7,2.0,4.7,1994
1537,111,Kevin Edwards,SG,28,NJN,82,82,33.3,5.7,12.5,.458,0.4,1.2,.354,5.3,11.3,.469,.475,2.0,2.6,.770,1.1,2.3,3.4,2.8,1.5,0.4,1.6,1.8,14.0,1994
1538,112,Craig Ehlo,SG,32,ATL,82,0,26.2,3.9,8.6,.446,0.9,2.7,.348,2.9,5.9,.491,.501,1.4,1.9,.727,0.9,2.5,3.4,3.3,1.7,0.3,1.6,2.0,10.0,1994
1539,113,Mario Elie,SF,30,HOU,67,8,24.0,3.1,7.0,.446,0.8,2.5,.335,2.3,4.5,.508,.506,2.3,2.7,.860,0.4,2.3,2.7,3.1,0.7,0.1,1.6,1.9,9.3,1994
1540,114,Sean Elliott,SF,25,DET,73,73,33.0,4.9,10.8,.455,0.4,1.2,.299,4.6,9.6,.474,.472,1.9,2.4,.803,0.9,2.7,3.6,2.7,0.7,0.4,1.8,2.4,12.1,1994
1541,115,Dale Ellis,SF,33,SAS,77,75,33.6,6.2,12.6,.494,1.7,4.3,.395,4.5,8.2,.546,.562,1.1,1.4,.776,0.9,2.4,3.3,1.0,0.9,0.1,1.0,1.8,15.2,1994
1542,116,Harold Ellis,SF,23,LAC,49,16,18.8,3.2,6.0,.545,0.0,0.1,.000,3.2,5.9,.552,.545,2.2,3.0,.711,1.9,1.2,3.1,0.6,1.5,0.0,0.9,2.0,8.7,1994
1543,117,LaPhonso Ellis,PF,23,DEN,79,79,34.2,6.1,12.2,.502,0.1,0.3,.304,6.0,11.9,.506,.505,3.1,4.5,.674,2.8,5.8,8.6,2.1,0.8,1.0,2.2,3.8,15.4,1994
1544,118,LeRon Ellis,C,24,CHH,50,1,13.6,1.8,3.6,.484,0.0,0.0,,1.8,3.6,.484,.484,0.9,1.4,.662,1.4,2.4,3.8,0.5,0.3,0.5,0.4,1.7,4.4,1994
1545,119,Pervis Ellison,C,26,WSB,47,24,25.1,2.9,6.2,.469,0.0,0.1,.000,2.9,6.1,.474,.469,1.5,2.1,.722,1.6,3.5,5.1,1.5,0.5,1.1,1.6,3.0,7.3,1994
1546,120,Jo Jo English,SG,23,CHI,36,0,11.6,1.6,3.6,.434,0.2,0.5,.471,1.3,3.1,.429,.465,0.3,0.6,.476,0.3,1.0,1.3,1.1,0.2,0.3,1.0,1.7,3.6,1994
1547,Rk,Player,Pos,Age,Tm,G,GS,MP,FG,FGA,FG%,3P,3PA,3P%,2P,2PA,2P%,eFG%,FT,FTA,FT%,ORB,DRB,TRB,AST,STL,BLK,TOV,PF,PTS,1994
1548,121,Patrick Ewing*,C,31,NYK,79,79,37.6,9.4,19.0,.496,0.1,0.2,.286,9.4,18.8,.498,.497,5.6,7.4,.765,2.8,8.4,11.2,2.3,1.1,2.7,3.3,3.5,24.5,1994
1549,122,Jim Farmer,SG,29,DEN,4,0,7.3,0.5,1.5,.333,0.0,0.5,.000,0.5,1.0,.500,.333,0.0,0.0,,0.0,0.5,0.5,1.0,0.0,0.0,1.3,0.8,1.0,1994
1550,123,Duane Ferrell,SF,28,ATL,72,13,16.0,2.6,5.3,.485,0.0,0.1,.111,2.5,5.1,.495,.487,2.0,2.6,.783,0.9,0.9,1.8,0.9,0.6,0.2,0.9,1.2,7.1,1994
1551,124,Danny Ferry,PF,27,CLE,70,1,13.8,2.1,4.8,.446,0.2,0.7,.275,1.9,4.0,.477,.467,0.5,0.6,.884,0.7,1.3,2.0,1.1,0.4,0.3,0.6,1.6,5.0,1994
1552,125,Vern Fleming,PG,31,IND,55,5,19.1,2.7,5.8,.462,0.0,0.1,.000,2.7,5.7,.468,.462,1.2,1.6,.736,0.5,1.7,2.2,3.1,0.7,0.1,1.6,1.8,6.5,1994
1553,126,Sleepy Floyd,PG,33,SAS,53,2,13.9,1.3,3.9,.335,0.2,0.7,.222,1.2,3.3,.358,.354,1.0,1.5,.667,0.2,1.1,1.3,1.9,0.2,0.2,1.2,1.3,3.8,1994
1554,127,Alphonso Ford,PG,22,SEA,6,0,2.7,1.2,2.2,.538,0.2,0.2,1.000,1.0,2.0,.500,.577,0.2,0.3,.500,0.0,0.0,0.0,0.2,0.3,0.0,0.2,0.3,2.7,1994
1555,128,Greg Foster,PF,25,MIL,3,0,6.3,1.3,2.3,.571,0.0,0.0,,1.3,2.3,.571,.571,0.7,0.7,1.000,0.0,1.0,1.0,0.0,0.0,0.3,0.3,1.0,3.3,1994
1556,129,Rick Fox,SF,24,BOS,82,53,25.6,4.1,8.9,.467,0.4,1.2,.330,3.7,7.7,.489,.490,2.1,2.8,.757,1.3,3.0,4.3,2.6,1.0,0.6,1.9,3.0,10.8,1994
1557,130,Tellis Frank,PF,28,MIN,67,11,14.3,1.0,2.4,.419,0.0,0.0,.000,1.0,2.4,.424,.419,0.8,1.1,.711,1.2,2.0,3.3,0.9,0.5,0.5,0.7,2.4,2.8,1994
1558,131,Corey Gaines,SG,28,NYK,18,0,4.3,0.5,1.1,.450,0.1,0.3,.400,0.4,0.8,.467,.500,0.7,0.8,.867,0.2,0.6,0.7,1.7,0.1,0.0,0.3,0.7,1.8,1994
1559,132,Chad Gallagher,C,24,UTA,2,0,1.5,1.5,1.5,1.000,0.0,0.0,,1.5,1.5,1.000,1.000,0.0,0.0,,0.0,0.0,0.0,0.0,0.0,0.0,0.0,1.0,3.0,1994
1560,133,Kevin Gamble,SF,28,BOS,75,28,25.1,4.9,10.7,.458,0.3,1.4,.243,4.6,9.3,.489,.473,1.4,1.7,.817,0.5,1.6,2.1,2.0,0.8,0.3,1.0,1.8,11.5,1994
1561,134,Chris Gatling,C,26,GSW,82,23,15.8,3.3,5.6,.588,0.0,0.0,.000,3.3,5.6,.589,.588,1.6,2.5,.620,1.7,3.1,4.8,0.5,0.5,0.8,1.0,2.7,8.2,1994
1562,135,Kenny Gattison,PF,29,CHH,77,18,21.4,3.0,5.8,.524,0.0,0.0,,3.0,5.8,.524,.524,1.6,2.5,.646,1.4,3.3,4.6,1.2,0.8,0.6,1.0,3.0,7.7,1994
1563,136,Andrew Gaze,SG,28,WSB,7,0,10.0,1.1,2.4,.471,0.6,1.1,.500,0.6,1.3,.444,.588,0.3,0.3,1.000,0.1,0.9,1.0,0.7,0.3,0.1,0.4,1.3,3.1,1994
1564,137,Matt Geiger,C,24,MIA,72,0,16.7,2.8,4.9,.574,0.0,0.1,.200,2.8,4.8,.579,.575,1.6,2.1,.779,1.7,2.6,4.2,0.4,0.5,0.4,0.8,2.8,7.2,1994
1565,138,Kendall Gill,SG,25,SEA,79,77,30.8,5.4,12.3,.443,0.5,1.5,.317,4.9,10.7,.461,.462,2.7,3.5,.782,1.2,2.2,3.4,3.5,1.9,0.4,1.8,2.5,14.1,1994
1566,139,Armen Gilliam,PF,29,NJN,82,5,24.0,4.2,8.3,.510,0.0,0.0,.000,4.2,8.3,.511,.510,3.3,4.4,.759,2.4,3.7,6.1,0.8,0.5,0.7,1.3,1.6,11.8,1994
1567,140,Mike Gminski,C,34,TOT,29,7,10.7,1.2,3.6,.350,0.0,0.0,,1.2,3.6,.350,.350,0.5,0.6,.778,0.8,1.8,2.6,0.4,0.4,0.6,0.4,0.8,3.0,1994
1568,140,Mike Gminski,C,34,CHH,21,6,12.1,1.5,3.8,.392,0.0,0.0,,1.5,3.8,.392,.392,0.5,0.7,.786,0.9,1.9,2.8,0.5,0.6,0.6,0.5,1.0,3.5,1994
1569,140,Mike Gminski,C,34,MIL,8,1,6.8,0.6,3.0,.208,0.0,0.0,,0.6,3.0,.208,.208,0.4,0.5,.750,0.4,1.5,1.9,0.0,0.0,0.4,0.3,0.4,1.6,1994
1570,Rk,Player,Pos,Age,Tm,G,GS,MP,FG,FGA,FG%,3P,3PA,3P%,2P,2PA,2P%,eFG%,FT,FTA,FT%,ORB,DRB,TRB,AST,STL,BLK,TOV,PF,PTS,1994
1571,141,Ricky Grace,PG,26,ATL,3,0,2.7,0.7,1.0,.667,0.0,0.0,,0.7,1.0,.667,.667,0.0,0.7,.000,0.0,0.3,0.3,0.3,0.0,0.0,0.0,1.0,1.3,1994
1572,142,Greg Graham,SG,23,PHI,70,6,12.7,1.7,4.4,.400,0.0,0.4,.080,1.7,4.0,.429,.403,1.3,1.6,.836,0.3,0.9,1.2,0.9,0.9,0.1,0.9,0.8,4.8,1994
1573,143,Paul Graham,SG,26,ATL,21,0,6.1,1.0,2.7,.368,0.1,0.6,.231,0.9,2.1,.409,.395,0.6,0.8,.765,0.2,0.4,0.6,0.6,0.2,0.2,0.2,0.5,2.8,1994
1574,144,Gary Grant,PG,28,LAC,78,8,19.7,3.2,7.2,.449,0.2,0.8,.274,3.0,6.4,.471,.464,0.8,1.0,.855,0.5,1.3,1.8,3.7,1.5,0.2,1.7,1.8,7.5,1994
1575,145,Harvey Grant,SF,28,POR,77,73,27.4,4.6,10.1,.460,0.0,0.1,.286,4.6,10.0,.462,.461,1.1,1.7,.641,1.4,3.1,4.6,1.4,0.9,0.6,0.7,2.3,10.4,1994
1576,146,Horace Grant,PF,28,CHI,70,69,36.7,6.6,12.5,.524,0.0,0.1,.000,6.6,12.5,.528,.524,2.0,3.3,.596,4.4,6.6,11.0,3.4,1.1,1.2,1.6,2.3,15.1,1994
1577,147,Josh Grant,PF,26,GSW,53,0,7.2,1.1,2.8,.404,0.3,1.2,.279,0.8,1.6,.494,.462,0.4,0.5,.759,0.5,1.2,1.7,0.5,0.3,0.2,0.6,1.2,3.0,1994
1578,148,Jeff Grayer,SG,28,GSW,67,4,16.4,2.9,5.4,.526,0.0,0.2,.167,2.8,5.2,.538,.529,1.1,1.8,.602,1.1,1.7,2.9,0.9,0.5,0.2,0.9,1.5,6.8,1994
1579,149,A.C. Green,PF,30,PHO,82,55,34.5,5.7,11.3,.502,0.1,0.4,.229,5.6,10.9,.513,.506,3.2,4.4,.735,3.4,5.8,9.2,1.7,0.9,0.5,1.2,1.7,14.7,1994
1580,150,Litterial Green,PG,23,ORL,29,0,4.3,0.8,2.0,.386,0.0,0.1,.250,0.7,1.8,.396,.395,1.0,1.3,.757,0.2,0.2,0.4,0.3,0.2,0.0,0.4,0.6,2.5,1994
1581,151,Sean Green,SG,23,TOT,36,0,9.3,1.8,5.1,.344,0.3,1.1,.244,1.5,3.9,.373,.372,0.4,0.5,.722,0.3,0.7,0.9,0.4,0.5,0.2,0.8,0.6,4.1,1994
1582,151,Sean Green,SG,23,PHI,35,0,9.5,1.8,5.2,.346,0.3,1.2,.244,1.5,4.0,.376,.374,0.4,0.5,.722,0.3,0.7,1.0,0.5,0.5,0.2,0.8,0.6,4.3,1994
1583,151,Sean Green,SG,23,UTA,1,0,2.0,0.0,1.0,.000,0.0,0.0,,0.0,1.0,.000,.000,0.0,0.0,,0.0,0.0,0.0,0.0,0.0,0.0,0.0,0.0,0.0,1994
1584,152,Tom Gugliotta,PF,24,WSB,78,78,35.8,6.9,14.9,.466,0.5,1.9,.270,6.4,13.0,.495,.483,2.7,4.0,.685,2.4,6.9,9.3,3.5,2.2,0.7,3.2,2.2,17.1,1994
1585,153,Andrés Guibert,C,25,MIN,5,0,6.6,1.2,4.0,.300,0.0,0.0,,1.2,4.0,.300,.300,0.6,1.2,.500,2.0,1.2,3.2,0.4,0.0,0.2,1.2,1.2,3.0,1994
1586,154,Jay Guidinger,C,24,CLE,32,0,4.1,0.5,1.0,.500,0.0,0.0,,0.5,1.0,.500,.500,0.5,0.7,.714,0.5,0.6,1.0,0.1,0.1,0.2,0.5,0.7,1.5,1994
1587,155,Jack Haley,PF,30,SAS,28,0,3.4,0.8,1.7,.438,0.0,0.0,,0.8,1.7,.438,.438,0.6,0.8,.810,0.2,0.6,0.9,0.0,0.0,0.0,0.4,0.6,2.1,1994
1588,156,Geert Hammink,C,24,ORL,1,0,3.0,1.0,3.0,.333,0.0,0.0,,1.0,3.0,.333,.333,0.0,0.0,,1.0,0.0,1.0,1.0,0.0,0.0,0.0,1.0,2.0,1994
1589,157,Tom Hammonds,PF,26,DEN,74,2,11.9,1.6,3.1,.500,0.0,0.0,,1.6,3.1,.500,.500,1.0,1.4,.683,0.8,1.9,2.7,0.5,0.3,0.2,0.6,1.2,4.1,1994
1590,158,Anfernee Hardaway,PG,22,ORL,82,82,36.8,6.2,13.3,.466,0.6,2.3,.267,5.6,11.0,.507,.489,3.0,4.0,.742,2.3,3.0,5.4,6.6,2.3,0.6,3.6,2.5,16.0,1994
1591,159,Derek Harper,PG,32,TOT,82,55,26.9,3.7,9.1,.407,0.9,2.5,.360,2.8,6.6,.425,.456,1.4,2.0,.687,0.2,1.5,1.7,4.1,1.5,0.1,1.6,2.0,9.6,1994
1592,159,Derek Harper,PG,32,DAL,28,28,31.9,4.6,12.2,.380,1.3,3.8,.352,3.3,8.5,.392,.434,1.0,1.8,.560,0.4,1.6,2.0,3.5,1.6,0.1,1.9,1.6,11.6,1994
1593,159,Derek Harper,PG,32,NYK,54,27,24.3,3.2,7.4,.430,0.7,1.8,.367,2.5,5.6,.451,.475,1.6,2.1,.743,0.2,1.4,1.6,4.4,1.5,0.1,1.5,2.2,8.6,1994
1594,160,Ron Harper,SG,30,LAC,75,75,38.1,7.6,17.8,.426,0.9,3.1,.301,6.6,14.7,.453,.453,4.0,5.6,.715,1.7,4.4,6.1,4.6,1.9,0.7,3.2,2.2,20.1,1994
1595,Rk,Player,Pos,Age,Tm,G,GS,MP,FG,FGA,FG%,3P,3PA,3P%,2P,2PA,2P%,eFG%,FT,FTA,FT%,ORB,DRB,TRB,AST,STL,BLK,TOV,PF,PTS,1994
1596,161,Lucious Harris,SG,23,DAL,77,0,15.1,2.1,5.0,.421,0.1,0.4,.212,2.0,4.6,.440,.430,1.1,1.5,.731,0.6,1.5,2.0,1.4,0.6,0.1,1.0,1.5,5.4,1994
1597,162,Tony Harris,SG,26,BOS,5,0,17.6,1.8,6.2,.290,0.6,1.8,.333,1.2,4.4,.273,.339,4.6,5.0,.920,0.6,1.4,2.0,1.6,0.8,0.0,1.2,1.6,8.8,1994
1598,163,Antonio Harvey,PF,23,LAL,27,6,9.1,1.1,2.9,.367,0.0,0.0,,1.1,2.9,.367,.367,0.4,1.0,.462,1.0,1.2,2.2,0.2,0.3,0.7,0.6,1.4,2.6,1994
1599,164,Scott Haskin,C,23,IND,27,2,6.9,0.8,1.7,.467,0.0,0.0,,0.8,1.7,.467,.467,0.5,0.7,.684,0.6,1.4,2.0,0.2,0.1,0.6,0.5,1.2,2.0,1994
1600,165,Hersey Hawkins,SG,27,CHH,82,82,32.3,4.8,10.5,.460,1.0,2.9,.332,3.9,7.6,.508,.505,3.8,4.4,.862,1.1,3.5,4.6,2.6,1.6,0.3,1.9,2.0,14.4,1994
1601,166,Skeeter Henry,SG,26,PHO,4,0,3.8,0.3,1.3,.200,0.0,0.5,.000,0.3,0.8,.333,.200,0.5,1.0,.500,0.0,0.5,0.5,1.0,0.0,0.0,0.3,0.3,1.0,1994
1602,167,Steve Henson,PG,25,CHH,3,0,5.7,0.3,0.7,.500,0.3,0.3,1.000,0.0,0.3,.000,.750,0.0,0.0,,0.0,0.3,0.3,1.7,0.0,0.0,0.3,1.0,1.0,1994
1603,168,Carl Herrera,PF,27,HOU,75,0,17.2,1.9,4.1,.458,0.0,0.0,,1.9,4.1,.458,.458,0.9,1.3,.711,1.3,2.5,3.8,0.5,0.4,0.3,0.9,2.1,4.7,1994
1604,169,Rod Higgins,SF,34,CLE,36,11,15.2,2.0,4.5,.436,0.6,1.4,.440,1.4,3.1,.434,.503,0.9,1.2,.738,0.7,1.6,2.3,1.0,0.7,0.4,0.6,1.5,5.4,1994
1605,170,Tyrone Hill,PF,25,CLE,57,20,25.4,3.8,7.0,.543,0.0,0.0,.000,3.8,6.9,.545,.543,3.0,4.5,.668,3.2,5.5,8.8,0.8,0.9,0.6,1.4,3.4,10.6,1994
1606,171,Donald Hodge,C,24,DAL,50,0,8.6,0.9,2.0,.455,0.0,0.0,,0.9,2.0,.455,.455,0.9,1.0,.846,0.9,1.0,1.9,0.6,0.3,0.3,0.6,1.3,2.7,1994
1607,172,Tito Horford,C,28,WSB,3,0,9.3,0.0,0.7,.000,0.0,0.0,,0.0,0.7,.000,.000,0.0,0.0,,0.3,0.7,1.0,0.0,0.3,1.0,0.3,1.0,0.0,1994
1608,173,Jeff Hornacek,SG,30,TOT,80,62,35.3,5.9,12.6,.470,0.9,2.6,.337,5.0,10.0,.505,.505,3.3,3.7,.878,0.8,2.7,3.5,5.2,1.6,0.2,2.1,2.3,15.9,1994
1609,173,Jeff Hornacek,SG,30,PHI,53,53,37.6,6.1,13.5,.455,1.0,3.1,.313,5.2,10.4,.497,.491,3.4,3.8,.873,0.8,3.2,4.0,5.9,1.8,0.2,2.6,2.2,16.6,1994
1610,173,Jeff Hornacek,SG,30,UTA,27,9,30.6,5.4,10.7,.509,0.7,1.6,.429,4.8,9.1,.522,.540,3.0,3.4,.891,0.7,1.8,2.5,3.9,1.2,0.1,1.2,2.6,14.6,1994
1611,174,Robert Horry,SF,23,HOU,81,81,29.3,4.0,8.7,.459,0.5,1.7,.324,3.4,7.0,.491,.490,1.4,1.9,.732,1.6,3.9,5.4,2.9,1.5,0.9,1.7,2.3,9.9,1994
1612,175,Allan Houston,SG,22,DET,79,20,19.2,3.4,8.5,.405,0.4,1.5,.299,3.0,7.0,.428,.431,1.1,1.4,.824,0.2,1.3,1.5,1.3,0.4,0.2,1.3,2.1,8.5,1994
1613,176,Byron Houston,PF,24,GSW,71,2,12.2,1.1,2.5,.458,0.0,0.1,.143,1.1,2.4,.471,.460,0.5,0.8,.611,0.9,1.8,2.7,0.5,0.5,0.4,0.7,2.5,2.8,1994
1614,177,Stephen Howard,SF,23,UTA,9,0,5.9,1.1,1.9,.588,0.0,0.0,,1.1,1.9,.588,.588,1.2,1.8,.688,1.1,0.7,1.8,0.1,0.1,0.3,0.7,1.4,3.4,1994
1615,178,Jay Humphries,SG,31,UTA,75,19,21.6,3.1,7.1,.436,0.5,1.3,.396,2.6,5.9,.444,.471,0.8,1.0,.750,0.5,1.2,1.7,2.9,0.9,0.1,1.3,2.2,7.5,1994
1616,179,Lindsey Hunter,PG,23,DET,82,26,26.5,4.1,10.9,.375,0.8,2.5,.333,3.2,8.4,.388,.414,1.3,1.7,.732,0.6,1.7,2.3,4.8,1.5,0.1,2.2,2.1,10.3,1994
1617,180,Bobby Hurley,PG,22,SAC,19,19,26.3,2.8,7.7,.370,0.1,0.8,.125,2.7,6.8,.400,.377,1.3,1.6,.800,0.3,1.5,1.8,6.1,0.7,0.1,2.5,1.5,7.1,1994
1618,Rk,Player,Pos,Age,Tm,G,GS,MP,FG,FGA,FG%,3P,3PA,3P%,2P,2PA,2P%,eFG%,FT,FTA,FT%,ORB,DRB,TRB,AST,STL,BLK,TOV,PF,PTS,1994
1619,181,Jaren Jackson,SG,26,POR,29,0,6.4,1.2,3.0,.391,0.0,0.2,.000,1.2,2.8,.420,.391,0.4,0.5,.857,0.2,0.4,0.6,0.9,0.1,0.1,0.5,0.7,2.8,1994
1620,182,Jim Jackson,SG,23,DAL,82,82,37.4,7.8,17.5,.445,0.2,0.7,.283,7.6,16.7,.452,.451,3.5,4.2,.821,2.1,2.7,4.7,4.6,1.1,0.3,4.1,2.0,19.2,1994
1621,183,Mark Jackson,PG,28,LAC,79,79,34.3,4.2,9.3,.452,0.5,1.6,.283,3.7,7.7,.488,.477,2.1,2.7,.791,1.4,3.1,4.4,8.6,1.5,0.1,2.9,1.5,10.9,1994
1622,184,Stanley Jackson,SG,23,MIN,17,0,5.4,1.0,1.9,.515,0.1,0.3,.200,0.9,1.6,.571,.530,0.2,0.2,1.000,0.7,0.9,1.6,0.9,0.3,0.0,0.6,0.8,2.2,1994
1623,185,Dave Jamerson,SG,26,TOT,5,0,2.8,0.0,1.4,.000,0.0,0.0,,0.0,1.4,.000,.000,0.4,0.6,.667,0.0,0.8,0.8,0.2,0.0,0.0,0.2,0.0,0.4,1994
1624,185,Dave Jamerson,SG,26,UTA,1,0,4.0,0.0,2.0,.000,0.0,0.0,,0.0,2.0,.000,.000,1.0,1.0,1.000,0.0,1.0,1.0,0.0,0.0,0.0,0.0,0.0,1.0,1994
1625,185,Dave Jamerson,SG,26,NJN,4,0,2.5,0.0,1.3,.000,0.0,0.0,,0.0,1.3,.000,.000,0.3,0.5,.500,0.0,0.8,0.8,0.3,0.0,0.0,0.3,0.0,0.3,1994
1626,186,Henry James,PF,28,LAC,12,0,6.3,1.3,3.5,.381,0.3,1.5,.222,1.0,2.0,.500,.429,0.4,0.4,1.000,0.5,0.7,1.2,0.1,0.2,0.0,0.2,0.8,3.4,1994
1627,187,Keith Jennings,PG,25,GSW,76,2,14.4,1.8,4.5,.404,0.7,2.0,.371,1.1,2.5,.429,.485,1.3,1.6,.833,0.2,1.0,1.2,2.9,0.9,0.0,1.0,0.8,5.7,1994
1628,188,Chris Jent,SF,24,HOU,3,0,26.0,4.3,8.7,.500,1.3,3.7,.364,3.0,5.0,.600,.577,0.3,0.7,.500,1.3,3.7,5.0,2.3,0.0,0.0,1.7,4.3,10.3,1994
1629,189,Avery Johnson,PG,28,GSW,82,70,28.4,4.3,8.8,.492,0.0,0.1,.000,4.3,8.7,.500,.492,2.2,3.1,.704,0.5,1.6,2.1,5.3,1.4,0.1,2.1,2.0,10.9,1994
1630,190,Dave Johnson,SG,23,CHI,17,0,7.0,1.0,3.2,.315,0.0,0.1,.000,1.0,3.1,.321,.315,0.8,1.2,.619,0.5,0.4,0.9,0.2,0.2,0.0,0.5,0.4,2.8,1994
1631,191,Eddie Johnson,SF,34,CHH,73,27,20.0,4.6,10.1,.459,0.8,2.1,.393,3.8,8.1,.476,.499,1.4,1.7,.780,1.1,2.0,3.1,1.7,0.5,0.1,1.2,2.0,11.5,1994
1632,192,Ervin Johnson,C,26,SEA,45,3,6.2,1.0,2.4,.415,0.0,0.0,,1.0,2.4,.415,.415,0.6,1.0,.630,1.1,1.6,2.6,0.2,0.2,0.5,0.5,1.0,2.6,1994
1633,193,Frank Johnson,PG,35,PHO,70,5,12.5,1.9,4.3,.448,0.0,0.2,.167,1.9,4.1,.460,.452,0.8,1.0,.783,0.4,0.8,1.2,2.1,0.6,0.0,0.9,1.7,4.6,1994
1634,194,Kevin Johnson,PG,27,PHO,67,67,36.6,7.1,14.6,.487,0.1,0.4,.222,7.0,14.2,.494,.490,5.7,6.9,.819,0.8,1.7,2.5,9.5,1.9,0.1,3.5,1.9,20.0,1994
1635,195,Larry Johnson,PF,24,CHH,51,51,34.5,6.8,13.2,.515,0.1,0.4,.238,6.7,12.8,.524,.519,2.7,3.9,.695,2.8,6.0,8.8,3.6,0.6,0.3,2.3,2.6,16.4,1994
1636,196,Charles Jones,C,36,DET,42,0,20.9,0.9,1.9,.462,0.0,0.0,.000,0.9,1.8,.468,.462,0.5,0.8,.559,2.1,3.5,5.6,0.7,0.3,1.0,0.3,3.2,2.2,1994
1637,197,Popeye Jones,PF,23,DAL,81,47,21.9,2.4,5.0,.479,0.0,0.0,.000,2.4,5.0,.480,.479,1.0,1.3,.729,3.7,3.8,7.5,1.2,0.8,0.4,1.2,3.0,5.8,1994
1638,198,Adonis Jordan,PG,23,DEN,6,0,13.2,1.0,3.8,.261,0.5,1.7,.300,0.5,2.2,.231,.326,0.0,0.0,,0.5,0.5,1.0,3.2,0.0,0.2,1.0,1.0,2.5,1994
1639,199,Reggie Jordan,SG,26,LAL,23,0,11.3,1.9,4.5,.427,0.1,0.2,.500,1.8,4.3,.424,.437,1.5,2.2,.686,2.0,0.9,2.9,1.1,0.6,0.2,0.6,1.1,5.4,1994
1640,200,Adam Keefe,PF,23,ATL,63,1,12.1,1.5,3.4,.451,0.0,0.0,,1.5,3.4,.451,.451,1.3,1.8,.730,1.2,2.0,3.2,0.5,0.3,0.1,1.0,1.3,4.3,1994
1641,Rk,Player,Pos,Age,Tm,G,GS,MP,FG,FGA,FG%,3P,3PA,3P%,2P,2PA,2P%,eFG%,FT,FTA,FT%,ORB,DRB,TRB,AST,STL,BLK,TOV,PF,PTS,1994
1642,201,Shawn Kemp,PF,24,SEA,79,73,32.9,6.7,12.5,.538,0.0,0.1,.250,6.7,12.5,.540,.539,4.6,6.2,.741,3.9,6.8,10.8,2.6,1.8,2.1,3.3,3.9,18.1,1994
1643,202,Tim Kempton,PF,30,TOT,13,0,10.5,1.2,2.9,.395,0.0,0.0,,1.2,2.9,.395,.395,0.7,1.2,.563,0.8,1.1,1.8,0.7,0.5,0.2,0.8,2.5,3.0,1994
1644,202,Tim Kempton,PF,30,CHH,9,0,11.4,1.0,2.9,.346,0.0,0.0,,1.0,2.9,.346,.346,0.8,1.1,.700,0.7,0.9,1.6,0.7,0.4,0.1,0.4,2.8,2.8,1994
1645,202,Tim Kempton,PF,30,CLE,4,0,8.3,1.5,3.0,.500,0.0,0.0,,1.5,3.0,.500,.500,0.5,1.5,.333,1.0,1.5,2.5,0.8,0.5,0.3,1.8,2.0,3.5,1994
1646,203,Steve Kerr,PG,28,CHI,82,0,24.8,3.5,7.0,.497,0.6,1.5,.419,2.9,5.5,.519,.542,1.0,1.2,.856,0.3,1.3,1.6,2.6,0.9,0.0,0.7,1.2,8.6,1994
1647,204,Jerome Kersey,SF,31,POR,78,6,16.4,2.6,6.0,.433,0.0,0.1,.125,2.6,5.9,.438,.434,1.3,1.7,.748,1.7,2.6,4.2,1.0,0.9,0.6,0.8,2.7,6.5,1994
1648,205,Alec Kessler,PF,27,MIA,15,0,4.4,0.7,1.7,.440,0.3,0.6,.556,0.4,1.1,.375,.540,0.4,0.5,.750,0.3,0.4,0.7,0.1,0.1,0.1,0.3,0.9,2.2,1994
1649,206,Warren Kidd,PF,23,PHI,68,14,13.0,1.5,2.5,.592,0.0,0.0,,1.5,2.5,.592,.592,0.7,1.3,.547,1.1,2.3,3.4,0.3,0.3,0.3,0.6,1.9,3.6,1994
1650,207,Chris King,SF,24,SEA,15,0,5.7,1.3,3.2,.396,0.1,0.5,.286,1.1,2.7,.415,.417,1.0,1.7,.577,0.3,0.7,1.0,0.7,0.3,0.0,0.8,0.8,3.7,1994
1651,208,Rich King,C,24,SEA,27,0,2.9,0.6,1.3,.441,0.0,0.0,.000,0.6,1.2,.455,.441,0.4,0.8,.500,0.3,0.4,0.7,0.3,0.0,0.1,0.3,0.7,1.5,1994
1652,209,Stacey King,C,27,TOT,49,30,21.5,3.0,7.0,.428,0.0,0.0,.000,3.0,6.9,.431,.428,1.9,2.8,.684,1.8,3.1,4.9,1.2,0.6,0.9,1.7,2.5,7.9,1994
1653,209,Stacey King,C,27,CHI,31,15,17.3,2.2,5.5,.398,0.0,0.1,.000,2.2,5.5,.402,.398,1.2,1.7,.679,1.6,2.6,4.3,1.3,0.6,0.4,1.4,2.1,5.5,1994
1654,209,Stacey King,C,27,MIN,18,15,28.7,4.3,9.4,.459,0.0,0.0,,4.3,9.4,.459,.459,3.2,4.6,.687,2.2,3.8,6.1,1.1,0.7,1.7,2.2,3.2,11.8,1994
1655,210,Greg Kite,C,32,ORL,29,0,10.7,0.4,1.2,.371,0.0,0.0,,0.4,1.2,.371,.371,0.3,0.8,.364,0.8,1.7,2.4,0.1,0.1,0.4,0.6,2.1,1.2,1994
1656,211,Joe Kleine,C,32,PHO,74,4,11.5,1.7,3.5,.488,0.1,0.1,.455,1.6,3.3,.490,.498,0.4,0.5,.769,0.7,1.9,2.6,0.6,0.2,0.3,0.5,1.6,3.9,1994
1657,212,Negele Knight,PG,26,TOT,65,18,22.1,3.5,7.3,.474,0.1,0.3,.190,3.4,7.0,.487,.478,2.2,2.7,.810,0.4,1.2,1.6,3.0,0.5,0.2,1.4,1.9,9.2,1994
1658,212,Negele Knight,PG,26,PHO,1,0,8.0,1.0,4.0,.250,0.0,0.0,,1.0,4.0,.250,.250,0.0,0.0,,0.0,0.0,0.0,0.0,0.0,1.0,0.0,1.0,2.0,1994
1659,212,Negele Knight,PG,26,SAS,64,18,22.3,3.5,7.4,.476,0.1,0.3,.190,3.4,7.0,.489,.480,2.2,2.7,.810,0.4,1.2,1.6,3.1,0.5,0.2,1.5,1.9,9.3,1994
1660,213,Jon Koncak,C,30,ATL,82,78,22.2,1.9,4.5,.431,0.0,0.0,.000,1.9,4.5,.434,.431,0.3,0.4,.667,1.0,3.4,4.5,1.2,0.8,1.5,0.5,2.9,4.2,1994
1661,214,Larry Krystkowiak,PF,29,ORL,34,11,20.1,2.1,4.4,.480,0.0,0.0,.000,2.1,4.3,.483,.480,0.9,1.1,.795,1.1,2.5,3.6,1.0,0.4,0.1,0.9,2.2,5.1,1994
1662,215,Toni Kukoč*,SF,25,CHI,75,8,24.1,4.2,9.7,.431,0.4,1.6,.271,3.7,8.1,.462,.453,2.1,2.8,.743,1.3,2.7,4.0,3.4,1.1,0.4,2.2,1.6,10.9,1994
1663,216,Christian Laettner,PF,24,MIN,70,67,34.7,5.7,12.6,.448,0.1,0.4,.240,5.6,12.3,.455,.452,5.4,6.8,.783,2.3,6.3,8.6,4.4,1.2,1.2,3.7,3.8,16.8,1994
1664,217,Bill Laimbeer,C,36,DET,11,5,22.5,4.3,8.2,.522,0.3,0.8,.333,4.0,7.4,.543,.539,1.0,1.2,.846,0.8,4.3,5.1,1.3,0.5,0.4,0.9,2.7,9.8,1994
1665,218,Andrew Lang,C,27,ATL,82,0,19.6,2.6,5.6,.469,0.0,0.0,.250,2.6,5.5,.471,.471,0.9,1.3,.689,1.5,2.3,3.8,0.6,0.5,1.1,1.0,2.3,6.1,1994
1666,219,Eric Leckner,C,27,PHI,71,36,16.4,2.0,4.0,.486,0.0,0.0,.000,2.0,4.0,.489,.486,1.2,1.8,.646,1.1,2.9,4.0,1.2,0.3,0.5,1.2,2.7,5.1,1994
1667,220,Tim Legler,SG,27,DAL,79,0,16.7,2.9,6.7,.438,0.7,1.8,.374,2.3,4.9,.460,.487,1.8,2.1,.840,0.5,1.2,1.6,1.5,0.7,0.2,0.8,1.7,8.3,1994
1668,Rk,Player,Pos,Age,Tm,G,GS,MP,FG,FGA,FG%,3P,3PA,3P%,2P,2PA,2P%,eFG%,FT,FTA,FT%,ORB,DRB,TRB,AST,STL,BLK,TOV,PF,PTS,1994
1669,221,Jim Les,PG,30,SAC,18,0,9.4,0.7,1.9,.382,0.4,1.0,.444,0.3,0.9,.313,.500,0.6,0.7,.846,0.3,0.4,0.7,2.2,0.4,0.1,0.6,0.9,2.5,1994
1670,222,Fat Lever,PG,33,DAL,81,54,24.0,2.8,6.9,.408,0.3,0.9,.351,2.5,6.0,.416,.431,0.9,1.2,.765,1.0,2.5,3.5,2.6,2.0,0.2,1.1,1.9,6.9,1994
1671,223,Marcus Liberty,SF,25,TOT,38,0,7.5,1.1,3.2,.325,0.3,0.7,.357,0.8,2.5,.316,.366,0.5,1.0,.487,0.7,0.9,1.6,0.4,0.3,0.1,0.6,0.9,2.9,1994
1672,223,Marcus Liberty,SF,25,DEN,3,0,3.7,1.3,2.3,.571,0.0,0.3,.000,1.3,2.0,.667,.571,0.3,0.7,.500,0.0,1.7,1.7,0.7,0.0,0.0,0.7,1.7,3.0,1994
1673,223,Marcus Liberty,SF,25,DET,35,0,7.8,1.0,3.3,.310,0.3,0.8,.370,0.7,2.5,.292,.353,0.5,1.1,.486,0.7,0.9,1.6,0.4,0.3,0.1,0.6,0.8,2.9,1994
1674,224,Todd Lichti,SG,27,TOT,13,0,9.7,1.5,3.9,.392,0.2,0.2,1.000,1.4,3.8,.367,.412,1.2,1.9,.640,0.6,1.1,1.7,0.8,0.5,0.1,0.4,1.2,4.5,1994
1675,224,Todd Lichti,SG,27,ORL,4,0,5.0,1.0,2.3,.444,0.0,0.0,,1.0,2.3,.444,.444,0.0,0.0,,0.8,0.3,1.0,0.5,0.5,0.0,0.5,0.8,2.0,1994
1676,224,Todd Lichti,SG,27,GSW,5,0,11.6,2.0,5.6,.357,0.4,0.4,1.000,1.6,5.2,.308,.393,1.8,2.2,.818,0.6,1.4,2.0,0.6,0.0,0.0,0.0,1.8,6.2,1994
1677,224,Todd Lichti,SG,27,BOS,4,0,12.0,1.5,3.5,.429,0.0,0.0,,1.5,3.5,.429,.429,1.8,3.5,.500,0.5,1.5,2.0,1.5,1.3,0.3,0.8,1.0,4.8,1994
1678,225,Brad Lohaus,PF,29,MIL,67,2,14.4,1.5,4.2,.363,0.7,2.0,.343,0.8,2.2,.381,.445,0.3,0.4,.690,0.5,1.7,2.2,0.9,0.4,0.8,0.9,2.1,4.0,1994
1679,226,Grant Long,PF,27,MIA,69,59,31.9,4.3,9.7,.446,0.0,0.1,.167,4.3,9.7,.449,.447,2.7,3.4,.786,2.8,4.4,7.2,2.5,1.3,0.4,1.8,3.5,11.4,1994
1680,227,Luc Longley,C,25,TOT,76,46,19.8,2.9,6.1,.471,0.0,0.0,.000,2.9,6.1,.472,.471,1.2,1.6,.720,1.7,4.0,5.7,1.4,0.6,1.0,1.6,2.8,6.9,1994
1681,227,Luc Longley,C,25,MIN,49,29,20.2,2.7,5.9,.464,0.0,0.0,.000,2.7,5.9,.465,.464,1.1,1.6,.700,1.8,4.2,6.0,0.9,0.7,1.2,1.6,2.7,6.6,1994
1682,227,Luc Longley,C,25,CHI,27,17,19.0,3.1,6.5,.483,0.0,0.0,,3.1,6.5,.483,.483,1.3,1.7,.756,1.6,3.6,5.1,2.3,0.4,0.8,1.5,3.1,7.6,1994
1683,228,George Lynch,SF,23,LAL,71,46,24.8,4.1,8.1,.508,0.0,0.1,.000,4.1,8.0,.512,.508,1.4,2.3,.596,3.1,2.7,5.8,1.4,1.4,0.4,1.2,2.5,9.6,1994
1684,229,Malcolm Mackey,C,23,PHO,22,0,3.1,0.6,1.7,.378,0.0,0.1,.000,0.6,1.6,.400,.378,0.2,0.4,.500,0.5,0.5,1.1,0.0,0.0,0.1,0.1,0.4,1.5,1994
1685,230,Don MacLean,SF,24,WSB,75,69,33.2,6.9,13.7,.502,0.0,0.3,.143,6.9,13.5,.509,.503,4.4,5.3,.824,1.9,4.4,6.2,2.1,0.6,0.3,2.0,2.3,18.2,1994
1686,231,Mark Macon,SG,24,TOT,42,1,11.8,1.6,4.4,.375,0.0,0.2,.200,1.6,4.1,.385,.380,0.5,0.8,.676,0.4,0.5,1.0,1.2,0.9,0.0,1.0,1.7,3.9,1994
1687,231,Mark Macon,SG,24,DEN,7,0,18.0,2.0,6.4,.311,0.0,0.4,.000,2.0,6.0,.333,.311,1.1,1.4,.800,0.4,0.6,1.0,1.6,0.9,0.1,2.0,2.4,5.1,1994
1688,231,Mark Macon,SG,24,DET,35,1,10.6,1.6,4.0,.396,0.1,0.2,.286,1.5,3.8,.402,.403,0.4,0.7,.625,0.4,0.5,1.0,1.1,0.9,0.0,0.7,1.6,3.6,1994
1689,232,Gerald Madkins,SG,24,CLE,22,0,6.8,0.5,1.4,.355,0.2,0.7,.333,0.3,0.7,.375,.435,0.4,0.5,.800,0.0,0.5,0.5,0.9,0.4,0.0,0.6,0.7,1.6,1994
1690,233,Rick Mahorn,PF,35,NJN,28,0,8.1,0.8,1.7,.489,0.0,0.0,.000,0.8,1.6,.500,.489,0.5,0.7,.650,0.6,1.4,1.9,0.2,0.1,0.2,0.3,1.4,2.1,1994
1691,234,Dan Majerle,SG,28,PHO,80,76,40.1,6.0,14.2,.418,2.4,6.3,.382,3.6,7.9,.447,.503,2.2,3.0,.739,1.5,2.9,4.4,3.4,1.6,0.5,1.7,1.9,16.5,1994
1692,235,Jeff Malone,SG,32,TOT,77,73,33.2,6.8,14.0,.486,0.1,0.2,.583,6.7,13.9,.485,.489,2.7,3.2,.830,0.7,1.9,2.6,1.6,0.5,0.1,1.1,1.6,16.4,1994
1693,235,Jeff Malone,SG,32,UTA,50,50,33.1,6.8,13.8,.488,0.1,0.1,.500,6.7,13.7,.488,.491,2.6,3.1,.843,0.6,1.7,2.3,1.3,0.5,0.1,1.1,1.5,16.2,1994
1694,235,Jeff Malone,SG,32,PHI,27,23,33.4,6.9,14.4,.481,0.1,0.2,.667,6.8,14.2,.478,.486,2.8,3.5,.809,0.9,2.3,3.1,2.2,0.5,0.0,1.0,1.7,16.8,1994
1695,236,Karl Malone*,PF,30,UTA,82,82,40.6,9.4,18.9,.497,0.1,0.4,.250,9.3,18.5,.503,.500,6.2,9.0,.694,2.9,8.6,11.5,4.0,1.5,1.5,2.9,3.3,25.2,1994
1696,237,Moses Malone*,C,38,PHI,55,0,11.2,1.9,4.2,.440,0.0,0.0,.000,1.9,4.2,.442,.440,1.6,2.1,.769,1.9,2.2,4.1,0.6,0.2,0.3,1.1,0.9,5.3,1994
1697,238,Danny Manning,PF,27,TOT,68,66,37.1,8.6,17.7,.488,0.0,0.3,.176,8.6,17.4,.492,.489,3.4,5.0,.669,1.9,4.9,6.8,3.8,1.5,1.2,3.4,3.8,20.6,1994
1698,238,Danny Manning,PF,27,LAC,42,41,38.0,9.7,19.7,.493,0.0,0.3,.143,9.7,19.4,.499,.495,4.1,6.1,.674,2.0,5.1,7.0,4.2,1.3,1.4,3.5,4.0,23.7,1994
1699,238,Danny Manning,PF,27,ATL,26,25,35.6,6.8,14.3,.476,0.0,0.1,.333,6.8,14.2,.477,.477,2.1,3.2,.651,1.9,4.6,6.5,3.3,1.8,1.0,3.3,3.6,15.7,1994
1700,239,Roy Marble,SF,27,DEN,5,0,6.4,0.4,2.4,.167,0.0,0.0,,0.4,2.4,.167,.167,0.0,0.6,.000,0.6,1.0,1.6,0.2,0.0,0.4,0.6,0.2,0.8,1994
1701,240,Bob Martin,C,24,LAC,53,1,10.1,0.8,1.7,.455,0.0,0.0,,0.8,1.7,.455,.455,0.6,1.0,.608,0.7,1.5,2.2,0.3,0.2,0.6,0.5,2.0,2.1,1994
1702,Rk,Player,Pos,Age,Tm,G,GS,MP,FG,FGA,FG%,3P,3PA,3P%,2P,2PA,2P%,eFG%,FT,FTA,FT%,ORB,DRB,TRB,AST,STL,BLK,TOV,PF,PTS,1994
1703,241,Jamal Mashburn,SF,21,DAL,79,73,36.7,7.1,17.5,.406,1.1,3.8,.284,6.0,13.7,.440,.437,3.9,5.5,.699,1.4,3.1,4.5,3.4,1.1,0.2,3.1,2.6,19.2,1994
1704,242,Anthony Mason,PF,27,NYK,73,12,26.1,2.8,5.9,.476,0.0,0.0,.000,2.8,5.9,.477,.476,1.6,2.2,.720,2.2,3.7,5.8,2.1,0.4,0.1,1.5,2.6,7.2,1994
1705,243,Marlon Maxey,PF,24,MIN,55,2,11.4,1.6,3.0,.533,0.0,0.0,.000,1.6,3.0,.539,.533,1.3,1.8,.714,1.4,2.3,3.6,0.2,0.3,0.6,0.7,2.1,4.5,1994
1706,244,Vernon Maxwell,SG,28,HOU,75,73,34.3,5.1,13.0,.389,1.6,5.4,.298,3.5,7.6,.454,.451,1.9,2.5,.749,0.6,2.5,3.1,5.1,1.7,0.3,2.5,1.9,13.6,1994
1707,245,Lee Mayberry,PG,23,MIL,82,6,18.0,2.0,4.9,.415,0.5,1.5,.345,1.5,3.5,.445,.466,0.7,1.0,.690,0.3,0.9,1.2,2.6,0.6,0.0,1.2,1.4,5.3,1994
1708,246,Xavier McDaniel,SF,30,BOS,82,5,24.0,4.7,10.2,.461,0.1,0.5,.244,4.6,9.7,.472,.467,1.8,2.6,.676,1.7,3.1,4.9,1.5,0.6,0.5,1.4,2.4,11.3,1994
1709,247,Derrick McKey,SF,27,IND,76,76,34.4,4.7,9.3,.500,0.1,0.4,.290,4.6,8.9,.510,.506,2.5,3.3,.756,1.7,3.6,5.3,4.3,1.5,0.6,3.0,3.3,12.0,1994
1710,248,Nate McMillan,PG,29,SEA,73,8,25.8,2.4,5.4,.447,0.7,1.8,.391,1.7,3.6,.475,.513,0.4,0.8,.564,0.7,3.2,3.9,5.3,3.0,0.3,1.7,2.8,6.0,1994
1711,249,Darnell Mee,SG,22,DEN,38,0,7.5,0.7,2.3,.318,0.1,0.6,.208,0.6,1.7,.359,.347,0.3,0.7,.444,0.4,0.5,0.9,0.4,0.4,0.3,0.5,0.9,1.9,1994
1712,250,Oliver Miller,C,23,PHO,69,30,25.9,4.0,6.6,.609,0.0,0.1,.222,4.0,6.5,.617,.611,1.2,2.0,.584,2.0,4.9,6.9,3.5,1.2,2.3,2.4,3.3,9.2,1994
1713,251,Reggie Miller*,SG,28,IND,79,79,33.4,6.6,13.2,.503,1.6,3.7,.421,5.1,9.5,.535,.562,5.1,5.6,.908,0.4,2.3,2.7,3.1,1.5,0.3,2.2,2.4,19.9,1994
1714,252,Chris Mills,SF,24,CLE,79,18,25.6,3.6,8.6,.419,0.5,1.5,.311,3.1,7.0,.443,.448,1.7,2.2,.778,1.7,3.4,5.1,1.6,0.7,0.6,1.1,2.9,9.4,1994
1715,253,Terry Mills,PF,26,DET,80,74,34.7,7.4,14.4,.511,0.3,0.9,.329,7.1,13.5,.523,.521,2.3,2.8,.797,2.4,6.0,8.4,2.2,0.8,0.8,1.9,3.9,17.3,1994
1716,254,Harold Miner,SG,22,MIA,63,31,21.6,4.0,8.4,.477,0.1,0.1,.667,4.0,8.3,.475,.481,2.4,2.9,.828,1.2,1.3,2.5,1.5,0.5,0.2,1.5,2.1,10.5,1994
1717,255,Sam Mitchell,PF,30,IND,75,18,14.5,1.9,4.1,.458,0.0,0.1,.000,1.9,4.0,.465,.458,1.1,1.5,.745,0.9,1.6,2.5,0.9,0.4,0.1,0.7,2.0,4.8,1994
1718,256,Tracy Moore,SG,28,DET,3,0,3.3,0.7,1.0,.667,0.0,0.0,,0.7,1.0,.667,.667,0.7,0.7,1.000,0.0,0.3,0.3,0.0,0.7,0.0,0.0,0.0,2.0,1994
1719,257,Darren Morningstar,C,24,TOT,23,15,16.0,1.7,3.6,.476,0.0,0.0,,1.7,3.6,.476,.476,0.8,1.3,.600,1.3,2.2,3.5,0.7,0.6,0.1,0.8,3.0,4.2,1994
1720,257,Darren Morningstar,C,24,DAL,22,15,16.5,1.7,3.7,.469,0.0,0.0,,1.7,3.7,.469,.469,0.8,1.4,.600,1.4,2.2,3.6,0.7,0.6,0.1,0.9,3.1,4.3,1994
1721,257,Darren Morningstar,C,24,UTA,1,0,4.0,1.0,1.0,1.000,0.0,0.0,,1.0,1.0,1.000,1.000,0.0,0.0,,0.0,1.0,1.0,0.0,0.0,0.0,0.0,1.0,2.0,1994
1722,258,Chris Morris,SF,28,NJN,50,27,27.0,4.1,9.1,.447,1.1,2.9,.361,3.0,6.1,.489,.506,1.7,2.4,.720,1.8,2.7,4.6,1.7,1.1,1.0,1.0,2.4,10.9,1994
1723,259,Alonzo Mourning*,C,23,CHH,60,59,33.6,7.1,14.1,.505,0.0,0.0,.000,7.1,14.1,.507,.505,7.2,9.5,.762,3.0,7.2,10.2,1.4,0.5,3.1,3.3,3.5,21.5,1994
1724,260,Chris Mullin*,SF,30,GSW,62,39,37.5,6.6,14.0,.472,0.9,2.4,.364,5.7,11.6,.494,.503,2.7,3.5,.753,1.0,4.5,5.6,5.1,1.7,0.9,2.9,1.8,16.8,1994
1725,Rk,Player,Pos,Age,Tm,G,GS,MP,FG,FGA,FG%,3P,3PA,3P%,2P,2PA,2P%,eFG%,FT,FTA,FT%,ORB,DRB,TRB,AST,STL,BLK,TOV,PF,PTS,1994
1726,261,Eric Murdock,PG,25,MIL,82,76,30.9,5.8,12.4,.468,0.8,2.0,.411,5.0,10.4,.479,.502,2.9,3.5,.813,1.1,2.1,3.2,6.7,2.4,0.1,2.5,2.3,15.3,1994
1727,262,Gheorghe Mureșan,C,22,WSB,54,2,12.0,2.4,4.4,.545,0.0,0.0,,2.4,4.4,.545,.545,0.9,1.3,.676,1.2,2.3,3.6,0.3,0.5,0.9,1.0,2.2,5.6,1994
1728,263,Tod Murphy,PF,30,TOT,9,0,7.4,0.7,1.3,.500,0.0,0.0,,0.7,1.3,.500,.500,0.3,0.7,.500,0.4,0.7,1.1,0.4,0.2,0.0,0.1,1.1,1.7,1994
1729,263,Tod Murphy,PF,30,DET,7,0,8.1,0.9,1.7,.500,0.0,0.0,,0.9,1.7,.500,.500,0.4,0.9,.500,0.6,0.7,1.3,0.4,0.3,0.0,0.1,1.1,2.1,1994
1730,263,Tod Murphy,PF,30,GSW,2,0,5.0,0.0,0.0,,0.0,0.0,,0.0,0.0,,,0.0,0.0,,0.0,0.5,0.5,0.5,0.0,0.0,0.0,1.0,0.0,1994
1731,264,Tracy Murray,SF,22,POR,66,1,12.4,2.5,5.4,.470,0.8,1.7,.459,1.8,3.7,.476,.541,0.8,1.1,.694,0.7,1.0,1.7,0.5,0.3,0.3,0.6,1.2,6.6,1994
1732,265,Jerrod Mustaf,PF,24,PHO,33,2,5.9,0.9,2.5,.357,0.0,0.0,,0.9,2.5,.357,.357,0.4,0.7,.591,0.6,1.1,1.7,0.2,0.1,0.2,0.3,0.9,2.2,1994
1733,266,Dikembe Mutombo*,C,27,DEN,82,82,34.8,4.5,7.8,.569,0.0,0.0,.000,4.5,7.8,.569,.569,3.1,5.4,.583,3.5,8.4,11.8,1.5,0.7,4.1,2.5,3.2,12.0,1994
1734,267,Pete Myers,SG,30,CHI,82,81,24.8,3.1,6.8,.455,0.1,0.4,.276,3.0,6.4,.465,.462,1.7,2.4,.701,0.7,1.5,2.2,3.0,1.0,0.2,1.7,2.4,7.9,1994
1735,268,Larry Nance,PF,34,CLE,33,19,27.5,4.6,9.5,.487,0.0,0.0,,4.6,9.5,.487,.487,1.9,2.6,.753,2.3,4.5,6.9,1.5,0.8,1.7,1.2,2.9,11.2,1994
1736,269,Chuck Nevitt,C,34,SAS,1,0,1.0,0.0,0.0,,0.0,0.0,,0.0,0.0,,,3.0,6.0,.500,1.0,0.0,1.0,0.0,0.0,0.0,1.0,1.0,3.0,1994
1737,270,Johnny Newman,SF,30,TOT,81,18,21.0,3.9,8.2,.471,0.3,1.1,.267,3.6,7.1,.503,.489,2.2,2.8,.809,1.1,1.2,2.2,0.9,0.9,0.3,1.1,2.4,10.3,1994
1738,270,Johnny Newman,SF,30,CHH,18,18,23.8,5.1,9.7,.523,0.2,0.9,.250,4.8,8.8,.551,.534,2.7,3.3,.814,1.2,2.1,3.2,1.6,1.0,0.3,1.6,2.4,13.0,1994
1739,270,Johnny Newman,SF,30,NJN,63,0,20.1,3.5,7.8,.453,0.3,1.2,.270,3.2,6.6,.486,.473,2.1,2.6,.807,1.0,0.9,1.9,0.7,0.8,0.3,1.0,2.4,9.5,1994
1740,271,Ken Norman,SF,29,MIL,82,75,31.0,5.0,11.2,.448,0.8,2.3,.333,4.3,8.9,.478,.483,1.1,2.2,.503,2.1,4.0,6.1,2.7,0.7,0.6,1.8,2.5,11.9,1994
1741,272,Shaquille O'Neal*,C,21,ORL,81,81,39.8,11.8,19.6,.599,0.0,0.0,.000,11.8,19.6,.600,.599,5.8,10.5,.554,4.7,8.5,13.2,2.4,0.9,2.9,2.7,3.5,29.3,1994
1742,273,Dan O'Sullivan,C,25,DET,13,0,4.3,0.3,0.9,.333,0.0,0.0,,0.3,0.9,.333,.333,0.7,0.9,.750,0.2,0.6,0.8,0.2,0.0,0.0,0.2,0.8,1.3,1994
1743,274,Charles Oakley,PF,30,NYK,82,82,35.8,4.4,9.3,.478,0.0,0.0,.000,4.4,9.2,.480,.478,3.0,3.8,.776,4.3,7.5,11.8,2.7,1.3,0.2,2.4,3.6,11.8,1994
1744,275,Hakeem Olajuwon*,C,31,HOU,80,80,41.0,11.2,21.2,.528,0.1,0.2,.421,11.1,20.9,.529,.530,4.9,6.8,.716,2.9,9.1,11.9,3.6,1.6,3.7,3.4,3.6,27.3,1994
1745,276,Jimmy Oliver,SG,24,BOS,44,6,12.3,2.0,4.9,.416,0.3,0.7,.406,1.7,4.1,.418,.446,0.6,0.8,.758,0.2,0.9,1.0,0.8,0.4,0.0,0.5,0.9,4.9,1994
1746,277,Bo Outlaw,SF,22,LAC,37,14,23.5,2.6,4.5,.587,0.0,0.1,.000,2.6,4.5,.594,.587,1.6,2.8,.592,2.2,3.5,5.7,1.0,1.0,1.0,0.8,2.5,6.9,1994
1747,278,Doug Overton,PG,24,WSB,61,1,12.3,1.4,3.5,.403,0.0,0.2,.091,1.4,3.4,.420,.405,0.7,0.9,.827,0.3,0.8,1.1,1.5,0.3,0.0,0.9,0.8,3.6,1994
1748,279,Billy Owens,PF,24,GSW,79,72,34.7,6.2,12.3,.507,0.0,0.2,.200,6.2,12.1,.512,.508,2.5,4.1,.610,2.9,5.2,8.1,4.1,1.1,0.8,2.7,3.4,15.0,1994
1749,280,Robert Pack,PG,24,DEN,66,4,20.9,3.4,7.6,.443,0.1,0.4,.207,3.3,7.2,.458,.449,2.7,3.6,.758,0.4,1.5,1.9,5.4,1.2,0.1,3.1,2.2,9.6,1994
1750,Rk,Player,Pos,Age,Tm,G,GS,MP,FG,FGA,FG%,3P,3PA,3P%,2P,2PA,2P%,eFG%,FT,FTA,FT%,ORB,DRB,TRB,AST,STL,BLK,TOV,PF,PTS,1994
1751,281,Gerald Paddio,SF,28,TOT,18,1,7.6,1.2,3.3,.367,0.0,0.1,.000,1.2,3.3,.373,.367,0.5,0.9,.563,0.3,0.6,0.9,0.6,0.2,0.0,0.3,0.5,2.9,1994
1752,281,Gerald Paddio,SF,28,IND,7,1,7.9,1.3,3.3,.391,0.0,0.0,,1.3,3.3,.391,.391,0.1,0.3,.500,0.0,0.7,0.7,0.6,0.1,0.0,0.6,0.3,2.7,1994
1753,281,Gerald Paddio,SF,28,NYK,3,0,2.7,0.7,1.7,.400,0.0,0.0,,0.7,1.7,.400,.400,0.0,0.0,,0.0,0.0,0.0,0.0,0.0,0.0,0.0,1.0,1.3,1994
1754,281,Gerald Paddio,SF,28,WSB,8,0,9.3,1.4,4.0,.344,0.0,0.1,.000,1.4,3.9,.355,.344,1.0,1.8,.571,0.6,0.8,1.4,0.9,0.4,0.0,0.3,0.5,3.8,1994
1755,282,Robert Parish*,C,40,BOS,74,74,26.9,4.8,9.8,.491,0.0,0.0,,4.8,9.8,.491,.491,2.1,2.8,.740,1.9,5.4,7.3,1.1,0.6,1.3,1.5,2.6,11.7,1994
1756,283,John Paxson,PG,33,CHI,27,0,12.7,1.1,2.5,.441,0.3,0.8,.409,0.8,1.7,.457,.507,0.0,0.1,.500,0.1,0.6,0.7,1.2,0.3,0.1,0.2,0.7,2.6,1994
1757,284,Gary Payton*,PG,25,SEA,82,82,35.1,7.1,14.1,.504,0.2,0.7,.278,6.9,13.5,.515,.510,2.0,3.4,.595,1.3,2.0,3.3,6.0,2.3,0.2,2.1,2.8,16.5,1994
1758,285,Anthony Peeler,SG,24,LAL,30,30,30.8,5.9,13.6,.430,0.5,2.1,.222,5.4,11.5,.468,.447,1.9,2.4,.803,1.6,2.0,3.6,3.1,1.4,0.3,2.0,3.1,14.1,1994
1759,286,Mike Peplowski,C,23,SAC,55,19,12.1,1.4,2.6,.539,0.0,0.0,.000,1.4,2.5,.543,.539,0.4,0.8,.545,0.9,2.2,3.1,0.4,0.3,0.5,0.6,2.4,3.2,1994
1760,287,Will Perdue,C,28,CHI,43,6,9.2,1.1,2.6,.420,0.0,0.0,.000,1.1,2.6,.423,.420,0.5,0.7,.719,0.9,2.0,2.9,0.8,0.2,0.3,1.0,1.4,2.7,1994
1761,288,Sam Perkins,PF,32,SEA,81,41,26.8,4.2,9.6,.438,1.2,3.3,.367,3.0,6.3,.475,.501,2.7,3.4,.801,1.5,3.0,4.5,1.4,0.8,0.4,1.3,2.4,12.3,1994
1762,289,Elliot Perry,PG,24,PHO,27,9,16.0,1.6,4.2,.372,0.0,0.1,.000,1.6,4.1,.382,.372,0.8,1.0,.750,0.4,1.0,1.4,4.6,0.9,0.0,1.6,1.3,3.9,1994
1763,290,Tim Perry,PF,28,PHI,80,68,29.2,3.4,7.8,.435,0.9,2.5,.365,2.5,5.3,.468,.494,1.3,2.2,.580,1.5,3.6,5.1,1.2,0.8,1.0,1.0,1.9,9.0,1994
1764,291,Chuck Person,SF,29,MIN,77,37,26.4,4.6,10.9,.422,1.3,3.5,.368,3.3,7.4,.448,.482,1.1,1.4,.759,0.7,2.6,3.3,2.4,0.6,0.2,1.6,2.1,11.6,1994
1765,292,Richard Petruška,C,25,HOU,22,0,4.2,0.9,2.1,.435,0.3,0.7,.467,0.6,1.4,.419,.511,0.3,0.4,.750,0.4,1.0,1.4,0.0,0.1,0.1,0.7,0.7,2.4,1994
1766,293,Bobby Phills,SG,24,CLE,72,53,21.3,3.4,7.1,.471,0.0,0.2,.083,3.3,7.0,.480,.472,1.6,2.2,.720,1.0,2.0,2.9,1.8,0.9,0.2,0.9,1.9,8.3,1994
1767,294,Ricky Pierce,SG,34,SEA,51,0,20.0,5.3,11.3,.471,0.1,0.6,.188,5.2,10.7,.488,.477,3.7,4.1,.896,0.6,1.1,1.6,1.8,0.8,0.1,1.3,1.6,14.5,1994
1768,295,Ed Pinckney,PF,30,BOS,76,35,20.1,2.0,3.8,.522,0.0,0.0,,2.0,3.8,.522,.522,1.2,1.6,.736,2.1,4.2,6.3,0.8,0.8,0.6,0.8,1.7,5.2,1994
1769,296,Scottie Pippen*,SF,28,CHI,72,72,38.3,8.7,17.8,.491,0.9,2.7,.320,7.8,15.0,.522,.515,3.8,5.7,.660,2.4,6.3,8.7,5.6,2.9,0.8,3.2,3.2,22.0,1994
1770,297,Olden Polynice,C,29,TOT,68,65,35.3,5.1,9.7,.523,0.0,0.0,.000,5.1,9.7,.524,.523,1.4,2.8,.508,4.4,7.5,11.9,0.6,0.6,1.0,1.1,2.8,11.6,1994
1771,297,Olden Polynice,C,29,DET,37,36,36.5,6.0,11.0,.547,0.0,0.0,.000,6.0,10.9,.548,.547,1.1,2.5,.457,4.0,8.3,12.3,0.6,0.6,1.0,1.3,2.9,13.1,1994
1772,297,Olden Polynice,C,29,SAC,31,29,33.9,4.0,8.3,.484,0.0,0.0,.000,4.0,8.2,.486,.484,1.8,3.2,.556,4.9,6.5,11.4,0.6,0.6,1.0,0.9,2.6,9.8,1994
1773,298,Terry Porter,PG,30,POR,77,34,26.9,4.5,10.9,.416,1.4,3.7,.390,3.1,7.2,.430,.482,2.6,3.0,.872,0.6,2.2,2.8,5.2,1.0,0.2,2.2,1.7,13.1,1994
1774,299,Brent Price,PG,25,WSB,65,13,15.9,2.2,5.0,.433,0.8,2.3,.333,1.4,2.7,.517,.509,1.0,1.3,.782,0.5,0.9,1.4,3.3,0.8,0.0,1.8,1.8,6.2,1994
1775,300,Mark Price,PG,29,CLE,76,73,31.4,6.3,13.2,.478,1.6,3.9,.397,4.8,9.3,.511,.536,3.1,3.5,.888,0.5,2.5,3.0,7.8,1.4,0.1,2.5,1.2,17.3,1994
1776,Rk,Player,Pos,Age,Tm,G,GS,MP,FG,FGA,FG%,3P,3PA,3P%,2P,2PA,2P%,eFG%,FT,FTA,FT%,ORB,DRB,TRB,AST,STL,BLK,TOV,PF,PTS,1994
1777,301,Kurt Rambis,PF,35,LAL,50,1,12.7,1.2,2.3,.518,0.0,0.0,.000,1.2,2.3,.522,.518,0.9,1.4,.648,1.7,2.1,3.8,0.6,0.4,0.5,0.5,1.8,3.3,1994
1778,302,Mark Randall,PF,26,DEN,28,0,5.5,0.6,1.8,.340,0.1,0.5,.143,0.5,1.3,.417,.360,0.8,1.0,.786,0.3,0.5,0.8,0.4,0.3,0.1,0.4,0.6,2.1,1994
1779,303,Dino Radja*,PF,26,BOS,80,47,28.8,6.1,11.8,.521,0.0,0.0,.000,6.1,11.8,.522,.521,2.8,3.8,.751,2.4,4.8,7.2,1.4,0.9,0.8,1.9,3.5,15.1,1994
1780,304,J.R. Reid,PF,25,SAS,70,11,19.2,3.7,7.6,.491,0.0,0.0,.000,3.7,7.5,.493,.491,1.5,2.2,.699,1.3,1.8,3.1,1.0,0.6,0.4,1.2,2.4,9.0,1994
1781,305,Glen Rice,SF,26,MIA,81,81,37.0,8.2,17.5,.467,1.6,4.3,.382,6.6,13.3,.494,.513,3.1,3.5,.880,0.9,4.4,5.4,2.3,1.4,0.4,1.6,2.3,21.1,1994
1782,306,Pooh Richardson,PG,27,IND,37,25,27.6,4.3,9.6,.452,0.1,0.3,.250,4.2,9.2,.459,.456,1.3,2.1,.610,0.8,2.2,3.0,6.4,0.9,0.1,2.4,2.1,10.0,1994
1783,307,Mitch Richmond*,SG,28,SAC,78,78,37.1,8.1,18.3,.445,1.6,4.0,.407,6.5,14.3,.455,.489,5.5,6.6,.834,0.9,2.8,3.7,4.0,1.3,0.2,2.8,2.7,23.4,1994
1784,308,Isaiah Rider,SG,22,MIN,79,60,30.6,6.6,14.1,.468,0.7,1.9,.360,5.9,12.2,.485,.492,2.7,3.4,.811,1.5,2.5,4.0,2.6,0.7,0.4,2.8,2.5,16.6,1994
1785,309,Eric Riley,C,23,HOU,47,2,4.7,0.7,1.5,.486,0.0,0.0,.000,0.7,1.5,.493,.486,0.4,0.8,.541,0.5,0.7,1.3,0.2,0.1,0.2,0.3,0.6,1.9,1994
1786,310,Doc Rivers,PG,32,NYK,19,19,26.3,2.9,6.7,.433,1.0,2.7,.365,1.9,3.9,.480,.508,0.7,1.2,.636,0.2,1.8,2.1,5.3,1.3,0.3,1.5,2.3,7.5,1994
1787,311,Stanley Roberts,C,23,LAC,14,14,25.0,3.1,7.1,.430,0.0,0.0,,3.1,7.1,.430,.430,1.3,3.1,.409,1.9,4.7,6.6,0.8,0.4,1.8,1.7,3.9,7.4,1994
1788,312,Clifford Robinson,C,27,POR,82,64,34.8,7.8,17.1,.457,0.2,0.6,.245,7.7,16.5,.465,.461,4.3,5.6,.765,2.0,4.7,6.7,1.9,1.4,1.4,2.1,3.2,20.1,1994
1789,313,David Robinson*,C,28,SAS,80,80,40.5,10.5,20.7,.507,0.1,0.4,.345,10.4,20.4,.510,.510,8.7,11.6,.749,3.0,7.7,10.7,4.8,1.7,3.3,3.2,2.9,29.8,1994
1790,314,James Robinson,PG,23,POR,58,3,11.6,1.8,4.9,.365,0.4,1.3,.315,1.4,3.7,.382,.405,0.8,1.2,.672,0.6,0.8,1.3,1.2,0.5,0.3,0.9,1.2,4.8,1994
1791,315,Larry Robinson,SG,26,HOU,6,0,9.2,1.7,3.3,.500,0.3,1.3,.250,1.3,2.0,.667,.550,0.5,1.3,.375,0.7,1.0,1.7,1.0,1.2,0.0,1.7,1.3,4.2,1994
1792,316,Rumeal Robinson,PG,27,TOT,31,0,12.8,1.8,4.9,.362,0.3,0.6,.400,1.5,4.3,.356,.388,0.4,0.9,.448,0.2,0.8,1.0,2.0,0.6,0.1,1.4,1.5,4.2,1994
1793,316,Rumeal Robinson,PG,27,NJN,17,0,17.7,2.5,7.0,.353,0.4,0.9,.467,2.1,6.1,.337,.382,0.6,1.2,.500,0.2,1.2,1.4,2.6,0.9,0.2,1.5,1.9,5.9,1994
1794,316,Rumeal Robinson,PG,27,CHH,14,0,6.8,0.9,2.4,.394,0.1,0.4,.200,0.9,2.0,.429,.409,0.2,0.6,.333,0.1,0.4,0.6,1.3,0.2,0.0,1.3,1.1,2.1,1994
1795,317,Dennis Rodman*,PF,32,SAS,79,51,37.8,2.0,3.7,.534,0.1,0.3,.208,1.9,3.4,.563,.543,0.7,1.3,.520,5.7,11.6,17.3,2.3,0.7,0.4,1.7,2.9,4.7,1994
1796,318,Rodney Rogers,SF,22,DEN,79,14,17.8,3.0,6.9,.439,0.4,1.2,.380,2.6,5.7,.450,.471,1.6,2.4,.672,1.1,1.7,2.9,1.3,0.8,0.6,1.7,2.5,8.1,1994
1797,319,Tree Rollins,C,38,ORL,45,1,8.5,0.6,1.2,.547,0.0,0.0,,0.6,1.2,.547,.547,0.4,0.7,.600,0.7,1.4,2.1,0.2,0.2,0.8,0.3,1.2,1.7,1994
1798,320,Sean Rooks,C,24,DAL,47,28,26.7,4.1,8.4,.491,0.0,0.0,.000,4.1,8.3,.492,.491,3.2,4.5,.714,1.8,3.7,5.5,1.0,0.4,0.9,1.7,2.3,11.4,1994
1799,Rk,Player,Pos,Age,Tm,G,GS,MP,FG,FGA,FG%,3P,3PA,3P%,2P,2PA,2P%,eFG%,FT,FTA,FT%,ORB,DRB,TRB,AST,STL,BLK,TOV,PF,PTS,1994
1800,321,Donald Royal,SF,27,ORL,74,0,18.3,2.4,4.7,.501,0.0,0.0,.000,2.4,4.7,.504,.501,2.7,3.6,.740,1.3,2.1,3.4,0.8,0.7,0.2,1.0,1.6,7.4,1994
1801,322,Bryon Russell,SF,23,UTA,67,48,16.7,2.0,4.2,.484,0.0,0.3,.091,2.0,3.8,.518,.487,0.9,1.5,.614,0.9,1.8,2.7,0.8,1.0,0.3,0.8,2.1,5.0,1994
1802,323,John Salley,PF,29,MIA,76,45,25.1,2.7,5.7,.477,0.0,0.0,.667,2.7,5.7,.476,.479,2.2,3.0,.729,1.7,3.6,5.4,1.8,0.7,1.0,1.2,3.4,7.7,1994
1803,324,Danny Schayes,C,34,TOT,36,6,10.1,0.8,2.3,.333,0.0,0.0,,0.8,2.3,.333,.333,0.8,0.9,.906,0.9,1.3,2.2,0.4,0.3,0.3,0.6,1.3,2.4,1994
1804,324,Danny Schayes,C,34,MIL,23,6,10.0,0.6,2.0,.304,0.0,0.0,,0.6,2.0,.304,.304,0.9,1.0,.955,0.7,1.3,2.0,0.2,0.2,0.3,0.6,1.2,2.1,1994
1805,324,Danny Schayes,C,34,LAL,13,0,10.2,1.1,2.9,.368,0.0,0.0,,1.1,2.9,.368,.368,0.6,0.8,.800,1.2,1.5,2.6,0.6,0.4,0.2,0.7,1.4,2.8,1994
1806,325,Steve Scheffler,C,26,SEA,35,1,4.3,0.8,1.3,.609,0.0,0.0,,0.8,1.3,.609,.609,0.5,0.6,.950,0.3,0.4,0.7,0.2,0.2,0.0,0.2,0.7,2.1,1994
1807,326,Dwayne Schintzius,C,25,NJN,30,7,10.6,1.0,2.8,.345,0.0,0.0,,1.0,2.8,.345,.345,0.3,0.6,.588,0.9,2.1,3.0,0.4,0.2,0.6,0.4,1.6,2.3,1994
1808,327,Detlef Schrempf,SF,31,SEA,81,80,33.7,5.5,11.1,.493,0.3,0.8,.324,5.2,10.3,.507,.505,3.7,4.8,.769,1.8,3.8,5.6,3.4,0.9,0.1,2.1,3.4,15.0,1994
1809,328,Byron Scott,SG,32,IND,67,2,17.9,3.8,8.2,.467,0.4,1.1,.365,3.4,7.1,.483,.492,2.3,2.9,.805,0.3,1.4,1.6,2.0,0.9,0.1,1.5,1.2,10.4,1994
1810,329,Dennis Scott,SF,25,ORL,82,37,27.8,4.7,11.6,.405,1.9,4.7,.399,2.8,6.8,.408,.486,1.5,1.9,.774,0.7,2.0,2.7,2.6,1.0,0.4,1.1,2.0,12.8,1994
1811,330,Malik Sealy,SF,23,IND,43,5,14.5,2.6,6.4,.405,0.1,0.4,.250,2.5,6.0,.415,.412,1.4,2.0,.678,1.0,1.7,2.7,1.1,0.7,0.2,1.2,2.0,6.6,1994
1812,331,Rony Seikaly,C,28,MIA,72,60,33.5,5.4,11.2,.488,0.0,0.0,.000,5.4,11.1,.489,.488,4.2,5.9,.720,3.4,6.9,10.3,1.9,0.8,1.4,2.7,3.9,15.1,1994
1813,332,Brian Shaw,SG,27,MIA,77,52,26.5,3.6,8.7,.417,0.9,2.8,.338,2.7,5.9,.455,.472,0.8,1.2,.719,1.4,3.2,4.5,5.0,0.9,0.3,2.2,2.5,9.0,1994
1814,333,Lionel Simmons,SF,25,SAC,75,74,36.0,5.8,13.3,.438,0.1,0.2,.353,5.7,13.1,.439,.441,3.3,4.3,.777,2.2,5.3,7.5,4.1,1.4,0.7,2.4,2.5,15.1,1994
1815,334,Scott Skiles,PG,29,ORL,82,46,28.1,3.4,7.9,.429,0.8,2.0,.412,2.5,5.8,.434,.481,2.4,2.7,.878,0.5,1.8,2.3,6.1,0.6,0.0,2.4,2.1,9.9,1994
1816,335,Charles Smith,SF,28,NYK,43,21,25.7,4.1,9.2,.443,0.2,0.4,.500,3.9,8.9,.441,.453,2.0,2.8,.719,1.5,2.3,3.8,1.2,0.6,1.0,1.5,3.3,10.4,1994
1817,336,Chris Smith,PG,23,MIN,80,16,20.2,2.3,5.3,.435,0.1,0.5,.256,2.2,4.8,.453,.447,1.2,1.8,.674,0.2,1.3,1.5,3.6,0.5,0.2,1.3,1.6,5.9,1994
1818,337,Doug Smith,PF,24,DAL,79,42,21.3,3.7,8.6,.435,0.0,0.1,.222,3.7,8.5,.438,.437,1.3,1.6,.835,1.4,3.0,4.4,1.5,1.0,0.5,1.2,3.6,8.8,1994
1819,338,Kenny Smith,PG,28,HOU,78,78,28.3,4.4,9.1,.480,1.1,2.8,.405,3.2,6.3,.513,.542,1.7,2.0,.871,0.3,1.5,1.8,4.2,0.8,0.1,1.6,1.6,11.6,1994
1820,339,LaBradford Smith,SG,24,TOT,66,2,13.3,1.9,4.6,.405,0.3,0.9,.350,1.6,3.7,.419,.440,1.0,1.3,.750,0.5,0.8,1.3,1.7,0.6,0.1,0.8,1.5,5.0,1994
1821,339,LaBradford Smith,SG,24,WSB,7,0,6.9,1.1,2.6,.444,0.0,0.0,,1.1,2.6,.444,.444,2.1,2.9,.750,0.7,0.4,1.1,0.7,0.4,0.1,0.1,1.1,4.4,1994
1822,339,LaBradford Smith,SG,24,SAC,59,2,14.1,2.0,4.9,.403,0.4,1.0,.350,1.6,3.9,.417,.439,0.8,1.1,.750,0.5,0.8,1.3,1.8,0.6,0.1,0.8,1.5,5.1,1994
1823,340,Reggie Smith,PF,23,POR,43,9,7.3,0.7,1.7,.403,0.0,0.0,,0.7,1.7,.403,.403,0.4,0.9,.474,0.9,1.4,2.3,0.1,0.3,0.1,0.3,1.1,1.8,1994
1824,Rk,Player,Pos,Age,Tm,G,GS,MP,FG,FGA,FG%,3P,3PA,3P%,2P,2PA,2P%,eFG%,FT,FTA,FT%,ORB,DRB,TRB,AST,STL,BLK,TOV,PF,PTS,1994
1825,341,Steve Smith,SG,24,MIA,78,77,35.6,6.3,13.8,.456,1.2,3.4,.347,5.1,10.4,.491,.499,3.5,4.2,.835,2.0,2.5,4.5,5.1,1.1,0.4,2.6,2.8,17.3,1994
1826,342,Tony Smith,SG,25,LAL,73,31,22.2,3.7,8.5,.441,0.2,0.7,.320,3.5,7.8,.451,.454,1.2,1.6,.714,1.5,1.2,2.7,2.0,0.8,0.2,1.0,1.8,8.8,1994
1827,343,Rik Smits,C,27,IND,78,75,27.1,6.3,11.8,.534,0.0,0.0,.000,6.3,11.8,.535,.534,3.1,3.8,.793,1.7,4.5,6.2,2.0,0.6,1.1,1.9,3.6,15.7,1994
1828,344,Andre Spencer,SF,29,TOT,28,1,12.5,1.9,4.2,.441,0.0,0.0,,1.9,4.2,.441,.441,2.0,2.8,.714,1.1,1.5,2.6,0.8,0.7,0.3,0.8,1.5,5.7,1994
1829,344,Andre Spencer,SF,29,GSW,5,1,12.6,1.8,3.6,.500,0.0,0.0,,1.8,3.6,.500,.500,0.6,0.8,.750,0.8,1.6,2.4,0.6,0.2,0.4,0.4,1.2,4.2,1994
1830,344,Andre Spencer,SF,29,SAC,23,0,12.4,1.9,4.3,.430,0.0,0.0,,1.9,4.3,.430,.430,2.3,3.2,.712,1.1,1.5,2.7,0.8,0.8,0.2,0.8,1.6,6.0,1994
1831,345,Elmore Spencer,C,24,LAC,76,63,25.4,3.8,7.1,.533,0.0,0.0,.000,3.8,7.1,.535,.533,1.3,2.1,.599,1.3,4.2,5.5,1.0,0.4,1.7,2.2,2.7,8.9,1994
1832,346,Felton Spencer,C,26,UTA,79,79,28.0,3.2,6.4,.505,0.0,0.0,,3.2,6.4,.505,.505,2.1,3.4,.607,3.0,5.4,8.3,0.5,0.5,0.8,1.6,3.8,8.6,1994
1833,347,Latrell Sprewell,SG,23,GSW,82,82,43.1,7.5,17.3,.433,1.7,4.8,.361,5.8,12.5,.460,.482,4.3,5.6,.774,1.0,3.9,4.9,4.7,2.2,0.9,2.8,1.9,21.0,1994
1834,348,John Starks,SG,28,NYK,59,54,34.9,6.9,16.6,.420,1.9,5.7,.335,5.0,10.8,.464,.477,3.2,4.2,.754,0.6,2.5,3.1,5.9,1.6,0.1,3.1,3.2,19.0,1994
1835,349,Larry Stewart,SF,25,WSB,3,0,11.7,1.0,2.7,.375,0.0,0.0,,1.0,2.7,.375,.375,2.3,3.3,.700,0.3,2.0,2.3,0.7,0.7,0.3,0.7,1.3,4.3,1994
1836,350,Bryant Stith,SG,23,DEN,82,82,34.8,4.5,9.9,.450,0.0,0.1,.222,4.4,9.8,.453,.451,3.5,4.3,.829,1.5,2.8,4.3,2.4,1.4,0.2,1.6,2.0,12.5,1994
1837,351,John Stockton*,PG,31,UTA,82,82,36.2,5.6,10.6,.528,0.6,1.8,.322,5.0,8.8,.570,.555,3.3,4.1,.805,0.9,2.3,3.1,12.6,2.4,0.3,3.2,2.9,15.1,1994
1838,352,Rod Strickland,PG,27,POR,82,58,35.2,6.4,13.3,.483,0.0,0.1,.200,6.4,13.2,.486,.484,4.3,5.7,.749,1.5,3.0,4.5,9.0,1.8,0.3,3.1,2.1,17.2,1994
1839,353,Derek Strong,PF,25,MIL,67,11,16.9,2.1,5.1,.413,0.0,0.2,.231,2.1,4.9,.421,.418,2.4,3.1,.772,1.6,2.6,4.2,0.7,0.6,0.2,0.9,1.0,6.6,1994
1840,354,Isiah Thomas*,PG,32,DET,58,56,30.2,5.5,13.2,.417,0.7,2.2,.310,4.8,11.0,.438,.442,3.1,4.4,.702,0.8,1.9,2.7,6.9,1.2,0.1,3.5,2.2,14.8,1994
1841,355,Kevin Thompson,C,22,POR,14,0,4.1,0.4,1.0,.429,0.0,0.1,.000,0.4,0.9,.462,.429,0.1,0.1,.500,0.5,0.4,0.9,0.2,0.0,0.1,0.4,0.8,0.9,1994
1842,356,LaSalle Thompson,C,32,IND,30,1,9.4,0.9,2.6,.351,0.0,0.0,,0.9,2.6,.351,.351,0.5,1.0,.533,0.9,1.6,2.5,0.5,0.3,0.3,0.8,2.0,2.3,1994
1843,357,Otis Thorpe,PF,31,HOU,82,82,35.5,5.5,9.8,.561,0.0,0.0,.000,5.5,9.7,.562,.561,3.1,4.7,.657,3.3,7.3,10.6,2.3,0.8,0.3,2.3,3.1,14.0,1994
1844,358,Sedale Threatt,PG,32,LAL,81,20,28.1,5.1,10.5,.482,0.1,0.4,.152,5.0,10.1,.496,.485,1.7,1.9,.890,0.3,1.5,1.9,4.2,1.4,0.2,1.3,2.3,11.9,1994
1845,359,Wayman Tisdale,PF,29,SAC,79,77,32.4,7.0,13.9,.501,0.0,0.0,,7.0,13.9,.501,.501,2.7,3.4,.808,2.0,5.1,7.1,1.8,0.5,0.7,1.6,3.7,16.7,1994
1846,360,Tom Tolbert,SF,28,LAC,49,6,13.1,1.5,3.6,.418,0.1,0.3,.375,1.4,3.3,.422,.435,0.7,0.9,.733,0.7,1.5,2.2,0.6,0.3,0.3,0.8,1.2,3.8,1994
1847,Rk,Player,Pos,Age,Tm,G,GS,MP,FG,FGA,FG%,3P,3PA,3P%,2P,2PA,2P%,eFG%,FT,FTA,FT%,ORB,DRB,TRB,AST,STL,BLK,TOV,PF,PTS,1994
1848,361,Sedric Toney,PG,31,CLE,12,0,5.3,0.2,1.0,.167,0.0,0.1,.000,0.2,0.9,.182,.167,0.2,0.2,1.000,0.1,0.2,0.3,0.9,0.0,0.0,0.4,0.7,0.5,1994
1849,362,Keith Tower,C,23,ORL,11,0,2.9,0.4,0.8,.444,0.0,0.0,,0.4,0.8,.444,.444,0.0,0.0,,0.0,0.5,0.5,0.1,0.0,0.0,0.0,0.5,0.7,1994
1850,363,Jeff Turner,PF,31,ORL,68,51,22.6,2.9,6.3,.467,0.3,0.8,.327,2.7,5.5,.488,.488,0.5,0.7,.778,1.2,2.8,4.0,0.9,0.3,0.2,1.1,3.5,6.6,1994
1851,364,Nick Van Exel,PG,22,LAL,81,80,33.3,5.1,13.0,.394,1.5,4.5,.338,3.6,8.5,.423,.452,1.9,2.4,.781,0.6,2.4,2.9,5.8,1.0,0.1,1.8,1.9,13.6,1994
1852,365,Loy Vaught,PF,25,LAC,75,56,28.2,5.0,9.3,.537,0.0,0.1,.000,5.0,9.2,.541,.537,1.7,2.4,.720,2.9,5.8,8.7,1.0,1.0,0.3,1.3,2.9,11.7,1994
1853,366,Kenny Walker,SF,29,WSB,73,4,19.1,1.8,3.8,.482,0.0,0.0,.000,1.8,3.7,.487,.482,1.2,1.7,.696,1.6,2.3,4.0,0.5,0.4,0.8,0.6,2.1,4.8,1994
1854,367,Rex Walters,SG,23,NJN,48,0,8.0,1.3,2.4,.522,0.3,0.6,.500,1.0,1.8,.529,.583,0.6,0.7,.824,0.1,0.7,0.8,1.5,0.3,0.1,0.6,0.9,3.4,1994
1855,368,Clarence Weatherspoon,SF,23,PHI,82,82,38.4,7.3,15.2,.483,0.0,0.2,.235,7.3,15.0,.487,.485,3.6,5.2,.693,3.1,7.0,10.1,2.3,1.2,1.4,2.4,1.9,18.4,1994
1856,369,Spud Webb,PG,30,SAC,79,62,32.5,4.7,10.3,.460,0.7,2.1,.335,4.0,8.2,.492,.494,2.6,3.2,.813,0.6,2.3,2.8,6.7,1.2,0.3,2.1,2.3,12.7,1994
1857,370,Chris Webber*,C,20,GSW,76,76,32.1,7.5,13.6,.552,0.0,0.2,.000,7.5,13.5,.559,.552,2.5,4.7,.532,4.0,5.1,9.1,3.6,1.2,2.2,2.7,3.3,17.5,1994
1858,371,Bill Wennington,C,30,CHI,76,0,18.0,3.1,6.3,.488,0.0,0.0,.000,3.1,6.3,.490,.488,0.9,1.2,.818,1.5,3.1,4.6,0.9,0.6,0.4,1.0,2.8,7.1,1994
1859,372,Matt Wenstrom,C,23,BOS,11,0,3.4,0.5,0.9,.600,0.0,0.0,,0.5,0.9,.600,.600,0.5,0.9,.600,0.5,0.5,1.1,0.0,0.0,0.2,0.4,0.6,1.6,1994
1860,373,David Wesley,PG,23,NJN,60,0,9.0,1.1,2.9,.368,0.2,0.8,.234,0.9,2.1,.417,.399,0.7,0.9,.830,0.2,0.6,0.7,2.1,0.6,0.1,0.9,0.8,3.1,1994
1861,374,Doug West,SG,26,MIN,72,61,30.3,6.0,12.4,.487,0.0,0.1,.125,6.0,12.3,.490,.488,2.6,3.2,.810,0.8,2.4,3.2,2.4,0.9,0.3,1.9,3.3,14.7,1994
1862,375,Mark West,C,33,PHO,82,50,15.1,2.0,3.5,.566,0.0,0.0,,2.0,3.5,.566,.566,0.7,1.4,.500,1.4,2.2,3.6,0.4,0.4,1.3,0.9,2.6,4.7,1994
1863,376,Ennis Whatley,PG,31,ATL,82,1,12.2,1.5,2.9,.508,0.0,0.1,.000,1.5,2.8,.522,.508,0.6,0.8,.788,0.3,0.9,1.2,2.2,0.7,0.0,1.0,1.1,3.6,1994
1864,377,Randy White,PF,26,DAL,18,3,17.8,2.5,6.2,.402,0.3,1.1,.300,2.2,5.1,.424,.429,1.1,1.8,.576,1.7,2.9,4.6,0.6,0.6,0.6,1.0,2.6,6.4,1994
1865,378,Chris Whitney,PG,22,SAS,40,4,8.5,0.6,2.1,.305,0.3,0.8,.333,0.4,1.3,.288,.366,0.3,0.4,.800,0.1,0.6,0.7,1.3,0.3,0.0,0.9,1.3,1.8,1994
1866,379,Morlon Wiley,PG,27,TOT,16,0,9.9,0.6,1.8,.310,0.2,0.6,.300,0.4,1.2,.316,.362,0.0,0.0,,0.0,0.6,0.6,1.4,0.9,0.0,1.1,1.3,1.3,1994
1867,379,Morlon Wiley,PG,27,MIA,4,0,8.5,0.8,2.0,.375,0.3,1.0,.250,0.5,1.0,.500,.438,0.0,0.0,,0.0,1.0,1.0,1.8,0.5,0.0,1.5,1.0,1.8,1994
1868,379,Morlon Wiley,PG,27,DAL,12,0,10.3,0.5,1.8,.286,0.2,0.5,.333,0.3,1.3,.267,.333,0.0,0.0,,0.0,0.5,0.5,1.3,1.1,0.0,0.9,1.4,1.2,1994
1869,380,Dominique Wilkins*,SF,34,TOT,74,74,35.6,9.4,21.5,.440,1.1,4.0,.288,8.3,17.5,.474,.466,6.0,7.1,.847,2.5,4.0,6.5,2.3,1.2,0.4,2.3,1.7,26.0,1994
1870,380,Dominique Wilkins*,SF,34,ATL,49,49,34.4,8.8,20.3,.432,1.2,4.0,.308,7.5,16.3,.462,.462,5.6,6.6,.854,2.4,3.8,6.2,2.3,1.3,0.4,2.4,1.8,24.4,1994
1871,380,Dominique Wilkins*,SF,34,LAC,25,25,37.9,10.7,23.7,.453,1.0,3.9,.247,9.8,19.8,.493,.473,6.7,8.0,.835,2.5,4.5,7.0,2.2,1.2,0.3,2.1,1.6,29.1,1994
1872,Rk,Player,Pos,Age,Tm,G,GS,MP,FG,FGA,FG%,3P,3PA,3P%,2P,2PA,2P%,eFG%,FT,FTA,FT%,ORB,DRB,TRB,AST,STL,BLK,TOV,PF,PTS,1994
1873,381,Gerald Wilkins,SG,30,CLE,82,82,33.8,5.4,11.9,.457,1.0,2.6,.396,4.4,9.3,.474,.501,2.4,3.0,.776,1.3,2.4,3.7,3.1,1.3,0.5,1.6,2.3,14.3,1994
1874,382,Aaron Williams,PF,22,UTA,6,0,2.0,0.3,1.3,.250,0.0,0.0,,0.3,1.3,.250,.250,0.0,0.2,.000,0.2,0.3,0.5,0.2,0.0,0.0,0.2,0.7,0.7,1994
1875,383,Buck Williams,PF,33,POR,81,81,32.5,3.6,6.5,.555,0.0,0.0,.000,3.6,6.5,.556,.555,2.5,3.7,.679,3.9,6.5,10.4,1.0,0.7,0.6,1.4,3.0,9.7,1994
1876,384,Corey Williams,PG,23,MIN,4,0,11.5,1.3,3.3,.385,0.0,0.3,.000,1.3,3.0,.417,.385,0.3,0.3,1.000,0.3,1.3,1.5,1.5,0.5,0.0,0.5,1.5,2.8,1994
1877,385,Herb Williams,C,35,NYK,70,3,11.1,1.5,3.3,.442,0.0,0.0,.000,1.5,3.3,.444,.442,0.4,0.6,.643,0.8,1.8,2.6,0.4,0.3,0.6,0.6,1.5,3.3,1994
1878,386,Hot Rod Williams,PF,31,CLE,76,72,35.0,5.2,10.9,.478,0.0,0.0,,5.2,10.9,.478,.478,3.3,4.6,.728,2.7,4.8,7.6,2.5,1.0,1.7,1.8,2.9,13.7,1994
1879,387,Jayson Williams,PF,25,NJN,70,0,12.5,1.8,4.2,.427,0.0,0.0,,1.8,4.2,.427,.427,1.0,1.7,.605,1.6,2.2,3.8,0.4,0.2,0.5,0.5,2.0,4.6,1994
1880,388,John Williams,SF,27,LAC,34,6,21.3,2.4,5.5,.431,0.1,0.6,.250,2.2,4.9,.452,.444,0.7,1.1,.667,1.1,2.6,3.7,2.9,0.7,0.3,1.0,2.5,5.6,1994
1881,389,Kenny Williams,SF,24,IND,68,1,14.4,2.8,5.8,.488,0.0,0.1,.000,2.8,5.7,.494,.488,0.7,0.9,.703,1.4,1.6,3.0,0.8,0.4,0.7,0.7,1.5,6.3,1994
1882,390,Lorenzo Williams,PF,24,TOT,38,11,18.8,1.3,2.9,.445,0.0,0.0,.000,1.3,2.9,.450,.445,0.3,0.7,.429,2.5,3.2,5.7,0.7,0.5,1.2,0.6,2.4,2.9,1994
1883,390,Lorenzo Williams,PF,24,ORL,3,0,6.3,0.3,2.0,.167,0.0,0.3,.000,0.3,1.7,.200,.167,0.0,0.0,,1.0,0.3,1.3,0.7,0.7,1.0,0.0,1.0,0.7,1994
1884,390,Lorenzo Williams,PF,24,CHH,1,0,19.0,0.0,1.0,.000,0.0,0.0,,0.0,1.0,.000,.000,0.0,0.0,,0.0,4.0,4.0,0.0,1.0,2.0,1.0,2.0,0.0,1994
1885,390,Lorenzo Williams,PF,24,DAL,34,11,19.9,1.4,3.0,.466,0.0,0.0,,1.4,3.0,.466,.466,0.4,0.8,.429,2.7,3.4,6.1,0.7,0.4,1.2,0.6,2.6,3.2,1994
1886,391,Micheal Williams,PG,27,MIN,71,66,31.1,4.4,9.7,.457,0.1,0.6,.222,4.3,9.0,.474,.464,4.7,5.6,.839,0.9,2.2,3.1,7.2,1.7,0.3,2.9,2.7,13.7,1994
1887,392,Reggie Williams,SF,29,DEN,82,68,32.4,5.1,12.4,.412,0.8,2.8,.278,4.3,9.6,.452,.444,2.0,2.7,.733,1.2,3.6,4.8,3.7,1.4,0.8,2.0,3.5,13.0,1994
1888,393,Scott Williams,C,25,CHI,38,11,16.8,3.0,6.2,.483,0.0,0.1,.200,3.0,6.1,.489,.485,1.6,2.6,.612,1.8,2.9,4.8,1.0,0.4,0.6,1.2,2.9,7.6,1994
1889,394,Walt Williams,SF,23,SAC,57,4,23.8,4.0,10.2,.390,0.7,2.3,.288,3.3,7.9,.420,.422,2.6,4.1,.635,1.2,2.9,4.1,2.3,0.9,0.4,2.5,3.5,11.2,1994
1890,395,Kevin Willis,PF,31,ATL,80,80,35.8,7.8,15.7,.499,0.1,0.3,.375,7.7,15.4,.501,.502,3.4,4.7,.713,4.2,7.9,12.0,1.9,1.0,0.5,2.4,3.1,19.1,1994
1891,396,Trevor Wilson,PF,25,TOT,57,13,21.4,3.3,6.8,.482,0.0,0.0,.000,3.3,6.8,.484,.482,1.6,2.9,.554,2.1,2.7,4.8,1.3,0.7,0.2,1.6,2.2,8.2,1994
1892,396,Trevor Wilson,PF,25,LAL,5,4,25.2,3.8,7.8,.487,0.0,0.0,,3.8,7.8,.487,.487,2.6,5.0,.520,2.4,3.2,5.6,2.4,1.0,0.2,1.2,3.4,10.2,1994
1893,396,Trevor Wilson,PF,25,SAC,52,9,21.1,3.2,6.7,.481,0.0,0.0,.000,3.2,6.7,.484,.481,1.5,2.7,.560,2.1,2.6,4.7,1.2,0.6,0.2,1.7,2.0,8.0,1994
1894,397,David Wingate,SG,30,CHH,50,36,20.1,2.7,5.7,.481,0.1,0.2,.333,2.6,5.4,.487,.488,0.7,1.0,.667,0.6,2.1,2.7,2.1,0.8,0.1,1.1,1.7,6.2,1994
1895,398,David Wood,PF,29,DET,78,3,15.2,1.5,3.3,.459,0.3,0.6,.449,1.2,2.7,.462,.502,0.8,1.1,.756,1.3,1.7,3.1,0.7,0.5,0.2,0.4,2.6,4.1,1994
1896,399,Randy Woods,PG,23,LAC,40,0,8.8,1.2,3.3,.368,0.7,2.0,.346,0.6,1.4,.400,.470,0.5,0.9,.571,0.3,0.4,0.7,1.8,0.6,0.1,0.9,1.0,3.6,1994
1897,400,Orlando Woolridge,SF,34,PHI,74,1,26.4,4.9,10.4,.471,0.0,0.2,.071,4.9,10.3,.478,.472,2.8,4.1,.689,1.4,2.6,4.0,1.9,0.6,0.8,1.9,2.5,12.7,1994
1898,Rk,Player,Pos,Age,Tm,G,GS,MP,FG,FGA,FG%,3P,3PA,3P%,2P,2PA,2P%,eFG%,FT,FTA,FT%,ORB,DRB,TRB,AST,STL,BLK,TOV,PF,PTS,1994
1899,401,Haywoode Workman,PG,28,IND,65,52,26.4,3.0,7.1,.424,0.3,0.9,.321,2.7,6.2,.438,.443,1.4,1.8,.802,0.5,2.6,3.1,6.2,1.3,0.1,2.3,2.3,7.7,1994
1900,402,James Worthy*,SF,32,LAL,80,2,20.0,4.3,10.5,.406,0.4,1.4,.288,3.9,9.1,.424,.425,1.3,1.7,.741,0.6,1.7,2.3,1.9,0.6,0.2,1.2,1.0,10.2,1994
1901,403,Luther Wright,C,22,UTA,15,2,6.1,0.5,1.5,.348,0.0,0.1,.000,0.5,1.5,.364,.348,0.2,0.3,.750,0.4,0.3,0.7,0.0,0.1,0.1,0.4,1.4,1.3,1994
1902,1,Alaa Abdelnaby,PF,26,TOT,54,0,9.4,2.2,4.3,.511,0.0,0.0,.000,2.2,4.2,.515,.511,0.4,0.6,.571,0.7,1.4,2.1,0.2,0.3,0.2,0.8,1.9,4.7,1995
1903,1,Alaa Abdelnaby,PF,26,SAC,51,0,9.3,2.3,4.3,.532,0.0,0.0,.000,2.3,4.3,.537,.532,0.4,0.7,.571,0.7,1.4,2.1,0.3,0.3,0.2,0.8,2.0,5.0,1995
1904,1,Alaa Abdelnaby,PF,26,PHI,3,0,10.0,0.3,3.7,.091,0.0,0.0,,0.3,3.7,.091,.091,0.0,0.0,,1.0,1.7,2.7,0.0,0.0,0.0,1.7,0.7,0.7,1995
1905,2,Mahmoud Abdul-Rauf,PG,25,DEN,73,43,28.5,6.5,13.8,.470,1.1,2.9,.386,5.3,10.8,.492,.511,1.9,2.1,.885,0.4,1.4,1.9,3.6,1.1,0.1,1.6,1.7,16.0,1995
1906,3,Michael Adams,PG,32,CHH,29,0,15.3,2.3,5.1,.453,1.0,2.8,.358,1.3,2.3,.567,.551,0.9,1.0,.833,0.2,0.8,1.0,3.3,0.8,0.0,0.9,1.4,6.5,1995
1907,4,Rafael Addison,SF,30,DET,79,16,22.5,3.5,7.4,.476,0.3,1.1,.289,3.2,6.4,.507,.497,0.9,1.3,.747,0.8,2.2,3.1,1.4,0.7,0.3,1.0,3.0,8.3,1995
1908,5,Danny Ainge,SG,35,PHO,74,1,18.6,2.6,5.7,.460,1.1,2.9,.364,1.6,2.8,.558,.552,1.4,1.8,.808,0.3,1.1,1.5,2.8,0.6,0.1,1.1,2.1,7.7,1995
1909,6,Victor Alexander,C,25,GSW,50,29,24.7,4.6,8.9,.515,0.1,0.5,.240,4.5,8.4,.531,.521,0.7,1.2,.600,1.7,4.1,5.8,1.2,0.6,0.6,1.5,2.9,10.0,1995
1910,7,Derrick Alston,C,22,PHI,64,1,16.1,1.9,4.0,.465,0.0,0.1,.000,1.9,4.0,.472,.465,0.9,1.9,.492,1.5,1.9,3.4,0.5,0.6,0.5,0.8,1.7,4.7,1995
1911,8,Greg Anderson,PF,30,ATL,51,0,12.2,1.1,2.0,.548,0.0,0.0,,1.1,2.0,.548,.548,0.7,1.4,.479,1.2,2.5,3.7,0.3,0.5,0.6,0.6,2.0,2.9,1995
1912,9,Kenny Anderson,PG,24,NJN,72,70,37.3,5.7,14.3,.399,1.3,4.1,.330,4.4,10.2,.426,.446,4.8,5.8,.841,1.0,2.5,3.5,9.4,1.4,0.2,3.1,2.6,17.6,1995
1913,10,Nick Anderson,SG,27,ORL,76,76,34.1,5.8,12.1,.476,2.4,5.7,.415,3.4,6.5,.528,.573,1.9,2.7,.704,1.1,3.3,4.4,4.1,1.6,0.3,1.9,1.6,15.8,1995
1914,11,Willie Anderson,SG,28,SAS,38,11,14.6,2.0,4.3,.469,0.1,0.5,.158,1.9,3.8,.510,.478,0.8,1.1,.732,0.4,1.1,1.4,1.4,0.7,0.3,1.0,1.9,4.9,1995
1915,12,Greg Anthony,PG,27,NYK,61,2,15.5,2.1,4.8,.437,0.9,2.5,.361,1.2,2.3,.522,.532,1.0,1.2,.789,0.1,0.9,1.0,2.6,0.8,0.1,0.9,1.6,6.1,1995
1916,13,B.J. Armstrong,PG,27,CHI,82,82,31.4,5.1,10.9,.468,1.3,3.1,.427,3.8,7.8,.484,.528,2.5,2.8,.884,0.3,2.0,2.3,3.0,1.0,0.1,1.3,1.9,14.0,1995
1917,14,Darrell Armstrong,PG,26,ORL,3,0,2.7,1.0,2.7,.375,0.7,2.0,.333,0.3,0.7,.500,.500,0.7,0.7,1.000,0.3,0.0,0.3,1.0,0.3,0.0,0.3,1.0,3.3,1995
1918,15,Vincent Askew,SG,28,SEA,71,1,24.2,3.5,7.1,.492,0.4,1.3,.330,3.1,5.8,.529,.523,2.5,3.4,.739,0.9,1.6,2.5,2.5,0.7,0.2,1.2,2.7,9.9,1995
1919,16,Keith Askins,SF,27,MIA,50,5,17.1,1.6,4.1,.391,0.4,1.6,.269,1.2,2.6,.465,.442,0.9,1.1,.807,1.7,2.2,4.0,0.8,0.7,0.3,0.5,2.2,4.6,1995
1920,17,Stacey Augmon,SG,26,ATL,76,76,31.1,5.2,11.5,.453,0.1,0.3,.269,5.1,11.2,.459,.457,3.3,4.6,.728,2.1,2.8,4.8,2.6,1.3,0.6,2.0,2.1,13.9,1995
1921,18,Anthony Avent,PF,25,ORL,71,3,15.0,1.5,3.4,.430,0.0,0.0,,1.5,3.4,.430,.430,0.7,1.1,.640,1.4,2.8,4.1,0.6,0.4,0.7,0.7,2.4,3.6,1995
1922,19,Vin Baker,PF,23,MIL,82,82,41.0,7.2,15.0,.483,0.1,0.3,.292,7.2,14.7,.487,.486,3.1,5.3,.593,3.5,6.8,10.3,3.6,1.0,1.4,2.7,3.4,17.7,1995
1923,20,Charles Barkley*,PF,31,PHO,68,66,35.0,8.1,16.8,.486,1.1,3.2,.338,7.1,13.6,.521,.518,5.6,7.5,.748,3.0,8.1,11.1,4.1,1.6,0.7,2.2,3.0,23.0,1995
1924,21,Dana Barros,PG,27,PHI,82,82,40.5,7.0,14.2,.490,2.4,5.2,.464,4.6,9.0,.505,.575,4.2,4.7,.899,0.3,3.0,3.3,7.5,1.8,0.0,3.0,1.9,20.6,1995
1925,22,Jon Barry,SG,25,MIL,52,0,11.6,1.1,2.6,.425,0.3,0.9,.333,0.8,1.7,.477,.485,1.2,1.5,.763,0.3,0.7,0.9,1.6,0.6,0.1,0.8,1.0,3.7,1995
1926,23,John Battle,SG,32,CLE,28,0,10.0,1.5,4.1,.377,0.4,1.1,.355,1.1,3.0,.386,.425,0.7,0.9,.731,0.1,0.3,0.4,1.3,0.3,0.0,0.6,1.0,4.1,1995
1927,24,Sergei Bazarevich,PG,29,ATL,10,0,7.4,1.1,2.2,.500,0.1,0.6,.167,1.0,1.6,.625,.523,0.7,0.9,.778,0.1,0.6,0.7,1.4,0.1,0.1,0.7,1.0,3.0,1995
1928,25,Benoit Benjamin,C,30,NJN,61,57,26.2,4.4,8.7,.510,0.0,0.0,,4.4,8.7,.510,.510,2.2,2.9,.760,1.5,5.7,7.2,0.6,0.4,1.0,2.0,2.5,11.1,1995
1929,26,Elmer Bennett,PG,24,CLE,4,0,4.5,1.5,2.8,.545,0.0,0.5,.000,1.5,2.3,.667,.545,0.8,1.0,.750,0.0,0.3,0.3,0.8,1.0,0.0,0.8,0.8,3.8,1995
1930,27,Tony Bennett,PG,25,CHH,3,0,15.3,2.0,4.3,.462,0.7,3.0,.222,1.3,1.3,1.000,.538,0.0,0.0,,0.0,0.7,0.7,1.3,0.0,0.0,1.0,2.0,4.7,1995
1931,28,David Benoit,SF,26,UTA,71,67,25.9,4.0,8.3,.486,0.5,1.6,.330,3.5,6.6,.523,.518,1.9,2.2,.841,1.4,3.8,5.2,0.8,0.6,0.7,1.1,2.6,10.4,1995
1932,29,James Blackwell,PG,26,TOT,13,0,6.2,0.6,1.0,.615,0.0,0.0,,0.6,1.0,.615,.615,0.2,0.2,.667,0.2,0.7,0.8,0.8,0.3,0.0,0.4,0.6,1.4,1995
1933,29,James Blackwell,PG,26,CHH,4,0,4.8,0.5,0.8,.667,0.0,0.0,,0.5,0.8,.667,.667,0.0,0.0,,0.0,0.8,0.8,1.3,0.3,0.0,0.5,0.3,1.0,1995
1934,29,James Blackwell,PG,26,BOS,9,0,6.8,0.7,1.1,.600,0.0,0.0,,0.7,1.1,.600,.600,0.2,0.3,.667,0.2,0.7,0.9,0.7,0.3,0.0,0.3,0.8,1.6,1995
1935,30,Mookie Blaylock,PG,27,ATL,80,80,38.4,6.4,15.0,.425,2.5,6.9,.359,3.9,8.0,.482,.508,2.0,2.7,.729,1.5,3.5,4.9,7.7,2.5,0.3,3.0,2.1,17.2,1995
1936,31,Corie Blount,PF,26,CHI,68,9,13.1,1.5,3.1,.476,0.0,0.0,.000,1.5,3.1,.481,.476,0.6,1.0,.567,1.6,2.0,3.5,0.9,0.4,0.5,0.9,2.1,3.5,1995
1937,32,Muggsy Bogues,PG,30,CHH,78,78,33.7,4.5,9.4,.477,0.1,0.4,.200,4.4,9.0,.489,.481,2.1,2.3,.889,0.7,2.6,3.3,8.7,1.3,0.0,1.7,1.9,11.1,1995
1938,33,Manute Bol,C,32,GSW,5,2,16.2,1.2,2.0,.600,0.6,1.0,.600,0.6,1.0,.600,.750,0.0,0.0,,0.2,2.2,2.4,0.0,0.0,1.8,0.2,2.0,3.0,1995
1939,34,Walter Bond,SG,25,TOT,23,0,12.6,1.7,3.7,.464,0.7,1.8,.366,1.0,1.9,.558,.554,0.6,0.9,.700,0.3,1.0,1.4,1.0,0.3,0.2,0.7,2.0,4.7,1995
1940,34,Walter Bond,SG,25,DET,5,0,10.2,0.6,2.4,.250,0.2,0.8,.250,0.4,1.6,.250,.292,0.6,0.8,.750,0.2,0.8,1.0,1.4,0.2,0.0,0.6,2.0,2.0,1995
1941,34,Walter Bond,SG,25,UTA,18,0,13.3,2.0,4.0,.500,0.8,2.1,.378,1.2,1.9,.629,.597,0.6,0.9,.688,0.4,1.1,1.5,0.9,0.3,0.2,0.8,2.1,5.4,1995
1942,35,Anthony Bonner,PF,26,NYK,58,23,19.4,1.5,3.3,.456,0.0,0.1,.200,1.5,3.2,.463,.459,0.8,1.2,.657,1.9,2.6,4.5,1.4,0.8,0.4,1.4,2.7,3.8,1995
1943,36,Anthony Bowie,SG,31,ORL,77,4,16.4,2.3,4.8,.480,0.2,0.5,.300,2.1,4.3,.502,.496,0.8,0.9,.836,0.7,1.1,1.8,2.1,0.6,0.3,1.1,1.8,5.5,1995
1944,37,Sam Bowie,C,33,LAL,67,10,18.3,1.8,4.0,.442,0.0,0.2,.182,1.7,3.8,.453,.446,1.0,1.3,.764,1.1,3.2,4.3,1.8,0.3,1.2,1.4,2.7,4.6,1995
1945,38,Shawn Bradley,C,22,PHI,82,59,28.8,3.8,8.5,.455,0.0,0.0,.000,3.8,8.4,.457,.455,1.8,2.8,.638,3.0,5.1,8.0,0.6,0.7,3.3,1.7,4.1,9.5,1995
1946,39,Terrell Brandon,PG,24,CLE,67,41,29.3,5.1,11.4,.448,0.7,1.8,.397,4.4,9.6,.457,.479,2.4,2.8,.855,0.5,2.3,2.8,5.4,1.6,0.2,2.1,1.8,13.3,1995
1947,40,Tim Breaux,SF,24,HOU,42,2,8.1,1.1,2.9,.372,0.1,0.6,.240,0.9,2.3,.406,.397,0.8,1.2,.653,0.4,0.4,0.8,0.4,0.3,0.1,0.4,0.6,3.0,1995
1948,Rk,Player,Pos,Age,Tm,G,GS,MP,FG,FGA,FG%,3P,3PA,3P%,2P,2PA,2P%,eFG%,FT,FTA,FT%,ORB,DRB,TRB,AST,STL,BLK,TOV,PF,PTS,1995
1949,41,Scott Brooks,PG,29,TOT,59,0,13.7,2.1,4.7,.458,0.4,1.2,.362,1.7,3.5,.490,.504,1.1,1.3,.810,0.2,0.9,1.1,2.0,0.6,0.1,0.8,0.9,5.8,1995
1950,41,Scott Brooks,PG,29,HOU,28,0,6.6,1.3,2.3,.538,0.3,0.6,.471,1.0,1.7,.563,.600,0.6,0.8,.857,0.0,0.4,0.5,0.8,0.3,0.0,0.5,0.5,3.4,1995
1951,41,Scott Brooks,PG,29,DAL,31,0,20.1,2.9,6.8,.433,0.5,1.7,.327,2.4,5.1,.468,.474,1.5,1.9,.793,0.4,1.3,1.7,3.0,0.8,0.1,1.1,1.4,7.9,1995
1952,42,Chucky Brown,SF,26,HOU,41,14,19.9,2.6,4.2,.603,0.0,0.1,.333,2.5,4.2,.608,.606,0.9,1.5,.613,1.6,3.0,4.6,0.7,0.3,0.3,0.7,2.6,6.1,1995
1953,43,Dee Brown,SG,26,BOS,79,69,35.3,5.5,12.4,.447,1.6,4.1,.385,3.9,8.2,.478,.512,3.0,3.5,.852,0.8,2.4,3.2,3.8,1.4,0.6,1.8,2.3,15.6,1995
1954,44,Mike Brown,C,31,MIN,27,0,7.9,0.4,1.5,.250,0.0,0.0,.000,0.4,1.4,.256,.250,0.6,1.0,.556,0.3,1.3,1.7,0.4,0.3,0.0,0.6,1.3,1.3,1995
1955,45,P.J. Brown,C,25,NJN,80,63,30.8,3.2,7.1,.446,0.1,0.3,.167,3.1,6.8,.458,.449,1.7,2.6,.671,2.2,3.9,6.1,1.7,0.9,1.7,1.0,3.3,8.1,1995
1956,46,Randy Brown,PG,26,SAC,67,2,16.2,1.9,4.3,.432,0.2,0.7,.298,1.6,3.6,.458,.456,0.8,1.2,.671,0.4,1.3,1.6,2.0,1.5,0.3,1.2,2.3,4.7,1995
1957,47,Mark Bryant,PF,29,POR,49,0,13.4,2.1,3.9,.526,0.0,0.0,.500,2.0,3.9,.526,.529,0.8,1.3,.651,1.1,2.2,3.3,0.6,0.4,0.3,0.8,2.2,5.0,1995
1958,48,Jud Buechler,SF,26,CHI,57,0,10.6,1.6,3.2,.492,0.3,0.8,.313,1.3,2.4,.556,.533,0.4,0.7,.564,0.6,1.1,1.7,0.9,0.4,0.2,0.5,1.1,3.8,1995
1959,49,Scott Burrell,SF,24,CHH,65,62,31.0,4.3,9.1,.467,1.5,3.6,.409,2.8,5.5,.506,.548,1.5,2.2,.694,1.5,4.2,5.7,2.5,1.2,0.6,1.3,2.9,11.5,1995
1960,50,Willie Burton,SF,26,PHI,53,31,29.5,4.6,11.4,.401,2.0,5.2,.385,2.6,6.2,.414,.488,4.2,5.0,.824,0.9,2.2,3.1,1.8,0.6,0.4,2.3,3.2,15.3,1995
1961,51,Mitchell Butler,SG,24,WSB,76,5,20.4,2.8,6.7,.421,0.6,1.9,.326,2.2,4.8,.458,.467,1.6,2.4,.665,0.6,1.7,2.2,1.2,0.8,0.1,1.4,2.0,7.9,1995
1962,52,Michael Cage,C,33,CLE,82,21,24.9,2.2,4.1,.521,0.0,0.0,.000,2.2,4.1,.524,.521,0.6,1.1,.602,2.5,4.4,6.9,0.7,0.7,0.8,0.7,1.8,5.0,1995
1963,53,Adrian Caldwell,PF,28,HOU,7,0,4.3,0.1,0.6,.250,0.0,0.0,,0.1,0.6,.250,.250,0.4,0.9,.500,0.1,1.3,1.4,0.0,0.1,0.0,0.1,0.9,0.7,1995
1964,54,Elden Campbell,PF,26,LAL,73,59,28.4,4.9,10.8,.459,0.0,0.0,.000,4.9,10.7,.459,.459,2.6,4.0,.666,2.3,3.8,6.1,1.3,0.9,1.8,1.3,3.4,12.5,1995
1965,55,Tony Campbell,SF,32,CLE,78,0,14.5,2.1,5.0,.411,0.2,0.5,.357,1.9,4.5,.417,.430,1.7,2.0,.830,0.8,1.2,2.0,0.9,0.4,0.1,0.8,1.6,6.0,1995
1966,56,Antoine Carr,C,33,UTA,78,4,21.5,3.7,7.0,.531,0.0,0.1,.250,3.7,6.9,.533,.532,2.1,2.6,.821,1.0,2.4,3.4,0.9,0.3,0.9,1.1,3.2,9.6,1995
1967,57,Bill Cartwright,C,37,SEA,29,19,14.8,0.9,2.4,.391,0.0,0.0,,0.9,2.4,.391,.391,0.5,0.8,.625,0.9,2.1,3.0,0.3,0.2,0.1,0.6,2.4,2.4,1995
1968,58,Sam Cassell,PG,25,HOU,82,1,23.0,3.1,7.2,.427,0.8,2.3,.330,2.3,4.9,.473,.480,2.6,3.1,.843,0.5,2.1,2.6,4.9,1.1,0.2,2.0,2.5,9.5,1995
1969,59,Duane Causwell,C,26,SAC,58,24,14.1,1.3,2.5,.517,0.0,0.0,.000,1.3,2.5,.521,.517,1.0,1.7,.582,1.0,2.0,3.0,0.3,0.2,1.4,0.6,2.5,3.6,1995
1970,60,Cedric Ceballos,SF,25,LAL,58,54,35.0,8.6,16.8,.509,1.0,2.5,.397,7.6,14.3,.528,.538,3.6,5.0,.716,2.9,5.1,8.0,1.8,1.0,0.3,2.5,2.3,21.7,1995
1971,Rk,Player,Pos,Age,Tm,G,GS,MP,FG,FGA,FG%,3P,3PA,3P%,2P,2PA,2P%,eFG%,FT,FTA,FT%,ORB,DRB,TRB,AST,STL,BLK,TOV,PF,PTS,1995
1972,61,Tom Chambers,PF,35,UTA,81,4,15.3,2.4,5.3,.457,0.0,0.3,.167,2.4,5.0,.474,.461,1.3,1.7,.807,0.8,1.8,2.6,0.9,0.3,0.4,0.6,2.1,6.2,1995
1973,62,Rex Chapman,SG,27,WSB,45,29,32.6,5.6,14.2,.397,1.9,6.1,.314,3.7,8.1,.460,.465,3.0,3.5,.862,0.5,2.0,2.5,2.8,1.5,0.3,1.4,1.9,16.2,1995
1974,63,Calbert Cheaney,SG,23,WSB,78,71,34.0,6.6,14.5,.453,1.2,3.6,.339,5.3,10.8,.492,.496,2.2,2.7,.812,1.3,2.8,4.1,2.3,1.0,0.3,1.9,2.8,16.6,1995
1975,64,Pete Chilcutt,PF,26,HOU,68,17,19.8,2.1,4.8,.445,0.5,1.3,.407,1.6,3.6,.459,.498,0.5,0.6,.738,1.6,3.1,4.7,1.0,0.4,0.6,0.9,1.7,5.3,1995
1976,65,Chris Childs,PG,27,NJN,53,11,19.3,2.0,5.3,.380,0.8,2.4,.328,1.2,2.9,.422,.453,1.0,1.4,.753,0.3,1.0,1.3,4.1,0.8,0.1,1.4,2.2,5.8,1995
1977,66,Doug Christie,SG,24,NYK,12,0,6.6,0.4,1.8,.227,0.1,0.6,.143,0.3,1.3,.267,.250,0.3,0.4,.800,0.3,0.8,1.1,0.7,0.2,0.1,1.1,1.5,1.3,1995
1978,67,Derrick Coleman,PF,27,NJN,56,54,37.6,6.6,15.6,.424,0.5,2.1,.233,6.1,13.5,.454,.440,6.7,8.8,.767,3.0,7.6,10.6,3.3,0.6,1.7,3.1,2.9,20.5,1995
1979,68,Bimbo Coles,PG,26,MIA,68,65,32.5,3.8,8.9,.430,0.2,1.1,.211,3.6,7.8,.461,.443,2.1,2.6,.810,0.7,2.1,2.8,6.1,1.5,0.2,2.3,2.7,10.0,1995
1980,69,Steve Colter,PG,32,CLE,57,7,13.2,1.2,3.0,.396,0.1,0.6,.229,1.0,2.4,.440,.420,0.9,1.2,.761,0.2,0.8,1.0,1.8,0.5,0.1,0.6,0.9,3.4,1995
1981,70,Marty Conlon,C,27,MIL,82,3,25.2,4.2,7.9,.532,0.1,0.4,.276,4.1,7.5,.544,.538,1.5,2.4,.613,2.0,3.2,5.2,1.3,0.5,0.2,1.5,2.7,9.9,1995
1982,71,Lester Conner,SG,35,LAL,2,0,2.5,0.0,0.0,,0.0,0.0,,0.0,0.0,,,1.0,1.0,1.000,0.0,0.0,0.0,0.0,0.5,0.0,0.0,1.5,1.0,1995
1983,72,Tyrone Corbin,SF,32,ATL,81,4,17.1,2.5,5.7,.442,0.2,0.7,.250,2.4,5.0,.468,.457,1.0,1.4,.684,1.2,2.0,3.2,0.8,0.7,0.2,0.9,2.0,6.2,1995
1984,73,John Crotty,PG,25,UTA,80,0,12.7,1.2,2.9,.403,0.1,0.5,.306,1.0,2.4,.421,.426,1.2,1.5,.810,0.3,0.9,1.2,2.6,0.5,0.1,0.9,1.3,3.7,1995
1985,74,Corey Crowder,SF,25,SAS,7,0,4.1,0.3,1.4,.200,0.0,0.6,.000,0.3,0.9,.333,.200,0.3,0.9,.333,0.1,0.3,0.4,0.1,0.1,0.0,0.3,0.1,0.9,1995
1986,75,Terry Cummings,PF,33,SAS,76,20,16.8,2.9,6.1,.483,0.0,0.0,,2.9,6.1,.483,.483,0.9,1.6,.585,1.8,3.2,5.0,0.8,0.5,0.3,1.3,2.5,6.8,1995
1987,76,Bill Curley,PF,22,DET,53,1,11.2,1.1,2.5,.433,0.0,0.0,,1.1,2.5,.433,.433,0.5,0.7,.750,1.0,1.3,2.3,0.5,0.4,0.4,0.5,2.4,2.7,1995
1988,77,Dell Curry,SG,30,CHH,69,0,24.9,5.0,11.3,.441,2.2,5.2,.427,2.7,6.0,.453,.540,1.4,1.6,.856,0.6,1.8,2.4,1.6,0.8,0.3,1.4,2.1,13.6,1995
1989,78,Lloyd Daniels,SG,27,TOT,30,14,20.1,2.7,7.0,.383,0.9,3.3,.260,1.8,3.6,.495,.445,0.7,0.9,.815,1.0,1.1,2.1,1.3,0.7,0.3,1.0,1.6,6.9,1995
1990,78,Lloyd Daniels,SG,27,PHI,5,0,12.6,1.8,5.4,.333,0.6,2.8,.214,1.2,2.6,.462,.389,0.4,0.4,1.000,0.4,1.0,1.4,0.8,0.4,0.0,1.6,1.6,4.6,1995
1991,78,Lloyd Daniels,SG,27,LAL,25,14,21.6,2.8,7.3,.390,0.9,3.4,.267,1.9,3.8,.500,.453,0.8,1.0,.800,1.1,1.2,2.2,1.4,0.8,0.4,0.9,1.6,7.4,1995
1992,79,Yinka Dare,C,22,NJN,1,0,3.0,0.0,1.0,.000,0.0,0.0,,0.0,1.0,.000,.000,0.0,0.0,,0.0,1.0,1.0,0.0,0.0,0.0,1.0,2.0,0.0,1995
1993,80,Antonio Davis,PF,26,IND,44,1,23.4,2.5,5.6,.445,0.0,0.0,,2.5,5.6,.445,.445,2.7,4.0,.672,2.4,4.0,6.4,0.6,0.4,0.7,1.5,3.0,7.6,1995
1994,Rk,Player,Pos,Age,Tm,G,GS,MP,FG,FGA,FG%,3P,3PA,3P%,2P,2PA,2P%,eFG%,FT,FTA,FT%,ORB,DRB,TRB,AST,STL,BLK,TOV,PF,PTS,1995
1995,81,Dale Davis,PF,25,IND,74,70,31.7,4.4,7.8,.563,0.0,0.0,.000,4.4,7.8,.563,.563,1.9,3.5,.533,3.5,5.9,9.4,0.8,1.0,1.6,1.7,3.0,10.6,1995
1996,82,Hubert Davis,SG,24,NYK,82,4,20.7,3.6,7.5,.480,1.6,3.5,.455,2.0,4.0,.502,.586,1.2,1.5,.808,0.4,1.0,1.3,1.8,0.4,0.1,1.1,1.8,10.0,1995
1997,83,Terry Davis,PF,27,DAL,46,2,12.6,1.1,2.5,.434,0.0,0.0,.000,1.1,2.4,.441,.434,0.9,1.4,.636,1.4,2.0,3.4,0.2,0.1,0.1,0.7,1.7,3.0,1995
1998,84,Johnny Dawkins,PG,31,DET,50,9,23.4,2.5,5.4,.463,0.5,1.5,.342,2.0,3.9,.508,.509,1.0,1.1,.909,0.6,1.7,2.3,4.1,1.0,0.0,1.7,1.5,6.5,1995
1999,85,Tony Dawson,SF,27,BOS,2,0,6.5,1.5,4.0,.375,0.5,1.5,.333,1.0,2.5,.400,.438,0.5,0.5,1.000,0.0,1.5,1.5,0.5,0.0,0.0,1.0,2.0,4.0,1995
2000,86,Todd Day,SG,25,MIL,82,81,33.1,5.4,12.8,.424,2.0,5.1,.390,3.4,7.7,.447,.502,3.1,4.2,.754,1.2,2.8,3.9,1.6,1.3,0.8,1.9,3.5,16.0,1995
2001,87,Terry Dehere,PG,23,LAC,80,28,22.2,3.5,8.6,.407,0.6,2.0,.294,2.9,6.5,.443,.442,2.9,3.7,.784,0.4,1.5,1.9,2.8,0.6,0.1,2.0,2.5,10.4,1995
2002,88,Vinny Del Negro,SG,28,SAS,75,71,31.5,5.0,10.2,.486,0.9,2.2,.407,4.1,8.1,.507,.529,1.7,2.2,.790,0.4,2.2,2.6,3.0,0.8,0.2,0.7,2.4,12.5,1995
2003,89,Bison Dele,C,25,DEN,63,10,20.0,3.1,5.3,.589,0.0,0.0,,3.1,5.3,.589,.589,1.7,2.6,.654,1.6,3.2,4.7,0.8,0.6,0.7,1.8,3.3,7.9,1995
2004,90,Vlade Divac*,C,26,LAL,80,80,35.1,6.1,12.0,.507,0.1,0.7,.189,5.9,11.3,.525,.512,3.7,4.8,.777,3.3,7.1,10.4,4.1,1.4,2.2,2.6,3.8,16.0,1995
2005,91,James Donaldson,C,37,UTA,43,40,14.3,1.0,1.7,.595,0.0,0.0,,1.0,1.7,.595,.595,0.5,0.7,.710,0.4,2.0,2.5,0.3,0.1,0.7,0.5,1.5,2.6,1995
2006,92,Sherman Douglas,PG,28,BOS,65,43,31.5,5.6,11.8,.475,0.3,1.3,.244,5.3,10.6,.502,.488,3.1,4.6,.689,0.7,1.9,2.6,6.9,1.2,0.0,2.5,2.3,14.7,1995
2007,93,Greg Dreiling,C,32,CLE,58,3,8.3,0.7,1.8,.412,0.0,0.0,,0.7,1.8,.412,.412,0.4,0.7,.634,0.6,1.4,2.0,0.4,0.1,0.4,0.4,1.9,1.9,1995
2008,94,Clyde Drexler*,SG,32,TOT,76,75,35.9,7.5,16.3,.461,1.9,5.4,.360,5.6,10.9,.511,.521,4.8,5.8,.824,2.0,4.3,6.3,4.8,1.8,0.6,2.4,2.7,21.8,1995
2009,94,Clyde Drexler*,SG,32,POR,41,41,34.8,7.4,17.4,.428,2.1,5.9,.363,5.3,11.5,.462,.489,5.0,6.0,.835,2.0,3.7,5.7,5.1,1.8,0.5,2.4,2.9,22.0,1995
2010,94,Clyde Drexler*,SG,32,HOU,35,34,37.1,7.6,15.0,.506,1.7,4.8,.357,5.9,10.2,.575,.563,4.5,5.5,.809,1.9,5.1,7.0,4.4,1.8,0.7,2.5,2.5,21.4,1995
2011,95,Kevin Duckworth,C,30,WSB,40,22,20.5,3.0,6.7,.442,0.1,0.3,.200,2.9,6.4,.451,.446,1.1,1.8,.643,1.6,3.3,4.9,0.5,0.5,0.6,1.5,2.8,7.1,1995
2012,96,Chris Dudley,C,29,POR,82,82,27.4,2.2,5.4,.406,0.0,0.0,.000,2.2,5.4,.407,.406,1.0,2.2,.464,4.0,5.4,9.3,0.4,0.5,1.5,1.0,3.5,5.5,1995
2013,97,Joe Dumars*,SG,31,DET,67,67,38.0,6.2,14.5,.430,1.5,5.0,.305,4.7,9.4,.497,.483,4.1,5.1,.805,0.7,1.7,2.4,5.5,1.1,0.1,3.3,2.3,18.1,1995
2014,98,Richard Dumas,SF,25,PHO,15,1,11.1,2.5,4.9,.507,0.0,0.1,.000,2.5,4.8,.514,.507,0.5,1.1,.500,1.2,0.7,1.9,0.5,0.7,0.1,0.6,1.5,5.5,1995
2015,99,Tony Dumas,SG,22,DAL,58,0,10.6,1.7,4.3,.384,0.4,1.3,.301,1.3,3.1,.418,.428,0.9,1.3,.649,0.6,0.5,1.1,1.0,0.2,0.1,0.9,1.3,4.6,1995
2016,100,Pat Durham,SF,27,MIN,59,2,14.4,2.0,4.0,.494,0.1,0.4,.192,1.9,3.6,.531,.504,1.1,1.6,.656,0.6,1.0,1.6,0.9,0.6,0.5,0.8,1.9,5.1,1995
2017,Rk,Player,Pos,Age,Tm,G,GS,MP,FG,FGA,FG%,3P,3PA,3P%,2P,2PA,2P%,eFG%,FT,FTA,FT%,ORB,DRB,TRB,AST,STL,BLK,TOV,PF,PTS,1995
2018,101,Ledell Eackles,SG,28,MIA,54,6,16.6,2.6,6.0,.439,0.3,0.8,.439,2.3,5.3,.439,.466,1.7,2.3,.722,0.6,1.1,1.8,1.3,0.4,0.0,1.0,1.6,7.3,1995
2019,102,Acie Earl,C,24,BOS,30,3,6.9,0.9,2.3,.382,0.0,0.0,,0.9,2.3,.382,.382,0.5,1.0,.483,0.6,0.9,1.5,0.1,0.2,0.3,0.5,1.3,2.2,1995
2020,103,Blue Edwards,SF,29,TOT,67,7,16.6,2.7,5.9,.461,0.3,1.1,.293,2.4,4.7,.500,.489,1.1,1.3,.833,0.7,1.2,1.9,1.1,0.6,0.2,1.2,2.1,6.9,1995
2021,103,Blue Edwards,SF,29,BOS,31,7,16.4,2.7,6.3,.426,0.4,1.4,.256,2.3,4.9,.474,.454,1.4,1.5,.896,0.8,1.3,2.1,1.5,0.6,0.3,1.3,2.1,7.1,1995
2022,103,Blue Edwards,SF,29,UTA,36,0,16.8,2.7,5.5,.495,0.3,0.9,.344,2.4,4.6,.524,.523,0.9,1.2,.762,0.7,1.1,1.8,0.8,0.7,0.2,1.2,2.2,6.6,1995
2023,104,Doug Edwards,PF,24,ATL,38,0,5.6,0.6,1.3,.458,0.0,0.0,.000,0.6,1.2,.468,.458,0.6,0.8,.719,0.5,0.8,1.3,0.3,0.1,0.1,0.6,0.8,1.8,1995
2024,105,James Edwards,C,39,POR,28,0,9.5,1.1,3.0,.386,0.0,0.0,,1.1,3.0,.386,.386,0.4,0.6,.647,0.4,1.2,1.5,0.3,0.2,0.3,0.5,1.6,2.7,1995
2025,106,Kevin Edwards,SG,29,NJN,14,14,33.3,4.9,11.0,.448,1.3,3.2,.400,3.6,7.8,.468,.506,2.9,3.0,.952,0.7,1.9,2.6,1.9,1.4,0.4,2.5,3.0,14.0,1995
2026,107,Craig Ehlo,SG,33,ATL,49,0,23.8,3.9,8.6,.453,1.0,2.7,.381,2.9,5.9,.486,.513,0.9,1.4,.620,1.1,1.9,3.0,2.3,0.9,0.1,1.5,1.8,9.7,1995
2027,108,Howard Eisley,PG,22,TOT,49,4,11.3,0.8,2.5,.328,0.2,0.8,.243,0.6,1.7,.365,.365,0.6,0.8,.775,0.2,0.7,1.0,1.9,0.4,0.1,1.0,1.7,2.4,1995
2028,108,Howard Eisley,PG,22,MIN,34,4,14.6,1.1,3.1,.352,0.2,0.9,.250,0.9,2.1,.397,.390,0.9,1.2,.775,0.3,0.9,1.2,2.3,0.5,0.1,1.2,2.3,3.3,1995
2029,108,Howard Eisley,PG,22,SAS,15,0,3.7,0.2,1.1,.176,0.1,0.3,.200,0.1,0.8,.167,.206,0.0,0.0,,0.1,0.3,0.4,1.2,0.0,0.1,0.5,0.2,0.5,1995
2030,109,Mario Elie,SF,31,HOU,81,13,23.4,3.0,6.0,.499,1.0,2.5,.398,2.0,3.5,.570,.581,1.8,2.1,.842,0.6,1.8,2.4,2.3,0.8,0.1,1.3,2.0,8.8,1995
2031,110,Sean Elliott,SF,26,SAS,81,81,35.3,6.2,13.2,.468,1.7,4.1,.408,4.5,9.1,.495,.532,4.0,5.0,.807,0.8,2.8,3.5,2.5,1.0,0.5,1.9,2.7,18.1,1995
2032,111,Dale Ellis,SF,34,DEN,81,3,24.6,4.3,9.6,.453,1.3,3.2,.403,3.0,6.3,.479,.522,1.4,1.6,.866,0.7,2.0,2.7,0.7,0.5,0.1,1.0,1.8,11.3,1995
2033,112,Harold Ellis,SF,24,LAC,69,7,9.5,1.3,2.7,.481,0.0,0.2,.077,1.3,2.6,.511,.484,1.0,1.7,.590,0.8,0.5,1.3,0.6,1.0,0.2,0.7,1.5,3.7,1995
2034,113,LaPhonso Ellis,PF,24,DEN,6,0,9.7,1.5,4.2,.360,0.0,0.0,,1.5,4.2,.360,.360,1.0,1.0,1.000,1.2,1.7,2.8,0.7,0.2,0.8,0.8,2.0,4.0,1995
2035,114,Pervis Ellison,C,27,BOS,55,11,19.7,2.8,5.5,.507,0.0,0.0,.000,2.8,5.4,.510,.507,1.3,1.8,.717,2.3,3.4,5.6,0.6,0.4,1.0,1.4,3.3,6.8,1995
2036,115,Jo Jo English,SG,24,CHI,8,0,15.9,1.9,4.9,.385,0.4,1.5,.250,1.5,3.4,.444,.423,1.3,1.6,.769,0.1,0.3,0.4,0.9,0.9,0.1,0.8,2.4,5.4,1995
2037,116,Patrick Ewing*,C,32,NYK,79,79,37.0,9.2,18.4,.503,0.1,0.3,.286,9.2,18.1,.506,.505,5.3,7.1,.750,2.0,9.0,11.0,2.7,0.9,2.0,3.2,3.4,23.9,1995
2038,117,Duane Ferrell,SF,29,IND,56,1,10.8,1.5,3.1,.480,0.0,0.1,.167,1.5,3.0,.491,.483,1.1,1.5,.753,0.9,0.7,1.6,0.6,0.5,0.1,0.8,1.4,4.1,1995
2039,118,Danny Ferry,PF,28,CLE,82,6,15.7,2.7,6.1,.446,1.1,2.8,.403,1.6,3.3,.483,.540,0.9,1.0,.881,0.4,1.4,1.7,1.2,0.3,0.3,0.7,1.6,7.5,1995
2040,119,Matt Fish,C,25,LAC,26,8,14.2,1.9,4.0,.476,0.0,0.0,.000,1.9,3.9,.480,.476,1.0,1.4,.676,1.2,2.0,3.2,0.7,0.6,0.3,1.1,2.7,4.7,1995
2041,120,Vern Fleming,PG,32,IND,55,1,12.5,1.7,3.4,.495,0.0,0.1,.000,1.7,3.3,.514,.495,1.2,1.6,.722,0.4,1.2,1.6,2.0,0.5,0.0,0.8,1.5,4.6,1995
2042,Rk,Player,Pos,Age,Tm,G,GS,MP,FG,FGA,FG%,3P,3PA,3P%,2P,2PA,2P%,eFG%,FT,FTA,FT%,ORB,DRB,TRB,AST,STL,BLK,TOV,PF,PTS,1995
2043,121,Sleepy Floyd,SG,34,NJN,48,1,17.3,1.5,4.4,.335,0.5,1.8,.284,1.0,2.6,.371,.394,0.6,0.9,.698,0.2,1.0,1.1,2.6,0.3,0.1,1.1,1.5,4.1,1995
2044,122,Alphonso Ford,SG,23,PHI,5,0,19.6,1.8,7.8,.231,0.0,1.8,.000,1.8,6.0,.300,.231,0.2,0.4,.500,1.6,2.4,4.0,1.8,0.2,0.0,1.6,1.0,3.8,1995
2045,123,Greg Foster,PF,26,TOT,78,3,14.7,1.9,4.1,.472,0.1,0.3,.304,1.8,3.8,.485,.483,1.0,1.4,.703,1.1,2.2,3.3,0.5,0.2,0.4,0.9,2.3,4.9,1995
2046,123,Greg Foster,PF,26,CHI,17,3,17.6,2.4,5.1,.477,0.0,0.0,,2.4,5.1,.477,.477,1.3,1.8,.710,1.1,2.1,3.2,0.9,0.1,0.5,1.0,3.2,6.1,1995
2047,123,Greg Foster,PF,26,MIN,61,0,13.9,1.8,3.8,.470,0.1,0.4,.304,1.7,3.4,.488,.485,0.9,1.3,.700,1.1,2.3,3.4,0.4,0.2,0.3,0.9,2.1,4.6,1995
2048,124,Rick Fox,SF,25,BOS,53,7,19.6,3.2,6.6,.481,0.6,1.4,.413,2.6,5.2,.500,.526,1.8,2.3,.772,1.2,1.8,2.9,2.6,1.0,0.4,1.5,2.9,8.8,1995
2049,125,Corey Gaines,SG,29,PHI,11,8,25.5,2.2,4.6,.471,0.2,1.4,.133,2.0,3.3,.611,.490,0.5,1.0,.455,0.1,1.5,1.6,3.0,0.7,0.1,1.3,2.1,5.0,1995
2050,126,Kevin Gamble,SF,29,MIA,77,0,15.9,2.9,5.8,.489,0.5,1.3,.398,2.4,4.6,.514,.532,1.1,1.4,.784,0.4,1.2,1.6,1.5,0.7,0.1,0.6,1.7,7.4,1995
2051,127,Winston Garland,PG,30,MIN,73,58,26.5,2.3,5.6,.415,0.3,1.0,.253,2.1,4.6,.451,.438,1.2,1.5,.795,0.7,1.6,2.3,4.4,1.0,0.2,1.4,2.5,6.1,1995
2052,128,Chris Gatling,PF,27,GSW,58,22,25.3,5.6,8.8,.633,0.0,0.0,.000,5.6,8.8,.634,.633,2.6,4.3,.592,2.5,5.2,7.6,0.9,0.7,0.9,2.0,3.2,13.7,1995
2053,129,Kenny Gattison,PF,30,CHH,21,0,19.5,2.2,4.8,.470,0.0,0.0,.000,2.2,4.7,.475,.470,1.5,2.4,.608,1.0,2.6,3.6,0.8,0.3,0.7,1.0,3.0,6.0,1995
2054,130,Matt Geiger,C,25,MIA,74,43,23.1,3.5,6.6,.536,0.1,0.1,.400,3.5,6.4,.539,.540,1.3,1.9,.650,2.0,3.6,5.6,0.7,0.6,0.7,1.5,3.3,8.3,1995
2055,131,Tate George,SG,26,MIL,3,0,2.7,0.3,1.0,.333,0.0,0.3,.000,0.3,0.7,.500,.333,0.7,0.7,1.000,0.3,0.0,0.3,0.0,0.0,0.0,0.7,0.3,1.3,1995
2056,132,Kendall Gill,SG,26,SEA,73,58,29.1,5.4,11.8,.457,0.9,2.3,.368,4.5,9.4,.479,.494,2.1,2.9,.742,1.4,2.6,4.0,2.6,1.6,0.4,1.9,2.5,13.7,1995
2057,133,Armen Gilliam,PF,30,NJN,82,30,30.1,5.5,11.0,.503,0.0,0.0,.000,5.5,11.0,.504,.503,3.7,4.8,.770,2.3,5.1,7.5,1.2,0.8,1.1,1.9,2.1,14.8,1995
2058,134,Greg Graham,SG,24,PHI,50,7,15.5,1.9,4.5,.426,0.1,0.6,.214,1.8,3.9,.456,.439,1.1,1.5,.753,0.4,0.9,1.2,1.3,0.6,0.1,1.0,1.5,5.0,1995
2059,135,Ron Grandison,PF,30,NYK,2,0,4.0,0.5,2.0,.250,0.0,0.0,,0.5,2.0,.250,.250,0.0,0.0,,1.5,1.0,2.5,1.0,0.0,0.0,0.0,1.0,1.0,1995
2060,136,Brian Grant,PF,22,SAC,80,59,28.6,5.2,10.1,.511,0.0,0.1,.250,5.2,10.1,.512,.511,2.9,4.5,.636,2.6,4.9,7.5,1.2,0.6,1.5,2.0,3.5,13.2,1995
2061,137,Gary Grant,PG,29,LAC,33,2,14.2,2.4,5.0,.470,0.1,0.5,.250,2.2,4.5,.493,.482,1.4,1.7,.818,0.2,0.8,1.1,2.8,0.9,0.1,1.3,2.0,6.2,1995
2062,138,Greg Grant,PG,28,DEN,14,0,10.8,0.7,2.4,.303,0.1,0.5,.286,0.6,1.9,.308,.333,0.6,0.9,.750,0.1,0.5,0.6,3.1,0.4,0.1,1.0,1.4,2.2,1995
2063,139,Harvey Grant,PF,29,POR,75,14,23.6,3.8,8.3,.461,0.1,0.3,.308,3.7,7.9,.467,.467,1.4,1.9,.705,1.4,2.4,3.8,1.1,0.7,0.7,0.8,2.2,9.1,1995
2064,140,Horace Grant,PF,29,ORL,74,74,36.4,5.4,9.6,.567,0.0,0.1,.000,5.4,9.4,.574,.567,2.0,2.9,.692,3.0,6.6,9.7,2.3,1.0,1.2,1.1,2.7,12.8,1995
2065,Rk,Player,Pos,Age,Tm,G,GS,MP,FG,FGA,FG%,3P,3PA,3P%,2P,2PA,2P%,eFG%,FT,FTA,FT%,ORB,DRB,TRB,AST,STL,BLK,TOV,PF,PTS,1995
2066,141,Jeff Grayer,SG,29,PHI,47,25,23.4,3.5,8.1,.428,0.1,0.3,.333,3.4,7.8,.432,.434,1.2,1.8,.699,1.2,1.9,3.2,1.6,0.6,0.1,1.2,1.7,8.3,1995
2067,142,A.C. Green,SF,31,PHO,82,52,32.8,3.8,7.5,.504,0.5,1.5,.339,3.3,6.0,.547,.539,3.1,4.2,.732,2.4,5.8,8.2,1.5,0.7,0.4,1.4,1.8,11.2,1995
2068,143,Tom Gugliotta,SF-PF,25,TOT,77,63,33.4,4.8,10.9,.443,0.8,2.4,.323,4.0,8.5,.478,.479,2.3,3.3,.690,2.1,5.3,7.4,3.6,1.7,0.8,2.5,2.6,12.7,1995
2069,143,Tom Gugliotta,PF,25,WSB,6,6,37.7,5.5,13.8,.398,0.7,1.3,.500,4.8,12.5,.387,.422,4.3,5.5,.788,2.7,6.2,8.8,3.0,3.5,1.8,2.5,3.2,16.0,1995
2070,143,Tom Gugliotta,PF,25,GSW,40,40,33.1,4.4,9.9,.443,0.7,2.3,.311,3.7,7.7,.482,.479,1.4,2.4,.567,2.5,4.9,7.4,3.1,1.3,0.6,2.3,2.5,10.9,1995
2071,143,Tom Gugliotta,SF,25,MIN,31,17,32.8,5.2,11.5,.454,0.9,2.8,.318,4.3,8.7,.498,.493,3.0,3.9,.762,1.6,5.6,7.2,4.5,2.0,0.9,2.6,2.8,14.4,1995
2072,144,Andrés Guibert,PF,26,MIN,17,0,9.8,0.9,2.8,.340,0.0,0.2,.000,0.9,2.5,.372,.340,0.8,1.1,.684,0.9,1.7,2.6,0.6,0.5,0.1,0.7,1.7,2.6,1995
2073,145,Jack Haley,PF,31,SAS,31,0,3.8,0.8,2.0,.426,0.0,0.0,.000,0.8,1.9,.433,.426,0.7,1.0,.656,0.3,0.6,0.9,0.1,0.1,0.2,0.4,1.0,2.4,1995
2074,146,Geert Hammink,C,25,ORL,1,0,7.0,1.0,3.0,.333,0.0,0.0,,1.0,3.0,.333,.333,2.0,2.0,1.000,0.0,2.0,2.0,1.0,0.0,0.0,0.0,1.0,4.0,1995
2075,147,Tom Hammonds,PF,27,DEN,70,5,13.7,2.0,3.7,.535,0.0,0.0,.000,2.0,3.7,.537,.535,1.9,2.5,.746,0.8,2.4,3.2,0.5,0.2,0.2,0.8,1.9,5.9,1995
2076,148,Darrin Hancock,SF,23,CHH,46,7,9.2,1.5,2.6,.562,0.0,0.1,.333,1.5,2.6,.568,.566,0.3,0.8,.410,0.3,0.8,1.2,0.7,0.4,0.1,0.7,1.0,3.3,1995
2077,149,Anfernee Hardaway,PG,23,ORL,77,77,37.7,7.6,14.8,.512,1.1,3.2,.349,6.5,11.6,.558,.550,4.6,6.0,.769,1.8,2.6,4.4,7.2,1.7,0.3,3.4,2.1,20.9,1995
2078,150,Tim Hardaway*,PG,28,GSW,62,62,37.4,6.9,16.2,.427,2.7,7.2,.378,4.2,9.1,.465,.510,3.5,4.6,.760,0.7,2.3,3.1,9.3,1.4,0.2,3.5,2.5,20.1,1995
2079,151,Jerome Harmon,SG,25,PHI,10,0,15.8,2.1,5.3,.396,0.1,0.1,1.000,2.0,5.2,.385,.406,0.3,0.6,.500,0.9,1.4,2.3,1.2,0.9,0.0,0.7,1.2,4.6,1995
2080,152,Derek Harper,PG,33,NYK,80,80,34.0,4.2,9.5,.446,1.3,3.7,.363,2.9,5.8,.498,.516,1.7,2.4,.724,0.4,2.0,2.4,5.7,1.0,0.1,1.9,2.7,11.5,1995
2081,153,Ron Harper,SG,31,CHI,77,53,19.9,2.7,6.4,.426,0.4,1.4,.282,2.3,4.9,.467,.457,1.1,1.7,.618,0.7,1.7,2.3,2.0,1.3,0.4,1.3,1.7,6.9,1995
2082,154,Lucious Harris,SG,24,DAL,79,31,21.5,3.5,7.7,.459,0.7,1.8,.387,2.8,5.9,.481,.504,1.7,2.2,.800,1.1,1.7,2.8,1.7,0.7,0.2,1.0,1.3,9.5,1995
2083,155,Tony Harris,SG,27,BOS,3,0,6.0,1.0,2.7,.375,0.0,0.3,.000,1.0,2.3,.429,.375,2.7,3.0,.889,0.0,0.0,0.0,0.0,0.0,0.0,0.3,0.7,4.7,1995
2084,156,Antonio Harvey,PF,24,LAL,59,8,9.7,1.3,3.0,.438,0.0,0.0,1.000,1.3,3.0,.434,.440,0.4,0.8,.533,0.7,1.1,1.7,0.4,0.3,0.7,0.4,1.5,3.0,1995
2085,157,Hersey Hawkins,SG,28,CHH,82,82,33.3,4.8,9.9,.482,1.6,3.6,.440,3.2,6.2,.507,.563,3.2,3.7,.867,0.7,3.1,3.8,3.2,1.5,0.2,1.8,2.2,14.3,1995
2086,158,Steve Henson,PG,26,POR,37,0,10.3,1.0,2.3,.430,0.6,1.4,.442,0.4,0.9,.412,.564,0.6,0.7,.880,0.1,0.6,0.7,2.3,0.2,0.0,0.8,1.4,3.2,1995
2087,159,Carl Herrera,PF,28,HOU,61,26,21.8,2.8,5.4,.523,0.0,0.0,.000,2.8,5.3,.526,.523,1.2,1.9,.624,1.6,3.0,4.6,0.7,0.7,0.6,1.2,2.2,6.8,1995
2088,160,Rod Higgins,SF,35,GSW,5,2,9.2,0.6,2.4,.250,0.2,1.2,.167,0.4,1.2,.333,.292,0.6,0.8,.750,0.8,0.6,1.4,0.6,0.2,0.2,0.2,1.4,2.0,1995
2089,Rk,Player,Pos,Age,Tm,G,GS,MP,FG,FGA,FG%,3P,3PA,3P%,2P,2PA,2P%,eFG%,FT,FTA,FT%,ORB,DRB,TRB,AST,STL,BLK,TOV,PF,PTS,1995
2090,161,Sean Higgins,SF,26,NJN,57,7,12.9,1.8,4.8,.385,0.4,1.4,.295,1.4,3.4,.421,.427,0.6,0.7,.875,0.4,0.9,1.4,0.5,0.2,0.2,0.6,1.6,4.7,1995
2091,162,Grant Hill*,SF,22,DET,70,69,38.3,7.3,15.2,.477,0.1,0.4,.148,7.2,14.8,.486,.479,5.3,7.3,.732,1.8,4.6,6.4,5.0,1.8,0.9,2.9,2.9,19.9,1995
2092,163,Tyrone Hill,C,26,CLE,70,67,34.2,5.0,9.9,.504,0.0,0.0,.000,5.0,9.9,.505,.504,3.8,5.7,.662,3.8,7.1,10.9,0.8,0.8,0.6,2.2,3.5,13.8,1995
2093,164,Donald Hodge,C,25,DAL,54,0,11.7,1.5,3.8,.407,0.1,0.3,.286,1.5,3.5,.416,.417,0.7,0.9,.765,0.7,1.5,2.3,0.8,0.2,0.3,0.7,2.0,3.9,1995
2094,165,Jeff Hornacek,SG,31,UTA,81,81,33.3,6.0,11.6,.514,1.1,2.7,.406,4.9,8.9,.547,.562,3.5,4.0,.882,0.7,1.9,2.6,4.3,1.6,0.2,1.8,2.2,16.5,1995
2095,166,Robert Horry,PF,24,HOU,64,61,32.4,3.8,8.4,.447,1.3,3.5,.379,2.4,4.8,.497,.527,1.3,1.8,.761,1.3,3.8,5.1,3.4,1.5,1.2,1.9,2.5,10.2,1995
2096,167,Allan Houston,SG,23,DET,76,39,26.3,5.2,11.3,.463,2.1,4.9,.424,3.2,6.4,.494,.555,1.9,2.3,.860,0.4,1.8,2.2,2.2,0.8,0.2,1.5,2.4,14.5,1995
2097,168,Byron Houston,PF,25,SEA,39,0,6.6,1.3,2.7,.458,0.2,0.6,.273,1.1,2.2,.506,.486,0.7,1.0,.737,0.5,0.9,1.4,0.2,0.3,0.1,0.5,1.3,3.4,1995
2098,169,Tom Hovasse,SF,28,ATL,2,0,2.0,0.0,0.5,.000,0.0,0.5,.000,0.0,0.0,,.000,0.0,0.0,,0.0,0.0,0.0,0.0,0.5,0.0,0.0,0.5,0.0,1995
2099,170,Juwan Howard,PF,21,WSB,65,52,36.1,7.0,14.3,.489,0.0,0.1,.000,7.0,14.2,.492,.489,3.0,4.5,.664,2.8,5.6,8.4,2.5,0.8,0.2,2.6,3.6,17.0,1995
2100,171,Jay Humphries,SG-PG,32,TOT,18,0,11.2,0.4,1.9,.235,0.1,0.2,.500,0.3,1.7,.200,.265,0.1,0.2,.500,0.2,0.5,0.7,1.1,0.5,0.0,0.9,1.9,1.1,1995
2101,171,Jay Humphries,SG,32,UTA,12,0,12.4,0.3,2.1,.160,0.2,0.3,.667,0.2,1.8,.091,.200,0.0,0.0,,0.2,0.7,0.8,0.8,0.6,0.0,1.0,2.1,0.8,1995
2102,171,Jay Humphries,PG,32,BOS,6,0,8.7,0.7,1.5,.444,0.0,0.2,.000,0.7,1.3,.500,.444,0.3,0.7,.500,0.3,0.2,0.5,1.7,0.3,0.0,0.8,1.7,1.7,1995
2103,172,Lindsey Hunter,PG,24,DET,42,26,22.5,2.8,7.6,.374,0.9,2.6,.333,2.0,5.0,.395,.431,1.0,1.3,.727,0.6,1.2,1.8,3.8,1.2,0.2,1.9,2.2,7.5,1995
2104,173,Bobby Hurley,PG,23,SAC,68,6,16.3,1.5,4.2,.363,0.3,1.1,.276,1.2,3.1,.394,.400,0.9,1.1,.763,0.2,0.8,1.0,3.3,0.4,0.0,1.6,1.2,4.2,1995
2105,174,Jaren Jackson,SG,27,PHI,21,1,12.2,1.2,3.2,.368,0.2,0.7,.267,1.0,2.5,.396,.397,0.8,1.1,.667,0.9,1.1,2.0,0.9,0.4,0.2,0.8,1.6,3.3,1995
2106,175,Jim Jackson,SG,24,DAL,51,51,38.9,9.5,20.1,.472,0.7,2.2,.318,8.8,18.0,.490,.489,6.0,7.5,.805,2.4,2.7,5.1,3.7,0.5,0.2,3.1,1.8,25.7,1995
2107,176,Mark Jackson,PG,29,IND,82,67,29.3,2.9,6.9,.422,0.3,1.1,.310,2.6,5.8,.443,.446,1.5,1.9,.778,0.9,2.8,3.7,7.5,1.3,0.2,2.6,1.8,7.6,1995
2108,177,Keith Jennings,PG,26,GSW,80,24,21.5,2.4,5.3,.447,0.9,2.6,.368,1.4,2.8,.520,.535,1.7,1.9,.876,0.3,1.5,1.9,4.7,1.2,0.0,1.5,1.7,7.4,1995
2109,178,Avery Johnson,PG,29,SAS,82,82,36.7,5.5,10.5,.519,0.0,0.3,.136,5.4,10.3,.529,.521,2.5,3.6,.685,0.6,1.9,2.5,8.2,1.4,0.2,2.5,1.9,13.4,1995
2110,179,Ervin Johnson,C,27,SEA,64,30,14.2,1.3,3.0,.443,0.0,0.0,.000,1.3,3.0,.445,.443,0.5,0.7,.630,1.6,2.9,4.5,0.3,0.3,1.0,0.8,2.5,3.1,1995
2111,180,Kevin Johnson,PG,28,PHO,47,35,28.8,5.2,11.1,.470,0.1,0.6,.154,5.1,10.6,.487,.474,5.0,6.1,.810,0.7,1.8,2.4,7.7,1.0,0.4,2.2,1.9,15.5,1995
2112,Rk,Player,Pos,Age,Tm,G,GS,MP,FG,FGA,FG%,3P,3PA,3P%,2P,2PA,2P%,eFG%,FT,FTA,FT%,ORB,DRB,TRB,AST,STL,BLK,TOV,PF,PTS,1995
2113,181,Larry Johnson,PF,25,CHH,81,81,39.9,7.2,15.0,.480,1.0,2.6,.386,6.2,12.5,.500,.513,3.4,4.4,.774,2.3,4.9,7.2,4.6,1.0,0.3,2.6,2.1,18.8,1995
2114,182,Askia Jones,SG,23,MIN,11,0,12.6,1.4,4.0,.341,0.2,1.1,.167,1.2,2.9,.406,.364,1.2,1.5,.813,0.5,0.5,1.0,1.5,0.5,0.0,0.8,1.7,4.1,1995
2115,183,Charles Jones,PF,37,HOU,3,0,12.0,0.3,1.0,.333,0.0,0.0,,0.3,1.0,.333,.333,0.3,0.7,.500,0.7,1.7,2.3,0.0,0.0,0.3,0.0,2.7,1.0,1995
2116,184,Eddie Jones,SG,23,LAL,64,58,31.0,5.3,11.6,.460,1.4,3.8,.370,3.9,7.8,.504,.521,1.9,2.6,.722,1.2,2.7,3.9,2.0,2.0,0.6,1.2,2.7,14.0,1995
2117,185,Popeye Jones,PF,24,DAL,80,80,29.8,4.7,10.5,.443,0.0,0.2,.083,4.6,10.3,.449,.444,1.0,1.6,.645,4.1,6.4,10.6,2.0,0.4,0.3,1.6,3.3,10.3,1995
2118,186,Michael Jordan*,SG,31,CHI,17,17,39.3,9.8,23.8,.411,0.9,1.9,.500,8.8,21.9,.403,.431,6.4,8.0,.801,1.5,5.4,6.9,5.3,1.8,0.8,2.1,2.8,26.9,1995
2119,187,Adam Keefe,SF,24,UTA,75,0,16.9,2.3,4.0,.577,0.0,0.0,,2.3,4.0,.577,.577,1.6,2.3,.676,1.8,2.6,4.4,0.4,0.5,0.3,0.8,1.9,6.1,1995
2120,188,Shawn Kemp,PF,25,SEA,82,79,32.7,6.6,12.2,.547,0.0,0.1,.286,6.6,12.1,.548,.548,5.3,7.1,.749,3.9,7.0,10.9,1.8,1.2,1.5,3.2,4.1,18.7,1995
2121,189,Steve Kerr,PG,29,CHI,82,0,22.4,3.2,6.0,.527,1.1,2.1,.524,2.1,4.0,.529,.617,0.8,1.0,.778,0.2,1.2,1.5,1.8,0.5,0.0,0.6,1.4,8.2,1995
2122,190,Jerome Kersey,SF,32,POR,63,0,18.1,3.2,7.8,.415,0.1,0.4,.259,3.1,7.3,.424,.422,1.5,2.0,.766,1.5,2.6,4.1,1.3,0.8,0.6,1.0,2.7,8.1,1995
2123,191,Randolph Keys,SF,28,LAL,6,0,13.8,1.5,4.3,.346,0.0,1.5,.000,1.5,2.8,.529,.346,0.3,0.3,1.000,1.0,1.8,2.8,0.3,0.2,0.3,0.3,2.7,3.3,1995
2124,192,Jason Kidd*,PG,21,DAL,79,79,33.8,4.2,10.8,.385,0.9,3.3,.272,3.3,7.6,.433,.426,2.4,3.5,.698,1.9,3.5,5.4,7.7,1.9,0.3,3.2,1.8,11.7,1995
2125,193,Rich King,C,25,SEA,2,0,3.0,0.0,1.0,.000,0.0,0.0,,0.0,1.0,.000,.000,0.0,1.0,.000,0.0,0.0,0.0,0.0,0.0,0.0,0.0,0.5,0.0,1995
2126,194,Stacey King,PF,28,MIN,50,10,15.8,2.0,4.2,.467,0.0,0.0,.000,2.0,4.2,.469,.467,1.4,2.0,.667,1.1,2.2,3.3,0.5,0.5,0.4,1.3,2.5,5.3,1995
2127,195,Greg Kite,C,33,TOT,11,0,7.0,0.3,1.5,.176,0.0,0.0,,0.3,1.5,.176,.176,0.2,0.9,.200,1.1,0.9,2.0,0.1,0.0,0.0,0.5,1.4,0.7,1995
2128,195,Greg Kite,C,33,NYK,2,0,8.0,0.0,1.5,.000,0.0,0.0,,0.0,1.5,.000,.000,0.0,0.0,,1.0,1.0,2.0,0.0,0.0,0.0,0.5,1.0,0.0,1995
2129,195,Greg Kite,C,33,IND,9,0,6.8,0.3,1.6,.214,0.0,0.0,,0.3,1.6,.214,.214,0.2,1.1,.200,1.1,0.9,2.0,0.1,0.0,0.0,0.6,1.4,0.9,1995
2130,196,Joe Kleine,C,33,PHO,75,42,12.9,1.6,3.5,.449,0.0,0.0,.000,1.6,3.5,.452,.449,0.6,0.7,.857,1.1,2.4,3.5,0.5,0.2,0.2,0.5,2.3,3.7,1995
2131,197,Negele Knight,PG,27,TOT,47,17,15.1,1.8,4.6,.397,0.2,0.6,.393,1.6,4.0,.398,.423,0.4,0.5,.720,0.4,0.9,1.3,2.7,0.4,0.1,1.0,1.5,4.2,1995
2132,197,Negele Knight,PG,27,POR,3,0,14.3,2.3,5.0,.467,0.0,0.0,,2.3,5.0,.467,.467,1.3,1.3,1.000,0.3,0.7,1.0,3.7,0.3,0.0,1.3,1.7,6.0,1995
2133,197,Negele Knight,PG,27,DET,44,17,15.1,1.8,4.5,.392,0.3,0.6,.393,1.5,3.9,.392,.420,0.3,0.5,.667,0.5,0.9,1.3,2.6,0.5,0.1,1.0,1.5,4.1,1995
2134,198,Jon Koncak,C,31,ATL,62,20,15.2,1.2,3.0,.412,0.2,0.6,.333,1.0,2.4,.430,.444,0.2,0.4,.542,0.4,2.6,3.0,0.8,0.6,0.7,0.3,2.2,2.9,1995
2135,199,Larry Krystkowiak,PF,30,CHI,19,14,15.1,1.5,3.8,.389,0.0,0.0,,1.5,3.8,.389,.389,1.4,1.6,.900,1.0,2.1,3.1,1.4,0.5,0.1,1.3,1.8,4.4,1995
2136,200,Toni Kukoč*,SF,26,CHI,81,55,31.9,6.0,11.9,.504,0.8,2.4,.313,5.2,9.5,.553,.536,2.9,3.9,.748,1.9,3.5,5.4,4.6,1.3,0.2,2.0,2.0,15.7,1995
2137,Rk,Player,Pos,Age,Tm,G,GS,MP,FG,FGA,FG%,3P,3PA,3P%,2P,2PA,2P%,eFG%,FT,FTA,FT%,ORB,DRB,TRB,AST,STL,BLK,TOV,PF,PTS,1995
2138,201,Christian Laettner,C,25,MIN,81,80,34.2,5.6,11.4,.489,0.2,0.5,.325,5.4,10.9,.497,.496,5.0,6.2,.818,2.0,5.5,7.6,2.9,1.2,1.1,2.8,3.7,16.3,1995
2139,202,Andrew Lang,C,28,ATL,82,63,28.5,3.9,8.3,.473,0.0,0.0,.667,3.9,8.2,.472,.474,1.9,2.3,.809,1.9,3.7,5.6,0.9,0.5,1.8,1.3,3.3,9.7,1995
2140,203,Antonio Lang,SF,22,PHO,12,0,4.4,0.3,0.8,.400,0.0,0.0,,0.3,0.8,.400,.400,0.3,0.3,.750,0.3,0.1,0.3,0.1,0.0,0.2,0.4,0.9,0.9,1995
2141,204,Eric Leckner,C,28,DET,57,11,10.9,1.5,2.9,.527,0.0,0.0,.000,1.5,2.9,.534,.527,0.9,1.3,.708,0.8,2.2,3.1,0.2,0.3,0.3,0.7,2.1,3.9,1995
2142,205,Doug Lee,SG,30,SAC,22,0,3.4,0.4,1.1,.360,0.3,0.8,.389,0.1,0.3,.286,.500,0.8,1.0,.857,0.0,0.2,0.2,0.2,0.3,0.1,0.2,0.8,2.0,1995
2143,206,Tim Legler,SG,28,GSW,24,0,15.5,2.5,4.8,.522,1.1,2.1,.520,1.4,2.7,.523,.635,1.3,1.4,.882,0.5,1.2,1.7,1.1,0.5,0.0,0.8,1.4,7.3,1995
2144,207,Jim Les,PG,31,ATL,24,0,7.8,0.5,1.6,.289,0.2,1.0,.217,0.3,0.6,.400,.355,1.0,1.1,.852,0.3,0.8,1.1,1.8,0.2,0.0,0.9,1.2,2.1,1995
2145,208,Cliff Levingston,PF,34,DEN,57,0,8.2,1.0,2.3,.423,0.0,0.0,.000,1.0,2.3,.426,.423,0.3,0.8,.422,0.9,1.3,2.2,0.5,0.2,0.4,0.4,1.6,2.3,1995
2146,209,Alton Lister,C,36,MIL,60,32,12.9,1.1,2.2,.493,0.0,0.0,.000,1.1,2.2,.496,.493,0.6,1.2,.500,1.1,2.8,3.9,0.2,0.3,1.0,0.6,2.4,2.8,1995
2147,210,Brad Lohaus,PF,30,MIA,61,1,12.0,1.6,3.8,.420,1.0,2.5,.406,0.6,1.2,.447,.556,0.2,0.2,.667,0.5,1.2,1.7,0.7,0.3,0.4,0.5,1.4,4.4,1995
2148,211,Grant Long,PF,28,TOT,81,79,32.6,4.2,8.8,.478,0.1,0.4,.355,4.1,8.5,.483,.485,3.0,4.0,.751,2.4,5.1,7.5,1.6,1.3,0.4,1.9,3.0,11.6,1995
2149,211,Grant Long,PF,28,MIA,2,2,31.0,2.5,6.0,.417,0.0,0.0,,2.5,6.0,.417,.417,3.0,5.0,.600,0.5,5.0,5.5,2.0,1.0,0.0,2.0,5.5,8.0,1995
2150,211,Grant Long,PF,28,ATL,79,77,32.6,4.3,8.9,.479,0.1,0.4,.355,4.1,8.5,.484,.487,3.0,4.0,.756,2.4,5.1,7.5,1.6,1.4,0.4,1.9,2.9,11.7,1995
2151,212,Luc Longley,C,26,CHI,55,0,18.2,2.5,5.5,.447,0.0,0.0,.000,2.5,5.5,.450,.447,1.6,1.9,.822,1.5,3.3,4.8,1.3,0.4,0.8,1.6,3.2,6.5,1995
2152,213,Ryan Lorthridge,SG,22,GSW,37,2,18.2,2.9,6.0,.475,0.1,0.4,.214,2.8,5.6,.493,.482,1.5,2.4,.648,0.6,1.3,1.9,2.7,0.8,0.0,1.5,1.1,7.4,1995
2153,214,George Lynch,SF,24,LAL,56,15,17.0,2.5,5.3,.468,0.1,0.4,.143,2.4,4.9,.493,.473,1.1,1.5,.721,1.3,1.9,3.3,1.1,0.9,0.2,1.3,1.5,6.1,1995
2154,215,Don MacLean,PF,25,WSB,39,20,27.0,4.1,9.3,.438,0.3,1.0,.250,3.8,8.2,.461,.452,2.7,3.5,.765,1.2,3.1,4.2,1.3,0.4,0.1,1.1,2.5,11.0,1995
2155,216,Mark Macon,SG,25,DET,55,6,13.1,1.8,4.8,.381,0.4,1.1,.323,1.5,3.7,.399,.419,1.0,1.2,.794,0.5,0.9,1.4,1.1,1.2,0.0,0.7,1.8,5.0,1995
2156,217,Gerald Madkins,SG,25,CLE,7,0,4.0,0.3,0.9,.333,0.1,0.3,.500,0.1,0.6,.250,.417,0.4,0.6,.750,0.0,0.0,0.0,0.1,0.3,0.0,0.4,0.3,1.1,1995
2157,218,Rick Mahorn,PF,36,NJN,58,7,10.9,1.4,2.6,.523,0.0,0.1,.333,1.3,2.6,.527,.526,0.7,0.8,.796,0.8,2.0,2.8,0.4,0.2,0.2,0.6,1.6,3.4,1995
2158,219,Dan Majerle,SF,29,PHO,82,46,37.7,5.3,12.6,.425,2.4,6.7,.363,2.9,5.9,.495,.521,2.5,3.4,.730,1.3,3.3,4.6,4.1,1.2,0.5,1.3,1.9,15.6,1995
2159,220,Jeff Malone,SG,33,PHI,19,19,34.7,7.6,14.9,.507,0.6,1.5,.393,7.0,13.5,.520,.526,2.7,3.1,.864,0.6,2.3,2.9,1.5,0.8,0.0,1.5,1.8,18.4,1995
2160,Rk,Player,Pos,Age,Tm,G,GS,MP,FG,FGA,FG%,3P,3PA,3P%,2P,2PA,2P%,eFG%,FT,FTA,FT%,ORB,DRB,TRB,AST,STL,BLK,TOV,PF,PTS,1995
2161,221,Karl Malone*,PF,31,UTA,82,82,38.1,10.1,18.9,.536,0.1,0.5,.268,10.0,18.4,.543,.540,6.3,8.5,.742,1.9,8.7,10.6,3.5,1.6,1.0,2.9,3.3,26.7,1995
2162,222,Moses Malone*,C,39,SAS,17,0,8.8,0.8,2.1,.371,0.1,0.1,.500,0.7,1.9,.364,.386,1.3,1.9,.688,1.2,1.5,2.7,0.4,0.1,0.2,0.6,0.9,2.9,1995
2163,223,Danny Manning,PF,28,PHO,46,19,32.8,7.4,13.5,.547,0.1,0.5,.286,7.3,13.1,.556,.551,3.0,4.4,.673,2.1,3.9,6.0,3.3,0.9,1.2,2.6,3.8,17.9,1995
2164,224,Šarūnas Marčiulionis*,SG,30,SEA,66,4,18.1,3.3,6.9,.473,0.5,1.3,.402,2.7,5.6,.489,.511,2.2,3.0,.732,0.3,0.8,1.0,1.7,1.1,0.0,1.5,1.9,9.3,1995
2165,225,Donyell Marshall,SF,21,TOT,72,31,29.0,4.8,12.2,.394,1.0,3.4,.284,3.8,8.8,.436,.433,2.0,3.1,.662,1.9,3.7,5.6,1.5,0.6,1.2,1.6,2.2,12.6,1995
2166,225,Donyell Marshall,SF,21,MIN,40,8,25.9,4.0,10.6,.374,0.8,2.7,.302,3.2,7.9,.397,.411,2.1,3.1,.680,1.6,3.3,4.9,1.4,0.6,1.3,1.5,1.6,10.8,1995
2167,225,Donyell Marshall,SF,21,GSW,32,23,32.8,5.8,14.2,.413,1.2,4.3,.270,4.7,9.9,.475,.454,2.0,3.1,.640,2.3,4.3,6.5,1.5,0.6,1.2,1.8,2.9,14.8,1995
2168,226,Bob Martin,C,25,LAC,1,0,14.0,1.0,5.0,.200,0.0,0.0,,1.0,5.0,.200,.200,0.0,0.0,,2.0,0.0,2.0,1.0,0.0,1.0,0.0,2.0,2.0,1995
2169,227,Darrick Martin,PG,23,MIN,34,9,23.6,2.8,6.9,.408,0.2,1.1,.184,2.6,5.7,.451,.423,1.7,1.9,.877,0.4,1.5,1.9,3.9,1.0,0.0,1.8,2.6,7.5,1995
2170,228,Jamal Mashburn,SF,22,DAL,80,80,37.3,8.5,19.6,.436,1.4,4.3,.328,7.1,15.3,.466,.472,5.6,7.6,.739,1.5,2.7,4.1,3.7,1.0,0.1,2.9,2.4,24.1,1995
2171,229,Anthony Mason,PF,28,NYK,77,11,32.4,3.7,6.6,.566,0.0,0.0,.000,3.7,6.6,.567,.566,2.5,3.9,.641,2.4,6.1,8.4,3.1,0.9,0.3,1.6,3.3,9.9,1995
2172,230,Tony Massenburg,C,27,LAC,80,50,26.6,3.5,7.5,.469,0.0,0.0,.000,3.5,7.5,.472,.469,2.2,2.9,.753,2.0,3.7,5.7,0.8,0.6,0.7,1.5,3.2,9.3,1995
2173,231,Vernon Maxwell,SG,29,HOU,64,54,31.8,4.8,12.1,.394,2.2,6.9,.324,2.5,5.3,.485,.486,1.5,2.3,.688,0.3,2.3,2.6,4.3,1.2,0.2,2.1,2.5,13.3,1995
2174,232,Lee Mayberry,PG,24,MIL,82,50,21.3,2.1,5.0,.422,0.9,2.2,.407,1.2,2.8,.433,.510,0.7,1.0,.699,0.3,0.7,1.0,3.4,0.6,0.0,1.3,1.5,5.8,1995
2175,233,George McCloud,SF,27,DAL,42,3,19.1,3.4,7.8,.439,0.8,2.1,.382,2.6,5.7,.460,.491,1.9,2.3,.833,2.0,1.5,3.5,1.3,0.5,0.2,1.0,1.7,9.6,1995
2176,234,Xavier McDaniel,SF,31,BOS,68,15,21.0,3.6,8.0,.451,0.1,0.3,.286,3.5,7.7,.457,.456,1.3,1.8,.712,1.4,3.0,4.4,1.6,0.4,0.3,1.3,2.1,8.6,1995
2177,235,Jim McIlvaine,C,22,WSB,55,0,9.7,0.6,1.3,.479,0.0,0.0,,0.6,1.3,.479,.479,0.5,0.7,.683,0.7,1.2,1.9,0.2,0.2,1.1,0.3,1.7,1.7,1995
2178,236,Derrick McKey,SF,28,IND,81,81,34.6,5.1,10.3,.493,0.4,1.1,.360,4.7,9.2,.509,.513,2.7,3.7,.744,1.5,3.3,4.9,3.4,1.5,0.6,2.1,3.2,13.3,1995
2179,237,Aaron McKie,SG,22,POR,45,20,18.4,2.6,5.8,.444,0.2,0.6,.393,2.3,5.2,.451,.466,1.1,1.6,.685,0.8,2.1,2.9,2.0,0.8,0.4,0.9,2.2,6.5,1995
2180,238,Nate McMillan,PG,30,SEA,80,18,25.9,2.1,5.0,.418,0.7,1.9,.342,1.4,3.0,.467,.485,0.4,0.7,.586,0.8,3.0,3.8,5.3,2.1,0.7,1.6,3.4,5.2,1995
2181,239,Darnell Mee,SG,23,DEN,2,0,4.0,0.5,2.5,.200,0.5,1.5,.333,0.0,1.0,.000,.300,0.0,0.0,,0.0,0.5,0.5,1.0,0.5,0.0,0.0,0.0,1.5,1995
2182,240,Anthony Miller,PF,23,LAL,46,1,11.5,1.5,2.9,.530,0.0,0.1,.400,1.5,2.8,.535,.538,1.0,1.7,.618,1.5,1.8,3.3,0.8,0.4,0.2,0.8,1.7,4.1,1995
2183,Rk,Player,Pos,Age,Tm,G,GS,MP,FG,FGA,FG%,3P,3PA,3P%,2P,2PA,2P%,eFG%,FT,FTA,FT%,ORB,DRB,TRB,AST,STL,BLK,TOV,PF,PTS,1995
2184,241,Oliver Miller,PF,24,DET,64,22,24.3,3.6,6.5,.555,0.0,0.2,.231,3.6,6.3,.565,.559,1.2,1.9,.629,2.5,4.9,7.4,1.5,0.9,1.8,1.8,3.4,8.5,1995
2185,242,Reggie Miller*,SG,29,IND,81,81,32.9,6.2,13.5,.462,2.4,5.8,.415,3.8,7.7,.498,.552,4.7,5.3,.897,0.4,2.2,2.6,3.0,1.2,0.2,1.9,1.9,19.6,1995
2186,243,Chris Mills,SF,25,CLE,80,79,35.2,4.5,10.7,.420,1.2,3.0,.392,3.3,7.7,.431,.475,2.2,2.7,.817,1.2,3.3,4.6,1.9,0.7,0.4,1.5,3.0,12.3,1995
2187,244,Terry Mills,PF,27,DET,72,69,34.9,5.8,13.0,.447,1.5,4.0,.382,4.3,9.0,.475,.505,2.4,3.0,.799,1.7,6.0,7.8,2.2,0.9,0.5,2.0,3.5,15.5,1995
2188,245,Harold Miner,SG,23,MIA,45,16,19.4,2.7,6.8,.403,0.3,1.1,.286,2.4,5.7,.426,.426,1.5,2.1,.726,0.8,1.8,2.6,1.5,0.3,0.1,1.7,1.9,7.3,1995
2189,246,Greg Minor,SG,23,BOS,63,8,15.0,2.5,4.8,.515,0.0,0.2,.167,2.4,4.6,.529,.518,1.0,1.2,.833,0.8,1.4,2.2,1.0,0.5,0.3,0.7,1.4,6.0,1995
2190,247,Sam Mitchell,SF,31,IND,81,12,17.0,2.5,5.1,.487,0.0,0.1,.100,2.5,5.0,.496,.488,1.6,2.1,.724,1.2,1.8,3.0,0.8,0.5,0.2,0.7,2.5,6.5,1995
2191,248,Eric Mobley,C,24,MIL,46,26,12.8,1.7,2.9,.591,0.0,0.0,1.000,1.7,2.8,.585,.598,0.5,1.0,.489,1.2,2.1,3.3,0.5,0.2,0.6,0.5,1.4,3.9,1995
2192,249,Eric Montross,C,23,BOS,78,75,29.7,3.9,7.4,.534,0.0,0.0,.000,3.9,7.4,.535,.534,2.1,3.4,.635,2.5,4.7,7.3,0.5,0.4,0.8,1.4,3.8,10.0,1995
2193,250,Chris Morris,SF,29,NJN,71,49,30.0,4.9,12.1,.410,1.5,4.5,.334,3.5,7.6,.455,.472,2.0,2.7,.728,2.5,3.1,5.7,2.1,1.2,0.7,1.6,2.2,13.4,1995
2194,251,Dwayne Morton,PG,23,GSW,41,6,9.6,1.2,3.1,.388,0.2,0.6,.360,1.0,2.5,.394,.422,1.4,2.1,.682,0.5,0.9,1.4,0.4,0.3,0.4,0.7,1.1,4.1,1995
2195,252,Alonzo Mourning*,C,24,CHH,77,77,38.2,7.4,14.3,.519,0.1,0.4,.324,7.3,13.9,.525,.524,6.4,8.4,.761,2.6,7.3,9.9,1.4,0.6,2.9,3.1,3.6,21.3,1995
2196,253,Chris Mullin*,SF,31,GSW,25,23,35.6,6.8,13.9,.489,1.7,3.7,.452,5.1,10.2,.502,.549,3.8,4.3,.879,1.0,3.6,4.6,5.0,1.5,0.8,3.7,2.1,19.0,1995
2197,254,Eric Murdock,PG,26,MIL,75,32,28.8,4.5,10.9,.415,1.2,3.2,.375,3.3,7.7,.432,.471,2.8,3.6,.790,0.6,2.2,2.9,6.4,1.5,0.2,2.6,1.9,13.0,1995
2198,255,Gheorghe Mureșan,C,23,WSB,73,58,23.6,4.2,7.4,.560,0.0,0.0,,4.2,7.4,.560,.560,1.7,2.4,.709,2.5,4.2,6.7,0.5,0.7,1.7,1.6,3.5,10.0,1995
2199,256,Lamond Murray,SF,21,LAC,81,61,31.6,5.4,13.5,.402,0.8,2.7,.298,4.6,10.8,.427,.431,2.5,3.3,.754,1.6,2.7,4.4,1.6,0.9,0.7,2.0,2.2,14.1,1995
2200,257,Tracy Murray,SF,23,TOT,54,3,9.6,1.8,4.3,.408,0.6,1.6,.407,1.1,2.7,.408,.483,0.6,0.8,.786,0.4,0.7,1.1,0.4,0.3,0.1,0.6,1.4,4.8,1995
2201,257,Tracy Murray,SF,23,POR,29,3,10.8,2.2,5.3,.412,0.6,1.4,.390,1.6,3.9,.420,.464,1.0,1.2,.824,0.6,0.7,1.3,0.5,0.2,0.0,0.7,1.4,5.9,1995
2202,257,Tracy Murray,SF,23,HOU,25,0,8.1,1.3,3.2,.400,0.8,1.8,.422,0.5,1.4,.371,.519,0.2,0.3,.625,0.1,0.8,0.9,0.2,0.3,0.1,0.6,1.2,3.5,1995
2203,258,Dikembe Mutombo*,C,28,DEN,82,82,37.8,4.3,7.7,.556,0.0,0.0,,4.3,7.7,.556,.556,3.0,4.6,.654,3.9,8.7,12.5,1.4,0.5,3.9,2.3,3.5,11.5,1995
2204,259,Pete Myers,SG,31,CHI,71,14,17.9,1.7,4.0,.415,0.1,0.5,.256,1.5,3.5,.440,.432,1.0,1.6,.614,0.8,1.2,2.0,2.1,0.8,0.2,1.2,1.8,4.5,1995
2205,260,Ivano Newbill,SF,24,DET,34,0,9.7,0.5,1.3,.356,0.0,0.0,,0.5,1.3,.356,.356,0.2,0.6,.364,1.2,1.2,2.4,0.5,0.4,0.3,0.4,1.8,1.2,1995
2206,Rk,Player,Pos,Age,Tm,G,GS,MP,FG,FGA,FG%,3P,3PA,3P%,2P,2PA,2P%,eFG%,FT,FTA,FT%,ORB,DRB,TRB,AST,STL,BLK,TOV,PF,PTS,1995
2207,261,Johnny Newman,SF,31,MIL,82,11,23.1,2.8,6.0,.463,0.5,1.6,.352,2.2,4.4,.503,.509,1.7,2.1,.801,0.9,1.2,2.1,1.1,0.8,0.2,1.0,2.9,7.7,1995
2208,262,Ken Norman,SF,30,ATL,74,27,25.4,5.2,11.6,.453,1.3,3.9,.344,3.9,7.7,.508,.511,0.9,1.9,.457,1.4,3.5,4.9,1.3,0.5,0.3,1.3,2.1,12.7,1995
2209,263,Julius Nwosu,C,23,SAS,23,0,3.7,0.4,1.2,.321,0.0,0.0,,0.4,1.2,.321,.321,0.6,0.7,.765,0.5,0.6,1.0,0.1,0.0,0.1,0.4,0.9,1.3,1995
2210,264,Shaquille O'Neal*,C,22,ORL,79,79,37.0,11.8,20.2,.583,0.0,0.1,.000,11.8,20.1,.585,.583,5.8,10.8,.533,4.2,7.3,11.4,2.7,0.9,2.4,2.6,3.3,29.3,1995
2211,265,Charles Oakley,PF,31,NYK,50,49,31.3,3.8,7.9,.489,0.1,0.2,.250,3.8,7.6,.496,.492,2.4,3.0,.793,3.1,5.8,8.9,2.5,1.2,0.1,2.1,3.6,10.1,1995
2212,266,Hakeem Olajuwon*,C,32,HOU,72,72,39.6,11.1,21.5,.517,0.0,0.2,.188,11.0,21.2,.520,.517,5.6,7.5,.756,2.4,8.4,10.8,3.5,1.8,3.4,3.3,3.5,27.8,1995
2213,267,Brian Oliver,SG,26,WSB,6,0,7.0,0.7,1.5,.444,0.0,0.0,,0.7,1.5,.444,.444,1.0,1.3,.750,0.0,0.7,0.7,0.7,0.0,0.0,0.5,1.3,2.3,1995
2214,268,Bo Outlaw,PF,23,LAC,81,31,20.4,2.1,4.0,.523,0.0,0.1,.000,2.1,4.0,.531,.523,1.0,2.3,.441,1.5,2.4,3.9,1.0,1.1,1.9,1.0,2.8,5.2,1995
2215,269,Doug Overton,PG,25,WSB,82,20,20.8,2.5,6.1,.416,0.6,1.5,.424,1.9,4.5,.413,.469,1.3,1.5,.872,0.3,1.4,1.7,3.0,0.6,0.0,1.3,1.5,7.0,1995
2216,270,Billy Owens,SG,25,MIA,70,60,32.8,5.8,11.7,.491,0.0,0.3,.091,5.7,11.4,.503,.493,2.8,4.5,.620,2.9,4.3,7.2,3.5,1.1,0.4,2.9,2.9,14.3,1995
2217,271,Robert Pack,PG,25,DEN,42,32,27.2,4.0,9.4,.430,0.7,1.7,.417,3.3,7.7,.433,.468,3.3,4.2,.783,0.5,2.2,2.7,6.9,1.5,0.1,3.2,2.4,12.1,1995
2218,272,Robert Parish*,C,41,CHH,81,4,16.7,2.0,4.6,.427,0.0,0.0,,2.0,4.6,.427,.427,0.9,1.2,.703,1.1,3.2,4.3,0.5,0.3,0.4,0.8,1.6,4.8,1995
2219,273,Gary Payton*,PG,26,SEA,82,82,36.8,8.4,16.4,.509,0.9,2.8,.302,7.5,13.6,.553,.535,3.0,4.2,.716,1.3,2.1,3.4,7.1,2.5,0.2,2.5,2.5,20.6,1995
2220,274,Anthony Peeler,SG,25,LAL,73,24,21.4,3.9,9.0,.432,1.2,3.0,.389,2.8,6.1,.454,.496,1.4,1.8,.797,0.8,1.5,2.3,1.7,0.7,0.2,1.1,2.0,10.4,1995
2221,275,Mike Peplowski,C,24,DET,6,0,3.5,0.8,0.8,1.000,0.0,0.0,,0.8,0.8,1.000,1.000,0.2,0.3,.500,0.2,0.3,0.5,0.2,0.2,0.0,0.3,1.7,1.8,1995
2222,276,Will Perdue,C,29,CHI,78,78,20.4,3.3,5.9,.553,0.0,0.0,.000,3.3,5.9,.555,.553,1.4,2.5,.582,2.7,4.0,6.7,1.2,0.3,0.7,1.5,2.8,8.0,1995
2223,277,Sam Perkins,C,33,SEA,82,37,28.7,4.2,9.0,.466,1.7,4.2,.397,2.6,4.9,.526,.558,2.6,3.3,.799,1.2,3.7,4.9,1.6,0.9,0.5,0.9,2.3,12.7,1995
2224,278,Elliot Perry,PG,25,PHO,82,51,24.1,3.7,7.2,.520,0.3,0.7,.417,3.4,6.4,.532,.542,1.9,2.4,.810,0.6,1.2,1.8,4.8,1.9,0.0,2.0,1.7,9.7,1995
2225,279,Tim Perry,PF,29,PHI,42,1,10.6,0.6,1.9,.346,0.0,0.3,.000,0.6,1.5,.422,.346,0.5,1.0,.550,0.9,1.2,2.1,0.3,0.2,0.4,0.5,1.2,1.8,1995
2226,280,Chuck Person,SF,30,SAS,81,1,25.1,3.9,9.3,.423,2.1,5.5,.387,1.8,3.8,.475,.537,0.8,1.3,.647,0.6,2.6,3.2,1.3,0.6,0.1,1.3,2.4,10.8,1995
2227,Rk,Player,Pos,Age,Tm,G,GS,MP,FG,FGA,FG%,3P,3PA,3P%,2P,2PA,2P%,eFG%,FT,FTA,FT%,ORB,DRB,TRB,AST,STL,BLK,TOV,PF,PTS,1995
2228,281,Wesley Person,SG,23,PHO,78,56,23.1,4.0,8.2,.484,1.5,3.4,.436,2.5,4.8,.519,.575,1.0,1.3,.792,0.9,1.7,2.6,1.3,0.6,0.3,1.0,1.9,10.4,1995
2229,282,Derrick Phelps,PG,22,SAC,3,0,1.7,0.0,0.3,.000,0.0,0.0,,0.0,0.3,.000,.000,0.0,0.7,.000,0.0,0.0,0.0,0.3,0.0,0.0,0.0,1.0,0.0,1995
2230,283,Bobby Phills,SG,25,CLE,80,79,31.3,4.2,10.2,.414,0.2,0.7,.345,4.0,9.5,.419,.426,2.3,2.9,.779,1.1,2.2,3.3,2.3,1.4,0.3,1.4,2.6,11.0,1995
2231,284,Eric Piatkowski,SG,24,LAC,81,11,14.9,2.5,5.6,.441,0.9,2.4,.374,1.6,3.2,.492,.522,1.1,1.4,.783,0.8,0.9,1.6,1.0,0.5,0.2,0.8,1.9,7.0,1995
2232,285,Ricky Pierce,PG,35,GSW,27,6,24.9,4.1,9.4,.437,0.9,2.6,.329,3.3,6.8,.478,.482,3.4,3.9,.877,0.4,1.9,2.4,1.5,0.8,0.1,0.9,1.4,12.5,1995
2233,286,Ed Pinckney,PF,31,MIL,62,17,13.5,0.8,1.6,.495,0.0,0.0,,0.8,1.6,.495,.495,0.7,1.0,.710,1.0,2.4,3.4,0.3,0.5,0.3,0.4,1.0,2.3,1995
2234,287,Scottie Pippen*,SF,29,CHI,79,79,38.2,8.0,16.7,.480,1.4,4.0,.345,6.6,12.7,.523,.522,4.0,5.6,.716,2.2,5.9,8.1,5.2,2.9,1.1,3.4,3.0,21.4,1995
2235,288,Olden Polynice,C,30,SAC,81,81,31.3,4.6,8.5,.544,0.0,0.0,1.000,4.6,8.5,.543,.545,1.5,2.4,.639,3.4,5.5,9.0,0.8,0.6,0.6,1.4,2.9,10.8,1995
2236,289,Terry Porter,PG,31,POR,35,9,22.0,3.0,7.6,.393,1.3,3.3,.386,1.7,4.4,.399,.476,1.7,2.3,.707,0.5,1.8,2.3,3.8,0.9,0.1,1.7,1.7,8.9,1995
2237,290,Mark Price,PG,30,CLE,48,34,28.6,5.3,12.8,.413,2.1,5.3,.407,3.1,7.5,.418,.498,3.1,3.4,.914,0.5,1.8,2.3,7.0,0.7,0.1,3.0,1.0,15.8,1995
2238,291,Kevin Pritchard,PG,27,TOT,19,0,10.2,0.7,1.7,.406,0.1,0.4,.250,0.6,1.3,.458,.438,0.8,1.1,.762,0.0,0.6,0.6,1.8,0.1,0.1,0.6,1.2,2.3,1995
2239,291,Kevin Pritchard,PG,27,PHI,5,0,7.2,0.0,0.6,.000,0.0,0.6,.000,0.0,0.0,,.000,0.2,0.8,.250,0.0,0.2,0.2,2.2,0.0,0.0,1.0,0.6,0.2,1995
2240,291,Kevin Pritchard,PG,27,MIA,14,0,11.3,0.9,2.1,.448,0.1,0.4,.400,0.8,1.7,.458,.483,1.1,1.2,.882,0.0,0.8,0.8,1.6,0.1,0.1,0.5,1.4,3.1,1995
2241,292,Kurt Rambis,PF,36,LAL,26,1,7.5,0.7,1.3,.514,0.0,0.0,,0.7,1.3,.514,.514,0.3,0.5,.667,0.4,0.9,1.3,0.6,0.1,0.3,0.3,1.3,1.7,1995
2242,293,Mark Randall,PF,27,DEN,8,0,4.9,0.4,1.3,.300,0.0,0.1,.000,0.4,1.1,.333,.300,0.0,0.0,,0.5,1.0,1.5,0.1,0.0,0.0,0.1,0.6,0.8,1995
2243,294,Dino Radja*,PF,27,BOS,66,48,32.5,6.8,13.9,.490,0.0,0.0,.000,6.8,13.9,.490,.490,3.5,4.7,.759,2.3,6.4,8.7,1.7,0.9,1.3,2.4,3.5,17.2,1995
2244,295,Eldridge Recasner,SG,27,DEN,3,0,4.3,0.3,2.0,.167,0.0,0.3,.000,0.3,1.7,.200,.167,1.3,1.3,1.000,0.0,0.7,0.7,0.3,1.0,0.0,0.7,0.0,2.0,1995
2245,296,Khalid Reeves,PG,22,MIA,67,17,21.8,3.1,6.9,.443,1.0,2.6,.392,2.1,4.4,.473,.515,2.1,2.9,.714,0.8,2.0,2.8,4.3,1.1,0.1,2.0,2.1,9.2,1995
2246,297,J.R. Reid,PF,26,SAS,81,37,19.3,2.5,4.9,.508,0.0,0.0,.500,2.5,4.9,.508,.509,2.0,2.9,.687,1.5,3.4,4.9,0.7,0.7,0.4,1.4,2.8,7.0,1995
2247,298,Glen Rice,SF,27,MIA,82,82,36.8,8.1,17.1,.475,2.3,5.5,.410,5.9,11.6,.506,.541,3.8,4.5,.855,1.2,3.4,4.6,2.3,1.4,0.2,1.9,2.5,22.3,1995
2248,299,Pooh Richardson,PG,28,LAC,80,77,35.8,4.4,11.2,.394,1.1,3.1,.357,3.3,8.2,.407,.442,1.0,1.6,.648,0.5,2.8,3.3,7.9,1.6,0.2,2.1,2.7,10.9,1995
2249,300,Mitch Richmond*,SG,29,SAC,82,82,38.7,8.1,18.3,.446,1.9,5.2,.368,6.2,13.1,.477,.498,4.6,5.4,.843,0.8,3.5,4.4,3.8,1.1,0.4,2.9,2.8,22.8,1995
2250,Rk,Player,Pos,Age,Tm,G,GS,MP,FG,FGA,FG%,3P,3PA,3P%,2P,2PA,2P%,eFG%,FT,FTA,FT%,ORB,DRB,TRB,AST,STL,BLK,TOV,PF,PTS,1995
2251,301,Isaiah Rider,SG,23,MIN,75,67,35.3,7.4,16.7,.447,1.9,5.3,.351,5.6,11.4,.491,.502,3.7,4.5,.817,1.2,2.1,3.3,3.3,0.9,0.3,3.1,2.6,20.4,1995
2252,302,Eric Riley,C,24,LAC,40,4,10.9,1.6,3.6,.448,0.0,0.0,.000,1.6,3.6,.451,.448,1.2,1.6,.734,1.1,1.7,2.8,0.3,0.4,0.9,0.8,2.0,4.4,1995
2253,303,Doc Rivers,PG,33,TOT,63,0,15.7,1.7,4.8,.358,0.7,2.0,.354,1.0,2.8,.360,.432,1.0,1.3,.732,0.2,1.5,1.7,2.6,1.0,0.3,1.0,2.4,5.1,1995
2254,303,Doc Rivers,PG,33,NYK,3,0,15.7,1.3,4.3,.308,1.0,1.7,.600,0.3,2.7,.125,.423,2.7,3.7,.727,0.7,2.3,3.0,2.7,1.3,0.0,1.3,2.7,6.3,1995
2255,303,Doc Rivers,PG,33,SAS,60,0,15.7,1.7,4.8,.360,0.7,2.0,.344,1.0,2.8,.371,.433,0.9,1.2,.732,0.2,1.5,1.7,2.6,1.0,0.4,0.9,2.4,5.0,1995
2256,304,Fred Roberts,SF,34,CLE,21,0,10.6,1.3,3.4,.389,0.2,0.5,.364,1.1,2.9,.393,.417,1.0,1.2,.769,0.6,1.0,1.6,0.4,0.3,0.1,0.3,1.2,3.8,1995
2257,305,Clifford Robinson,SF,28,POR,75,73,36.3,8.0,17.6,.452,1.9,5.1,.371,6.1,12.5,.486,.506,3.5,5.1,.694,2.0,3.6,5.6,2.6,1.1,1.1,2.1,3.2,21.3,1995
2258,306,David Robinson*,C,29,SAS,81,81,38.0,9.7,18.4,.530,0.1,0.2,.300,9.7,18.1,.533,.532,8.1,10.5,.774,2.9,7.9,10.8,2.9,1.7,3.2,2.9,2.8,27.6,1995
2259,307,Glenn Robinson,SF,22,MIL,80,76,37.0,8.0,17.6,.451,1.1,3.4,.321,6.9,14.3,.482,.482,5.0,6.2,.796,2.1,4.3,6.4,2.5,1.4,0.3,3.9,2.9,21.9,1995
2260,308,James Robinson,PG,24,POR,71,25,21.7,3.6,8.8,.409,1.1,3.1,.341,2.5,5.6,.446,.470,0.9,1.5,.591,0.6,1.3,1.9,2.5,0.7,0.2,1.8,2.0,9.2,1995
2261,309,Dennis Rodman*,PF,33,SAS,49,26,32.0,2.8,4.9,.571,0.0,0.0,.000,2.8,4.9,.576,.571,1.5,2.3,.676,5.6,11.2,16.8,2.0,0.6,0.5,2.0,3.2,7.1,1995
2262,310,Carlos Rogers,C,23,GSW,49,18,20.8,3.7,6.9,.529,0.0,0.3,.143,3.6,6.7,.546,.532,1.6,3.0,.521,2.2,3.5,5.7,0.8,0.4,1.1,1.7,2.5,8.9,1995
2263,311,Rodney Rogers,PF,23,DEN,80,77,26.8,4.7,9.6,.488,0.6,1.9,.338,4.1,7.8,.523,.520,2.2,3.4,.651,1.7,3.2,4.8,2.0,1.2,0.6,2.2,3.5,12.2,1995
2264,312,Tree Rollins,C,39,ORL,51,3,9.4,0.4,0.8,.476,0.0,0.0,,0.4,0.8,.476,.476,0.4,0.6,.677,0.6,1.3,1.9,0.2,0.1,0.7,0.5,1.2,1.2,1995
2265,313,Sean Rooks,C,25,MIN,80,70,30.1,3.6,7.7,.470,0.0,0.1,.000,3.6,7.6,.474,.470,3.6,4.8,.761,2.1,4.0,6.1,1.2,0.4,0.9,1.8,2.6,10.9,1995
2266,314,Jalen Rose,SF,22,DEN,81,37,22.2,2.8,6.2,.454,0.4,1.4,.316,2.4,4.8,.495,.490,2.1,2.9,.739,0.7,2.0,2.7,4.8,0.8,0.3,2.0,2.5,8.2,1995
2267,315,Donald Royal,SF,28,ORL,70,68,26.3,2.9,6.2,.475,0.0,0.1,.000,2.9,6.1,.479,.475,3.2,4.3,.746,1.2,2.8,4.0,2.8,0.6,0.2,1.8,2.2,9.1,1995
2268,316,Clifford Rozier,C,22,GSW,66,34,22.6,2.9,5.9,.485,0.0,0.1,.286,2.8,5.8,.488,.487,1.0,2.3,.447,3.0,4.3,7.4,0.7,0.5,0.6,1.3,3.0,6.8,1995
2269,317,Trevor Ruffin,PG,24,PHO,49,1,6.5,1.7,4.0,.426,0.8,2.0,.384,0.9,2.0,.469,.523,0.6,0.8,.711,0.2,0.3,0.5,1.0,0.3,0.0,1.0,1.1,4.8,1995
2270,318,Bryon Russell,SF,24,UTA,63,15,13.7,1.7,3.8,.437,0.2,0.7,.295,1.4,3.1,.469,.464,1.0,1.5,.667,0.7,1.5,2.2,0.5,0.8,0.2,0.7,1.6,4.5,1995
2271,319,John Salley,C,30,MIA,75,50,26.1,2.6,5.3,.499,0.0,0.0,,2.6,5.3,.499,.499,2.0,2.8,.739,1.5,3.0,4.5,1.6,0.6,1.1,1.3,3.7,7.3,1995
2272,320,Danny Schayes,C,35,PHO,69,27,11.9,1.8,3.6,.508,0.0,0.0,1.000,1.8,3.6,.506,.510,0.7,1.0,.725,0.8,2.2,3.0,1.3,0.3,0.5,0.9,2.5,4.4,1995
2273,Rk,Player,Pos,Age,Tm,G,GS,MP,FG,FGA,FG%,3P,3PA,3P%,2P,2PA,2P%,eFG%,FT,FTA,FT%,ORB,DRB,TRB,AST,STL,BLK,TOV,PF,PTS,1995
2274,321,Steve Scheffler,C,27,SEA,18,0,5.7,0.7,1.3,.522,0.0,0.0,,0.7,1.3,.522,.522,0.8,1.0,.833,0.4,0.8,1.3,0.2,0.1,0.1,0.2,0.5,2.2,1995
2275,322,Dwayne Schintzius,C,26,NJN,43,11,7.4,1.0,2.5,.380,0.0,0.0,,1.0,2.5,.380,.380,0.1,0.3,.545,0.7,1.2,1.9,0.3,0.1,0.4,0.4,1.0,2.0,1995
2276,323,Detlef Schrempf,SF,32,SEA,82,82,35.2,6.4,12.2,.523,1.1,2.2,.514,5.2,10.0,.525,.569,5.3,6.4,.839,1.6,4.5,6.2,3.8,1.1,0.4,2.1,3.1,19.2,1995
2277,324,Byron Scott,PG,33,IND,80,1,19.1,3.3,7.3,.455,1.0,2.5,.389,2.3,4.8,.489,.522,2.4,2.8,.850,0.2,1.7,1.9,1.4,0.8,0.2,1.5,1.5,10.0,1995
2278,325,Dennis Scott,SF,26,ORL,62,10,24.2,4.6,10.4,.439,2.4,5.7,.426,2.1,4.7,.454,.555,1.4,1.8,.754,0.4,2.0,2.4,2.1,0.7,0.2,0.9,1.9,12.9,1995
2279,326,Malik Sealy,SG,24,LAC,60,41,26.7,4.9,11.2,.435,0.4,1.2,.301,4.5,9.9,.451,.451,2.9,3.7,.780,1.3,2.3,3.6,1.8,1.2,0.4,1.4,2.9,13.0,1995
2280,327,Rony Seikaly,C,29,GSW,36,35,28.8,4.5,8.7,.516,0.0,0.0,,4.5,8.7,.516,.516,3.1,4.4,.694,2.1,5.3,7.4,1.3,0.6,1.0,2.9,3.4,12.1,1995
2281,328,Charles Shackleford,PF,28,MIN,21,2,11.4,1.9,3.1,.600,0.0,0.0,,1.9,3.1,.600,.600,0.8,1.0,.800,0.8,2.4,3.2,0.4,0.4,0.3,0.4,2.2,4.5,1995
2282,329,Brian Shaw,PG,28,ORL,78,9,23.5,2.5,6.3,.389,0.6,2.4,.261,1.8,4.0,.465,.437,0.9,1.2,.737,0.7,2.4,3.1,5.2,0.9,0.2,2.4,2.4,6.4,1995
2283,330,Lionel Simmons,SF,26,SAC,58,3,18.3,2.3,5.4,.420,0.1,0.3,.375,2.2,5.1,.422,.429,1.0,1.4,.702,1.1,2.3,3.4,1.5,0.5,0.4,1.2,2.0,5.6,1995
2284,331,Dickey Simpkins,PF,22,CHI,59,5,9.9,1.3,3.1,.424,0.0,0.0,,1.3,3.1,.424,.424,0.8,1.2,.694,1.0,1.5,2.6,0.6,0.2,0.1,0.8,1.2,3.5,1995
2285,332,Scott Skiles,PG,30,WSB,62,62,33.5,4.3,9.4,.455,1.5,3.7,.421,2.7,5.7,.476,.537,2.9,3.3,.886,0.4,2.1,2.6,7.3,1.1,0.1,2.8,2.2,13.0,1995
2286,333,Reggie Slater,PF,24,DEN,25,0,9.4,1.6,3.2,.494,0.0,0.0,,1.6,3.2,.494,.494,1.6,2.2,.727,0.8,1.4,2.3,0.5,0.3,0.1,1.0,1.9,4.8,1995
2287,334,Charles Smith,SF,29,NYK,76,58,28.3,4.6,9.8,.471,0.1,0.4,.226,4.5,9.4,.482,.476,3.4,4.2,.792,1.9,2.4,4.3,1.6,0.6,1.3,1.9,3.8,12.7,1995
2288,335,Chris Smith,SG,24,MIN,64,17,16.8,1.8,4.1,.439,0.7,1.7,.435,1.1,2.4,.442,.528,0.6,1.0,.651,0.2,0.9,1.1,2.3,0.5,0.3,0.8,1.9,5.0,1995
2289,336,Doug Smith,PF,25,DAL,63,0,13.1,2.1,5.0,.417,0.0,0.2,.083,2.1,4.8,.430,.419,0.9,1.2,.760,0.7,1.6,2.3,0.7,0.5,0.4,0.6,2.1,5.1,1995
2290,337,Kenny Smith,PG,29,HOU,81,81,25.1,3.5,7.3,.484,1.8,4.1,.429,1.8,3.2,.553,.604,1.6,1.8,.851,0.3,1.6,1.9,4.0,0.9,0.1,1.5,1.3,10.4,1995
2291,338,Michael Smith,PF,29,LAC,29,0,11.0,2.2,4.6,.470,0.0,0.3,.125,2.1,4.3,.492,.474,0.9,1.0,.867,0.4,1.5,1.9,0.7,0.2,0.1,0.6,1.4,5.3,1995
2292,339,Michael Smith,PF,22,SAC,82,0,21.2,2.7,5.0,.542,0.0,0.0,.000,2.7,4.9,.545,.542,1.5,3.2,.485,2.1,3.8,5.9,0.8,0.7,0.6,1.3,2.9,6.9,1995
2293,340,Steve Smith,SG,25,TOT,80,61,33.3,5.4,12.6,.426,1.7,5.2,.329,3.6,7.4,.494,.494,3.9,4.6,.841,1.3,2.2,3.5,3.4,0.8,0.4,1.9,2.8,16.3,1995
2294,340,Steve Smith,SG,25,MIA,2,2,31.0,5.5,14.5,.379,1.0,6.0,.167,4.5,8.5,.529,.414,8.5,11.0,.773,2.0,1.0,3.0,3.5,1.0,0.5,2.0,4.5,20.5,1995
2295,340,Steve Smith,SG,25,ATL,78,59,33.4,5.3,12.5,.427,1.7,5.2,.334,3.6,7.3,.493,.496,3.8,4.5,.845,1.3,2.2,3.5,3.4,0.8,0.4,1.9,2.8,16.2,1995
2296,Rk,Player,Pos,Age,Tm,G,GS,MP,FG,FGA,FG%,3P,3PA,3P%,2P,2PA,2P%,eFG%,FT,FTA,FT%,ORB,DRB,TRB,AST,STL,BLK,TOV,PF,PTS,1995
2297,341,Tony Smith,SG,26,LAL,61,4,16.8,2.2,5.1,.427,0.5,1.5,.352,1.6,3.6,.459,.479,0.7,1.0,.698,0.7,1.0,1.8,1.7,0.8,0.1,0.8,1.8,5.6,1995
2298,342,Rik Smits,C,28,IND,78,78,30.5,7.2,13.6,.526,0.0,0.0,.000,7.2,13.6,.527,.526,3.6,4.8,.753,2.5,5.2,7.7,1.4,0.5,1.0,2.4,3.6,17.9,1995
2299,343,Elmore Spencer,C,25,LAC,19,8,19.4,2.7,6.2,.441,0.0,0.1,.000,2.7,6.2,.444,.441,1.5,2.6,.560,0.6,2.8,3.4,1.3,0.7,1.2,2.5,3.3,6.9,1995
2300,344,Felton Spencer,C,27,UTA,34,34,26.6,3.1,6.3,.488,0.0,0.0,,3.1,6.3,.488,.488,3.1,4.0,.793,2.6,5.0,7.6,0.5,0.4,0.9,2.0,3.9,9.3,1995
2301,345,Latrell Sprewell,SG,24,GSW,69,69,40.2,7.1,17.0,.418,1.3,4.7,.276,5.8,12.2,.473,.457,5.1,6.5,.781,0.8,2.9,3.7,4.0,1.6,0.7,3.3,1.6,20.6,1995
2302,346,John Starks,SG,29,NYK,80,78,34.1,5.2,13.3,.395,2.7,7.6,.355,2.5,5.6,.448,.497,2.1,2.9,.737,0.4,2.3,2.7,5.1,1.2,0.1,2.0,3.2,15.3,1995
2303,347,Larry Stewart,SF,26,WSB,40,0,8.7,1.0,2.2,.461,0.0,0.1,.000,1.0,2.2,.471,.461,0.5,0.8,.667,0.7,1.0,1.7,0.5,0.4,0.2,0.4,1.3,2.6,1995
2304,348,Bryant Stith,SG,24,DEN,81,51,28.8,3.9,8.2,.472,0.2,0.8,.294,3.6,7.3,.492,.487,3.3,4.0,.824,1.2,2.1,3.3,1.9,1.1,0.2,1.4,1.8,11.2,1995
2305,349,John Stockton*,PG,32,UTA,82,82,35.0,5.2,9.6,.542,1.2,2.8,.449,4.0,6.9,.580,.607,3.0,3.7,.804,0.7,2.4,3.1,12.3,2.4,0.3,3.3,2.6,14.7,1995
2306,350,Mark Strickland,PF,24,IND,4,0,2.3,0.3,0.8,.333,0.0,0.0,,0.3,0.8,.333,.333,0.3,0.5,.500,0.5,0.5,1.0,0.0,0.0,0.3,0.3,0.0,0.8,1995
2307,351,Rod Strickland,PG,28,POR,64,61,35.4,6.9,14.8,.466,0.7,1.9,.374,6.2,12.9,.480,.490,4.4,5.9,.745,1.1,3.8,5.0,8.8,1.9,0.1,3.3,1.8,18.9,1995
2308,352,Derek Strong,PF,26,BOS,70,24,19.2,2.1,4.7,.453,0.0,0.1,.286,2.1,4.6,.457,.456,2.0,2.5,.820,1.9,3.4,5.4,0.6,0.3,0.2,1.1,2.0,6.3,1995
2309,353,Greg Sutton,PG,27,CHH,53,4,13.0,1.8,4.3,.409,0.8,2.2,.374,1.0,2.2,.443,.502,0.6,0.8,.711,0.2,0.9,1.1,1.7,0.6,0.0,1.0,2.2,5.0,1995
2310,354,Aaron Swinson,SF,24,PHO,9,0,5.7,1.1,2.0,.556,0.0,0.0,,1.1,2.0,.556,.556,0.4,0.6,.800,0.3,0.6,0.9,0.3,0.1,0.0,0.6,0.9,2.7,1995
2311,355,Žan Tabak,C,24,HOU,37,0,4.9,0.6,1.4,.453,0.0,0.0,.000,0.6,1.4,.462,.453,0.7,1.2,.614,0.6,0.9,1.5,0.1,0.1,0.2,0.5,1.0,2.0,1995
2312,356,Roy Tarpley,C,30,DAL,55,1,24.6,5.3,11.1,.479,0.1,0.3,.278,5.2,10.8,.485,.483,1.9,2.2,.836,2.6,5.6,8.2,1.1,0.8,1.0,2.0,2.8,12.6,1995
2313,357,Brooks Thompson,PG,24,ORL,38,2,6.5,1.2,3.0,.395,0.5,1.5,.310,0.7,1.5,.482,.474,0.2,0.3,.667,0.2,0.4,0.6,1.1,0.3,0.1,0.7,1.2,3.1,1995
2314,358,LaSalle Thompson,C,33,IND,38,3,11.9,1.3,3.1,.415,0.0,0.0,,1.3,3.1,.415,.415,0.4,0.4,.875,0.7,1.6,2.3,0.5,0.5,0.3,0.9,2.0,2.9,1995
2315,359,Otis Thorpe,PF,32,TOT,70,35,29.9,5.5,9.7,.565,0.0,0.1,.000,5.5,9.6,.571,.565,2.4,4.0,.594,2.9,5.1,8.0,1.6,0.6,0.4,1.9,3.2,13.4,1995
2316,359,Otis Thorpe,PF,32,HOU,36,35,33.0,5.7,10.2,.563,0.0,0.1,.000,5.7,10.1,.567,.563,1.9,3.5,.528,3.1,5.8,8.9,1.6,0.6,0.4,2.1,2.8,13.3,1995
2317,359,Otis Thorpe,PF,32,POR,34,0,26.7,5.3,9.3,.568,0.0,0.1,.000,5.3,9.1,.576,.568,2.9,4.5,.649,2.6,4.3,6.9,1.6,0.6,0.4,1.6,3.6,13.5,1995
2318,360,Sedale Threatt,PG,33,LAL,59,2,23.5,3.7,7.4,.497,0.6,1.6,.379,3.1,5.8,.529,.538,1.5,1.9,.793,0.4,1.7,2.1,4.2,0.9,0.2,1.2,2.4,9.5,1995
2319,Rk,Player,Pos,Age,Tm,G,GS,MP,FG,FGA,FG%,3P,3PA,3P%,2P,2PA,2P%,eFG%,FT,FTA,FT%,ORB,DRB,TRB,AST,STL,BLK,TOV,PF,PTS,1995
2320,361,Wayman Tisdale,PF,30,PHO,65,13,19.6,4.3,8.8,.484,0.0,0.0,,4.3,8.8,.484,.484,1.4,1.9,.770,1.3,2.5,3.8,0.7,0.4,0.4,1.0,2.9,10.0,1995
2321,362,Tom Tolbert,PF,29,CHH,10,0,5.7,0.6,1.8,.333,0.0,0.4,.000,0.6,1.4,.429,.333,0.2,0.2,1.000,0.7,1.0,1.7,0.2,0.0,0.0,0.3,0.9,1.4,1995
2322,363,Keith Tower,C,24,ORL,3,0,2.3,0.0,0.7,.000,0.0,0.0,,0.0,0.7,.000,.000,0.3,0.7,.500,0.3,0.7,1.0,0.0,0.0,0.0,0.3,0.3,0.3,1995
2323,364,Anthony Tucker,SF,25,WSB,62,13,15.8,1.5,3.4,.457,0.0,0.0,.000,1.5,3.4,.459,.457,0.8,1.3,.614,0.7,2.0,2.7,1.1,0.7,0.2,0.9,2.1,3.9,1995
2324,365,Henry Turner,PF,28,SAC,30,0,5.0,0.8,1.9,.404,0.1,0.2,.400,0.7,1.7,.404,.421,0.7,1.2,.571,0.6,0.4,0.9,0.2,0.3,0.0,0.4,0.7,2.3,1995
2325,366,Jeff Turner,PF,32,ORL,49,5,11.8,1.5,3.6,.410,0.6,1.5,.360,0.9,2.1,.447,.486,0.5,0.6,.897,0.5,1.5,2.0,0.8,0.2,0.1,0.4,2.1,4.1,1995
2326,367,B.J. Tyler,PG,23,PHI,55,8,14.7,1.3,3.4,.381,0.3,0.9,.314,1.0,2.5,.406,.423,0.6,0.9,.700,0.2,0.9,1.1,3.2,0.7,0.0,1.8,1.1,3.5,1995
2327,368,Nick Van Exel,PG,23,LAL,80,80,36.8,5.8,13.8,.420,2.3,6.4,.358,3.5,7.5,.473,.503,2.9,3.8,.783,0.3,2.5,2.8,8.3,1.2,0.1,2.8,2.0,16.9,1995
2328,369,Loy Vaught,PF,26,LAC,80,79,37.1,7.6,14.8,.514,0.1,0.4,.212,7.5,14.4,.523,.517,2.2,3.1,.710,3.3,6.4,9.7,1.7,1.3,0.4,2.1,3.0,17.5,1995
2329,370,Fred Vinson,SG,24,ATL,5,0,5.4,0.2,1.4,.143,0.2,1.2,.167,0.0,0.2,.000,.214,0.2,0.2,1.000,0.0,0.0,0.0,0.2,0.0,0.0,0.4,0.8,0.8,1995
2330,371,Kenny Walker,SF,30,WSB,24,0,11.1,0.8,1.8,.429,0.0,0.0,,0.8,1.8,.429,.429,0.9,1.2,.750,0.8,1.2,2.0,0.3,0.2,0.2,0.6,1.8,2.4,1995
2331,372,Rex Walters,SG,24,NJN,80,30,17.9,2.6,5.9,.439,0.9,2.5,.362,1.7,3.4,.495,.515,0.5,0.7,.769,0.2,0.9,1.2,1.5,0.5,0.2,0.9,1.7,6.5,1995
2332,373,Charlie Ward,PG,24,NYK,10,0,4.4,0.4,1.9,.211,0.1,1.0,.100,0.3,0.9,.333,.237,0.7,1.0,.700,0.1,0.5,0.6,0.4,0.2,0.0,0.8,0.7,1.6,1995
2333,374,Jamie Watson,SF,22,UTA,60,1,11.2,1.3,2.5,.500,0.1,0.3,.263,1.2,2.2,.534,.516,0.6,0.9,.679,0.3,1.0,1.2,1.0,0.6,0.2,0.9,1.4,3.3,1995
2334,375,Clarence Weatherspoon,SF,24,PHI,76,76,39.4,7.1,16.3,.439,0.1,0.3,.190,7.1,16.0,.443,.440,3.7,5.0,.751,1.9,5.0,6.9,2.8,1.5,0.9,2.5,2.6,18.1,1995
2335,376,Spud Webb,PG,31,SAC,76,76,32.3,4.0,9.1,.438,0.6,1.9,.331,3.3,7.2,.467,.473,3.0,3.2,.934,0.4,1.9,2.3,6.2,1.0,0.1,2.4,1.9,11.6,1995
2336,377,Chris Webber*,PF,21,WSB,54,52,38.3,8.6,17.4,.495,0.7,2.7,.276,7.9,14.7,.535,.516,2.2,4.3,.502,3.7,5.9,9.6,4.7,1.5,1.6,3.1,3.4,20.1,1995
2337,378,Bill Wennington,C,31,CHI,73,1,13.1,2.1,4.3,.492,0.0,0.1,.000,2.1,4.3,.498,.492,0.7,0.9,.810,0.9,1.7,2.6,0.5,0.3,0.2,0.5,2.7,5.0,1995
2338,379,David Wesley,PG,24,BOS,51,36,27.1,2.5,6.1,.409,1.0,2.3,.429,1.5,3.8,.397,.490,1.4,1.8,.755,0.6,1.7,2.3,5.2,1.6,0.2,1.7,2.8,7.4,1995
2339,380,Doug West,SG,27,MIN,71,65,32.8,4.9,10.7,.461,0.2,0.9,.180,4.8,9.9,.485,.468,2.9,3.5,.837,0.8,2.4,3.2,2.6,0.9,0.3,1.8,3.5,12.9,1995
2340,Rk,Player,Pos,Age,Tm,G,GS,MP,FG,FGA,FG%,3P,3PA,3P%,2P,2PA,2P%,eFG%,FT,FTA,FT%,ORB,DRB,TRB,AST,STL,BLK,TOV,PF,PTS,1995
2341,381,Mark West,C,34,DET,67,58,23.0,3.2,5.8,.556,0.0,0.0,,3.2,5.8,.556,.556,1.0,2.1,.478,2.4,3.7,6.1,0.3,0.4,1.5,1.3,3.7,7.5,1995
2342,382,Ennis Whatley,PG,32,ATL,27,2,10.8,0.9,2.0,.453,0.1,0.3,.250,0.8,1.7,.489,.472,0.7,1.2,.625,0.3,0.8,1.1,2.0,0.7,0.0,0.7,1.4,2.6,1995
2343,383,Chris Whitney,PG,23,SAS,25,0,7.2,0.6,1.9,.298,0.1,0.8,.158,0.4,1.1,.393,.330,0.4,0.4,1.000,0.2,0.4,0.5,1.1,0.2,0.0,0.7,1.4,1.7,1995
2344,384,Morlon Wiley,PG,28,TOT,43,2,9.9,1.2,2.7,.427,0.7,1.8,.380,0.5,0.9,.526,.556,0.2,0.2,.700,0.1,0.9,1.0,1.7,0.5,0.0,0.5,1.0,3.2,1995
2345,384,Morlon Wiley,PG,28,DAL,38,2,10.7,1.2,2.9,.423,0.8,2.0,.387,0.5,0.9,.500,.554,0.2,0.3,.700,0.2,0.9,1.0,1.8,0.6,0.0,0.5,1.2,3.4,1995
2346,384,Morlon Wiley,PG,28,ATL,5,0,3.4,0.6,1.2,.500,0.2,0.8,.250,0.4,0.4,1.000,.583,0.0,0.0,,0.0,0.8,0.8,1.2,0.2,0.2,0.8,0.0,1.4,1995
2347,385,Dominique Wilkins*,SF,35,BOS,77,64,31.5,6.4,15.2,.424,1.5,3.8,.388,5.0,11.4,.436,.472,3.5,4.4,.782,2.0,3.2,5.2,2.2,0.8,0.2,2.2,1.7,17.8,1995
2348,386,Aaron Williams,PF,23,MIL,15,0,4.8,0.5,1.6,.333,0.0,0.1,.000,0.5,1.5,.348,.333,0.5,0.8,.667,0.3,0.9,1.3,0.0,0.1,0.4,0.5,0.9,1.6,1995
2349,387,Buck Williams,PF,34,POR,82,82,29.5,3.8,7.4,.512,0.0,0.0,.500,3.8,7.3,.512,.512,1.7,2.5,.673,3.1,5.1,8.2,1.0,0.8,0.8,1.5,3.1,9.2,1995
2350,388,Herb Williams,C,36,NYK,56,3,13.3,1.5,3.2,.456,0.0,0.0,,1.5,3.2,.456,.456,0.4,0.7,.622,0.4,1.9,2.4,0.5,0.2,0.8,0.7,1.9,3.3,1995
2351,389,Hot Rod Williams,PF,32,CLE,74,73,35.7,4.9,10.9,.452,0.0,0.1,.200,4.9,10.9,.453,.452,2.6,3.9,.685,2.3,4.5,6.9,2.6,1.1,1.4,2.0,2.9,12.6,1995
2352,390,Jayson Williams,PF,26,NJN,75,6,13.1,2.0,4.3,.461,0.0,0.1,.000,2.0,4.2,.469,.461,0.9,1.6,.533,2.4,3.3,5.7,0.5,0.3,0.4,0.8,2.1,4.8,1995
2353,391,John Williams,SF,28,IND,34,0,11.8,1.2,3.4,.357,0.1,0.4,.333,1.1,3.0,.359,.374,0.4,0.7,.560,0.7,1.1,1.8,0.8,0.3,0.1,1.0,1.4,2.9,1995
2354,392,Lorenzo Williams,C,25,DAL,82,81,29.1,1.8,3.7,.477,0.0,0.0,,1.8,3.7,.477,.477,0.5,1.2,.376,3.5,4.9,8.4,1.5,0.6,1.8,1.3,3.7,4.0,1995
2355,393,Micheal Williams,PG,28,MIN,1,1,28.0,1.0,4.0,.250,0.0,0.0,,1.0,4.0,.250,.250,4.0,5.0,.800,0.0,1.0,1.0,3.0,2.0,0.0,3.0,3.0,6.0,1995
2356,394,Monty Williams,SF,23,NYK,41,23,12.3,1.5,3.2,.451,0.0,0.2,.000,1.5,3.0,.480,.451,0.4,0.9,.447,1.0,1.4,2.4,1.2,0.5,0.1,1.0,2.1,3.3,1995
2357,395,Reggie Williams,SF,30,DEN,74,70,29.7,5.2,11.4,.459,1.1,3.6,.320,4.1,7.8,.522,.509,1.8,2.4,.759,1.3,3.2,4.4,3.1,1.5,0.9,1.7,3.6,13.4,1995
2358,396,Scott Williams,PF,26,PHI,77,43,23.1,2.7,5.6,.475,0.0,0.1,.000,2.7,5.5,.482,.475,1.0,1.4,.738,2.2,4.1,6.3,0.8,0.9,0.5,1.1,3.1,6.4,1995
2359,397,Walt Williams,SF,24,SAC,77,77,35.6,5.8,13.0,.446,1.3,3.8,.348,4.4,9.1,.487,.497,3.5,4.7,.731,1.3,3.2,4.5,4.1,1.6,0.8,3.2,3.4,16.4,1995
2360,398,Kevin Willis,PF,32,TOT,67,63,35.7,7.1,15.1,.466,0.0,0.2,.200,7.0,14.9,.470,.467,3.1,4.4,.690,3.4,7.5,10.9,1.3,0.9,0.5,2.4,3.2,17.2,1995
2361,398,Kevin Willis,PF,32,ATL,2,2,44.5,8.0,20.5,.390,0.0,0.5,.000,8.0,20.0,.400,.390,5.0,7.5,.667,5.0,13.0,18.0,1.5,0.5,1.5,3.5,3.5,21.0,1995
2362,398,Kevin Willis,PF,32,MIA,65,61,35.4,7.0,15.0,.469,0.0,0.2,.214,7.0,14.8,.473,.471,3.0,4.3,.691,3.3,7.4,10.7,1.3,0.9,0.5,2.4,3.2,17.1,1995
2363,399,Trevor Wilson,PF,26,SAC,15,0,9.8,1.2,2.7,.450,0.0,0.0,,1.2,2.7,.450,.450,0.7,0.9,.786,0.7,1.1,1.7,0.8,0.3,0.1,0.4,0.8,3.1,1995
2364,400,David Wingate,SG,31,CHH,52,9,9.9,1.0,2.3,.410,0.1,0.4,.182,0.9,1.9,.460,.426,0.3,0.5,.750,0.2,0.9,1.2,1.1,0.4,0.1,0.5,1.2,2.3,1995
2365,Rk,Player,Pos,Age,Tm,G,GS,MP,FG,FGA,FG%,3P,3PA,3P%,2P,2PA,2P%,eFG%,FT,FTA,FT%,ORB,DRB,TRB,AST,STL,BLK,TOV,PF,PTS,1995
2366,401,Dontonio Wingfield,SF,20,SEA,20,0,4.1,0.9,2.6,.353,0.1,0.6,.167,0.8,2.0,.410,.373,0.4,0.5,.800,0.6,1.0,1.5,0.2,0.3,0.2,0.4,0.8,2.3,1995
2367,402,Joe Wolf,PF,30,CHH,63,6,9.3,0.6,1.3,.469,0.0,0.1,.333,0.6,1.2,.480,.481,0.2,0.3,.750,0.5,1.5,2.0,0.6,0.1,0.1,0.3,1.6,1.4,1995
2368,403,David Wood,PF,30,GSW,78,13,17.1,2.0,4.2,.469,0.4,1.2,.341,1.6,3.0,.519,.517,1.2,1.5,.778,1.1,2.0,3.1,0.8,0.4,0.2,0.7,2.8,5.5,1995
2369,404,Randy Woods,PG,24,LAC,62,3,8.0,0.6,1.9,.316,0.4,1.2,.297,0.2,0.7,.349,.410,0.5,0.6,.737,0.2,0.5,0.7,2.2,0.7,0.0,0.9,1.4,2.0,1995
2370,405,Haywoode Workman,PG,29,IND,69,14,14.9,1.5,3.9,.375,0.5,1.4,.357,1.0,2.5,.386,.441,0.8,1.1,.743,0.3,1.3,1.6,2.8,0.9,0.1,1.1,1.7,4.2,1995
2371,406,Sharone Wright,C,22,PHI,79,49,25.9,4.6,9.8,.465,0.0,0.1,.000,4.6,9.7,.470,.465,2.3,3.6,.645,2.4,3.6,6.0,0.6,0.5,1.3,1.9,3.1,11.4,1995
2372,407,Danny Young,PG,32,MIL,7,0,11.0,1.3,2.4,.529,0.7,1.7,.417,0.6,0.7,.800,.676,0.1,0.1,1.000,0.1,0.6,0.7,1.7,0.6,0.0,0.6,1.1,3.4,1995
2373,1,Mahmoud Abdul-Rauf,PG,26,DEN,57,53,35.6,7.3,16.8,.434,2.1,5.4,.392,5.1,11.3,.454,.497,2.6,2.8,.930,0.5,2.0,2.4,6.8,1.1,0.1,2.0,2.1,19.2,1996
2374,2,Michael Adams,PG,33,CHH,21,3,15.7,1.8,4.0,.446,0.7,2.0,.341,1.1,2.0,.548,.530,1.2,1.7,.743,0.2,0.8,1.0,3.2,1.0,0.2,1.2,1.2,5.4,1996
2375,3,Rafael Addison,SF,31,CHH,53,0,9.7,1.5,3.1,.467,0.0,0.2,.000,1.5,2.9,.494,.467,0.3,0.4,.773,0.5,1.2,1.7,0.6,0.2,0.2,0.5,1.4,3.2,1996
2376,4,Cory Alexander,PG,22,SAS,60,0,9.3,1.1,2.6,.406,0.4,1.1,.394,0.6,1.5,.416,.490,0.3,0.4,.640,0.2,0.6,0.7,2.0,0.5,0.0,1.1,1.6,2.8,1996
2377,5,Jerome Allen,SG,23,MIN,41,0,8.8,0.9,2.6,.343,0.2,0.8,.303,0.6,1.8,.361,.390,0.6,0.9,.722,0.1,0.5,0.6,1.2,0.5,0.1,0.8,1.0,2.6,1996
2378,6,Derrick Alston,C,23,PHI,73,41,22.1,2.7,5.3,.512,0.0,0.0,.333,2.7,5.3,.513,.513,0.8,1.5,.491,1.7,2.4,4.1,0.8,0.8,0.7,0.8,2.6,6.2,1996
2379,7,John Amaechi,PF,25,CLE,28,3,12.8,1.0,2.5,.414,0.0,0.0,,1.0,2.5,.414,.414,0.7,1.2,.576,0.5,1.4,1.9,0.3,0.2,0.4,1.2,1.8,2.8,1996
2380,8,Ashraf Amaya,PF,24,VAN,54,34,20.4,2.2,4.7,.480,0.0,0.0,.000,2.2,4.6,.482,.480,1.8,2.8,.651,2.1,3.5,5.6,0.6,0.4,0.2,1.1,2.8,6.3,1996
2381,9,Greg Anderson,PF,31,SAS,46,7,7.5,0.5,1.0,.511,0.0,0.0,.000,0.5,1.0,.522,.511,0.1,0.5,.240,0.6,1.5,2.2,0.2,0.2,0.5,0.5,1.4,1.2,1996
2382,10,Kenny Anderson,PG,25,TOT,69,64,34.0,5.1,12.1,.418,1.3,3.7,.359,3.7,8.4,.445,.474,3.8,4.9,.769,0.9,2.0,2.9,8.3,1.6,0.2,2.1,2.6,15.2,1996
2383,10,Kenny Anderson,PG,25,NJN,31,28,33.6,4.6,12.3,.376,1.2,3.2,.364,3.5,9.1,.381,.424,4.9,6.1,.803,1.2,2.1,3.3,8.0,1.7,0.3,1.9,2.4,15.3,1996
2384,10,Kenny Anderson,PG,25,CHH,38,36,34.3,5.4,11.9,.454,1.5,4.1,.357,3.9,7.8,.505,.515,2.9,3.9,.727,0.7,2.0,2.7,8.6,1.6,0.2,2.3,2.8,15.2,1996
2385,11,Nick Anderson,SG,28,ORL,77,77,35.3,5.2,11.7,.442,2.2,5.6,.391,3.0,6.2,.489,.535,2.2,3.1,.692,1.2,4.2,5.4,3.6,1.6,0.6,1.8,1.8,14.7,1996
2386,12,Willie Anderson,SG,29,TOT,76,44,27.1,3.8,8.7,.436,0.4,1.6,.283,3.3,7.1,.470,.462,1.7,2.1,.810,0.6,2.6,3.2,2.6,1.0,0.8,1.9,3.0,9.8,1996
2387,12,Willie Anderson,SG,29,TOR,49,42,31.9,4.7,10.8,.440,0.6,1.9,.305,4.1,8.8,.470,.468,2.3,2.7,.856,0.7,3.1,3.8,3.0,1.2,1.0,2.4,3.5,12.4,1996
2388,12,Willie Anderson,SG,29,NYK,27,2,18.4,2.1,4.9,.421,0.2,0.9,.200,1.9,4.0,.472,.440,0.7,1.1,.613,0.5,1.7,2.2,1.8,0.6,0.3,0.9,2.2,5.0,1996
2389,13,Greg Anthony,PG,28,VAN,69,68,30.4,4.7,11.3,.415,1.3,3.9,.332,3.4,7.4,.459,.472,3.3,4.3,.771,0.4,2.1,2.5,6.9,1.7,0.2,2.3,2.0,14.0,1996
2390,14,B.J. Armstrong,PG,28,GSW,82,64,27.6,4.1,8.9,.468,1.2,2.5,.473,3.0,6.3,.465,.535,2.9,3.4,.839,0.3,2.0,2.2,4.9,0.8,0.1,1.6,1.8,12.3,1996
2391,15,Darrell Armstrong,PG,27,ORL,13,0,3.2,1.2,2.5,.500,0.5,0.9,.500,0.8,1.5,.500,.594,0.3,0.3,1.000,0.0,0.2,0.2,0.4,0.5,0.0,0.5,0.3,3.2,1996
2392,16,Vincent Askew,SG,29,SEA,69,2,25.0,3.1,6.3,.493,0.4,1.2,.337,2.7,5.1,.531,.526,1.8,2.3,.764,0.9,2.2,3.2,2.4,0.7,0.2,1.4,2.6,8.4,1996
2393,17,Keith Askins,SF,28,MIA,75,14,25.3,2.1,5.2,.402,1.3,3.2,.418,0.8,2.1,.377,.528,0.6,0.8,.789,1.5,2.8,4.3,1.6,0.6,0.8,1.1,3.6,6.1,1996
2394,18,Stacey Augmon,SF,27,ATL,77,49,29.8,4.7,9.6,.491,0.0,0.1,.250,4.7,9.5,.492,.491,3.3,4.1,.792,1.8,2.2,3.9,1.8,1.4,0.4,1.8,2.4,12.7,1996
2395,19,Anthony Avent,PF,26,VAN,71,32,22.3,2.5,6.6,.384,0.0,0.0,,2.5,6.6,.384,.384,0.8,1.1,.740,1.5,3.5,5.0,1.0,0.4,0.6,1.5,2.8,5.8,1996
2396,20,Vin Baker,PF,24,MIL,82,82,40.5,8.5,17.4,.489,0.1,0.6,.208,8.4,16.8,.499,.493,3.9,5.8,.670,3.2,6.6,9.9,2.6,0.8,1.1,2.6,3.3,21.1,1996
2397,21,Steve Bardo,SG,27,DET,9,0,13.7,1.0,2.6,.391,0.0,0.4,.000,1.0,2.1,.474,.391,0.4,0.7,.667,0.2,2.2,2.4,1.7,0.4,0.1,0.6,1.9,2.4,1996
2398,22,Charles Barkley*,PF,32,PHO,71,71,37.1,8.2,16.3,.500,0.7,2.5,.280,7.5,13.9,.539,.521,6.2,8.0,.777,3.4,8.1,11.6,3.7,1.6,0.8,3.1,2.9,23.2,1996
2399,23,Dana Barros,PG,28,BOS,80,25,29.1,4.7,10.1,.470,1.9,4.6,.408,2.9,5.5,.523,.563,1.6,1.8,.884,0.3,2.1,2.4,3.8,0.7,0.0,1.5,1.5,13.0,1996
2400,24,Brent Barry,SG,24,LAC,79,44,24.0,3.6,7.6,.474,1.6,3.7,.416,2.0,3.8,.532,.577,1.4,1.7,.810,0.5,1.6,2.1,2.9,1.2,0.3,1.5,2.5,10.1,1996
2401,25,Jon Barry,SG,26,GSW,68,0,10.5,1.3,2.7,.492,0.6,1.4,.473,0.7,1.4,.511,.611,0.5,0.5,.838,0.3,0.7,0.9,1.3,0.5,0.2,0.6,0.8,3.8,1996
2402,26,Corey Beck,PG,24,CHH,5,0,6.6,0.4,1.6,.250,0.0,0.0,,0.4,1.6,.250,.250,0.2,0.4,.500,0.6,0.8,1.4,1.0,0.2,0.0,0.8,1.6,1.0,1996
2403,27,Benoit Benjamin,C,31,TOT,83,71,22.8,3.5,7.1,.498,0.0,0.0,.000,3.5,7.1,.501,.498,1.7,2.3,.722,1.7,4.8,6.5,0.8,0.5,1.0,1.7,2.7,8.8,1996
2404,27,Benoit Benjamin,C,31,VAN,13,13,31.1,5.5,12.4,.441,0.0,0.0,,5.5,12.4,.441,.441,3.0,4.3,.696,2.4,5.5,7.9,1.2,0.8,1.2,2.6,3.1,13.9,1996
2405,27,Benoit Benjamin,C,31,MIL,70,58,21.3,3.2,6.1,.520,0.0,0.0,.000,3.2,6.1,.523,.520,1.4,2.0,.732,1.6,4.7,6.2,0.7,0.5,1.0,1.6,2.6,7.8,1996
2406,28,Elmer Bennett,PG,25,PHI,8,0,8.3,0.5,2.1,.235,0.0,0.0,,0.5,2.1,.235,.235,0.4,0.5,.750,0.1,0.5,0.6,1.0,0.1,0.1,0.9,0.8,1.4,1996
2407,29,Mario Bennett,SF,22,PHO,19,14,12.1,1.5,3.4,.453,0.0,0.1,.000,1.5,3.3,.460,.453,1.4,2.2,.643,1.1,1.5,2.6,0.3,0.6,0.6,0.6,2.4,4.5,1996
2408,30,David Benoit,SF,27,UTA,81,63,24.2,3.1,7.2,.439,0.8,2.4,.333,2.4,4.8,.491,.494,1.1,1.4,.777,1.1,3.6,4.7,1.0,0.5,0.6,0.9,2.0,8.2,1996
2409,31,Travis Best,PG,23,IND,59,1,9.7,1.2,2.8,.423,0.1,0.4,.320,1.0,2.3,.442,.448,1.3,1.5,.833,0.2,0.6,0.7,1.6,0.3,0.1,1.1,1.4,3.7,1996
2410,32,Mookie Blaylock,PG,28,ATL,81,81,35.7,5.6,13.9,.405,2.9,7.7,.371,2.8,6.2,.448,.508,1.6,2.1,.747,1.4,2.7,4.1,5.9,2.6,0.2,2.3,1.9,15.7,1996
2411,33,Corie Blount,PF,27,LAL,57,2,12.5,1.4,2.9,.473,0.0,0.0,.000,1.4,2.9,.479,.473,0.4,0.8,.568,1.2,1.8,3.0,0.7,0.4,0.6,0.8,1.9,3.2,1996
2412,34,Muggsy Bogues,PG,31,CHH,6,0,12.8,1.0,2.7,.375,0.0,0.2,.000,1.0,2.5,.400,.375,0.3,0.3,1.000,1.0,0.2,1.2,3.2,0.3,0.0,1.0,0.7,2.3,1996
2413,35,Anthony Bonner,PF,27,ORL,4,0,10.8,1.3,3.8,.333,0.0,0.0,,1.3,3.8,.333,.333,0.8,1.8,.429,1.5,3.3,4.8,1.0,0.8,0.0,0.8,2.8,3.3,1996
2414,36,Melvin Booker,PG,23,HOU,11,0,11.9,1.5,4.5,.320,0.3,1.7,.158,1.2,2.8,.419,.350,0.8,1.0,.818,0.1,0.7,0.8,1.9,0.5,0.1,1.1,1.6,4.0,1996
2415,37,Anthony Bowie,SG,32,ORL,74,4,14.6,1.7,3.7,.471,0.2,0.4,.387,1.6,3.3,.481,.493,0.5,0.6,.870,0.5,1.1,1.7,1.4,0.5,0.1,0.7,1.5,4.2,1996
2416,38,Donnie Boyce,SG,22,ATL,8,0,5.1,1.1,2.9,.391,0.5,1.0,.500,0.6,1.9,.333,.478,0.3,0.5,.500,0.6,0.6,1.3,0.4,0.4,0.1,0.8,0.3,3.0,1996
2417,39,Shawn Bradley,C,23,TOT,79,68,29.5,4.9,11.1,.443,0.0,0.1,.250,4.9,11.0,.444,.444,2.1,3.1,.687,2.8,5.3,8.1,0.8,0.6,3.6,2.3,3.6,11.9,1996
2418,39,Shawn Bradley,C,23,PHI,12,11,27.8,3.6,8.1,.443,0.0,0.0,,3.6,8.1,.443,.443,1.6,2.1,.760,2.8,6.0,8.8,0.7,0.7,3.2,2.6,3.5,8.8,1996
2419,39,Shawn Bradley,C,23,NJN,67,57,29.8,5.1,11.6,.443,0.0,0.1,.250,5.1,11.5,.444,.444,2.2,3.3,.679,2.8,5.1,7.9,0.8,0.6,3.7,2.2,3.6,12.5,1996
2420,40,Marques Bragg,PF,25,MIN,53,0,7.0,1.0,2.3,.450,0.0,0.0,,1.0,2.3,.450,.450,0.4,0.8,.561,0.7,0.8,1.5,0.2,0.3,0.2,0.5,1.3,2.5,1996
2421,Rk,Player,Pos,Age,Tm,G,GS,MP,FG,FGA,FG%,3P,3PA,3P%,2P,2PA,2P%,eFG%,FT,FTA,FT%,ORB,DRB,TRB,AST,STL,BLK,TOV,PF,PTS,1996
2422,41,Terrell Brandon,PG,25,CLE,75,75,34.3,6.8,14.6,.465,1.2,3.1,.387,5.6,11.5,.487,.507,4.5,5.1,.887,0.6,2.7,3.3,6.5,1.8,0.4,1.9,1.9,19.3,1996
2423,42,Tim Breaux,SF,25,HOU,54,4,10.6,1.1,3.0,.366,0.3,0.9,.326,0.8,2.1,.383,.413,0.5,0.8,.622,0.4,0.7,1.1,0.4,0.2,0.1,0.6,0.8,3.0,1996
2424,43,Frank Brickowski,C,36,SEA,63,8,15.7,2.0,4.0,.488,0.5,1.3,.405,1.4,2.7,.526,.552,1.0,1.4,.709,0.4,2.0,2.4,0.9,0.4,0.1,1.2,2.9,5.4,1996
2425,44,Scott Brooks,PG,30,DAL,69,0,10.4,1.9,4.2,.457,0.4,0.9,.403,1.6,3.3,.472,.500,0.9,1.0,.855,0.2,0.4,0.6,1.4,0.6,0.0,0.6,0.8,5.1,1996
2426,45,Chucky Brown,PF,27,HOU,82,82,24.6,3.7,6.8,.541,0.0,0.1,.125,3.6,6.7,.547,.541,1.3,1.8,.693,1.6,3.7,5.4,1.1,0.6,0.5,1.1,2.0,8.6,1996
2427,46,Dee Brown,PG,27,BOS,65,23,24.5,3.8,9.5,.399,1.0,3.4,.309,2.7,6.1,.449,.455,2.1,2.4,.854,0.6,1.5,2.1,2.2,1.2,0.2,1.1,1.8,10.7,1996
2428,47,Mike Brown,C,32,PHI,9,1,18.0,1.0,1.8,.563,0.0,0.0,,1.0,1.8,.563,.563,0.9,1.9,.471,1.6,2.6,4.1,0.3,0.3,0.2,0.7,2.7,2.9,1996
2429,48,P.J. Brown,C,26,NJN,81,81,36.3,4.4,9.9,.444,0.0,0.2,.200,4.3,9.7,.448,.445,2.5,3.3,.770,2.7,4.3,6.9,2.0,1.0,1.2,1.6,3.1,11.3,1996
2430,49,Randy Brown,PG,27,CHI,68,0,9.9,1.1,2.8,.406,0.0,0.2,.091,1.1,2.7,.425,.409,0.4,0.7,.609,0.3,0.7,1.0,1.1,0.8,0.2,0.5,1.3,2.7,1996
2431,50,Mark Bryant,PF,30,HOU,71,9,22.4,3.4,6.3,.543,0.0,0.0,.000,3.4,6.3,.545,.543,1.8,2.5,.718,1.8,3.1,4.9,0.7,0.4,0.3,1.2,3.3,8.6,1996
2432,51,Jud Buechler,SF,27,CHI,74,0,10.0,1.5,3.3,.463,0.5,1.2,.444,1.0,2.1,.474,.545,0.2,0.3,.636,0.6,0.9,1.5,0.8,0.5,0.1,0.5,0.9,3.8,1996
2433,52,Matt Bullard,PF,28,ATL,46,0,10.0,1.4,3.5,.407,0.6,1.6,.361,0.9,2.0,.444,.488,0.3,0.4,.800,0.4,0.9,1.3,0.4,0.4,0.2,0.5,1.1,3.8,1996
2434,53,Scott Burrell,SF,25,CHH,20,20,34.7,4.6,10.3,.447,1.9,4.9,.378,2.8,5.4,.509,.536,2.1,2.8,.750,1.3,3.6,4.9,2.4,1.4,0.7,2.2,3.8,13.2,1996
2435,54,Junior Burrough,PF,23,BOS,61,3,8.1,1.0,2.8,.376,0.0,0.0,,1.0,2.8,.376,.376,1.0,1.5,.656,0.7,1.0,1.8,0.2,0.2,0.2,0.7,1.2,3.1,1996
2436,55,Mitchell Butler,SG,25,WSB,61,3,14.1,1.4,3.8,.384,0.2,1.0,.217,1.2,2.8,.444,.413,0.8,1.4,.578,0.5,1.5,1.9,1.1,0.7,0.2,1.1,1.7,3.9,1996
2437,56,Jason Caffey,PF,22,CHI,57,0,9.6,1.2,2.8,.438,0.0,0.0,.000,1.2,2.8,.441,.438,0.7,1.2,.588,0.9,1.1,1.9,0.4,0.2,0.1,0.8,1.6,3.2,1996
2438,57,Michael Cage,C,34,CLE,82,80,32.1,2.7,4.8,.556,0.0,0.0,.000,2.7,4.8,.557,.556,0.6,1.1,.543,3.5,5.4,8.9,0.6,1.1,1.0,0.7,2.6,6.0,1996
2439,58,Adrian Caldwell,PF,29,IND,51,1,6.4,0.9,1.6,.554,0.0,0.0,,0.9,1.6,.554,.554,0.4,0.7,.500,0.8,1.3,2.2,0.1,0.2,0.1,0.7,1.4,2.2,1996
2440,59,Elden Campbell,PF,27,LAL,82,82,32.9,5.5,10.8,.503,0.0,0.1,.000,5.5,10.8,.506,.503,3.0,4.3,.713,2.0,5.6,7.6,2.2,1.1,2.6,1.7,3.7,13.9,1996
2441,60,Antoine Carr,SF,34,UTA,80,0,19.2,2.9,6.4,.457,0.0,0.0,.000,2.9,6.3,.460,.457,1.4,1.8,.792,0.9,1.6,2.5,0.9,0.4,0.8,1.0,3.2,7.3,1996
2442,Rk,Player,Pos,Age,Tm,G,GS,MP,FG,FGA,FG%,3P,3PA,3P%,2P,2PA,2P%,eFG%,FT,FTA,FT%,ORB,DRB,TRB,AST,STL,BLK,TOV,PF,PTS,1996
2443,61,Chris Carr,SG,21,PHO,60,10,9.8,1.5,3.6,.415,0.2,0.7,.262,1.3,2.9,.451,.440,0.8,1.0,.817,0.5,1.3,1.7,0.7,0.2,0.1,0.7,1.3,4.0,1996
2444,62,Sam Cassell,PG,26,HOU,61,0,27.6,4.7,10.8,.439,1.2,3.4,.348,3.5,7.3,.482,.495,3.9,4.7,.825,0.8,2.2,3.1,4.6,0.9,0.1,2.6,2.7,14.5,1996
2445,63,Duane Causwell,C,27,SAC,73,26,14.3,1.2,3.0,.417,0.0,0.0,.000,1.2,2.9,.419,.417,1.0,1.3,.729,1.2,2.2,3.4,0.3,0.4,1.1,0.7,2.4,3.4,1996
2446,64,Cedric Ceballos,SF,26,LAL,78,71,33.7,8.2,15.4,.530,0.7,2.4,.277,7.5,13.1,.576,.552,4.2,5.2,.804,2.8,4.1,6.9,1.5,1.2,0.3,2.1,1.8,21.2,1996
2447,65,Rex Chapman,SG,28,MIA,56,50,33.3,5.2,12.1,.426,2.2,6.0,.371,2.9,6.1,.480,.518,1.5,2.0,.735,0.4,2.2,2.6,3.0,0.8,0.2,1.4,2.1,14.0,1996
2448,66,Calbert Cheaney,SF,24,WSB,70,70,33.2,6.1,12.9,.471,0.7,2.2,.338,5.3,10.7,.498,.499,2.2,3.1,.706,1.0,2.5,3.4,2.2,1.0,0.3,1.8,2.9,15.1,1996
2449,67,Pete Chilcutt,PF,27,HOU,74,0,8.8,1.0,2.4,.408,0.5,1.3,.378,0.5,1.1,.444,.511,0.2,0.4,.654,0.7,1.4,2.1,0.4,0.3,0.2,0.3,0.9,2.7,1996
2450,68,Randolph Childress,PG,23,POR,28,0,8.9,0.9,2.8,.316,0.5,1.7,.277,0.4,1.1,.375,.399,0.8,1.0,.815,0.0,0.6,0.7,1.1,0.3,0.0,1.0,0.8,3.0,1996
2451,69,Chris Childs,PG,28,NJN,78,54,30.9,4.2,10.0,.416,1.2,3.3,.367,2.9,6.7,.441,.478,3.3,3.9,.852,0.7,2.5,3.1,7.0,1.4,0.1,2.9,3.2,12.8,1996
2452,70,Doug Christie,SF,25,TOT,55,17,18.8,2.7,6.1,.445,0.8,1.9,.434,1.9,4.2,.450,.513,1.3,1.7,.742,0.6,2.2,2.8,2.1,1.3,0.3,1.7,2.6,7.5,1996
2453,70,Doug Christie,SF,25,NYK,23,0,9.5,1.5,3.2,.479,0.4,0.8,.526,1.1,2.3,.463,.548,0.6,1.0,.591,0.3,1.1,1.5,1.1,0.5,0.1,0.8,1.8,4.0,1996
2454,70,Doug Christie,SF,25,TOR,32,17,25.6,3.6,8.3,.436,1.1,2.7,.414,2.5,5.5,.446,.504,1.8,2.2,.789,0.8,2.9,3.8,2.9,1.8,0.5,2.4,3.1,10.1,1996
2455,71,Robert Churchwell,SG,23,GSW,4,0,5.0,0.8,2.0,.375,0.0,0.0,,0.8,2.0,.375,.375,0.0,0.0,,0.0,0.8,0.8,0.3,0.0,0.0,0.5,0.3,1.5,1996
2456,72,Charles Claxton,C,25,BOS,3,0,2.3,0.3,0.7,.500,0.0,0.0,,0.3,0.7,.500,.500,0.0,0.7,.000,0.7,0.0,0.7,0.0,0.0,0.3,0.3,1.3,0.7,1996
2457,73,John Coker,C,24,PHO,5,0,2.2,0.8,1.0,.800,0.0,0.0,,0.8,1.0,.800,.800,0.0,0.0,,0.4,0.0,0.4,0.2,0.0,0.2,0.0,0.2,1.6,1996
2458,74,Derrick Coleman,PF,28,PHI,11,11,26.7,4.4,10.7,.407,0.6,1.9,.333,3.7,8.8,.423,.436,1.8,2.9,.625,1.2,5.4,6.5,2.8,0.4,0.9,2.5,2.7,11.2,1996
2459,75,Bimbo Coles,PG,27,TOT,81,55,32.3,3.9,9.6,.409,1.1,3.1,.346,2.8,6.5,.440,.466,2.1,2.6,.796,0.6,2.6,3.2,5.2,1.2,0.2,2.1,3.1,11.0,1996
2460,75,Bimbo Coles,PG,27,MIA,52,52,36.2,4.4,10.8,.413,1.2,3.3,.366,3.2,7.4,.434,.470,2.7,3.3,.803,0.7,3.1,3.9,5.7,1.2,0.2,2.4,3.4,12.8,1996
2461,75,Bimbo Coles,PG,27,GSW,29,3,25.3,3.0,7.5,.399,0.9,2.8,.305,2.1,4.7,.456,.456,1.0,1.3,.763,0.4,1.7,2.0,4.3,1.1,0.2,1.7,2.7,7.9,1996
2462,76,Marty Conlon,C,28,MIL,74,1,12.9,2.1,4.4,.468,0.1,0.4,.167,2.0,4.0,.498,.476,1.1,1.5,.764,0.8,1.6,2.4,0.9,0.3,0.1,1.1,1.7,5.3,1996
2463,77,Anthony Cook,PF,28,POR,11,0,5.5,0.6,1.5,.438,0.0,0.2,.000,0.6,1.3,.500,.438,0.1,0.4,.250,0.5,0.6,1.1,0.2,0.0,0.1,0.1,0.7,1.4,1996
2464,78,Tyrone Corbin,SF,33,TOT,71,2,18.1,2.2,4.9,.442,0.0,0.3,.167,2.1,4.7,.456,.446,1.4,1.7,.833,1.1,2.3,3.4,1.2,0.9,0.3,0.9,2.1,5.8,1996
2465,78,Tyrone Corbin,SF,33,SAC,49,2,19.0,2.4,5.3,.452,0.0,0.2,.083,2.4,5.0,.470,.454,1.6,1.9,.837,1.1,2.5,3.7,1.2,1.0,0.3,1.0,2.0,6.4,1996
2466,78,Tyrone Corbin,SF,33,MIA,22,0,16.1,1.7,4.2,.413,0.1,0.3,.333,1.6,3.9,.419,.424,1.0,1.3,.821,1.2,1.8,3.0,1.0,0.7,0.1,0.8,2.3,4.6,1996
2467,79,Joe Courtney,PF,26,CLE,23,0,8.7,0.7,1.5,.429,0.0,0.0,,0.7,1.5,.429,.429,0.3,0.8,.444,1.0,1.1,2.1,0.4,0.2,0.3,0.7,1.5,1.7,1996
2468,80,John Crotty,PG,26,CLE,58,4,10.6,0.9,2.0,.447,0.1,0.5,.296,0.7,1.5,.494,.482,1.1,1.2,.861,0.3,0.6,0.9,1.8,0.4,0.1,0.9,1.0,3.0,1996
2469,Rk,Player,Pos,Age,Tm,G,GS,MP,FG,FGA,FG%,3P,3PA,3P%,2P,2PA,2P%,eFG%,FT,FTA,FT%,ORB,DRB,TRB,AST,STL,BLK,TOV,PF,PTS,1996
2470,81,Terry Cummings,PF,34,MIL,81,13,21.9,3.3,7.2,.462,0.0,0.1,.143,3.3,7.1,.466,.463,1.3,2.0,.650,2.0,3.5,5.5,1.1,0.7,0.4,0.9,3.2,8.0,1996
2471,82,Dell Curry,SG,31,CHH,82,29,28.9,5.4,11.9,.453,2.0,5.0,.404,3.4,6.9,.488,.537,1.8,2.1,.854,0.8,2.4,3.2,2.1,1.3,0.3,1.6,2.1,14.5,1996
2472,83,Michael Curry,SG-SF,27,TOT,46,1,17.0,1.6,3.5,.453,0.4,1.2,.377,1.2,2.3,.491,.516,1.0,1.3,.726,0.6,1.3,1.8,0.6,0.5,0.0,0.5,2.0,4.6,1996
2473,83,Michael Curry,SF,27,WSB,5,0,6.8,0.6,2.0,.300,0.0,0.6,.000,0.6,1.4,.429,.300,0.8,0.8,1.000,0.4,0.6,1.0,0.2,0.2,0.0,0.2,0.6,2.0,1996
2474,83,Michael Curry,SG,27,DET,41,1,18.3,1.7,3.7,.464,0.5,1.2,.400,1.2,2.5,.495,.530,1.0,1.4,.707,0.6,1.3,2.0,0.6,0.6,0.0,0.6,2.2,4.9,1996
2475,84,Rastko Cvetković,C,25,DEN,14,0,3.4,0.4,1.1,.313,0.0,0.1,.000,0.4,1.1,.333,.313,0.0,0.3,.000,0.3,0.5,0.8,0.2,0.1,0.1,0.2,0.8,0.7,1996
2476,85,Sasha Danilović,SG,25,MIA,19,18,28.5,4.4,9.7,.451,1.8,4.1,.436,2.6,5.6,.462,.543,2.9,3.8,.764,0.6,1.8,2.4,2.5,0.8,0.2,1.9,2.6,13.4,1996
2477,86,Yinka Dare,C,23,NJN,58,23,10.8,1.1,2.5,.438,0.0,0.0,,1.1,2.5,.438,.438,0.7,1.1,.613,1.0,2.2,3.1,0.0,0.1,0.7,1.2,2.0,2.8,1996
2478,87,Antonio Davis,PF,27,IND,82,14,25.5,2.9,5.9,.490,0.0,0.0,.500,2.9,5.9,.490,.491,3.0,4.2,.713,2.3,3.8,6.1,0.5,0.4,0.8,1.1,3.0,8.8,1996
2479,88,Dale Davis,PF,26,IND,78,77,33.6,4.3,7.7,.558,0.0,0.0,,4.3,7.7,.558,.558,1.7,3.7,.467,3.2,5.9,9.1,1.0,0.7,1.4,1.5,3.1,10.3,1996
2480,89,Hubert Davis,SG,25,NYK,74,14,24.0,3.7,7.6,.486,1.7,3.6,.476,2.0,4.0,.495,.598,1.5,1.7,.868,0.5,1.2,1.7,1.4,0.4,0.1,0.9,1.6,10.7,1996
2481,90,Mark Davis,SF,22,MIN,57,0,10.0,1.0,2.6,.369,0.1,0.2,.308,0.9,2.4,.375,.383,1.3,2.0,.638,1.0,1.2,2.2,0.8,0.7,0.4,1.2,1.6,3.3,1996
2482,91,Terry Davis,PF,28,DAL,28,0,17.9,2.0,3.9,.509,0.0,0.0,,2.0,3.9,.509,.509,1.0,1.7,.574,1.5,2.6,4.2,0.8,0.4,0.1,0.9,2.4,4.9,1996
2483,92,Todd Day,SG,26,TOT,79,12,22.9,3.8,10.3,.366,1.3,3.8,.331,2.5,6.5,.386,.427,2.8,3.6,.780,0.9,1.9,2.8,1.4,1.0,0.6,1.4,2.8,11.7,1996
2484,92,Todd Day,SG,26,MIL,8,0,21.4,2.8,8.9,.310,0.6,3.1,.200,2.1,5.8,.370,.345,3.0,3.3,.923,1.0,1.8,2.8,0.6,0.5,0.4,1.4,3.4,9.1,1996
2485,92,Todd Day,SG,26,BOS,71,12,23.0,3.9,10.5,.371,1.3,3.9,.343,2.6,6.6,.388,.435,2.8,3.7,.766,0.9,2.0,2.8,1.4,1.1,0.7,1.4,2.8,12.0,1996
2486,93,Andrew DeClercq,C,22,GSW,22,1,9.2,1.1,2.3,.480,0.0,0.0,.000,1.1,2.2,.490,.480,0.5,0.9,.579,0.8,1.0,1.8,0.4,0.3,0.2,0.2,1.4,2.7,1996
2487,94,Terry Dehere,PG,24,LAC,82,10,24.6,3.8,8.4,.459,1.7,3.9,.440,2.1,4.5,.476,.560,3.0,4.0,.755,0.5,1.2,1.7,4.3,0.7,0.2,2.3,2.9,12.4,1996
2488,95,Vinny Del Negro,SG,29,SAS,82,82,33.7,5.8,11.7,.497,0.7,1.8,.380,5.1,9.9,.518,.527,2.2,2.6,.832,0.4,2.9,3.3,3.8,1.0,0.1,1.2,2.0,14.5,1996
2489,96,Bison Dele,C,26,LAC,65,65,33.2,6.4,11.8,.543,0.0,0.1,.167,6.4,11.7,.546,.544,3.0,4.1,.734,2.3,5.3,7.6,1.9,1.1,0.8,2.9,3.5,15.8,1996
2490,97,Dell Demps,SG,25,SAS,16,0,5.4,1.2,2.1,.576,0.1,0.1,.500,1.1,1.9,.581,.591,0.9,1.1,.824,0.1,0.4,0.6,0.5,0.2,0.1,0.8,0.6,3.3,1996
2491,98,Vlade Divac*,C,27,LAL,79,79,31.3,5.2,10.2,.513,0.0,0.2,.167,5.2,10.0,.521,.515,2.4,3.7,.641,2.5,6.1,8.6,3.3,1.0,1.7,2.5,3.5,12.9,1996
2492,99,Sherman Douglas,PG,29,TOT,79,66,29.6,4.4,8.7,.504,0.5,1.4,.364,3.9,7.3,.530,.533,2.0,2.8,.731,0.7,1.6,2.3,5.5,0.8,0.1,2.5,2.1,11.3,1996
2493,99,Sherman Douglas,PG,29,BOS,10,4,23.4,3.6,8.4,.429,0.1,0.7,.143,3.5,7.7,.455,.435,2.5,4.0,.625,0.6,1.7,2.3,3.9,0.2,0.0,2.9,1.6,9.8,1996
2494,99,Sherman Douglas,PG,29,MIL,69,62,30.4,4.5,8.7,.514,0.6,1.5,.379,3.9,7.2,.542,.547,2.0,2.6,.754,0.7,1.6,2.3,5.8,0.9,0.1,2.4,2.1,11.5,1996
2495,100,Clyde Drexler*,SG,33,HOU,52,51,38.4,6.4,14.7,.433,1.5,4.5,.332,4.9,10.2,.478,.484,5.1,6.5,.784,1.9,5.3,7.2,5.8,2.0,0.5,2.6,2.9,19.3,1996
2496,Rk,Player,Pos,Age,Tm,G,GS,MP,FG,FGA,FG%,3P,3PA,3P%,2P,2PA,2P%,eFG%,FT,FTA,FT%,ORB,DRB,TRB,AST,STL,BLK,TOV,PF,PTS,1996
2497,101,Kevin Duckworth,C,31,MIL,8,1,7.3,0.4,1.8,.214,0.0,0.0,,0.4,1.8,.214,.214,0.4,0.8,.500,0.3,0.6,0.9,0.3,0.3,0.0,0.3,2.4,1.1,1996
2498,102,Chris Dudley,C,30,POR,80,61,24.1,2.0,4.5,.453,0.0,0.0,.000,2.0,4.5,.454,.453,1.0,2.0,.510,3.0,6.0,9.0,0.5,0.5,1.3,1.0,3.1,5.1,1996
2499,103,Joe Dumars*,PG,32,DET,67,40,32.7,3.8,8.9,.426,1.8,4.4,.406,2.0,4.5,.447,.528,2.4,2.9,.822,0.4,1.6,2.1,4.0,0.6,0.0,1.4,1.6,11.8,1996
2500,104,Richard Dumas,PF,26,PHI,39,14,18.9,2.4,5.2,.468,0.1,0.2,.222,2.4,5.0,.479,.473,1.3,1.8,.700,1.1,1.5,2.5,1.1,1.1,0.2,1.3,2.0,6.2,1996
2501,105,Tony Dumas,SG,23,DAL,67,12,19.2,4.1,9.8,.418,1.1,3.1,.357,3.0,6.7,.446,.475,2.3,3.8,.599,0.9,0.9,1.7,1.5,0.6,0.2,1.1,1.9,11.6,1996
2502,106,Ledell Eackles,SG,29,WSB,55,26,22.5,2.9,6.9,.427,1.0,2.3,.422,1.9,4.5,.430,.499,1.8,2.1,.831,0.8,1.9,2.7,1.6,0.5,0.1,1.0,1.5,8.6,1996
2503,107,Acie Earl,C,25,TOR,42,7,15.6,2.8,6.6,.424,0.0,0.1,.000,2.8,6.5,.429,.424,2.0,2.7,.719,1.2,1.9,3.1,0.6,0.4,0.9,1.2,1.7,7.5,1996
2504,108,Tyus Edney,PG,22,SAC,80,60,31.0,3.8,9.3,.412,0.7,1.8,.368,3.2,7.5,.423,.448,2.5,3.2,.782,0.8,1.7,2.5,6.1,1.1,0.0,2.4,2.5,10.8,1996
2505,109,Blue Edwards,SF,30,VAN,82,82,33.8,4.9,11.7,.419,1.0,3.0,.343,3.9,8.7,.446,.463,1.9,2.5,.755,1.2,3.0,4.2,2.6,1.4,0.6,2.1,3.0,12.7,1996
2506,110,Doug Edwards,PF,25,VAN,31,0,16.7,1.0,2.9,.352,0.0,0.1,.000,1.0,2.8,.368,.352,0.9,1.2,.763,1.1,1.7,2.8,1.3,0.3,0.6,0.9,1.6,3.0,1996
2507,111,James Edwards,C,40,CHI,28,0,9.8,1.5,3.9,.373,0.0,0.0,,1.5,3.9,.373,.373,0.6,0.9,.615,0.5,0.9,1.4,0.4,0.0,0.3,0.8,2.2,3.5,1996
2508,112,Kevin Edwards,SG,30,NJN,34,33,29.6,4.2,11.5,.364,1.2,3.1,.404,2.9,8.4,.350,.418,2.0,2.5,.810,0.4,1.8,2.2,2.1,1.6,0.2,2.0,2.0,11.6,1996
2509,113,Craig Ehlo,SG,34,ATL,79,8,22.3,3.2,7.5,.428,1.0,2.8,.371,2.2,4.7,.462,.497,1.0,1.3,.786,0.8,2.4,3.2,1.7,1.1,0.1,1.3,1.7,8.5,1996
2510,114,Howard Eisley,PG,23,UTA,65,0,14.8,1.6,3.7,.430,0.2,1.0,.226,1.4,2.8,.500,.459,1.0,1.2,.844,0.3,0.9,1.2,2.2,0.4,0.0,1.2,2.0,4.4,1996
2511,115,Mario Elie,SF,32,HOU,45,16,30.8,4.0,7.9,.504,0.9,2.8,.323,3.1,5.1,.604,.562,2.2,2.6,.852,1.0,2.4,3.4,3.1,1.0,0.2,1.3,2.1,11.1,1996
2512,116,Sean Elliott,SF,27,SAS,77,77,37.7,6.8,14.6,.466,2.1,5.1,.411,4.7,9.5,.495,.537,4.2,5.5,.771,0.9,4.2,5.1,2.7,0.9,0.4,2.6,2.3,20.0,1996
2513,117,Dale Ellis,SF,35,DEN,81,52,32.4,5.7,11.8,.479,1.9,4.5,.412,3.8,7.3,.519,.557,1.7,2.2,.760,1.1,2.8,3.9,1.7,0.7,0.1,1.2,2.4,14.9,1996
2514,118,LaPhonso Ellis,SF,25,DEN,45,28,28.2,4.2,9.6,.438,0.1,0.5,.182,4.1,9.1,.451,.442,2.0,3.3,.601,2.1,5.1,7.2,1.6,0.8,0.7,1.8,3.6,10.5,1996
2515,119,LeRon Ellis,C,26,MIA,12,1,6.2,0.4,1.8,.227,0.0,0.0,,0.4,1.8,.227,.227,0.3,0.5,.500,0.4,0.3,0.7,0.3,0.2,0.3,0.3,0.9,1.1,1996
2516,120,Pervis Ellison,C,28,BOS,69,29,20.7,2.1,4.3,.492,0.0,0.0,,2.1,4.3,.492,.492,1.1,1.7,.641,2.2,4.3,6.5,0.9,0.6,1.4,1.2,3.0,5.3,1996
2517,Rk,Player,Pos,Age,Tm,G,GS,MP,FG,FGA,FG%,3P,3PA,3P%,2P,2PA,2P%,eFG%,FT,FTA,FT%,ORB,DRB,TRB,AST,STL,BLK,TOV,PF,PTS,1996
2518,121,Vincenzo Esposito,PG,26,TOR,30,0,9.4,1.2,3.3,.360,0.4,1.9,.232,0.8,1.5,.523,.425,1.0,1.3,.795,0.1,0.4,0.5,0.8,0.2,0.0,1.3,0.9,3.9,1996
2519,122,Patrick Ewing*,C,33,NYK,76,76,36.6,8.9,19.2,.466,0.1,0.4,.143,8.9,18.8,.472,.467,4.6,6.1,.761,2.1,8.5,10.6,2.1,0.9,2.4,2.9,3.3,22.5,1996
2520,123,Duane Ferrell,SF,30,IND,54,6,10.9,1.5,3.1,.482,0.0,0.1,.000,1.5,2.9,.506,.482,0.8,1.1,.737,0.6,1.1,1.7,0.6,0.4,0.1,0.6,1.5,3.7,1996
2521,124,Danny Ferry,PF,29,CLE,82,79,32.7,5.1,11.2,.459,1.7,4.4,.394,3.4,6.8,.502,.537,1.3,1.6,.769,0.9,2.9,3.8,2.3,0.7,0.5,1.5,2.8,13.3,1996
2522,125,Michael Finley,SF,22,PHO,82,72,39.2,5.7,11.9,.476,0.7,2.3,.328,4.9,9.6,.511,.508,3.0,3.9,.749,1.7,2.9,4.6,3.5,1.0,0.4,1.6,2.4,15.0,1996
2523,126,Matt Fish,C,26,TOT,18,1,7.4,1.2,2.0,.583,0.0,0.0,,1.2,2.0,.583,.583,0.6,1.1,.526,0.6,0.6,1.2,0.4,0.2,0.4,0.2,1.1,2.9,1996
2524,126,Matt Fish,C,26,NYK,2,1,8.5,3.0,5.0,.600,0.0,0.0,,3.0,5.0,.600,.600,0.0,0.5,.000,1.5,0.0,1.5,0.5,0.0,0.5,0.0,1.5,6.0,1996
2525,126,Matt Fish,C,26,DEN,16,0,7.3,0.9,1.6,.577,0.0,0.0,,0.9,1.6,.577,.577,0.6,1.1,.556,0.4,0.7,1.1,0.4,0.2,0.4,0.2,1.0,2.5,1996
2526,127,Vern Fleming,PG,33,NJN,77,3,22.7,2.9,6.8,.433,0.0,0.4,.107,2.9,6.4,.452,.436,1.7,2.3,.751,0.6,1.6,2.2,3.3,0.5,0.1,1.6,1.5,7.7,1996
2527,128,Sherell Ford,SF,23,SEA,28,1,5.0,1.1,2.9,.375,0.1,0.9,.160,0.9,2.0,.473,.400,0.9,1.2,.765,0.4,0.4,0.9,0.2,0.3,0.0,0.2,1.0,3.2,1996
2528,129,Greg Foster,C,27,UTA,73,2,11.0,1.5,3.3,.439,0.0,0.1,.125,1.5,3.2,.449,.441,0.8,1.0,.847,0.7,1.7,2.4,0.3,0.1,0.3,0.8,1.6,3.8,1996
2529,130,Rick Fox,SF,26,BOS,81,81,32.0,5.2,11.5,.454,1.2,3.4,.364,4.0,8.1,.491,.507,2.4,3.1,.772,2.0,3.6,5.6,4.6,1.4,0.5,2.7,3.6,14.0,1996
2530,131,Kevin Gamble,SF,30,TOT,65,13,20.4,2.3,5.8,.401,0.7,1.8,.386,1.7,4.1,.408,.459,0.6,0.7,.792,0.3,1.4,1.7,1.5,0.5,0.1,0.7,2.3,5.9,1996
2531,131,Kevin Gamble,SF,30,MIA,44,13,23.5,2.7,6.8,.394,0.9,2.1,.418,1.8,4.7,.383,.458,0.8,0.9,.868,0.3,1.6,2.0,1.9,0.7,0.1,0.7,2.7,6.9,1996
2532,131,Kevin Gamble,SF,30,SAC,21,0,13.9,1.7,3.9,.427,0.3,1.1,.261,1.4,2.8,.492,.463,0.2,0.5,.500,0.3,1.0,1.3,0.9,0.2,0.1,0.5,1.3,3.9,1996
2533,132,Kevin Garnett*,SF,19,MIN,80,43,28.7,4.5,9.2,.491,0.1,0.4,.286,4.4,8.8,.499,.497,1.3,1.9,.705,2.2,4.1,6.3,1.8,1.1,1.6,1.4,2.4,10.4,1996
2534,133,Chris Gatling,PF,28,TOT,71,2,20.1,4.6,8.0,.575,0.0,0.0,.000,4.6,8.0,.576,.575,2.0,2.9,.671,1.8,4.1,5.9,0.6,0.5,0.6,1.3,3.1,11.1,1996
2535,133,Chris Gatling,PF,28,GSW,47,2,18.3,3.6,6.6,.555,0.0,0.0,.000,3.6,6.5,.557,.555,1.8,2.8,.636,1.7,3.5,5.1,0.6,0.4,0.6,1.3,2.9,9.1,1996
2536,133,Chris Gatling,PF,28,MIA,24,0,23.5,6.5,10.8,.598,0.0,0.0,,6.5,10.8,.598,.598,2.3,3.1,.733,2.1,5.2,7.3,0.7,0.7,0.5,1.5,3.4,15.2,1996
2537,134,Kenny Gattison,PF,31,VAN,25,14,22.8,3.6,7.6,.479,0.0,0.0,,3.6,7.6,.479,.479,1.9,3.1,.603,1.4,3.2,4.6,0.6,0.4,0.4,1.6,3.0,9.2,1996
2538,135,Matt Geiger,C,26,CHH,77,50,30.5,4.6,8.6,.536,0.0,0.1,.375,4.6,8.5,.538,.538,1.9,2.7,.727,2.6,5.8,8.4,0.8,0.6,0.8,1.8,3.8,11.2,1996
2539,136,Kendall Gill,SG,27,TOT,47,46,35.8,5.2,11.1,.469,0.6,1.7,.329,4.7,9.5,.494,.494,2.9,3.7,.784,1.5,3.4,4.9,5.5,1.4,0.5,2.8,2.8,14.0,1996
2540,136,Kendall Gill,SG,27,CHH,36,36,35.1,5.0,10.3,.481,0.5,1.5,.315,4.5,8.8,.509,.504,2.5,3.3,.761,1.6,3.7,5.3,6.3,1.2,0.6,3.1,2.8,12.9,1996
2541,136,Kendall Gill,SG,27,NJN,11,10,38.0,6.1,13.8,.441,0.8,2.3,.360,5.3,11.5,.457,.470,4.5,5.4,.831,1.5,2.5,3.9,3.2,2.0,0.2,1.9,2.7,17.5,1996
2542,137,Armen Gilliam,SF,31,NJN,78,76,36.6,7.4,15.6,.474,0.0,0.0,.000,7.4,15.6,.474,.474,3.6,4.5,.791,3.1,6.1,9.1,1.8,0.9,0.7,2.3,2.3,18.3,1996
2543,138,Gerald Glass,SF,28,TOT,15,0,4.7,0.8,2.2,.364,0.1,0.4,.167,0.7,1.8,.407,.379,0.1,0.1,1.000,0.4,0.1,0.5,0.3,0.2,0.1,0.0,0.7,1.7,1996
2544,138,Gerald Glass,SF,28,NJN,10,0,5.6,1.0,2.8,.357,0.1,0.5,.200,0.9,2.3,.391,.375,0.0,0.0,,0.5,0.1,0.6,0.4,0.2,0.1,0.0,0.5,2.1,1996
2545,138,Gerald Glass,SF,28,CHH,5,0,3.0,0.4,1.0,.400,0.0,0.2,.000,0.4,0.8,.500,.400,0.2,0.2,1.000,0.2,0.2,0.4,0.0,0.2,0.0,0.0,1.0,1.0,1996
2546,139,Anthony Goldwire,PG,24,CHH,42,8,14.8,1.8,4.5,.402,0.8,2.0,.398,1.0,2.5,.406,.489,1.1,1.4,.767,0.2,0.8,1.0,2.7,0.4,0.0,1.5,1.9,5.5,1996
2547,140,Greg Graham,SG,25,TOT,53,5,11.6,1.5,3.6,.404,0.6,1.5,.390,0.9,2.1,.414,.487,1.0,1.3,.765,0.3,0.8,1.1,1.0,0.5,0.0,0.9,1.2,4.5,1996
2548,140,Greg Graham,SG,25,PHI,8,3,16.0,2.1,4.0,.531,0.9,1.8,.500,1.3,2.3,.556,.641,1.9,2.1,.882,0.6,1.3,1.9,1.4,0.6,0.0,2.1,2.0,7.0,1996
2549,140,Greg Graham,SG,25,NJN,45,2,10.8,1.4,3.6,.379,0.6,1.5,.368,0.8,2.1,.387,.457,0.8,1.1,.725,0.3,0.7,0.9,0.9,0.4,0.0,0.6,1.1,4.1,1996
2550,Rk,Player,Pos,Age,Tm,G,GS,MP,FG,FGA,FG%,3P,3PA,3P%,2P,2PA,2P%,eFG%,FT,FTA,FT%,ORB,DRB,TRB,AST,STL,BLK,TOV,PF,PTS,1996
2551,141,Ron Grandison,PF,31,TOT,28,3,11.1,0.8,2.1,.379,0.1,0.5,.286,0.6,1.6,.409,.414,0.6,0.9,.680,0.7,1.3,2.0,0.5,0.4,0.1,0.4,1.1,2.3,1996
2552,141,Ron Grandison,PF,31,MIA,18,3,13.1,0.7,2.2,.333,0.2,0.7,.308,0.5,1.4,.346,.385,0.7,1.1,.684,0.8,1.2,2.0,0.6,0.4,0.1,0.6,1.5,2.4,1996
2553,141,Ron Grandison,PF,31,ATL,4,0,4.8,0.5,1.0,.500,0.0,0.3,.000,0.5,0.8,.667,.500,0.0,0.0,,0.3,1.3,1.5,0.3,0.0,0.0,0.0,0.0,1.0,1996
2554,141,Ron Grandison,PF,31,NYK,6,0,9.5,1.2,2.5,.467,0.0,0.0,,1.2,2.5,.467,.467,0.7,1.0,.667,0.8,1.3,2.2,0.3,0.7,0.2,0.2,0.7,3.0,1996
2555,142,Brian Grant,PF,23,SAC,78,75,30.7,5.5,10.8,.507,0.1,0.2,.235,5.4,10.6,.513,.510,3.4,4.6,.732,2.2,4.7,7.0,1.6,0.5,1.3,2.4,3.4,14.4,1996
2556,143,Gary Grant,PG,30,NYK,47,1,12.7,1.9,3.9,.486,0.2,0.5,.333,1.7,3.3,.510,.508,1.0,1.2,.828,0.3,0.9,1.1,1.5,0.8,0.1,1.0,1.9,4.9,1996
2557,144,Greg Grant,PG,29,TOT,31,2,17.0,1.1,3.2,.354,0.3,1.1,.235,0.9,2.1,.415,.394,0.2,0.2,.833,0.2,0.9,1.1,3.1,0.7,0.1,1.0,1.4,2.7,1996
2558,144,Greg Grant,PG,29,PHI,11,2,25.5,1.6,4.4,.375,0.4,1.6,.222,1.3,2.7,.467,.417,0.5,0.5,.833,0.3,1.6,1.9,5.5,1.1,0.2,1.4,2.5,4.1,1996
2559,144,Greg Grant,PG,29,WSB,10,0,13.8,1.1,2.8,.393,0.2,1.0,.200,0.9,1.8,.500,.429,0.0,0.0,,0.1,0.5,0.6,2.3,0.8,0.0,1.0,0.8,2.4,1996
2560,144,Greg Grant,PG,29,DEN,10,0,10.9,0.6,2.3,.261,0.2,0.6,.333,0.4,1.7,.235,.304,0.0,0.0,,0.3,0.4,0.7,1.4,0.2,0.0,0.5,0.7,1.4,1996
2561,145,Harvey Grant,PF,30,POR,76,75,31.5,4.1,8.9,.462,0.3,0.9,.313,3.9,8.1,.479,.478,0.8,1.4,.545,1.5,3.2,4.8,1.5,0.8,0.6,1.1,2.3,9.3,1996
2562,146,Horace Grant,PF,30,ORL,63,62,36.3,5.5,10.7,.513,0.0,0.1,.167,5.5,10.7,.516,.513,2.4,3.3,.734,2.8,6.4,9.2,2.7,1.0,1.2,1.0,2.3,13.4,1996
2563,147,A.C. Green,SF,32,PHO,82,36,25.8,2.6,5.4,.484,0.2,0.6,.269,2.5,4.8,.513,.500,2.0,2.9,.709,2.0,4.7,6.8,0.9,0.5,0.3,1.0,1.7,7.5,1996
2564,148,Tom Gugliotta,PF,26,MIN,78,78,36.3,6.1,12.9,.471,0.3,1.1,.302,5.7,11.8,.487,.484,3.7,4.8,.773,2.3,6.6,8.8,3.1,1.8,1.2,3.0,3.4,16.2,1996
2565,149,Jack Haley,C,32,CHI,1,0,7.0,2.0,6.0,.333,0.0,0.0,,2.0,6.0,.333,.333,1.0,2.0,.500,1.0,1.0,2.0,0.0,0.0,0.0,1.0,2.0,5.0,1996
2566,150,Thomas Hamilton,C,20,BOS,11,0,6.4,0.8,2.8,.290,0.0,0.0,,0.8,2.8,.290,.290,0.6,1.6,.389,0.9,1.1,2.0,0.1,0.0,0.8,0.8,1.1,2.3,1996
2567,151,Geert Hammink,C,26,TOT,6,0,2.8,0.3,0.7,.500,0.0,0.0,,0.3,0.7,.500,.500,0.7,1.2,.571,0.3,0.3,0.7,0.0,0.0,0.0,0.3,0.3,1.3,1996
2568,151,Geert Hammink,C,26,ORL,3,0,2.3,0.3,0.7,.500,0.0,0.0,,0.3,0.7,.500,.500,0.7,1.3,.500,0.7,0.3,1.0,0.0,0.0,0.0,0.7,0.3,1.3,1996
2569,151,Geert Hammink,C,26,GSW,3,0,3.3,0.3,0.7,.500,0.0,0.0,,0.3,0.7,.500,.500,0.7,1.0,.667,0.0,0.3,0.3,0.0,0.0,0.0,0.0,0.3,1.3,1996
2570,152,Tom Hammonds,PF,28,DEN,71,4,14.7,1.8,3.8,.474,0.0,0.0,,1.8,3.8,.474,.474,1.2,1.6,.765,1.2,1.9,3.1,0.3,0.3,0.2,0.7,1.9,4.8,1996
2571,153,Darrin Hancock,SF,24,CHH,63,7,13.3,1.8,3.4,.523,0.0,0.0,.333,1.8,3.3,.526,.526,0.7,1.2,.644,0.6,0.9,1.6,0.7,0.4,0.1,0.9,1.5,4.3,1996
2572,154,Anfernee Hardaway,PG,24,ORL,82,82,36.8,7.6,14.8,.513,1.1,3.5,.314,6.5,11.4,.573,.549,5.4,7.1,.767,1.6,2.7,4.3,7.1,2.0,0.5,2.8,2.0,21.7,1996
2573,155,Tim Hardaway*,PG,29,TOT,80,46,31.7,5.2,12.4,.422,1.7,4.7,.364,3.5,7.7,.458,.492,3.0,3.8,.790,0.4,2.4,2.9,8.0,1.7,0.2,2.9,2.5,15.2,1996
2574,155,Tim Hardaway*,PG,29,GSW,52,18,28.6,4.9,11.7,.421,1.6,4.5,.366,3.3,7.2,.455,.491,2.7,3.5,.769,0.4,2.1,2.5,6.9,1.4,0.2,2.4,2.5,14.1,1996
2575,155,Tim Hardaway*,PG,29,MIA,28,28,37.4,5.9,13.8,.425,1.9,5.3,.361,4.0,8.5,.464,.494,3.6,4.4,.821,0.5,3.0,3.5,10.0,2.1,0.2,3.9,2.5,17.2,1996
2576,156,Derek Harper,PG,34,NYK,82,82,35.3,5.3,11.5,.464,1.5,4.0,.372,3.8,7.5,.513,.529,1.9,2.5,.757,0.4,2.1,2.5,4.3,1.6,0.1,2.2,2.5,14.0,1996
2577,157,Ron Harper,PG,32,CHI,80,80,23.6,2.9,6.3,.467,0.4,1.3,.269,2.6,5.0,.519,.495,1.2,1.7,.705,0.9,1.7,2.7,2.6,1.3,0.4,0.9,1.7,7.4,1996
2578,158,Lucious Harris,SG,25,DAL,61,1,16.7,3.0,6.5,.461,0.8,2.0,.376,2.2,4.5,.500,.520,1.1,1.4,.782,0.7,1.3,2.0,1.3,0.6,0.0,0.8,0.9,7.9,1996
2579,159,Antonio Harvey,PF,25,TOT,55,15,14.9,1.5,4.1,.371,0.0,0.0,.000,1.5,4.0,.374,.371,0.7,1.5,.458,1.3,2.4,3.6,0.3,0.5,0.9,0.8,1.4,3.7,1996
2580,159,Antonio Harvey,PF,25,VAN,18,6,22.8,2.2,5.3,.411,0.0,0.1,.000,2.2,5.2,.419,.411,1.1,2.4,.465,1.5,3.7,5.2,0.5,0.8,1.2,1.0,2.1,5.4,1996
2581,159,Antonio Harvey,PF,25,LAC,37,9,11.1,1.2,3.5,.341,0.0,0.0,,1.2,3.5,.341,.341,0.5,1.1,.450,1.1,1.7,2.9,0.2,0.4,0.7,0.7,1.0,2.9,1996
2582,160,Hersey Hawkins,SG,29,SEA,82,82,34.4,5.4,11.4,.473,1.8,4.6,.384,3.6,6.8,.534,.551,3.0,3.5,.874,1.0,2.6,3.6,2.7,1.8,0.2,2.0,2.1,15.6,1996
2583,Rk,Player,Pos,Age,Tm,G,GS,MP,FG,FGA,FG%,3P,3PA,3P%,2P,2PA,2P%,eFG%,FT,FTA,FT%,ORB,DRB,TRB,AST,STL,BLK,TOV,PF,PTS,1996
2584,161,Alvin Heggs,SF,28,HOU,4,0,3.5,0.8,1.3,.600,0.0,0.0,,0.8,1.3,.600,.600,0.5,0.8,.667,0.3,0.3,0.5,0.0,0.0,0.0,0.0,0.0,2.0,1996
2585,162,Alan Henderson,PF,23,ATL,79,4,17.9,2.4,5.5,.442,0.0,0.0,.000,2.4,5.5,.445,.442,1.5,2.5,.595,2.1,2.4,4.5,0.6,0.6,0.5,1.1,2.7,6.4,1996
2586,163,Carl Herrera,PF,29,SAS,44,6,8.9,0.9,2.2,.412,0.0,0.0,.000,0.9,2.2,.417,.412,0.1,0.4,.294,0.7,1.2,1.8,0.4,0.2,0.2,0.7,1.4,1.9,1996
2587,164,Sean Higgins,SF,27,PHI,44,4,20.8,3.0,7.3,.415,1.1,2.9,.372,2.0,4.4,.443,.489,0.8,0.8,.946,0.5,1.6,2.1,1.3,0.5,0.3,1.1,2.0,8.0,1996
2588,165,Grant Hill*,SF,23,DET,80,80,40.8,7.1,15.3,.462,0.1,0.3,.192,7.0,14.9,.468,.464,6.1,8.1,.751,1.6,8.2,9.8,6.9,1.3,0.6,3.3,3.0,20.2,1996
2589,166,Tyrone Hill,PF,27,CLE,44,2,21.1,3.0,5.8,.512,0.0,0.0,,3.0,5.8,.512,.512,1.8,3.1,.600,2.1,3.4,5.5,0.8,0.7,0.5,1.5,3.3,7.8,1996
2590,167,Donald Hodge,C,26,TOT,15,0,7.7,0.6,1.6,.375,0.0,0.0,,0.6,1.6,.375,.375,0.0,0.0,,0.6,0.9,1.5,0.3,0.1,0.5,0.1,1.7,1.2,1996
2591,167,Donald Hodge,C,26,DAL,13,0,8.7,0.7,1.8,.375,0.0,0.0,,0.7,1.8,.375,.375,0.0,0.0,,0.7,1.0,1.7,0.3,0.1,0.6,0.2,2.0,1.4,1996
2592,167,Donald Hodge,C,26,CHH,2,0,1.0,0.0,0.0,,0.0,0.0,,0.0,0.0,,,0.0,0.0,,0.0,0.5,0.5,0.0,0.0,0.0,0.0,0.0,0.0,1996
2593,168,Fred Hoiberg,SG,23,IND,15,1,5.7,0.5,1.3,.421,0.1,0.2,.333,0.5,1.1,.438,.447,1.0,1.2,.833,0.3,0.3,0.6,0.5,0.4,0.1,0.5,0.8,2.1,1996
2594,169,Jeff Hornacek,SG,32,UTA,82,59,31.6,5.4,10.7,.502,1.3,2.7,.466,4.1,8.0,.514,.561,3.2,3.5,.893,0.8,1.8,2.5,4.1,1.3,0.2,1.5,2.1,15.2,1996
2595,170,Robert Horry,SF,25,HOU,71,71,37.1,4.2,10.3,.410,2.0,5.5,.366,2.2,4.8,.459,.507,1.6,2.0,.776,1.4,4.4,5.8,4.0,1.6,1.5,2.3,2.8,12.0,1996
2596,171,Allan Houston,SG,24,DET,82,75,37.5,6.9,15.2,.453,2.3,5.5,.427,4.5,9.7,.468,.530,3.6,4.4,.823,0.7,3.0,3.7,3.0,0.7,0.2,2.8,2.8,19.7,1996
2597,172,Byron Houston,PF,26,SAC,25,0,11.0,1.3,2.6,.500,0.0,0.1,.333,1.2,2.4,.508,.508,0.8,1.0,.808,1.2,2.1,3.4,0.3,0.5,0.3,0.7,2.4,3.4,1996
2598,173,Juwan Howard,PF,22,WSB,81,81,40.7,9.0,18.5,.489,0.0,0.2,.308,9.0,18.4,.490,.490,3.9,5.3,.749,2.3,5.8,8.1,4.4,0.8,0.5,3.7,3.3,22.1,1996
2599,174,Lindsey Hunter,PG,25,DET,80,48,26.7,3.0,7.9,.381,1.5,3.6,.405,1.5,4.2,.360,.474,1.1,1.5,.700,0.6,1.9,2.4,2.4,1.1,0.2,1.0,2.3,8.5,1996
2600,175,Bobby Hurley,PG,24,SAC,72,22,14.7,0.9,3.2,.283,0.3,1.1,.289,0.6,2.1,.279,.330,0.9,1.2,.800,0.2,0.9,1.0,3.0,0.4,0.0,1.2,1.7,3.1,1996
2601,176,Jaren Jackson,SG,28,HOU,4,0,8.3,0.0,2.0,.000,0.0,1.3,.000,0.0,0.8,.000,.000,2.0,2.5,.800,0.0,0.8,0.8,0.0,0.3,0.0,0.0,1.3,2.0,1996
2602,177,Jim Jackson,SG,25,DAL,82,82,34.4,6.9,16.0,.435,1.5,4.1,.363,5.5,11.9,.459,.481,4.2,5.1,.825,2.1,2.9,5.0,2.9,0.6,0.3,2.3,2.0,19.6,1996
2603,178,Mark Jackson,PG,30,IND,81,81,32.6,3.7,7.7,.473,0.8,1.8,.430,2.9,5.9,.486,.524,1.9,2.4,.785,0.8,3.0,3.8,7.8,1.2,0.1,2.5,1.9,10.0,1996
2604,179,Henry James,PF,30,HOU,7,0,8.3,1.4,3.4,.417,0.7,2.1,.333,0.7,1.3,.556,.521,0.7,0.7,1.000,0.4,0.4,0.9,0.3,0.0,0.0,0.6,1.9,4.3,1996
2605,180,Avery Johnson,PG,30,SAS,82,82,37.6,5.3,10.8,.494,0.1,0.4,.194,5.3,10.4,.505,.497,2.3,3.2,.721,0.5,2.1,2.5,9.6,1.5,0.3,2.4,2.2,13.1,1996
2606,Rk,Player,Pos,Age,Tm,G,GS,MP,FG,FGA,FG%,3P,3PA,3P%,2P,2PA,2P%,eFG%,FT,FTA,FT%,ORB,DRB,TRB,AST,STL,BLK,TOV,PF,PTS,1996
2607,181,Darryl Johnson,PG,30,CLE,11,0,2.5,0.5,1.1,.417,0.0,0.1,.000,0.5,1.0,.455,.417,0.2,0.2,1.000,0.2,0.0,0.2,0.1,0.0,0.0,0.1,0.3,1.1,1996
2608,182,Eddie Johnson,SF,36,IND,62,1,16.2,2.9,7.0,.413,0.7,2.1,.352,2.2,5.0,.438,.464,1.1,1.3,.886,0.7,1.7,2.5,1.1,0.3,0.1,0.9,1.7,7.7,1996
2609,183,Ervin Johnson,C,28,SEA,81,60,18.8,2.2,4.3,.511,0.0,0.0,.333,2.2,4.3,.513,.513,1.0,1.6,.669,1.6,3.8,5.3,0.6,0.5,1.6,1.2,3.0,5.5,1996
2610,184,Kevin Johnson,PG,29,PHO,56,55,35.8,6.1,12.0,.507,0.4,1.0,.368,5.7,11.0,.520,.523,6.1,7.1,.859,0.8,3.2,3.9,9.2,1.5,0.2,3.0,2.6,18.7,1996
2611,185,Larry Johnson,PF,26,CHH,81,81,40.4,7.2,15.1,.476,0.8,2.3,.366,6.4,12.9,.495,.503,5.3,7.0,.757,3.1,5.4,8.4,4.4,0.7,0.5,2.2,2.1,20.5,1996
2612,186,Magic Johnson*,PF,36,LAL,32,9,29.9,4.3,9.2,.466,0.7,1.8,.379,3.6,7.4,.487,.503,5.4,6.3,.856,1.3,4.5,5.7,6.9,0.8,0.4,3.2,1.5,14.6,1996
2613,187,Charles Jones,PF,38,HOU,46,0,6.5,0.1,0.4,.316,0.0,0.0,,0.1,0.4,.316,.316,0.1,0.3,.308,0.6,1.0,1.6,0.3,0.1,0.5,0.1,1.0,0.3,1996
2614,188,Eddie Jones,SG,24,LAL,70,66,31.2,4.8,9.8,.492,1.2,3.2,.366,3.6,6.5,.555,.553,1.9,2.6,.739,0.6,2.7,3.3,3.5,1.8,0.6,1.4,2.3,12.8,1996
2615,189,Popeye Jones,PF,25,DAL,68,68,34.1,4.8,10.8,.446,0.2,0.6,.359,4.6,10.2,.451,.456,1.5,2.0,.767,3.8,7.0,10.8,1.9,0.8,0.4,1.6,3.9,11.3,1996
2616,190,Michael Jordan*,SG,32,CHI,82,82,37.7,11.2,22.6,.495,1.4,3.2,.427,9.8,19.4,.506,.525,6.7,8.0,.834,1.8,4.8,6.6,4.3,2.2,0.5,2.4,2.4,30.4,1996
2617,191,Reggie Jordan,PG,28,ATL,24,0,10.3,1.5,3.0,.507,0.0,0.0,,1.5,3.0,.507,.507,0.9,1.6,.579,1.0,1.2,2.2,1.2,0.5,0.3,0.8,1.3,3.9,1996
2618,192,Adam Keefe,PF,25,UTA,82,0,20.8,2.2,4.2,.520,0.0,0.0,.000,2.2,4.2,.526,.520,1.7,2.5,.692,2.1,3.4,5.5,0.8,0.6,0.5,1.1,2.1,6.1,1996
2619,193,Shawn Kemp,PF,26,SEA,79,76,33.3,6.7,11.9,.561,0.1,0.2,.417,6.6,11.7,.563,.564,6.2,8.4,.742,3.5,7.9,11.4,2.2,1.2,1.6,4.0,3.8,19.6,1996
2620,194,Tim Kempton,PF,32,ATL,3,0,3.7,0.0,0.0,,0.0,0.0,,0.0,0.0,,,0.0,0.0,,0.0,0.7,0.7,0.3,0.0,0.0,0.3,1.7,0.0,1996
2621,195,Steve Kerr,PG,30,CHI,82,0,23.4,3.0,5.9,.506,1.5,2.9,.515,1.5,3.0,.498,.633,1.0,1.0,.929,0.3,1.0,1.3,2.3,0.8,0.0,0.5,1.3,8.4,1996
2622,196,Jerome Kersey,SF,33,GSW,76,58,21.3,2.7,6.6,.410,0.0,0.2,.176,2.7,6.4,.418,.413,1.3,1.9,.660,2.0,2.8,4.8,1.5,1.2,0.6,1.0,2.7,6.7,1996
2623,197,Randolph Keys,SF,29,MIL,69,1,11.8,1.3,3.0,.418,0.3,1.0,.310,0.9,2.0,.474,.471,0.5,0.6,.837,0.6,1.2,1.8,0.9,0.5,0.2,0.5,2.0,3.4,1996
2624,198,Jason Kidd*,PG,22,DAL,81,81,37.5,6.1,16.0,.381,1.6,4.9,.336,4.4,11.1,.401,.433,2.8,4.1,.692,2.5,4.3,6.8,9.7,2.2,0.3,4.0,1.9,16.6,1996
2625,199,Chris King,SF,26,VAN,80,66,24.1,3.1,7.3,.427,0.6,1.4,.389,2.6,5.9,.436,.465,1.1,1.7,.662,1.3,2.3,3.6,1.3,0.9,0.4,1.3,2.0,7.9,1996
2626,200,Frankie King,PG,23,LAL,6,0,3.3,0.5,1.8,.273,0.0,0.2,.000,0.5,1.7,.300,.273,0.2,0.5,.333,0.2,0.2,0.3,0.3,0.3,0.0,0.3,0.7,1.2,1996
2627,Rk,Player,Pos,Age,Tm,G,GS,MP,FG,FGA,FG%,3P,3PA,3P%,2P,2PA,2P%,eFG%,FT,FTA,FT%,ORB,DRB,TRB,AST,STL,BLK,TOV,PF,PTS,1996
2628,201,Jimmy King,SG,22,TOR,62,1,14.0,1.8,4.1,.431,0.1,0.5,.147,1.7,3.6,.475,.441,0.9,1.2,.701,0.7,1.1,1.8,1.4,0.3,0.2,1.0,1.2,4.5,1996
2629,202,Stacey King,PF,29,MIA,15,0,10.4,1.1,2.4,.472,0.0,0.0,,1.1,2.4,.472,.472,0.3,0.5,.500,0.6,0.9,1.5,0.1,0.5,0.1,1.2,2.6,2.5,1996
2630,203,Joe Kleine,C,34,PHO,56,9,11.8,1.3,3.0,.420,0.0,0.1,.286,1.2,2.9,.426,.426,0.4,0.4,.800,0.6,1.7,2.4,0.8,0.2,0.1,0.7,2.0,2.9,1996
2631,204,Jon Koncak,C,32,ORL,67,35,19.2,1.3,2.6,.480,0.0,0.1,.333,1.2,2.5,.488,.489,0.5,0.9,.561,0.9,3.1,4.1,0.8,0.4,0.7,0.6,3.4,3.0,1996
2632,205,Toni Kukoč*,SF,27,CHI,81,20,26.0,4.8,9.7,.490,1.1,2.7,.403,3.7,7.0,.524,.546,2.5,3.3,.772,1.4,2.6,4.0,3.5,0.8,0.3,1.4,1.9,13.1,1996
2633,206,Christian Laettner,C,26,TOT,74,71,33.7,6.0,12.3,.487,0.1,0.5,.231,5.9,11.7,.499,.492,4.4,5.4,.818,2.5,4.8,7.3,2.7,1.0,1.0,2.5,3.7,16.4,1996
2634,206,Christian Laettner,C,26,MIN,44,44,34.5,6.4,13.2,.486,0.2,0.7,.290,6.2,12.5,.497,.494,4.9,6.0,.816,2.2,4.6,6.9,2.9,0.9,1.0,2.5,3.6,18.0,1996
2635,206,Christian Laettner,C,26,ATL,30,27,32.6,5.3,10.8,.489,0.0,0.3,.000,5.3,10.6,.502,.489,3.6,4.3,.823,2.9,5.0,7.9,2.3,1.0,0.9,2.5,4.0,14.2,1996
2636,207,Andrew Lang,C,29,TOT,71,69,33.3,5.0,11.1,.447,0.0,0.1,.200,5.0,11.1,.448,.447,1.8,2.2,.801,2.2,4.3,6.4,0.9,0.6,1.8,1.7,3.4,11.7,1996
2637,207,Andrew Lang,C,29,ATL,51,51,35.6,5.5,12.1,.454,0.0,0.1,.000,5.5,12.1,.456,.454,1.9,2.3,.805,2.2,4.4,6.5,1.2,0.7,1.7,1.8,3.5,12.9,1996
2638,207,Andrew Lang,C,29,MIN,20,18,27.5,3.6,8.6,.421,0.1,0.1,.500,3.6,8.5,.420,.424,1.5,1.9,.789,2.1,4.0,6.1,0.2,0.4,2.1,1.5,3.2,8.8,1996
2639,208,Antonio Lang,SF,23,CLE,41,0,9.0,1.0,1.9,.532,0.0,0.0,.000,1.0,1.8,.547,.532,0.8,1.1,.723,0.4,0.9,1.3,0.3,0.3,0.3,0.6,1.5,2.8,1996
2640,209,Eric Leckner,C,29,DET,18,8,8.6,1.0,1.6,.621,0.0,0.0,,1.0,1.6,.621,.621,0.4,0.7,.615,0.4,1.4,1.9,0.1,0.1,0.2,0.6,1.7,2.4,1996
2641,210,Tim Legler,SG,29,WSB,77,0,23.1,3.0,6.0,.507,1.7,3.2,.522,1.4,2.8,.488,.646,1.7,2.0,.863,0.4,1.4,1.8,1.8,0.6,0.2,0.6,1.8,9.4,1996
2642,211,Voshon Lenard,SG,22,MIA,30,0,10.8,1.8,4.7,.376,1.2,3.4,.356,0.6,1.3,.425,.504,1.1,1.4,.791,0.4,1.3,1.7,1.0,0.2,0.0,0.8,1.0,5.9,1996
2643,212,Cedric Lewis,C,26,WSB,3,0,1.3,0.7,1.0,.667,0.0,0.0,,0.7,1.0,.667,.667,0.0,0.0,,0.7,0.0,0.7,0.0,0.3,0.0,0.0,0.0,1.3,1996
2644,213,Martin Lewis,SF,20,TOR,16,0,11.8,1.8,3.8,.483,0.1,0.4,.286,1.7,3.3,.509,.500,0.9,1.6,.600,0.9,0.9,1.8,0.2,0.5,0.2,0.9,1.3,4.7,1996
2645,214,Alton Lister,C,37,TOT,64,19,11.5,0.8,1.6,.486,0.0,0.0,,0.8,1.6,.486,.486,0.6,1.0,.641,1.0,3.3,4.4,0.3,0.1,0.7,0.8,2.1,2.2,1996
2646,214,Alton Lister,C,37,MIL,7,5,12.6,0.6,1.3,.444,0.0,0.0,,0.6,1.3,.444,.444,0.3,0.3,1.000,1.0,3.1,4.1,0.6,0.0,0.4,0.6,2.1,1.4,1996
2647,214,Alton Lister,C,37,BOS,57,14,11.4,0.8,1.7,.490,0.0,0.0,,0.8,1.7,.490,.490,0.7,1.1,.629,1.1,3.4,4.4,0.3,0.1,0.7,0.8,2.1,2.3,1996
2648,215,Brad Lohaus,PF,31,TOT,55,8,10.9,1.3,3.2,.406,0.9,2.2,.418,0.4,1.0,.377,.551,0.1,0.1,.800,0.1,1.0,1.2,0.8,0.2,0.3,0.4,1.3,3.6,1996
2649,215,Brad Lohaus,PF,31,SAS,32,1,8.5,1.2,3.0,.406,0.8,2.0,.415,0.4,1.0,.387,.547,0.1,0.1,.667,0.2,0.9,1.0,0.5,0.1,0.2,0.3,1.1,3.3,1996
2650,215,Brad Lohaus,PF,31,NYK,23,7,14.1,1.4,3.4,.405,1.0,2.5,.421,0.3,1.0,.364,.557,0.1,0.1,1.000,0.1,1.3,1.3,1.2,0.3,0.4,0.5,1.6,3.9,1996
2651,216,Grant Long,PF,29,ATL,82,82,36.7,4.8,10.2,.471,0.4,1.0,.360,4.4,9.2,.484,.490,3.1,4.1,.763,3.0,6.6,9.6,2.2,1.3,0.4,1.9,2.8,13.1,1996
2652,217,Luc Longley,C,27,CHI,62,62,26.5,3.9,8.1,.482,0.0,0.0,,3.9,8.1,.482,.482,1.3,1.7,.777,1.7,3.5,5.1,1.9,0.4,1.4,1.8,3.6,9.1,1996
2653,218,George Lynch,SF,25,LAL,76,6,13.3,1.5,3.6,.430,0.1,0.2,.308,1.5,3.4,.436,.438,0.7,1.1,.663,1.1,1.7,2.8,0.7,0.6,0.1,0.5,1.4,3.8,1996
2654,219,Sam Mack,SF,25,HOU,31,20,28.0,3.9,9.3,.422,1.7,4.4,.400,2.2,4.9,.441,.516,1.3,1.5,.848,0.6,2.6,3.2,2.5,0.7,0.3,0.9,2.4,10.8,1996
2655,220,Don MacLean,SF,26,DEN,56,5,19.8,4.2,9.8,.426,0.3,0.9,.286,3.9,8.9,.440,.439,2.6,3.5,.732,1.1,2.6,3.7,1.6,0.4,0.1,1.2,1.9,11.2,1996
2656,Rk,Player,Pos,Age,Tm,G,GS,MP,FG,FGA,FG%,3P,3PA,3P%,2P,2PA,2P%,eFG%,FT,FTA,FT%,ORB,DRB,TRB,AST,STL,BLK,TOV,PF,PTS,1996
2657,221,Mark Macon,PG,26,DET,23,0,12.5,1.3,2.9,.433,0.3,0.7,.467,1.0,2.3,.423,.485,0.4,0.5,.818,0.4,0.5,1.0,0.7,0.7,0.0,0.4,1.5,3.2,1996
2658,222,Rick Mahorn,C,37,NJN,50,0,9.0,0.9,2.4,.352,0.0,0.0,.000,0.9,2.4,.355,.352,0.7,0.9,.723,0.6,1.6,2.2,0.3,0.3,0.3,0.6,1.4,2.4,1996
2659,223,Dan Majerle,SF,30,CLE,82,15,28.9,3.7,9.1,.405,1.8,5.0,.353,1.9,4.1,.470,.503,1.5,2.1,.710,0.9,2.9,3.7,2.6,1.0,0.4,1.1,1.6,10.6,1996
2660,224,Jeff Malone,SG,34,TOT,32,3,15.9,2.4,6.0,.394,0.2,0.5,.313,2.2,5.5,.401,.407,0.9,1.0,.906,0.3,1.0,1.3,0.8,0.5,0.0,0.7,0.8,5.8,1996
2661,224,Jeff Malone,SG,34,PHI,25,3,16.3,2.5,6.4,.394,0.2,0.6,.313,2.3,5.8,.403,.409,1.0,1.0,.923,0.3,1.0,1.3,0.8,0.5,0.0,0.8,0.8,6.2,1996
2662,224,Jeff Malone,SG,34,MIA,7,0,14.7,1.9,4.7,.394,0.0,0.0,,1.9,4.7,.394,.394,0.7,0.9,.833,0.0,1.1,1.1,1.0,0.4,0.0,0.4,0.9,4.4,1996
2663,225,Karl Malone*,PF,32,UTA,82,82,38.0,9.6,18.5,.519,0.2,0.5,.400,9.4,18.0,.522,.524,6.2,8.6,.723,2.1,7.7,9.8,4.2,1.7,0.7,2.4,3.0,25.7,1996
2664,226,Danny Manning,PF,29,PHO,33,4,24.7,5.4,11.8,.459,0.1,0.4,.214,5.3,11.3,.468,.463,2.5,3.3,.752,0.9,3.4,4.3,2.0,1.2,0.7,2.3,3.7,13.4,1996
2665,227,Rich Manning,PF,25,VAN,29,0,10.7,1.7,3.9,.434,0.0,0.0,.000,1.7,3.9,.438,.434,0.3,0.5,.643,0.6,1.3,1.9,0.2,0.1,0.2,0.6,1.3,3.7,1996
2666,228,Šarūnas Marčiulionis*,SG,31,SAC,53,0,19.6,3.3,7.3,.452,1.2,3.0,.408,2.1,4.4,.483,.535,2.9,3.8,.775,0.4,1.1,1.5,2.2,1.0,0.1,1.8,2.1,10.8,1996
2667,229,Donny Marshall,SF,23,CLE,34,0,6.1,0.7,2.0,.353,0.2,0.9,.233,0.5,1.1,.447,.404,0.6,1.0,.629,0.3,0.5,0.8,0.2,0.2,0.1,0.2,0.8,2.3,1996
2668,230,Donyell Marshall,SF,22,GSW,62,6,15.1,2.0,5.1,.398,0.5,1.5,.298,1.6,3.5,.441,.443,1.0,1.3,.771,1.0,2.4,3.4,0.8,0.4,0.5,0.8,1.3,5.5,1996
2669,231,Cuonzo Martin,SG,24,VAN,4,0,4.8,0.8,1.3,.600,0.8,0.8,1.000,0.0,0.5,.000,.900,0.0,0.5,.000,0.3,0.3,0.5,0.5,0.3,0.0,0.3,0.3,2.3,1996
2670,232,Darrick Martin,PG,24,TOT,59,16,19.5,2.5,6.1,.406,0.3,1.2,.290,2.2,5.0,.433,.434,1.7,2.0,.842,0.3,1.1,1.4,3.7,0.9,0.1,1.8,2.1,7.0,1996
2671,232,Darrick Martin,PG,24,VAN,24,0,16.8,2.5,5.5,.450,0.2,0.9,.227,2.3,4.5,.495,.469,1.6,1.9,.826,0.5,1.0,1.6,2.5,1.1,0.0,1.5,2.0,6.7,1996
2672,232,Darrick Martin,PG,24,MIN,35,16,21.3,2.5,6.6,.381,0.4,1.3,.319,2.1,5.3,.397,.413,1.8,2.1,.851,0.1,1.2,1.3,4.5,0.7,0.1,2.0,2.2,7.3,1996
2673,233,Jamal Mashburn,SF,23,DAL,18,18,37.2,8.1,21.3,.379,1.9,5.7,.343,6.1,15.6,.391,.424,5.4,7.4,.729,2.1,3.3,5.4,2.8,0.8,0.2,3.1,2.2,23.4,1996
2674,234,Anthony Mason,SF,29,NYK,82,82,42.2,5.5,9.7,.563,0.0,0.0,,5.5,9.7,.563,.563,3.6,5.0,.720,2.7,6.6,9.3,4.4,0.8,0.4,2.6,3.0,14.6,1996
2675,235,Tony Massenburg,PF,28,TOT,54,28,27.1,4.0,8.0,.495,0.0,0.1,.000,4.0,7.9,.499,.495,2.1,2.9,.707,2.4,4.2,6.5,0.6,0.5,0.4,1.4,2.6,10.0,1996
2676,235,Tony Massenburg,PF,28,TOR,24,20,27.5,4.2,8.2,.510,0.0,0.0,,4.2,8.2,.510,.510,1.8,2.7,.662,2.2,4.8,6.9,0.8,0.5,0.4,1.5,2.8,10.1,1996
2677,235,Tony Massenburg,PF,28,PHI,30,8,26.8,3.8,7.9,.483,0.0,0.1,.000,3.8,7.8,.489,.483,2.3,3.1,.739,2.5,3.7,6.2,0.4,0.5,0.4,1.3,2.4,9.9,1996
2678,236,Vernon Maxwell,PG,30,PHI,75,57,32.9,5.5,14.0,.390,1.9,6.1,.317,3.5,7.9,.446,.459,3.3,4.4,.756,0.5,2.5,3.1,4.4,1.3,0.2,2.9,2.4,16.2,1996
2679,237,Lee Mayberry,PG,25,MIL,82,20,20.8,1.9,4.4,.420,0.9,2.3,.397,1.0,2.1,.446,.523,0.5,0.8,.603,0.3,0.8,1.1,3.7,0.8,0.1,1.1,1.8,5.1,1996
2680,238,Bob McCann,PF,31,WSB,62,0,10.5,1.2,2.5,.497,0.0,0.0,.500,1.2,2.4,.497,.500,0.6,1.2,.473,0.7,1.6,2.3,0.4,0.3,0.2,0.7,1.9,3.0,1996
2681,239,George McCloud,SF,28,DAL,79,63,36.0,6.7,16.2,.414,3.3,8.6,.379,3.5,7.6,.453,.514,2.3,2.8,.804,1.5,3.3,4.8,2.7,1.4,0.5,2.1,2.7,18.9,1996
2682,240,Clint McDaniel,SG,23,SAC,12,0,5.9,0.7,1.9,.348,0.2,0.5,.333,0.5,1.4,.353,.391,1.0,1.3,.750,0.3,0.6,0.8,0.6,0.4,0.0,0.2,0.8,2.5,1996
2683,Rk,Player,Pos,Age,Tm,G,GS,MP,FG,FGA,FG%,3P,3PA,3P%,2P,2PA,2P%,eFG%,FT,FTA,FT%,ORB,DRB,TRB,AST,STL,BLK,TOV,PF,PTS,1996
2684,241,Antonio McDyess,PF,21,DEN,76,75,30.0,5.6,11.6,.485,0.0,0.1,.000,5.6,11.5,.487,.485,2.2,3.2,.683,3.0,4.5,7.5,1.0,0.7,1.5,2.0,3.3,13.4,1996
2685,242,Jim McIlvaine,C,23,WSB,80,6,14.9,0.8,1.8,.428,0.0,0.0,,0.8,1.8,.428,.428,0.7,1.3,.552,0.8,2.1,2.9,0.1,0.3,2.1,0.5,2.1,2.3,1996
2686,243,Derrick McKey,SF,29,IND,75,75,32.5,4.6,9.5,.486,0.2,0.9,.250,4.4,8.6,.511,.498,2.3,2.9,.769,1.6,3.2,4.8,3.5,1.1,0.6,1.9,3.3,11.7,1996
2687,244,Aaron McKie,SG,23,POR,81,73,27.9,4.2,8.9,.467,0.5,1.4,.325,3.7,7.5,.494,.493,1.9,2.5,.764,1.1,2.7,3.8,2.5,1.1,0.3,1.7,2.5,10.7,1996
2688,245,Nate McMillan,PG,31,SEA,55,14,22.9,1.8,4.3,.420,0.8,2.2,.380,1.0,2.1,.462,.517,0.5,0.7,.707,0.7,3.1,3.8,3.6,1.7,0.3,1.4,2.6,5.0,1996
2689,246,Loren Meyer,C,23,DAL,72,21,17.6,2.0,4.6,.439,0.0,0.2,.273,2.0,4.4,.445,.444,1.0,1.4,.686,1.6,2.8,4.4,0.8,0.3,0.4,0.9,3.1,5.0,1996
2690,247,Anthony Miller,PF,24,LAL,27,0,4.6,0.6,1.3,.429,0.0,0.1,.000,0.6,1.2,.455,.429,0.2,0.4,.600,0.4,0.5,0.9,0.1,0.1,0.0,0.3,0.7,1.3,1996
2691,248,Oliver Miller,PF,25,TOR,76,72,33.1,5.5,10.5,.526,0.0,0.1,.000,5.5,10.3,.533,.526,1.9,2.9,.661,2.3,5.1,7.4,2.9,1.4,1.9,2.7,3.6,12.9,1996
2692,249,Reggie Miller*,SG,30,IND,76,76,34.5,6.6,14.0,.473,2.2,5.4,.410,4.4,8.6,.512,.552,5.7,6.6,.863,0.5,2.3,2.8,3.3,1.0,0.2,2.5,2.3,21.1,1996
2693,250,Chris Mills,SF,26,CLE,80,80,38.3,5.7,12.1,.468,1.0,2.6,.376,4.7,9.5,.493,.508,2.7,3.3,.829,1.4,4.1,5.5,2.4,0.9,0.7,1.5,3.0,15.1,1996
2694,251,Terry Mills,PF,28,DET,82,5,20.2,3.5,8.2,.419,1.0,2.5,.396,2.5,5.7,.429,.480,1.5,1.9,.771,1.3,3.0,4.3,1.2,0.5,0.2,1.2,2.4,9.4,1996
2695,252,Harold Miner,SG,24,CLE,19,0,7.2,1.2,2.7,.442,0.1,0.5,.200,1.1,2.2,.500,.462,0.7,0.7,1.000,0.2,0.4,0.6,0.4,0.0,0.0,0.7,1.2,3.2,1996
2696,253,Greg Minor,SG,24,BOS,78,47,22.6,4.1,8.2,.500,0.1,0.3,.259,4.0,7.9,.511,.505,1.3,1.7,.762,1.2,2.1,3.3,1.9,0.5,0.1,1.0,2.1,9.6,1996
2697,254,Sam Mitchell,SF,32,MIN,78,42,27.5,3.9,7.9,.490,0.0,0.2,.056,3.9,7.7,.503,.491,3.0,3.7,.814,1.4,3.0,4.3,0.9,0.6,0.3,1.1,2.8,10.8,1996
2698,255,Eric Mobley,C,25,TOT,39,4,17.3,1.9,3.5,.536,0.0,0.1,.500,1.9,3.5,.537,.540,1.0,2.2,.448,1.4,2.2,3.6,0.6,0.4,0.6,1.3,2.2,4.8,1996
2699,255,Eric Mobley,C,25,MIL,5,3,13.0,0.4,1.4,.286,0.0,0.0,,0.4,1.4,.286,.286,0.4,0.8,.500,0.6,1.8,2.4,0.0,0.2,0.2,0.2,1.0,1.2,1996
2700,255,Eric Mobley,C,25,VAN,34,1,18.0,2.1,3.9,.550,0.0,0.1,.500,2.1,3.8,.550,.553,1.1,2.4,.446,1.5,2.3,3.8,0.6,0.4,0.7,1.4,2.4,5.4,1996
2701,256,Eric Montross,C,24,BOS,61,59,23.5,3.2,5.7,.566,0.0,0.0,,3.2,5.7,.566,.566,0.8,2.2,.376,2.0,3.8,5.8,0.7,0.3,0.5,1.4,3.0,7.2,1996
2702,257,Tracy Moore,SG,30,HOU,8,2,23.8,3.8,9.5,.395,1.6,3.8,.433,2.1,5.8,.370,.480,2.3,2.4,.947,1.3,1.5,2.8,0.8,0.3,0.0,1.0,2.0,11.4,1996
2703,258,Chris Morris,SG,30,UTA,66,33,21.6,4.0,9.2,.437,1.0,3.0,.320,3.1,6.2,.494,.489,1.5,1.9,.772,1.5,2.0,3.5,1.2,1.0,0.3,1.1,2.1,10.5,1996
2704,259,Lawrence Moten,SG,23,VAN,44,3,13.0,2.5,5.6,.453,0.4,1.3,.327,2.1,4.4,.490,.490,1.1,1.7,.653,0.8,0.6,1.4,1.1,0.7,0.2,1.0,1.2,6.6,1996
2705,260,Alonzo Mourning*,C,25,MIA,70,70,38.2,8.0,15.4,.523,0.1,0.4,.300,7.9,14.9,.530,.527,7.0,10.2,.685,3.1,7.3,10.4,2.3,1.0,2.7,3.7,3.5,23.2,1996
2706,Rk,Player,Pos,Age,Tm,G,GS,MP,FG,FGA,FG%,3P,3PA,3P%,2P,2PA,2P%,eFG%,FT,FTA,FT%,ORB,DRB,TRB,AST,STL,BLK,TOV,PF,PTS,1996
2707,261,Chris Mullin*,SF,32,GSW,55,19,29.4,4.9,9.8,.499,1.1,2.7,.393,3.8,7.1,.540,.554,2.5,2.9,.856,0.8,2.1,2.9,3.5,1.4,0.6,2.2,2.3,13.3,1996
2708,262,Todd Mundt,C,25,TOT,33,0,4.6,0.5,1.2,.390,0.0,0.0,,0.5,1.2,.390,.390,0.2,0.2,.625,0.3,0.5,0.8,0.1,0.1,0.2,0.1,0.9,1.1,1996
2709,262,Todd Mundt,C,25,ATL,24,0,4.9,0.5,1.3,.406,0.0,0.0,,0.5,1.3,.406,.406,0.2,0.3,.625,0.4,0.6,1.0,0.1,0.0,0.2,0.1,1.0,1.3,1996
2710,262,Todd Mundt,C,25,BOS,9,0,3.7,0.3,1.0,.333,0.0,0.0,,0.3,1.0,.333,.333,0.0,0.0,,0.1,0.2,0.3,0.1,0.1,0.1,0.0,0.7,0.7,1996
2711,263,Eric Murdock,PG,27,TOT,73,14,22.9,3.3,8.0,.416,0.6,2.0,.310,2.7,6.1,.450,.454,1.6,2.0,.797,0.4,2.0,2.3,4.5,1.8,0.1,1.8,1.9,8.9,1996
2712,263,Eric Murdock,PG,27,MIL,9,0,21.4,2.7,7.3,.364,0.7,2.6,.261,2.0,4.8,.419,.409,0.9,1.3,.667,0.6,1.0,1.6,3.9,0.7,0.0,1.3,1.8,6.9,1996
2713,263,Eric Murdock,PG,27,VAN,64,14,23.1,3.4,8.1,.422,0.6,1.9,.320,2.8,6.2,.454,.460,1.7,2.0,.809,0.3,2.1,2.4,4.6,2.0,0.1,1.9,1.9,9.1,1996
2714,264,Gheorghe Mureșan,C,24,WSB,76,76,29.5,6.1,10.5,.584,0.0,0.0,.000,6.1,10.5,.585,.584,2.3,3.7,.619,3.3,6.3,9.6,0.7,0.7,2.3,1.9,3.9,14.5,1996
2715,265,Lamond Murray,SF,22,LAC,77,32,23.6,3.3,7.5,.447,0.5,1.5,.319,2.9,6.0,.479,.479,1.3,1.7,.750,1.2,2.0,3.2,1.1,0.8,0.3,1.4,2.0,8.4,1996
2716,266,Tracy Murray,SF,24,TOR,82,37,30.0,6.0,13.3,.454,1.8,4.4,.422,4.2,9.0,.470,.523,2.2,2.7,.831,1.4,2.9,4.3,1.6,1.1,0.5,1.6,2.5,16.2,1996
2717,267,Dikembe Mutombo*,C,29,DEN,74,74,36.7,3.8,7.7,.499,0.0,0.0,.000,3.8,7.7,.500,.499,3.3,4.8,.695,3.4,8.4,11.8,1.5,0.5,4.5,2.0,3.5,11.0,1996
2718,268,Pete Myers,SG,32,TOT,71,2,15.4,1.3,3.5,.368,0.2,0.8,.241,1.1,2.7,.407,.397,1.1,1.7,.656,0.5,1.5,2.0,2.0,0.5,0.2,1.1,1.9,3.9,1996
2719,268,Pete Myers,SG,32,MIA,39,1,16.4,1.6,4.1,.388,0.3,1.1,.262,1.3,3.0,.432,.422,1.3,1.9,.645,0.5,1.3,1.9,2.5,0.4,0.3,1.4,1.9,4.7,1996
2720,268,Pete Myers,SG,32,CHH,32,1,14.2,0.9,2.7,.333,0.1,0.5,.188,0.8,2.2,.366,.351,1.0,1.4,.674,0.4,1.7,2.1,1.5,0.6,0.2,0.8,1.8,2.9,1996
2721,269,Howard Nathan,PG,24,ATL,5,0,3.0,1.0,1.8,.556,0.0,0.2,.000,1.0,1.6,.625,.556,0.6,0.8,.750,0.0,0.0,0.0,0.4,0.6,0.0,1.6,0.4,2.6,1996
2722,270,Johnny Newman,SG,32,MIL,82,82,32.8,3.9,7.9,.495,0.7,2.0,.377,3.2,5.9,.534,.542,2.3,2.8,.802,0.8,1.6,2.4,1.9,1.1,0.2,1.3,3.1,10.8,1996
2723,271,Ken Norman,SF,31,ATL,34,28,22.6,3.7,8.0,.465,1.0,2.5,.393,2.8,5.6,.497,.526,0.5,1.4,.354,1.2,2.7,3.9,1.9,0.4,0.5,1.4,2.0,8.9,1996
2724,272,Ed O'Bannon,SG,23,NJN,64,29,19.6,2.4,6.3,.390,0.2,0.9,.179,2.3,5.4,.424,.403,1.2,1.7,.713,1.0,1.6,2.6,1.0,0.7,0.2,1.0,1.5,6.2,1996
2725,273,Shaquille O'Neal*,C,23,ORL,54,52,36.0,11.0,19.1,.573,0.0,0.0,.500,10.9,19.1,.573,.574,4.6,9.5,.487,3.4,7.7,11.0,2.9,0.6,2.1,2.9,3.6,26.6,1996
2726,274,Dan O'Sullivan,C,27,TOR,5,2,27.8,2.6,7.0,.371,0.0,0.2,.000,2.6,6.8,.382,.371,1.4,1.6,.875,2.6,3.8,6.4,0.4,0.4,0.8,1.0,2.6,6.6,1996
2727,275,Charles Oakley,PF,32,NYK,53,51,33.5,4.0,8.5,.471,0.1,0.5,.269,3.8,8.0,.483,.479,3.3,4.0,.833,3.1,5.6,8.7,2.6,1.1,0.3,2.0,3.7,11.4,1996
2728,276,Hakeem Olajuwon*,C,33,HOU,72,72,38.8,10.7,20.8,.514,0.0,0.2,.214,10.6,20.6,.517,.515,5.5,7.6,.724,2.4,8.4,10.9,3.6,1.6,2.9,3.4,3.4,26.9,1996
2729,277,Greg Ostertag,C,22,UTA,57,10,11.6,1.5,3.2,.473,0.0,0.0,,1.5,3.2,.473,.473,0.6,0.9,.667,1.0,2.1,3.1,0.1,0.1,1.1,0.4,1.6,3.6,1996
2730,278,Bo Outlaw,PF,24,LAC,80,3,12.3,1.3,2.3,.575,0.0,0.0,.000,1.3,2.3,.585,.575,0.9,2.0,.444,1.1,1.4,2.5,0.6,0.6,1.1,0.6,1.6,3.6,1996
2731,279,Doug Overton,PG,26,DEN,55,0,11.0,1.2,3.2,.376,0.1,0.5,.308,1.1,2.8,.388,.399,0.7,1.0,.727,0.1,1.0,1.1,1.9,0.2,0.1,0.7,0.9,3.3,1996
2732,280,Billy Owens,SF,26,TOT,62,51,32.0,5.2,10.9,.480,0.1,0.3,.278,5.1,10.6,.485,.484,2.5,4.0,.636,2.3,4.3,6.6,3.3,0.8,0.6,2.6,3.1,13.0,1996
2733,280,Billy Owens,SF,26,MIA,40,40,34.7,6.0,11.8,.505,0.0,0.2,.000,6.0,11.7,.512,.505,2.8,4.4,.633,2.4,4.8,7.2,3.4,0.8,0.6,2.8,3.3,14.8,1996
2734,280,Billy Owens,SF,26,SAC,22,11,27.0,3.8,9.1,.420,0.2,0.5,.417,3.6,8.5,.420,.433,2.0,3.2,.643,2.2,3.5,5.7,3.2,0.9,0.7,2.3,2.7,9.9,1996
2735,Rk,Player,Pos,Age,Tm,G,GS,MP,FG,FGA,FG%,3P,3PA,3P%,2P,2PA,2P%,eFG%,FT,FTA,FT%,ORB,DRB,TRB,AST,STL,BLK,TOV,PF,PTS,1996
2736,281,Robert Pack,PG,26,WSB,31,31,35.0,6.1,14.3,.428,0.8,3.2,.265,5.3,11.2,.474,.457,5.0,5.9,.846,0.9,3.3,4.3,7.8,2.0,0.0,3.7,2.2,18.1,1996
2737,282,Robert Parish*,C,42,CHH,74,34,14.7,1.6,3.3,.498,0.0,0.0,,1.6,3.3,.498,.498,0.7,1.0,.704,1.2,2.9,4.1,0.4,0.3,0.7,0.7,1.1,3.9,1996
2738,283,Cherokee Parks,C,23,DAL,64,3,13.6,1.6,3.9,.409,0.1,0.4,.269,1.5,3.5,.425,.423,0.6,1.0,.661,1.0,2.3,3.4,0.5,0.4,0.5,0.5,1.6,3.9,1996
2739,284,Gary Payton*,PG,27,SEA,81,81,39.0,7.6,15.8,.484,1.2,3.7,.328,6.4,12.1,.532,.523,2.8,3.8,.748,1.3,2.9,4.2,7.5,2.9,0.2,3.2,2.7,19.3,1996
2740,285,Anthony Peeler,SG,26,LAL,73,12,22.0,3.7,8.2,.452,1.4,3.5,.413,2.3,4.8,.480,.539,0.8,1.2,.709,0.6,1.3,1.9,1.6,0.8,0.1,0.8,1.9,9.7,1996
2741,286,Mike Peplowski,C,25,TOT,7,0,2.4,0.4,0.7,.600,0.0,0.0,,0.4,0.7,.600,.600,0.1,0.4,.333,0.1,0.4,0.6,0.1,0.1,0.3,0.3,1.4,1.0,1996
2742,286,Mike Peplowski,C,25,WSB,2,0,2.5,0.0,0.0,,0.0,0.0,,0.0,0.0,,,0.0,0.0,,0.0,0.0,0.0,0.0,0.0,0.0,0.0,2.0,0.0,1996
2743,286,Mike Peplowski,C,25,MIL,5,0,2.4,0.6,1.0,.600,0.0,0.0,,0.6,1.0,.600,.600,0.2,0.6,.333,0.2,0.6,0.8,0.2,0.2,0.4,0.4,1.2,1.4,1996
2744,287,Will Perdue,C,30,SAS,80,22,17.5,2.2,4.1,.523,0.0,0.0,.000,2.2,4.1,.524,.523,0.8,1.6,.536,2.2,3.9,6.1,0.4,0.4,0.9,1.1,2.3,5.2,1996
2745,288,Sam Perkins,PF,34,SEA,82,20,26.5,4.0,9.7,.408,1.6,4.4,.355,2.4,5.3,.452,.489,2.3,2.9,.793,1.2,3.2,4.5,1.5,1.0,0.6,1.0,2.1,11.8,1996
2746,289,Elliot Perry,PG,26,PHO,81,26,20.6,3.2,6.8,.475,0.3,0.7,.407,2.9,6.0,.484,.497,1.9,2.4,.778,0.4,1.3,1.7,4.4,1.1,0.1,1.8,1.7,8.6,1996
2747,290,Tim Perry,PF,30,TOT,30,1,8.5,1.0,2.2,.477,0.1,0.3,.500,0.9,1.9,.474,.508,0.2,0.3,.556,0.7,0.9,1.6,0.3,0.1,0.4,0.3,0.5,2.4,1996
2748,290,Tim Perry,PF,30,PHI,8,0,10.9,1.0,2.3,.444,0.1,0.1,1.000,0.9,2.1,.412,.472,0.3,0.4,.667,0.8,0.9,1.6,0.3,0.3,0.4,0.4,0.6,2.4,1996
2749,290,Tim Perry,PF,30,NJN,22,1,7.6,1.0,2.1,.489,0.1,0.3,.429,0.9,1.8,.500,.521,0.1,0.3,.500,0.7,0.9,1.6,0.3,0.1,0.5,0.3,0.5,2.4,1996
2750,291,Chuck Person,SF,31,SAS,80,16,26.6,3.9,8.8,.437,2.4,5.8,.410,1.5,3.0,.488,.572,0.8,1.3,.644,1.0,4.2,5.2,1.3,0.6,0.3,1.1,2.5,10.9,1996
2751,292,Wesley Person,SG,24,PHO,82,47,31.8,4.8,10.7,.445,1.4,3.8,.374,3.3,6.9,.484,.511,1.8,2.3,.771,0.7,3.2,3.9,1.7,0.7,0.3,1.1,1.8,12.7,1996
2752,293,Bobby Phills,SG,26,CLE,72,69,35.1,5.4,11.5,.467,1.3,2.9,.441,4.1,8.5,.476,.524,2.6,3.3,.775,0.9,2.8,3.6,3.8,1.4,0.4,1.8,2.7,14.6,1996
2753,294,Eric Piatkowski,SG,25,LAC,65,1,12.1,1.5,3.7,.405,0.6,1.8,.333,0.9,2.0,.469,.483,1.0,1.3,.817,0.6,1.0,1.6,0.7,0.4,0.2,0.7,1.3,4.6,1996
2754,295,Ricky Pierce,SG,36,IND,76,2,18.5,3.5,7.8,.447,0.5,1.4,.337,3.0,6.4,.471,.477,2.3,2.7,.849,0.5,1.3,1.8,1.3,0.8,0.1,1.2,2.5,9.7,1996
2755,296,Ed Pinckney,PF,32,TOT,74,47,23.1,2.3,4.5,.510,0.0,0.0,.000,2.3,4.5,.515,.510,1.8,2.4,.760,2.6,3.6,6.2,1.0,0.9,0.4,1.0,2.1,6.5,1996
2756,296,Ed Pinckney,PF,32,TOR,47,24,21.9,2.5,5.0,.502,0.0,0.1,.000,2.5,4.9,.509,.502,2.0,2.6,.758,2.4,3.6,6.0,1.1,0.7,0.4,1.1,2.1,7.0,1996
2757,296,Ed Pinckney,PF,32,PHI,27,23,25.1,2.0,3.8,.529,0.0,0.0,,2.0,3.8,.529,.529,1.6,2.0,.764,2.7,3.8,6.5,0.8,1.2,0.4,0.9,2.0,5.6,1996
2758,297,Scottie Pippen*,SF,30,CHI,77,77,36.7,7.3,15.8,.463,1.9,5.2,.374,5.4,10.6,.507,.525,2.9,4.2,.679,2.0,4.5,6.4,5.9,1.7,0.7,2.7,2.6,19.4,1996
2759,298,Olden Polynice,C,31,SAC,81,80,30.1,5.3,10.1,.527,0.0,0.0,.333,5.3,10.1,.528,.528,1.5,2.5,.601,3.2,6.3,9.4,0.7,0.6,0.8,1.6,3.1,12.2,1996
2760,299,Terry Porter,PG,32,MIN,82,40,25.3,3.3,7.4,.442,0.9,2.8,.314,2.4,4.7,.518,.501,2.0,2.5,.785,0.4,2.1,2.6,5.5,1.1,0.2,2.1,1.9,9.4,1996
2761,300,Brent Price,PG,27,WSB,81,50,25.2,3.1,6.6,.472,1.7,3.7,.462,1.4,2.9,.485,.602,2.1,2.4,.874,0.5,2.3,2.8,5.1,1.0,0.0,1.9,2.3,10.0,1996
2762,Rk,Player,Pos,Age,Tm,G,GS,MP,FG,FGA,FG%,3P,3PA,3P%,2P,2PA,2P%,eFG%,FT,FTA,FT%,ORB,DRB,TRB,AST,STL,BLK,TOV,PF,PTS,1996
2763,301,Mark Price,PG,31,WSB,7,1,18.1,2.6,8.6,.300,1.4,4.3,.333,1.1,4.3,.267,.383,1.4,1.4,1.000,0.1,0.9,1.0,2.6,0.9,0.0,1.4,1.0,8.0,1996
2764,302,Kevin Pritchard,PG,28,WSB,2,0,11.0,1.0,1.5,.667,0.5,0.5,1.000,0.5,1.0,.500,.833,1.0,1.5,.667,0.0,1.0,1.0,3.5,1.0,0.0,0.0,1.5,3.5,1996
2765,303,Theo Ratliff,C,22,DET,75,2,17.4,1.7,3.1,.557,0.0,0.0,.000,1.7,3.1,.559,.557,1.1,1.6,.708,1.5,2.5,4.0,0.2,0.2,1.5,0.7,1.9,4.5,1996
2766,304,Dino Radja*,PF,28,BOS,53,52,37.4,8.0,16.1,.500,0.0,0.0,,8.0,16.1,.500,.500,3.6,5.2,.695,2.1,7.7,9.8,1.6,0.9,1.5,2.2,3.0,19.7,1996
2767,305,Eldridge Recasner,SG,28,HOU,63,27,20.2,2.4,5.7,.415,1.3,3.0,.424,1.1,2.7,.405,.528,0.9,1.0,.864,0.5,1.8,2.3,2.7,0.4,0.1,1.0,1.8,6.9,1996
2768,306,Bryant Reeves,C,22,VAN,77,63,31.9,5.2,11.4,.457,0.0,0.0,.000,5.2,11.4,.459,.457,2.8,3.9,.732,2.3,5.1,7.4,1.4,0.6,0.7,2.0,2.9,13.3,1996
2769,307,Khalid Reeves,PG,23,TOT,51,12,16.3,1.9,4.5,.419,0.5,1.8,.308,1.3,2.7,.493,.480,1.2,1.6,.744,0.4,1.2,1.5,2.3,0.7,0.1,1.2,2.3,5.5,1996
2770,307,Khalid Reeves,PG,23,CHH,20,5,20.9,2.7,5.9,.458,0.6,1.8,.306,2.2,4.1,.524,.504,2.2,2.6,.843,0.6,1.5,2.0,3.6,0.8,0.1,1.5,2.3,8.1,1996
2771,307,Khalid Reeves,PG,23,NJN,31,7,13.4,1.3,3.5,.376,0.5,1.8,.309,0.8,1.7,.444,.454,0.6,1.0,.581,0.2,1.0,1.3,1.5,0.7,0.1,1.1,2.2,3.8,1996
2772,308,Don Reid,PF,22,DET,69,46,14.4,1.5,2.7,.567,0.0,0.0,,1.5,2.7,.567,.567,0.7,1.1,.662,1.1,1.8,2.9,0.2,0.7,0.6,0.6,2.9,3.8,1996
2773,309,J.R. Reid,PF,27,TOT,65,21,20.2,2.5,5.0,.494,0.0,0.0,.000,2.5,5.0,.495,.494,1.6,2.2,.754,1.1,2.8,3.9,0.6,0.7,0.3,1.2,2.9,6.6,1996
2774,309,J.R. Reid,PF,27,SAS,32,5,20.1,2.3,5.1,.439,0.0,0.0,.000,2.3,5.1,.442,.439,2.0,2.7,.736,1.1,2.8,3.8,0.4,0.8,0.3,1.5,3.1,6.5,1996
2775,309,J.R. Reid,PF,27,NYK,33,16,20.3,2.7,4.8,.550,0.0,0.0,,2.7,4.8,.550,.550,1.3,1.7,.782,1.2,2.8,4.0,0.8,0.5,0.2,0.9,2.7,6.6,1996
2776,310,Terrence Rencher,PG,22,TOT,36,1,11.3,0.9,2.8,.330,0.3,0.8,.310,0.7,2.0,.338,.375,0.9,1.3,.674,0.3,1.0,1.2,1.5,0.4,0.1,1.2,1.0,2.9,1996
2777,310,Terrence Rencher,PG,22,MIA,34,1,11.7,0.9,2.9,.323,0.3,0.9,.310,0.7,2.1,.329,.369,0.9,1.3,.698,0.3,1.0,1.2,1.6,0.5,0.0,1.2,1.1,3.0,1996
2778,310,Terrence Rencher,PG,22,PHO,2,0,4.0,0.5,0.5,1.000,0.0,0.0,,0.5,0.5,1.000,1.000,0.5,1.5,.333,0.0,1.0,1.0,0.0,0.0,0.5,1.0,0.5,1.5,1996
2779,311,Shawn Respert,SG,23,MIL,62,0,13.6,1.8,4.7,.387,0.7,2.0,.344,1.1,2.7,.418,.459,0.6,0.7,.833,0.5,0.7,1.2,1.1,0.5,0.1,0.7,1.1,4.9,1996
2780,312,Jerry Reynolds,SF,33,MIL,19,0,10.1,1.1,2.8,.396,0.1,0.5,.100,1.1,2.3,.465,.406,0.7,1.1,.619,0.7,1.1,1.7,0.6,0.8,0.3,0.8,1.1,2.9,1996
2781,313,Glen Rice,SF,28,CHH,79,79,39.8,7.7,16.4,.471,2.2,5.1,.424,5.6,11.3,.492,.537,4.0,4.8,.837,1.1,3.7,4.8,2.9,1.2,0.2,2.1,2.7,21.6,1996
2782,314,Pooh Richardson,PG,29,LAC,63,61,32.0,4.5,10.5,.423,1.5,3.9,.384,3.0,6.7,.446,.494,1.2,1.7,.743,0.6,2.0,2.5,5.4,1.2,0.2,1.5,2.1,11.7,1996
2783,315,Mitch Richmond*,SG,30,SAC,81,81,36.4,7.5,16.9,.447,2.8,6.4,.437,4.8,10.5,.453,.529,5.2,6.1,.866,0.7,2.7,3.3,3.1,1.5,0.2,2.7,2.9,23.1,1996
2784,316,Isaiah Rider,SG,24,MIN,75,68,34.6,7.5,16.1,.464,1.4,3.7,.371,6.1,12.4,.492,.507,3.3,3.9,.838,1.3,2.8,4.1,2.8,0.6,0.3,2.7,2.7,19.6,1996
2785,317,Eric Riley,C,25,MIN,25,10,12.4,1.4,3.0,.473,0.0,0.0,.000,1.4,2.9,.479,.473,0.9,1.1,.786,1.3,1.8,3.0,0.2,0.3,0.6,0.7,1.7,3.7,1996
2786,318,Doc Rivers,PG,34,SAS,78,0,15.8,1.4,3.7,.372,0.6,1.8,.343,0.8,2.0,.399,.453,0.6,0.8,.750,0.4,1.4,1.8,1.6,0.9,0.3,0.7,2.2,4.0,1996
2787,319,Fred Roberts,C,35,LAL,33,1,9.6,1.5,2.9,.495,0.1,0.4,.286,1.3,2.5,.530,.515,0.7,0.8,.786,0.5,0.9,1.4,0.8,0.5,0.1,0.7,0.7,3.7,1996
2788,320,Stanley Roberts,C,25,LAC,51,7,15.6,2.8,6.0,.464,0.0,0.0,,2.8,6.0,.464,.464,1.5,2.6,.556,0.8,2.4,3.2,0.8,0.3,0.8,0.9,3.0,7.0,1996
2789,Rk,Player,Pos,Age,Tm,G,GS,MP,FG,FGA,FG%,3P,3PA,3P%,2P,2PA,2P%,eFG%,FT,FTA,FT%,ORB,DRB,TRB,AST,STL,BLK,TOV,PF,PTS,1996
2790,321,Alvin Robertson,SG,33,TOR,77,69,32.2,3.7,7.9,.470,0.5,2.0,.272,3.2,5.9,.535,.503,1.4,2.1,.677,1.4,3.0,4.4,4.2,2.2,0.5,2.4,3.5,9.3,1996
2791,322,Clifford Robinson,SF,29,POR,78,76,38.2,7.1,16.7,.423,2.3,6.0,.378,4.8,10.7,.449,.492,4.6,6.9,.664,1.6,4.1,5.7,2.4,1.1,0.9,2.5,3.2,21.1,1996
2792,323,David Robinson*,C,30,SAS,82,82,36.8,8.7,16.8,.516,0.0,0.1,.333,8.6,16.7,.517,.517,7.6,10.0,.761,3.9,8.3,12.2,3.0,1.4,3.3,2.3,3.2,25.0,1996
2793,324,Glenn Robinson,SF,23,MIL,82,82,39.6,7.6,16.9,.454,1.1,3.2,.342,6.5,13.6,.480,.486,3.9,4.7,.812,1.7,4.5,6.1,3.6,1.2,0.5,3.4,2.9,20.2,1996
2794,325,James Robinson,PG,25,POR,76,5,21.4,3.0,7.6,.399,1.3,3.7,.359,1.7,3.8,.438,.488,1.2,1.8,.659,0.6,1.5,2.1,2.0,0.4,0.2,1.5,1.9,8.5,1996
2795,326,Rumeal Robinson,PG,29,POR,43,14,16.6,2.1,5.1,.416,0.7,1.8,.380,1.4,3.3,.437,.484,0.8,1.2,.647,0.4,1.4,1.8,3.3,0.6,0.1,1.7,1.8,5.7,1996
2796,327,Dennis Rodman*,PF,34,CHI,64,57,32.6,2.3,4.8,.480,0.0,0.4,.111,2.2,4.3,.516,.485,0.9,1.7,.528,5.6,9.3,14.9,2.5,0.6,0.4,2.2,3.1,5.5,1996
2797,328,Lou Roe,SF,23,DET,49,2,7.6,0.7,1.8,.356,0.0,0.2,.222,0.6,1.7,.370,.367,0.5,0.7,.750,0.6,1.0,1.6,0.3,0.2,0.2,0.3,0.9,1.8,1996
2798,329,Carlos Rogers,PF,24,TOR,56,18,18.6,3.2,6.1,.517,0.1,0.4,.143,3.1,5.8,.542,.522,1.3,2.3,.546,1.4,1.6,3.0,0.6,0.4,0.9,1.1,1.6,7.7,1996
2799,330,Rodney Rogers,SF,24,LAC,67,51,29.1,4.6,9.6,.477,0.7,2.3,.320,3.8,7.3,.527,.516,1.7,2.7,.628,1.7,2.6,4.3,2.5,1.1,0.5,2.1,3.2,11.6,1996
2800,331,Sean Rooks,C,26,TOT,65,7,17.2,2.2,4.4,.505,0.0,0.1,.143,2.2,4.3,.514,.507,2.1,3.1,.668,1.2,2.7,3.9,0.7,0.4,0.6,1.2,2.2,6.5,1996
2801,331,Sean Rooks,C,26,MIN,49,7,18.4,2.3,4.6,.493,0.0,0.1,.167,2.3,4.5,.502,.496,2.2,3.2,.667,1.2,2.9,4.2,0.8,0.4,0.6,1.0,2.2,6.8,1996
2802,331,Sean Rooks,C,26,ATL,16,0,13.4,2.0,3.6,.552,0.0,0.1,.000,2.0,3.6,.561,.552,1.8,2.7,.674,1.3,1.9,3.2,0.6,0.3,0.9,1.9,2.2,5.8,1996
2803,332,Jalen Rose,SG,23,DEN,80,37,26.7,3.6,7.6,.480,0.4,1.4,.296,3.2,6.2,.520,.507,2.4,3.5,.690,0.6,2.7,3.3,6.2,0.7,0.5,2.9,2.9,10.0,1996
2804,333,Donald Royal,SF,29,ORL,64,7,15.0,1.7,3.4,.491,0.0,0.0,.000,1.7,3.3,.495,.491,2.0,2.6,.762,0.9,1.5,2.4,0.7,0.5,0.2,0.8,1.5,5.3,1996
2805,334,Clifford Rozier,C,23,GSW,59,1,12.3,1.3,2.3,.585,0.0,0.0,.000,1.3,2.3,.594,.585,0.4,0.9,.473,1.2,1.7,2.9,0.4,0.3,0.5,0.7,2.3,3.1,1996
2806,335,Trevor Ruffin,PG,25,PHI,61,23,25.4,4.3,10.6,.406,1.7,4.7,.366,2.6,6.0,.437,.486,2.4,3.0,.813,0.3,1.8,2.2,4.4,0.7,0.0,2.4,2.2,12.8,1996
2807,336,Stefano Rusconi,PF,27,PHO,7,0,4.3,0.4,1.3,.333,0.0,0.0,,0.4,1.3,.333,.333,0.3,0.7,.400,0.4,0.4,0.9,0.4,0.0,0.3,0.4,1.4,1.1,1996
2808,337,Bryon Russell,SF,25,UTA,59,9,9.8,0.9,2.4,.394,0.2,0.7,.350,0.7,1.7,.412,.444,0.8,1.1,.716,0.5,1.1,1.5,0.5,0.5,0.1,0.6,1.1,2.9,1996
2809,338,Arvydas Sabonis*,C,31,POR,73,21,23.8,5.4,9.9,.545,0.5,1.4,.375,4.9,8.5,.574,.572,3.2,4.2,.757,2.0,6.0,8.1,1.8,0.9,1.1,2.1,2.9,14.5,1996
2810,339,John Salley,PF,31,TOT,42,6,16.0,1.5,3.3,.450,0.0,0.0,,1.5,3.3,.450,.450,1.4,2.0,.694,1.1,2.2,3.3,1.3,0.5,0.6,1.3,2.6,4.4,1996
2811,339,John Salley,PF,31,TOR,25,6,19.3,2.0,4.2,.486,0.0,0.0,,2.0,4.2,.486,.486,1.9,2.6,.723,1.0,2.8,3.9,1.6,0.4,0.5,1.6,2.9,6.0,1996
2812,339,John Salley,PF,31,CHI,17,0,11.2,0.7,2.1,.343,0.0,0.0,,0.7,2.1,.343,.343,0.7,1.2,.600,1.2,1.4,2.5,0.9,0.5,0.9,0.9,2.2,2.1,1996
2813,340,Danny Schayes,C,36,MIA,32,6,12.5,1.0,2.9,.340,0.0,0.0,,1.0,2.9,.340,.340,1.2,1.4,.804,0.9,1.9,2.8,0.3,0.3,0.5,0.7,1.9,3.2,1996
2814,Rk,Player,Pos,Age,Tm,G,GS,MP,FG,FGA,FG%,3P,3PA,3P%,2P,2PA,2P%,eFG%,FT,FTA,FT%,ORB,DRB,TRB,AST,STL,BLK,TOV,PF,PTS,1996
2815,341,Steve Scheffler,C,28,SEA,35,2,5.2,0.7,1.3,.533,0.0,0.1,.200,0.7,1.1,.575,.544,0.3,0.5,.474,0.4,0.5,0.9,0.1,0.2,0.1,0.2,0.7,1.7,1996
2816,342,Dwayne Schintzius,C,27,IND,33,8,9.0,1.5,3.3,.445,0.0,0.0,,1.5,3.3,.445,.445,0.4,0.6,.619,0.7,1.7,2.4,0.4,0.3,0.4,0.6,1.6,3.4,1996
2817,343,Detlef Schrempf,SF,33,SEA,63,60,34.9,5.7,11.7,.486,1.2,2.8,.408,4.6,8.9,.512,.536,4.6,5.9,.776,1.2,4.0,5.2,4.4,0.9,0.1,2.3,2.8,17.1,1996
2818,344,Byron Scott,SG,34,VAN,80,0,23.7,3.4,8.5,.401,0.9,2.8,.335,2.5,5.7,.433,.456,2.5,3.0,.835,0.5,1.9,2.4,1.5,0.8,0.3,1.3,1.6,10.2,1996
2819,345,Dennis Scott,SF,27,ORL,82,82,37.1,6.0,13.6,.440,3.3,7.7,.425,2.7,6.0,.458,.559,2.2,2.7,.820,0.8,3.0,3.8,3.0,1.1,0.4,1.5,2.1,17.5,1996
2820,346,Malik Sealy,SF,25,LAC,62,48,25.8,4.4,10.6,.415,0.3,1.6,.210,4.0,9.0,.452,.431,2.4,3.0,.799,1.2,2.6,3.9,1.9,1.4,0.5,1.8,2.4,11.5,1996
2821,347,Rony Seikaly,C,30,GSW,64,60,28.3,4.5,8.9,.502,0.0,0.0,.667,4.4,8.8,.501,.504,3.2,4.4,.723,2.6,5.2,7.8,1.1,0.6,1.1,2.8,3.4,12.1,1996
2822,348,Brian Shaw,PG,29,ORL,75,1,22.4,2.4,6.5,.374,0.5,1.9,.285,1.9,4.6,.412,.417,1.2,1.5,.798,0.8,2.2,3.0,4.5,0.8,0.1,2.3,2.1,6.6,1996
2823,349,Lionel Simmons,SF,27,SAC,54,5,15.0,1.6,4.0,.396,0.4,0.9,.373,1.2,3.1,.404,.440,1.0,1.4,.733,0.8,1.9,2.7,1.5,0.6,0.4,0.9,1.6,4.6,1996
2824,350,Dickey Simpkins,PF,23,CHI,60,12,11.4,1.3,2.7,.481,0.0,0.0,1.000,1.3,2.7,.478,.484,1.0,1.6,.629,1.1,1.5,2.6,0.6,0.2,0.1,0.9,1.3,3.6,1996
2825,351,Scott Skiles,PG,31,PHI,10,9,23.6,2.0,5.7,.351,1.5,3.4,.441,0.5,2.3,.217,.482,0.8,1.0,.800,0.1,1.5,1.6,3.8,0.7,0.0,1.6,2.1,6.3,1996
2826,352,Reggie Slater,PF,25,TOT,11,0,6.5,1.3,2.5,.519,0.0,0.0,,1.3,2.5,.519,.519,0.3,0.6,.429,0.4,1.0,1.4,0.2,0.2,0.3,0.8,1.0,2.8,1996
2827,352,Reggie Slater,PF,25,POR,4,0,5.0,0.8,1.3,.600,0.0,0.0,,0.8,1.3,.600,.600,0.0,0.0,,0.0,0.8,0.8,0.0,0.3,0.5,0.8,0.3,1.5,1996
2828,352,Reggie Slater,PF,25,DEN,4,0,6.5,1.5,2.8,.545,0.0,0.0,,1.5,2.8,.545,.545,0.5,1.3,.400,0.8,1.0,1.8,0.5,0.3,0.3,0.8,1.0,3.5,1996
2829,352,Reggie Slater,PF,25,DAL,3,0,8.7,1.7,3.7,.455,0.0,0.0,,1.7,3.7,.455,.455,0.3,0.7,.500,0.3,1.3,1.7,0.0,0.0,0.0,1.0,2.0,3.7,1996
2830,353,Charles Smith,PG,28,MIN,8,0,4.9,0.4,1.3,.300,0.0,0.4,.000,0.4,0.9,.429,.300,0.0,0.3,.000,0.0,0.6,0.6,0.8,0.1,0.0,0.6,0.9,0.8,1996
2831,354,Charles Smith,PF,30,TOT,73,34,23.5,3.3,7.9,.422,0.0,0.2,.133,3.3,7.7,.430,.424,1.6,2.2,.730,1.8,3.1,5.0,0.9,0.7,1.1,1.5,3.1,8.3,1996
2832,354,Charles Smith,PF,30,NYK,41,4,21.7,2.8,7.2,.388,0.0,0.4,.133,2.7,6.8,.401,.391,1.8,2.5,.709,1.4,2.5,3.9,0.7,0.4,1.2,1.5,3.0,7.4,1996
2833,354,Charles Smith,PF,30,SAS,32,30,25.8,4.1,8.9,.458,0.0,0.0,,4.1,8.9,.458,.458,1.4,1.9,.767,2.3,4.0,6.3,1.1,1.0,0.9,1.4,3.1,9.6,1996
2834,355,Doug Smith,PF,26,BOS,17,2,5.4,0.8,2.3,.359,0.0,0.0,,0.8,2.3,.359,.359,0.3,0.5,.625,0.7,0.6,1.3,0.2,0.2,0.0,0.6,1.2,1.9,1996
2835,356,Joe Smith,PF,20,GSW,82,82,34.4,5.7,12.5,.458,0.1,0.3,.357,5.6,12.1,.461,.463,3.7,4.8,.773,3.7,5.1,8.7,1.0,1.0,1.6,1.7,2.7,15.3,1996
2836,357,Kenny Smith,PG,30,HOU,68,56,23.8,3.0,6.8,.433,1.3,3.5,.382,1.6,3.3,.487,.531,1.3,1.6,.821,0.3,1.1,1.4,3.6,0.7,0.0,1.5,1.7,8.5,1996
2837,358,Michael Smith,PF,23,SAC,65,0,21.3,2.2,3.7,.605,0.0,0.0,1.000,2.2,3.6,.603,.607,1.0,2.7,.384,2.2,3.8,6.0,1.7,0.7,0.7,1.1,2.6,5.5,1996
2838,359,Steve Smith,SG,26,ATL,80,80,35.7,6.2,14.3,.432,1.8,5.3,.331,4.4,9.0,.492,.493,4.0,4.8,.826,1.6,2.5,4.1,2.8,0.9,0.2,1.9,2.6,18.1,1996
2839,360,Tony Smith,SG,27,TOT,59,3,15.9,2.0,4.6,.423,0.6,2.0,.328,1.3,2.7,.494,.493,0.5,0.8,.609,0.5,1.1,1.6,2.6,0.6,0.2,1.1,1.8,5.1,1996
2840,360,Tony Smith,SG,27,PHO,34,2,15.5,2.1,5.1,.405,0.7,2.3,.325,1.3,2.8,.469,.477,0.7,1.1,.649,0.7,0.9,1.6,2.5,0.6,0.1,1.2,1.8,5.6,1996
2841,360,Tony Smith,SG,27,MIA,25,1,16.4,1.8,4.0,.455,0.5,1.6,.333,1.3,2.5,.532,.520,0.2,0.4,.444,0.2,1.3,1.6,2.7,0.6,0.2,1.0,1.8,4.4,1996
2842,Rk,Player,Pos,Age,Tm,G,GS,MP,FG,FGA,FG%,3P,3PA,3P%,2P,2PA,2P%,eFG%,FT,FTA,FT%,ORB,DRB,TRB,AST,STL,BLK,TOV,PF,PTS,1996
2843,361,Rik Smits,C,29,IND,63,63,30.2,7.4,14.2,.521,0.0,0.1,.200,7.4,14.1,.523,.522,3.7,4.7,.788,1.9,5.0,6.9,1.7,0.3,0.7,2.5,3.6,18.5,1996
2844,362,Eric Snow,PG,22,SEA,43,1,9.0,1.0,2.3,.420,0.0,0.2,.200,0.9,2.1,.444,.430,0.7,1.1,.592,0.2,0.8,1.0,1.7,0.7,0.0,0.9,1.2,2.7,1996
2845,363,Elmore Spencer,C,26,TOT,17,0,3.4,0.3,0.8,.385,0.0,0.0,,0.3,0.8,.385,.385,0.2,0.4,.667,0.2,0.6,0.8,0.1,0.0,0.1,0.4,0.7,0.8,1996
2846,363,Elmore Spencer,C,26,DEN,6,0,3.5,0.0,0.2,.000,0.0,0.0,,0.0,0.2,.000,.000,0.0,0.0,,0.2,0.5,0.7,0.0,0.0,0.0,0.5,1.3,0.0,1996
2847,363,Elmore Spencer,C,26,POR,11,0,3.4,0.5,1.1,.417,0.0,0.0,,0.5,1.1,.417,.417,0.4,0.5,.667,0.2,0.6,0.8,0.1,0.0,0.2,0.3,0.4,1.3,1996
2848,364,Felton Spencer,C,28,UTA,71,70,17.8,2.1,4.0,.520,0.0,0.0,,2.1,4.0,.520,.520,1.5,2.1,.689,1.4,2.9,4.3,0.2,0.3,0.8,1.1,3.4,5.6,1996
2849,365,Latrell Sprewell,SG,25,GSW,78,78,39.3,6.6,15.4,.428,1.2,3.6,.323,5.4,11.8,.461,.466,4.5,5.7,.789,1.6,3.3,4.9,4.2,1.6,0.6,2.8,1.9,18.9,1996
2850,366,Jerry Stackhouse,SG,21,PHI,72,71,37.5,6.3,15.2,.414,1.3,4.1,.318,5.0,11.1,.449,.457,5.4,7.2,.747,1.3,2.4,3.7,3.9,1.1,1.1,3.5,2.5,19.2,1996
2851,367,John Starks,SG,30,NYK,81,71,30.8,4.6,10.4,.443,1.8,4.9,.361,2.9,5.6,.516,.528,1.6,2.1,.753,0.4,2.5,2.9,3.9,1.3,0.1,1.9,2.8,12.6,1996
2852,368,Bryant Stith,SG,25,DEN,82,77,34.3,4.6,11.1,.416,0.5,1.8,.277,4.1,9.3,.443,.439,3.9,4.6,.844,1.5,3.4,4.9,2.9,1.4,0.2,1.9,2.3,13.6,1996
2853,369,John Stockton*,PG,33,UTA,82,82,35.5,5.4,10.0,.538,1.2,2.7,.422,4.2,7.2,.582,.596,2.9,3.4,.830,0.7,2.1,2.8,11.2,1.7,0.2,3.0,2.5,14.7,1996
2854,370,Damon Stoudamire,PG,22,TOR,70,70,40.9,6.9,16.1,.426,1.9,4.8,.395,5.0,11.3,.439,.485,3.4,4.2,.797,0.8,3.2,4.0,9.3,1.4,0.3,3.8,2.4,19.0,1996
2855,371,Rod Strickland,PG,29,POR,67,63,37.7,7.0,15.3,.460,0.6,1.7,.342,6.5,13.6,.475,.479,4.1,6.3,.652,1.3,3.1,4.4,9.6,1.4,0.2,3.8,2.0,18.7,1996
2856,372,Derek Strong,PF,27,LAL,63,0,11.8,1.1,2.7,.426,0.0,0.1,.111,1.1,2.5,.444,.429,1.1,1.3,.812,1.0,1.9,2.8,0.5,0.3,0.2,0.3,1.3,3.4,1996
2857,373,Bob Sura,SG,22,CLE,79,3,14.6,1.9,4.6,.411,0.3,1.0,.346,1.5,3.6,.429,.449,1.3,1.8,.702,0.4,1.3,1.7,2.9,0.7,0.3,1.5,1.6,5.3,1996
2858,374,Greg Sutton,PG,28,TOT,48,2,13.6,1.8,4.5,.392,1.0,2.4,.402,0.8,2.1,.380,.500,0.7,1.0,.761,0.2,0.9,1.0,2.1,0.5,0.0,1.3,1.9,5.3,1996
2859,374,Greg Sutton,PG,28,CHH,18,0,10.6,1.1,2.8,.400,0.4,1.2,.333,0.7,1.6,.448,.470,0.8,1.1,.789,0.2,0.6,0.8,2.2,0.4,0.0,0.9,2.0,3.4,1996
2860,374,Greg Sutton,PG,28,PHI,30,2,15.5,2.2,5.6,.389,1.3,3.2,.417,0.8,2.4,.352,.509,0.7,0.9,.741,0.1,1.0,1.2,2.1,0.6,0.1,1.5,1.9,6.3,1996
2861,375,Larry Sykes,PF,22,BOS,1,0,2.0,0.0,0.0,,0.0,0.0,,0.0,0.0,,,0.0,0.0,,1.0,1.0,2.0,0.0,0.0,0.0,1.0,0.0,0.0,1996
2862,376,Žan Tabak,C,25,TOR,67,18,19.9,3.4,6.2,.543,0.0,0.0,.000,3.4,6.2,.545,.543,1.0,1.7,.561,1.7,3.0,4.8,0.9,0.4,0.5,1.5,3.0,7.7,1996
2863,377,Kurt Thomas,PF,23,MIA,74,42,22.4,3.7,7.4,.501,0.0,0.0,.000,3.7,7.4,.503,.501,1.6,2.4,.663,1.6,4.3,5.9,0.6,0.6,0.5,1.3,3.7,9.0,1996
2864,378,Brooks Thompson,PG,25,ORL,33,0,7.5,1.5,3.1,.466,0.8,1.9,.391,0.7,1.2,.590,.587,0.6,0.8,.704,0.1,0.6,0.7,0.9,0.4,0.0,0.7,1.1,4.2,1996
2865,379,LaSalle Thompson,C,34,PHI,44,11,17.6,0.8,1.9,.398,0.0,0.0,,0.8,1.9,.398,.398,0.4,0.5,.792,1.4,3.1,4.5,0.6,0.4,0.5,0.8,2.8,1.9,1996
2866,380,Bob Thornton,PF,33,WSB,7,0,4.4,0.1,0.9,.167,0.0,0.0,,0.1,0.9,.167,.167,0.1,0.3,.500,0.9,0.9,1.7,0.0,0.1,0.0,0.1,1.0,0.4,1996
2867,Rk,Player,Pos,Age,Tm,G,GS,MP,FG,FGA,FG%,3P,3PA,3P%,2P,2PA,2P%,eFG%,FT,FTA,FT%,ORB,DRB,TRB,AST,STL,BLK,TOV,PF,PTS,1996
2868,381,Otis Thorpe,PF,33,DET,82,82,34.6,5.5,10.4,.530,0.0,0.0,.000,5.5,10.4,.532,.530,3.1,4.4,.710,2.6,5.8,8.4,1.9,0.6,0.5,2.4,3.7,14.2,1996
2869,382,Sedale Threatt,PG,34,LAL,82,8,20.6,2.9,6.4,.458,0.7,2.1,.355,2.2,4.4,.507,.515,0.7,0.9,.761,0.2,0.9,1.2,3.3,0.8,0.1,0.9,2.2,7.3,1996
2870,383,Wayman Tisdale,PF,31,PHO,63,6,18.3,4.4,9.0,.495,0.0,0.0,,4.4,9.0,.495,.495,1.8,2.4,.765,0.9,2.5,3.4,0.9,0.2,0.6,1.0,3.0,10.7,1996
2871,384,Andy Toolson,SF,30,UTA,13,0,4.1,0.6,1.7,.364,0.2,0.9,.250,0.4,0.8,.500,.432,0.2,0.3,.750,0.0,0.5,0.5,0.1,0.0,0.0,0.2,0.9,1.7,1996
2872,385,Keith Tower,C,25,LAC,34,1,9.0,0.9,2.1,.444,0.0,0.0,.000,0.9,2.1,.451,.444,0.5,0.8,.692,0.6,0.9,1.5,0.1,0.1,0.3,0.5,1.5,2.4,1996
2873,386,Gary Trent,PF,21,POR,69,10,17.7,3.2,6.2,.513,0.0,0.1,.000,3.2,6.1,.524,.513,1.1,2.0,.553,1.2,2.2,3.4,0.7,0.4,0.2,1.3,1.7,7.5,1996
2874,387,Jeff Turner,PF,33,ORL,13,0,14.8,1.4,3.9,.353,0.7,2.1,.333,0.7,1.8,.375,.441,0.2,0.2,1.000,0.8,1.4,2.2,0.5,0.2,0.1,0.8,2.5,3.6,1996
2875,388,Nick Van Exel,PG,24,LAL,74,74,34.0,5.4,12.8,.417,1.9,5.4,.357,3.4,7.4,.461,.493,2.2,2.8,.799,0.4,2.1,2.4,6.9,0.9,0.1,2.1,1.6,14.9,1996
2876,389,Logan Vander Velden,SF,24,LAC,15,0,2.1,0.2,0.9,.214,0.0,0.3,.000,0.2,0.6,.333,.214,0.2,0.3,.750,0.1,0.3,0.4,0.1,0.0,0.0,0.0,0.3,0.6,1996
2877,390,David Vaughn,PF,22,ORL,33,0,8.1,0.8,2.4,.338,0.0,0.0,.000,0.8,2.4,.342,.338,0.3,0.5,.556,1.0,1.4,2.4,0.2,0.2,0.5,0.5,2.1,1.9,1996
2878,391,Loy Vaught,PF,27,LAC,80,78,37.1,7.1,13.6,.525,0.1,0.2,.368,7.1,13.4,.528,.529,1.9,2.6,.727,2.6,7.6,10.1,1.4,1.1,0.5,2.0,3.0,16.2,1996
2879,392,Rasheed Wallace,PF,21,WSB,65,51,27.5,4.2,8.7,.487,0.4,1.3,.329,3.8,7.4,.513,.511,1.2,1.8,.650,1.4,3.2,4.7,1.3,0.6,0.8,1.6,3.2,10.1,1996
2880,393,Rex Walters,SG,25,TOT,44,8,13.9,1.4,3.4,.412,0.5,1.5,.333,0.9,1.9,.476,.486,1.0,1.2,.808,0.3,1.0,1.3,2.4,0.6,0.1,0.9,1.2,4.2,1996
2881,393,Rex Walters,SG,25,NJN,11,0,7.9,1.1,3.0,.364,0.3,1.1,.250,0.8,1.9,.429,.409,0.5,0.5,1.000,0.2,0.5,0.6,1.0,0.3,0.0,0.6,0.4,3.0,1996
2882,393,Rex Walters,SG,25,PHI,33,8,15.8,1.5,3.5,.426,0.6,1.6,.352,0.9,1.8,.492,.509,1.1,1.4,.783,0.3,1.1,1.5,2.9,0.7,0.1,1.0,1.5,4.6,1996
2883,394,Charlie Ward,PG,25,NYK,62,1,12.7,1.4,3.5,.399,0.5,1.6,.333,0.9,1.9,.454,.475,0.6,0.9,.685,0.5,1.2,1.6,2.1,0.9,0.1,1.3,1.6,3.9,1996
2884,395,Jamie Watson,SF,23,UTA,16,0,13.6,1.1,2.7,.419,0.2,0.4,.429,0.9,2.3,.417,.453,0.6,0.8,.692,0.3,1.4,1.7,1.5,0.5,0.1,1.1,1.9,3.0,1996
2885,396,Clarence Weatherspoon,SF,25,PHI,78,75,39.7,6.3,13.0,.484,0.0,0.0,.000,6.3,13.0,.485,.484,4.1,5.5,.746,3.0,6.6,9.7,2.0,1.4,1.4,2.3,2.7,16.7,1996
2886,397,Spud Webb,PG,32,TOT,77,21,19.0,2.4,5.6,.433,0.6,1.7,.364,1.8,3.9,.462,.487,1.6,1.9,.862,0.3,1.0,1.3,3.8,0.7,0.1,1.4,1.4,7.1,1996
2887,397,Spud Webb,PG,32,ATL,51,0,16.0,2.0,4.4,.468,0.4,1.1,.316,1.7,3.2,.521,.509,1.5,1.7,.851,0.4,0.8,1.2,2.7,0.5,0.0,1.0,1.3,5.9,1996
2888,397,Spud Webb,PG,32,MIN,26,21,24.8,3.2,8.0,.394,1.1,2.8,.403,2.0,5.2,.390,.464,2.0,2.2,.879,0.3,1.3,1.5,5.9,1.0,0.2,2.3,1.6,9.4,1996
2889,398,Chris Webber*,PF,22,WSB,15,15,37.2,10.0,18.4,.543,1.0,2.3,.441,9.0,16.1,.558,.571,2.7,4.6,.594,2.5,5.1,7.6,5.0,1.8,0.6,3.3,3.4,23.7,1996
2890,399,Jeff Webster,SF,24,WSB,11,0,5.3,0.7,2.1,.348,0.2,0.5,.333,0.5,1.5,.353,.391,0.0,0.0,,0.2,0.5,0.6,0.3,0.4,0.0,0.3,0.6,1.6,1996
2891,400,Bill Wennington,C,32,CHI,71,20,15.0,2.4,4.8,.493,0.0,0.0,1.000,2.4,4.8,.491,.494,0.5,0.6,.860,0.8,1.6,2.5,0.6,0.3,0.2,0.5,2.4,5.3,1996
2892,Rk,Player,Pos,Age,Tm,G,GS,MP,FG,FGA,FG%,3P,3PA,3P%,2P,2PA,2P%,eFG%,FT,FTA,FT%,ORB,DRB,TRB,AST,STL,BLK,TOV,PF,PTS,1996
2893,401,Robert Werdann,C,25,NJN,13,0,7.2,1.2,2.5,.500,0.0,0.0,,1.2,2.5,.500,.500,0.5,1.0,.538,0.4,1.4,1.8,0.2,0.4,0.2,0.5,1.3,3.0,1996
2894,402,David Wesley,PG,25,BOS,82,53,25.7,4.1,9.0,.459,1.4,3.3,.426,2.7,5.7,.478,.538,2.6,3.5,.753,0.8,2.4,3.2,4.8,1.2,0.1,1.9,2.5,12.3,1996
2895,403,Doug West,SG,28,MIN,73,16,22.5,2.4,5.4,.445,0.0,0.2,.077,2.4,5.2,.458,.447,1.6,2.0,.792,0.7,1.5,2.2,1.6,0.4,0.2,1.1,3.1,6.4,1996
2896,404,Mark West,C,35,DET,47,21,14.5,1.3,2.7,.484,0.0,0.0,,1.3,2.7,.484,.484,0.6,1.0,.622,1.0,1.8,2.8,0.1,0.1,0.8,0.7,2.9,3.2,1996
2897,405,Dwayne Whitfield,PF,23,TOR,8,1,15.3,1.6,3.8,.433,0.0,0.0,,1.6,3.8,.433,.433,1.8,2.8,.636,1.1,2.0,3.1,0.3,0.4,0.3,1.0,1.8,5.0,1996
2898,406,Chris Whitney,PG,24,WSB,21,0,16.0,2.1,4.7,.455,0.9,2.1,.432,1.2,2.6,.473,.551,2.0,2.1,.932,0.1,1.5,1.6,2.4,0.9,0.0,1.1,2.2,7.1,1996
2899,407,Gerald Wilkins,SG,32,VAN,28,14,26.4,2.8,7.3,.376,0.5,2.3,.219,2.3,5.0,.447,.410,0.7,0.8,.870,0.8,1.5,2.3,2.4,0.8,0.1,1.3,2.0,6.7,1996
2900,408,Buck Williams,PF,35,POR,70,10,23.9,2.7,5.5,.500,0.0,0.0,.667,2.7,5.4,.499,.503,1.8,2.7,.668,2.3,3.5,5.8,0.6,0.6,0.7,1.3,2.7,7.3,1996
2901,409,Eric Williams,SF,23,BOS,64,6,23.0,3.8,8.5,.441,0.0,0.2,.300,3.7,8.4,.444,.444,3.1,4.7,.671,1.4,2.0,3.4,1.1,0.9,0.2,1.4,2.3,10.7,1996
2902,410,Herb Williams,PF-C,37,TOT,44,2,13.0,1.4,3.5,.408,0.0,0.1,.250,1.4,3.4,.412,.411,0.3,0.5,.650,0.3,1.7,2.0,0.6,0.3,0.8,0.5,1.8,3.1,1996
2903,410,Herb Williams,C,37,TOR,1,0,31.0,3.0,8.0,.375,0.0,0.0,,3.0,8.0,.375,.375,0.0,0.0,,1.0,7.0,8.0,0.0,1.0,2.0,0.0,4.0,6.0,1996
2904,410,Herb Williams,PF,37,NYK,43,2,12.6,1.4,3.3,.410,0.0,0.1,.250,1.3,3.3,.414,.413,0.3,0.5,.650,0.3,1.6,1.9,0.6,0.3,0.7,0.5,1.7,3.1,1996
2905,411,Hot Rod Williams,C,33,PHO,62,58,26.6,2.9,6.4,.453,0.0,0.0,.000,2.9,6.4,.455,.453,1.5,2.1,.731,2.1,3.9,6.0,1.0,0.7,1.5,1.0,2.7,7.3,1996
2906,412,Jayson Williams,PF,27,NJN,80,6,23.2,3.5,8.3,.423,0.0,0.1,.286,3.5,8.2,.424,.424,2.0,3.4,.592,4.3,5.8,10.0,0.6,0.4,0.7,1.3,3.0,9.0,1996
2907,413,Lorenzo Williams,C,26,DAL,65,61,27.8,1.3,3.3,.407,0.0,0.0,.000,1.3,3.3,.408,.407,0.4,1.1,.343,3.6,4.4,8.0,1.3,0.7,1.9,1.2,3.5,3.0,1996
2908,414,Micheal Williams,PG,29,MIN,9,7,21.0,1.4,4.4,.325,0.1,0.3,.333,1.3,4.1,.324,.338,3.1,3.7,.848,0.3,2.2,2.6,3.4,0.6,0.3,2.6,4.1,6.1,1996
2909,415,Monty Williams,SF,24,TOT,31,0,5.9,0.9,2.2,.397,0.0,0.0,.000,0.9,2.2,.403,.397,0.5,0.6,.700,0.6,0.6,1.3,0.3,0.2,0.1,0.6,0.8,2.2,1996
2910,415,Monty Williams,SF,24,NYK,14,0,4.4,0.5,1.6,.318,0.0,0.0,,0.5,1.6,.318,.318,0.4,0.6,.625,0.6,0.6,1.2,0.3,0.1,0.0,0.4,0.6,1.4,1996
2911,415,Monty Williams,SF,24,SAS,17,0,7.2,1.2,2.7,.435,0.0,0.1,.000,1.2,2.6,.444,.435,0.5,0.7,.750,0.6,0.7,1.4,0.2,0.2,0.1,0.8,1.0,2.9,1996
2912,416,Reggie Williams,SF,31,DEN,52,5,15.7,1.8,4.9,.370,0.4,1.7,.225,1.4,3.2,.448,.409,0.6,0.8,.846,0.5,1.9,2.3,1.4,0.7,0.4,1.0,2.6,4.6,1996
2913,417,Scott Williams,PF,27,PHI,13,1,14.8,1.2,2.2,.517,0.0,0.2,.000,1.2,2.1,.556,.517,0.8,0.9,.833,1.0,2.5,3.5,0.4,0.5,0.5,0.6,2.1,3.1,1996
2914,418,Walt Williams,SF,25,TOT,73,73,29.7,4.9,11.1,.444,1.6,4.0,.389,3.4,7.1,.476,.515,2.2,3.2,.703,1.4,3.0,4.4,3.2,1.2,0.8,2.1,3.3,13.6,1996
2915,418,Walt Williams,SF,25,SAC,45,45,30.7,5.2,12.0,.435,1.3,3.8,.341,3.9,8.2,.478,.489,2.9,3.8,.756,1.4,3.2,4.6,3.7,1.2,0.9,2.3,3.4,14.6,1996
2916,418,Walt Williams,SF,25,MIA,28,28,28.1,4.4,9.6,.463,2.0,4.4,.455,2.4,5.2,.469,.567,1.2,2.1,.550,1.3,2.7,4.0,2.3,1.1,0.6,1.7,3.1,12.0,1996
2917,419,Corliss Williamson,SF,22,SAC,53,3,11.5,2.4,5.1,.466,0.0,0.1,.000,2.4,5.0,.472,.466,0.9,1.6,.560,1.1,1.1,2.2,0.4,0.2,0.2,1.4,2.2,5.6,1996
2918,420,Kevin Willis,PF,33,TOT,75,60,28.5,4.3,9.5,.456,0.0,0.1,.111,4.3,9.4,.461,.457,1.9,2.7,.708,2.8,5.7,8.5,0.7,0.4,0.5,2.1,3.4,10.6,1996
2919,420,Kevin Willis,PF,33,MIA,47,42,28.9,4.1,8.8,.473,0.0,0.1,.000,4.1,8.7,.479,.473,1.9,2.7,.712,2.9,6.1,8.9,0.7,0.4,0.5,2.1,3.4,10.2,1996
2920,420,Kevin Willis,PF,33,GSW,28,18,27.8,4.6,10.7,.433,0.0,0.1,.250,4.6,10.6,.436,.435,1.9,2.8,.701,2.6,5.1,7.8,0.7,0.5,0.6,2.2,3.4,11.3,1996
2921,Rk,Player,Pos,Age,Tm,G,GS,MP,FG,FGA,FG%,3P,3PA,3P%,2P,2PA,2P%,eFG%,FT,FTA,FT%,ORB,DRB,TRB,AST,STL,BLK,TOV,PF,PTS,1996
2922,421,Trevor Wilson,PF,27,PHI,6,0,13.2,1.7,3.3,.500,0.0,0.0,,1.7,3.3,.500,.500,0.5,0.7,.750,1.2,1.2,2.3,0.7,0.5,0.0,0.2,1.5,3.8,1996
2923,422,David Wingate,SG,32,SEA,60,3,11.6,1.5,3.5,.415,0.3,0.6,.441,1.2,3.0,.410,.450,0.5,0.7,.780,0.3,0.7,0.9,1.0,0.3,0.1,0.7,1.1,3.7,1996
2924,423,Dontonio Wingfield,SF,21,POR,44,2,11.1,1.4,3.6,.382,0.4,1.4,.302,0.9,2.1,.436,.443,0.6,0.8,.765,1.0,1.3,2.4,0.6,0.5,0.1,0.7,1.7,3.8,1996
2925,424,Joe Wolf,PF,31,TOT,64,8,16.6,2.1,4.1,.513,0.0,0.1,.000,2.1,4.0,.525,.513,0.3,0.5,.724,0.8,2.2,2.9,1.0,0.2,0.1,0.7,2.5,4.5,1996
2926,424,Joe Wolf,PF,31,CHH,1,0,18.0,0.0,1.0,.000,0.0,0.0,,0.0,1.0,.000,.000,0.0,0.0,,0.0,2.0,2.0,0.0,2.0,0.0,2.0,2.0,0.0,1996
2927,424,Joe Wolf,PF,31,ORL,63,8,16.6,2.1,4.2,.515,0.0,0.1,.000,2.1,4.1,.527,.515,0.3,0.5,.724,0.8,2.2,2.9,1.0,0.2,0.1,0.6,2.6,4.6,1996
2928,425,David Wood,PF,31,TOT,62,0,12.5,1.2,2.8,.431,0.3,1.0,.323,0.9,1.8,.491,.489,0.6,0.8,.760,0.8,1.7,2.5,0.5,0.3,0.2,0.4,2.4,3.4,1996
2929,425,David Wood,PF,31,GSW,21,0,4.6,0.3,0.7,.500,0.0,0.1,.333,0.3,0.5,.545,.536,0.3,0.4,.875,0.3,0.4,0.8,0.2,0.1,0.0,0.1,1.1,1.0,1996
2930,425,David Wood,PF,31,PHO,4,0,8.5,0.3,1.5,.167,0.0,0.0,,0.3,1.5,.167,.167,0.5,0.5,1.000,0.5,0.8,1.3,0.5,0.3,0.0,0.5,2.3,1.0,1996
2931,425,David Wood,PF,31,DAL,37,0,17.4,1.8,4.2,.435,0.5,1.6,.322,1.3,2.6,.505,.497,0.8,1.1,.725,1.1,2.5,3.6,0.7,0.4,0.2,0.5,3.2,4.9,1996
2932,426,Randy Woods,PG,25,DEN,8,0,9.0,0.8,2.8,.273,0.6,2.6,.238,0.1,0.1,1.000,.386,0.3,0.3,1.000,0.4,0.4,0.8,1.5,0.8,0.1,0.6,1.6,2.4,1996
2933,427,Haywoode Workman,PG,30,IND,77,4,15.1,1.3,3.4,.390,0.3,0.9,.324,1.0,2.4,.415,.434,0.7,0.9,.740,0.4,1.3,1.6,2.8,0.8,0.1,1.2,2.0,3.6,1996
2934,428,Sharone Wright,C,23,TOT,57,38,25.2,4.4,9.0,.484,0.0,0.1,.333,4.3,8.9,.485,.485,2.9,4.5,.645,2.6,3.6,6.2,0.7,0.5,0.9,1.9,2.9,11.6,1996
2935,428,Sharone Wright,C,23,PHI,46,32,24.7,4.0,8.3,.477,0.0,0.0,,4.0,8.3,.477,.477,2.5,4.0,.629,2.7,3.8,6.5,0.6,0.5,0.8,1.8,2.7,10.5,1996
2936,428,Sharone Wright,C,23,TOR,11,6,27.1,5.9,11.6,.508,0.1,0.3,.333,5.8,11.4,.512,.512,4.5,6.6,.685,2.2,3.0,5.2,1.0,0.5,0.9,2.5,3.5,16.5,1996
2937,429,George Zídek,C,22,CHH,71,21,12.5,1.5,3.5,.423,0.0,0.0,,1.5,3.5,.423,.423,1.0,1.3,.763,1.0,1.6,2.6,0.2,0.1,0.1,0.5,2.4,4.0,1996
2938,1,Mahmoud Abdul-Rauf,PG,27,SAC,75,51,28.4,5.5,12.3,.445,1.3,3.3,.382,4.2,9.0,.468,.496,1.5,1.8,.846,0.2,1.4,1.6,2.5,0.7,0.1,1.6,2.3,13.7,1997
2939,2,Shareef Abdur-Rahim,PF,20,VAN,80,71,35.0,6.9,15.2,.453,0.1,0.3,.259,6.8,14.8,.457,.456,4.8,6.5,.746,2.7,4.2,6.9,2.2,1.0,1.0,2.8,2.5,18.7,1997
2940,3,Rafael Addison,SF,32,CHH,41,3,8.7,1.2,3.0,.402,0.2,0.5,.400,1.0,2.5,.402,.434,0.5,0.7,.786,0.5,0.6,1.1,0.8,0.2,0.1,0.4,1.3,3.1,1997
2941,4,Cory Alexander,PG,23,SAS,80,6,18.2,2.4,6.1,.396,1.2,3.2,.373,1.3,3.0,.420,.492,1.2,1.6,.736,0.4,1.2,1.5,3.2,1.0,0.2,1.8,1.9,7.2,1997
2942,5,Jerome Allen,SG,24,TOT,76,1,12.4,1.0,2.9,.353,0.4,1.2,.323,0.6,1.7,.375,.421,0.6,0.9,.583,0.3,1.0,1.3,2.0,0.4,0.1,0.9,1.1,3.0,1997
2943,5,Jerome Allen,SG,24,IND,51,1,13.6,1.1,2.9,.388,0.5,1.2,.390,0.7,1.7,.386,.466,0.5,0.9,.574,0.3,1.0,1.3,2.1,0.5,0.0,1.1,1.3,3.2,1997
2944,5,Jerome Allen,SG,24,DEN,25,0,10.0,0.8,3.0,.284,0.3,1.4,.206,0.6,1.6,.350,.331,0.6,1.0,.600,0.5,0.8,1.3,1.7,0.2,0.2,0.5,0.7,2.6,1997
2945,6,Ray Allen*,SG,21,MIL,82,81,30.9,4.8,11.1,.430,1.4,3.6,.393,3.3,7.4,.448,.494,2.5,3.0,.823,1.2,2.8,4.0,2.6,0.9,0.1,1.8,2.7,13.4,1997
2946,7,Derrick Alston,C,24,ATL,2,0,5.5,0.0,2.5,.000,0.0,0.0,,0.0,2.5,.000,.000,0.0,1.0,.000,1.5,0.5,2.0,0.0,0.0,0.0,0.0,0.0,0.0,1997
2947,8,Ashraf Amaya,PF,25,WSB,31,0,4.6,0.4,1.3,.300,0.0,0.0,1.000,0.4,1.3,.282,.313,0.5,0.9,.536,0.6,1.1,1.7,0.1,0.2,0.1,0.3,0.9,1.3,1997
2948,9,Greg Anderson,C,32,SAS,82,48,20.2,1.6,3.2,.496,0.0,0.0,.000,1.6,3.2,.498,.496,0.8,1.1,.667,1.9,3.5,5.5,0.4,0.8,0.8,0.9,2.7,3.9,1997
2949,10,Kenny Anderson,PG,26,POR,82,81,37.6,5.9,13.9,.427,1.6,4.5,.361,4.3,9.4,.458,.485,4.1,5.3,.768,1.1,3.3,4.4,7.1,2.0,0.2,2.4,2.7,17.5,1997
2950,11,Nick Anderson,SG,29,ORL,63,61,34.3,4.6,11.5,.397,2.3,6.4,.353,2.3,5.1,.453,.496,0.6,1.5,.404,1.0,3.8,4.8,2.9,1.9,0.5,1.4,2.5,12.0,1997
2951,12,Shandon Anderson,SG,23,UTA,65,0,16.4,2.3,4.9,.462,0.4,0.7,.511,1.9,4.2,.454,.500,1.0,1.5,.687,0.8,2.0,2.8,0.8,0.4,0.1,1.1,1.7,5.9,1997
2952,13,Willie Anderson,SG,30,MIA,28,1,10.8,1.0,2.3,.453,0.3,0.7,.421,0.8,1.6,.467,.516,0.6,0.7,.850,0.5,1.0,1.5,1.2,0.5,0.1,0.7,1.3,3.0,1997
2953,14,Greg Anthony,PG,29,VAN,65,44,28.7,3.1,7.8,.393,1.4,3.7,.370,1.7,4.1,.413,.479,2.0,2.7,.730,0.4,2.4,2.8,6.3,2.0,0.1,2.0,1.9,9.5,1997
2954,15,B.J. Armstrong,PG,29,GSW,49,17,20.8,3.0,6.7,.453,0.5,1.8,.278,2.5,4.8,.519,.491,1.4,1.6,.861,0.1,1.4,1.5,2.6,0.5,0.0,1.1,1.1,7.9,1997
2955,16,Darrell Armstrong,PG,28,ORL,67,0,15.1,2.0,5.1,.383,0.8,2.7,.304,1.1,2.4,.470,.462,1.4,1.6,.868,0.5,0.6,1.1,2.6,0.9,0.1,1.5,1.7,6.1,1997
2956,17,Vincent Askew,SG,30,TOT,43,0,19.5,1.9,4.3,.435,0.2,0.6,.292,1.7,3.8,.457,.454,1.6,2.0,.795,0.6,1.7,2.3,2.1,0.4,0.1,1.1,2.9,5.6,1997
2957,17,Vincent Askew,SG,30,NJN,1,0,7.0,0.0,0.0,,0.0,0.0,,0.0,0.0,,,0.0,0.0,,0.0,0.0,0.0,0.0,0.0,0.0,0.0,1.0,0.0,1997
2958,17,Vincent Askew,SG,30,IND,41,0,20.0,1.9,4.5,.432,0.2,0.6,.292,1.8,3.9,.453,.451,1.7,2.1,.791,0.6,1.8,2.4,2.2,0.4,0.1,1.0,3.0,5.7,1997
2959,17,Vincent Askew,SG,30,DEN,1,0,9.0,2.0,3.0,.667,0.0,0.0,,2.0,3.0,.667,.667,2.0,2.0,1.000,0.0,0.0,0.0,0.0,0.0,0.0,4.0,0.0,6.0,1997
2960,18,Keith Askins,SF,29,MIA,78,30,22.7,1.8,4.1,.433,0.9,2.2,.401,0.9,1.9,.469,.541,0.5,0.7,.672,1.1,2.4,3.5,1.0,0.7,0.2,0.8,2.5,4.9,1997
2961,19,Stacey Augmon,SG,28,TOT,60,10,15.7,1.8,3.7,.477,0.0,0.0,,1.8,3.7,.477,.477,1.2,1.6,.711,0.8,1.5,2.3,0.9,0.7,0.3,1.1,1.5,4.7,1997
2962,19,Stacey Augmon,SG,28,DET,20,3,14.6,1.6,3.9,.403,0.0,0.0,,1.6,3.9,.403,.403,1.4,2.1,.683,0.7,1.8,2.5,0.8,0.5,0.5,1.4,1.5,4.5,1997
2963,19,Stacey Augmon,SG,28,POR,40,7,16.3,1.9,3.6,.517,0.0,0.0,,1.9,3.6,.517,.517,1.0,1.4,.732,0.8,1.4,2.2,1.0,0.8,0.2,0.9,1.5,4.7,1997
2964,20,Isaac Austin,C,27,MIA,82,17,22.9,3.9,7.8,.502,0.0,0.0,.000,3.9,7.8,.505,.502,1.8,2.8,.664,1.7,4.2,5.8,1.2,0.5,0.5,2.0,3.0,9.7,1997
2965,21,Vin Baker,PF,25,MIL,78,78,40.5,8.1,16.0,.505,0.2,0.7,.278,7.9,15.3,.515,.511,4.6,6.7,.687,3.4,6.9,10.3,2.7,1.0,1.4,3.1,3.5,21.0,1997
2966,22,Charles Barkley*,PF,33,HOU,53,53,37.9,6.3,13.1,.484,1.1,3.9,.283,5.2,9.2,.569,.526,5.4,7.8,.694,4.0,9.5,13.5,4.7,1.3,0.5,2.8,2.9,19.2,1997
2967,23,Dana Barros,PG,29,BOS,24,8,29.5,4.6,10.5,.435,1.8,4.4,.410,2.8,6.2,.453,.520,1.5,1.8,.860,0.2,1.8,2.0,3.4,1.1,0.3,1.6,1.4,12.5,1997
2968,24,Brent Barry,SG,25,LAC,59,0,18.5,2.6,6.4,.409,0.9,2.9,.324,1.7,3.5,.481,.483,1.3,1.6,.817,0.5,1.4,1.9,2.6,0.9,0.3,1.3,1.5,7.5,1997
2969,25,Jon Barry,SG,27,ATL,58,8,16.6,1.7,4.2,.407,0.8,2.1,.387,0.9,2.1,.426,.504,0.6,0.8,.804,0.4,1.3,1.7,2.0,0.9,0.1,1.0,1.0,4.9,1997
2970,26,Benoit Benjamin,C,32,TOR,4,3,11.0,1.3,3.0,.417,0.0,0.0,,1.3,3.0,.417,.417,0.8,1.0,.750,0.8,1.5,2.3,0.3,0.3,0.0,0.5,1.3,3.3,1997
2971,27,Elmer Bennett,PG,26,TOT,9,0,8.3,0.7,2.1,.316,0.3,1.0,.333,0.3,1.1,.300,.395,0.8,1.1,.700,0.0,0.4,0.4,1.2,0.4,0.0,1.1,0.8,2.4,1997
2972,27,Elmer Bennett,PG,26,HOU,4,0,4.0,0.5,1.5,.333,0.3,0.8,.333,0.3,0.8,.333,.417,1.3,1.5,.833,0.0,0.3,0.3,1.0,0.5,0.0,0.0,0.3,2.5,1997
2973,27,Elmer Bennett,PG,26,DEN,5,0,11.8,0.8,2.6,.308,0.4,1.2,.333,0.4,1.4,.286,.385,0.4,0.8,.500,0.0,0.6,0.6,1.4,0.4,0.0,2.0,1.2,2.4,1997
2974,28,Travis Best,PG,24,IND,76,46,27.2,3.6,8.2,.442,0.8,2.0,.368,2.9,6.1,.467,.488,2.0,2.6,.756,0.5,1.7,2.2,4.2,1.3,0.1,2.0,2.9,9.9,1997
2975,29,Mookie Blaylock,PG,29,ATL,78,78,39.2,6.4,14.9,.432,2.8,7.7,.366,3.6,7.1,.505,.528,1.7,2.2,.753,1.5,3.8,5.3,5.9,2.7,0.3,2.4,1.8,17.4,1997
2976,30,Corie Blount,PF,28,LAL,58,18,17.4,1.6,3.1,.514,0.0,0.1,.333,1.6,3.0,.517,.517,1.0,1.4,.675,1.9,2.8,4.8,0.6,0.4,0.4,0.9,2.1,4.2,1997
2977,31,Muggsy Bogues,PG,32,CHH,65,65,28.9,3.1,6.8,.460,0.9,2.2,.417,2.2,4.6,.482,.528,0.8,1.0,.844,0.4,1.8,2.2,7.2,1.3,0.0,1.7,1.8,8.0,1997
2978,32,Dexter Boney,SG,26,PHO,8,0,6.0,0.8,2.4,.316,0.1,0.8,.167,0.6,1.6,.385,.342,0.8,1.0,.750,0.4,0.4,0.8,0.0,0.3,0.1,0.1,0.4,2.4,1997
2979,33,Melvin Booker,PG,24,TOT,21,4,20.5,2.2,5.0,.438,0.6,1.8,.324,1.6,3.2,.500,.495,0.9,1.0,.900,0.3,1.0,1.4,2.5,0.1,0.1,1.3,1.3,5.8,1997
2980,33,Melvin Booker,PG,24,DEN,5,0,4.2,0.4,0.8,.500,0.2,0.4,.500,0.2,0.4,.500,.625,0.0,0.0,,0.0,0.2,0.2,0.6,0.0,0.0,1.4,0.0,1.0,1997
2981,33,Melvin Booker,PG,24,GSW,16,4,25.6,2.8,6.3,.436,0.7,2.2,.314,2.1,4.1,.500,.490,1.1,1.3,.900,0.4,1.3,1.8,3.1,0.2,0.1,1.3,1.8,7.3,1997
2982,34,Bruce Bowen,SF,25,MIA,1,0,1.0,0.0,0.0,,0.0,0.0,,0.0,0.0,,,0.0,0.0,,0.0,0.0,0.0,0.0,0.0,1.0,0.0,0.0,0.0,1997
2983,35,Donnie Boyce,SG,23,ATL,22,2,7.0,1.0,2.9,.333,0.1,0.7,.125,0.9,2.1,.404,.349,0.5,1.0,.500,0.3,0.4,0.7,0.6,0.5,0.2,0.7,0.8,2.5,1997
2984,36,Shawn Bradley,C,24,TOT,73,70,31.3,5.6,12.4,.449,0.0,0.1,.000,5.6,12.3,.453,.449,2.0,3.1,.654,3.0,5.3,8.4,0.7,0.5,3.4,1.8,3.2,13.2,1997
2985,36,Shawn Bradley,C,24,NJN,40,38,30.7,5.0,11.4,.436,0.0,0.1,.000,5.0,11.3,.441,.436,2.0,3.1,.664,3.0,5.2,8.1,0.5,0.6,4.0,1.6,3.1,12.0,1997
2986,36,Shawn Bradley,C,24,DAL,33,32,32.1,6.3,13.6,.461,0.0,0.1,.000,6.3,13.5,.464,.461,2.1,3.2,.642,3.1,5.5,8.7,1.0,0.5,2.7,2.1,3.5,14.6,1997
2987,37,Mark Bradtke,C,28,PHI,36,0,7.0,0.7,1.6,.431,0.0,0.0,,0.7,1.6,.431,.431,0.3,0.4,.692,0.7,1.2,1.9,0.2,0.1,0.1,0.3,0.9,1.6,1997
2988,38,Terrell Brandon,PG,26,CLE,78,78,36.8,7.4,16.8,.438,1.3,3.5,.373,6.1,13.4,.455,.476,3.4,3.8,.902,0.6,3.2,3.9,6.3,1.8,0.4,2.3,2.3,19.5,1997
2989,39,Frank Brickowski,PF,37,BOS,17,2,15.0,1.9,4.3,.438,0.4,1.2,.350,1.5,3.1,.472,.486,0.6,0.8,.714,0.4,1.6,2.0,0.9,0.3,0.2,1.1,2.5,4.8,1997
2990,40,Scott Brooks,PG,31,NYK,38,0,6.6,0.5,1.0,.487,0.1,0.3,.417,0.4,0.7,.519,.551,0.4,0.4,.933,0.2,0.3,0.5,0.8,0.6,0.0,0.4,0.9,1.5,1997
2991,Rk,Player,Pos,Age,Tm,G,GS,MP,FG,FGA,FG%,3P,3PA,3P%,2P,2PA,2P%,eFG%,FT,FTA,FT%,ORB,DRB,TRB,AST,STL,BLK,TOV,PF,PTS,1997
2992,41,Chucky Brown,SF,28,TOT,70,1,10.8,1.1,2.2,.506,0.0,0.1,.167,1.1,2.1,.520,.510,0.7,1.0,.671,0.6,1.5,2.1,0.4,0.1,0.3,0.3,1.4,2.9,1997
2993,41,Chucky Brown,SF,28,PHO,10,0,8.3,1.3,2.6,.500,0.0,0.0,,1.3,2.6,.500,.500,0.8,1.1,.727,0.3,1.3,1.6,0.4,0.0,0.2,0.4,1.4,3.4,1997
2994,41,Chucky Brown,SF,28,MIL,60,1,11.2,1.1,2.1,.508,0.0,0.1,.167,1.1,2.0,.525,.512,0.7,1.0,.661,0.6,1.6,2.2,0.4,0.2,0.3,0.3,1.4,2.8,1997
2995,42,Dee Brown,PG,28,BOS,21,2,24.9,2.9,7.9,.367,1.0,3.1,.308,2.0,4.8,.406,.428,0.9,1.0,.818,0.4,1.9,2.3,3.2,1.5,0.3,1.1,2.1,7.6,1997
2996,43,Marcus Brown,PG,22,POR,21,0,8.8,1.3,3.3,.400,0.6,1.5,.406,0.7,1.8,.395,.493,0.6,0.9,.684,0.2,0.5,0.7,1.0,0.4,0.1,0.6,1.2,3.9,1997
2997,44,Mike Brown,C,33,PHO,6,1,13.8,0.8,2.0,.417,0.0,0.0,,0.8,2.0,.417,.417,1.0,1.7,.600,1.5,2.7,4.2,0.8,0.2,0.2,0.3,1.5,2.7,1997
2998,45,P.J. Brown,PF,27,MIA,80,71,32.4,3.8,8.2,.457,0.0,0.0,.000,3.8,8.2,.459,.457,2.0,2.8,.732,3.0,5.4,8.4,1.2,1.1,1.2,1.4,3.5,9.5,1997
2999,46,Randy Brown,PG,28,CHI,72,3,14.7,1.9,4.6,.420,0.1,0.3,.182,1.9,4.3,.437,.426,0.8,1.2,.679,0.5,1.1,1.5,1.8,1.1,0.2,0.8,1.6,4.7,1997
3000,47,Kobe Bryant*,SF,18,LAL,71,6,15.5,2.5,5.9,.417,0.7,1.9,.375,1.8,4.0,.437,.477,1.9,2.3,.819,0.7,1.2,1.9,1.3,0.7,0.3,1.6,1.4,7.6,1997
3001,48,Mark Bryant,PF,31,PHO,41,18,24.8,3.7,6.7,.553,0.0,0.0,,3.7,6.7,.553,.553,1.9,2.6,.704,1.6,3.5,5.2,1.1,0.5,0.1,1.1,3.3,9.3,1997
3002,49,Jud Buechler,SF,28,CHI,76,0,9.3,0.8,2.1,.367,0.2,0.7,.333,0.5,1.4,.385,.424,0.1,0.2,.357,0.6,1.1,1.7,0.8,0.3,0.3,0.4,0.7,1.8,1997
3003,50,Matt Bullard,PF,29,HOU,71,12,14.4,1.6,4.0,.401,0.9,2.6,.366,0.7,1.4,.465,.519,0.4,0.5,.735,0.2,1.5,1.6,0.9,0.3,0.3,0.5,1.0,4.5,1997
3004,51,Scott Burrell,SF,26,TOT,57,2,16.5,1.7,4.8,.362,0.7,2.0,.353,1.0,2.7,.368,.437,1.0,1.3,.750,0.9,1.9,2.8,1.3,0.5,0.3,0.9,2.1,5.2,1997
3005,51,Scott Burrell,SF,26,CHH,28,2,17.2,1.6,4.7,.344,0.7,2.0,.345,0.9,2.7,.342,.416,1.5,1.9,.792,0.9,2.0,2.8,1.4,0.5,0.4,0.9,2.1,5.4,1997
3006,51,Scott Burrell,SF,26,GSW,29,0,15.8,1.8,4.8,.379,0.8,2.1,.361,1.1,2.7,.392,.457,0.5,0.8,.652,0.9,1.9,2.7,1.2,0.5,0.3,1.0,2.1,4.9,1997
3007,52,Willie Burton,SF,28,ATL,24,2,15.8,1.6,4.8,.336,0.5,1.9,.283,1.1,2.9,.371,.392,2.4,2.8,.838,0.5,1.3,1.7,0.5,0.3,0.1,1.1,2.3,6.2,1997
3008,53,Mitchell Butler,SG,26,POR,49,1,9.5,1.1,2.6,.416,0.2,0.8,.308,0.8,1.8,.465,.464,0.7,1.0,.640,0.4,0.7,1.1,0.6,0.3,0.0,0.6,1.1,3.0,1997
3009,54,Jason Caffey,PF,23,CHI,75,19,18.7,2.7,5.1,.532,0.0,0.0,.000,2.7,5.1,.534,.532,1.9,2.8,.659,1.8,2.2,4.0,1.2,0.3,0.1,1.3,2.0,7.3,1997
3010,55,Michael Cage,C,35,PHI,82,24,15.2,0.8,1.7,.468,0.0,0.0,,0.8,1.7,.468,.468,0.2,0.5,.463,1.4,2.5,3.9,0.5,0.6,0.5,0.2,1.4,1.8,1997
3011,56,Adrian Caldwell,PF,30,TOT,45,0,12.6,0.9,2.0,.435,0.0,0.0,.000,0.9,2.0,.444,.435,0.5,1.1,.420,1.3,2.4,3.7,0.3,0.4,0.2,0.6,1.9,2.2,1997
3012,56,Adrian Caldwell,PF,30,NJN,18,0,11.3,0.6,1.9,.286,0.0,0.1,.000,0.6,1.8,.303,.286,0.5,0.9,.529,1.1,2.0,3.1,0.3,0.4,0.1,0.7,1.5,1.6,1997
3013,56,Adrian Caldwell,PF,30,PHI,27,0,13.5,1.1,2.1,.526,0.0,0.0,,1.1,2.1,.526,.526,0.4,1.2,.364,1.4,2.7,4.1,0.3,0.3,0.3,0.6,2.2,2.7,1997
3014,57,Marcus Camby,C,22,TOR,63,38,30.1,6.0,12.3,.482,0.0,0.2,.143,5.9,12.1,.488,.483,2.9,4.2,.693,2.1,4.2,6.3,1.5,1.0,2.1,2.1,3.4,14.8,1997
3015,58,Elden Campbell,PF,28,LAL,77,77,32.7,5.7,12.2,.469,0.0,0.1,.250,5.7,12.2,.470,.470,3.4,4.8,.711,2.7,5.3,8.0,1.6,0.6,1.5,1.7,3.6,14.9,1997
3016,59,Antoine Carr,PF,35,UTA,82,0,17.8,3.1,6.4,.483,0.0,0.0,.000,3.1,6.3,.486,.483,1.2,1.5,.780,0.7,1.6,2.4,0.9,0.3,0.8,0.9,2.6,7.4,1997
3017,60,Chris Carr,SG,22,MIN,55,10,15.1,2.3,4.9,.461,0.6,1.6,.352,1.7,3.3,.514,.518,1.0,1.3,.767,0.6,1.5,2.1,0.9,0.4,0.2,0.7,1.7,6.1,1997
3018,Rk,Player,Pos,Age,Tm,G,GS,MP,FG,FGA,FG%,3P,3PA,3P%,2P,2PA,2P%,eFG%,FT,FTA,FT%,ORB,DRB,TRB,AST,STL,BLK,TOV,PF,PTS,1997
3019,61,Jimmy Carruth,PF,27,MIL,4,0,5.3,0.5,0.8,.667,0.0,0.0,,0.5,0.8,.667,.667,0.3,0.3,1.000,0.0,1.0,1.0,0.0,0.0,0.5,0.3,1.0,1.3,1997
3020,62,Sam Cassell,PG,27,TOT,61,44,28.1,5.5,12.8,.430,1.3,3.8,.351,4.2,9.0,.464,.482,3.5,4.1,.845,0.8,2.2,3.0,5.0,1.3,0.3,2.8,3.3,15.9,1997
3021,62,Sam Cassell,PG,27,PHO,22,9,24.5,4.5,11.0,.415,0.9,2.8,.306,3.7,8.1,.453,.454,4.8,5.6,.855,0.5,1.7,2.3,4.5,1.0,0.3,2.7,3.0,14.8,1997
3022,62,Sam Cassell,PG,27,DAL,16,13,24.9,4.4,10.3,.424,0.9,3.1,.306,3.4,7.3,.474,.470,2.6,3.1,.840,0.9,2.3,3.1,3.6,1.1,0.4,2.6,3.0,12.3,1997
3023,62,Sam Cassell,PG,27,NJN,23,22,33.8,7.3,16.4,.443,2.0,5.2,.392,5.2,11.2,.467,.505,2.8,3.3,.831,0.9,2.7,3.6,6.5,1.6,0.3,2.9,3.7,19.3,1997
3024,63,Duane Causwell,C,28,SAC,46,8,12.6,1.0,2.0,.511,0.0,0.1,.667,1.0,2.0,.505,.521,0.4,0.8,.541,1.2,1.5,2.8,0.4,0.3,0.8,0.7,2.8,2.6,1997
3025,64,Cedric Ceballos,SF,27,TOT,50,40,28.5,5.6,12.3,.457,0.5,2.0,.255,5.1,10.3,.497,.478,2.8,3.7,.747,2.0,4.6,6.6,1.3,0.7,0.5,1.7,2.3,14.6,1997
3026,64,Cedric Ceballos,SF,27,LAL,8,8,34.9,4.3,10.4,.410,0.6,2.6,.238,3.6,7.8,.468,.440,1.6,1.9,.867,1.4,5.3,6.6,1.9,0.6,0.8,2.1,2.4,10.8,1997
3027,64,Cedric Ceballos,SF,27,PHO,42,32,27.3,5.9,12.7,.464,0.5,1.9,.259,5.4,10.8,.501,.484,3.0,4.1,.737,2.2,4.4,6.6,1.2,0.7,0.4,1.6,2.2,15.3,1997
3028,65,Tom Chambers,PF,37,CHH,12,5,6.9,0.6,2.6,.226,0.2,0.3,.667,0.4,2.3,.179,.258,0.3,0.3,.750,0.3,0.9,1.2,0.3,0.1,0.0,0.8,1.2,1.6,1997
3029,66,Rex Chapman,SG,29,PHO,65,33,28.2,5.1,11.5,.443,1.7,4.8,.350,3.4,6.7,.510,.517,1.9,2.3,.832,0.4,2.4,2.8,2.8,0.8,0.1,1.5,1.7,13.8,1997
3030,67,Calbert Cheaney,SG,25,WSB,79,79,30.5,4.7,9.2,.505,0.1,0.4,.133,4.6,8.9,.521,.508,1.2,1.7,.693,0.9,2.5,3.4,1.4,1.0,0.2,1.2,2.9,10.6,1997
3031,68,Pete Chilcutt,PF,28,VAN,54,1,12.3,1.3,3.1,.436,0.5,1.3,.362,0.9,1.8,.490,.512,0.2,0.4,.591,1.2,1.6,2.9,0.9,0.5,0.3,0.5,1.0,3.4,1997
3032,69,Randolph Childress,PG,24,TOT,23,0,6.7,0.6,1.7,.350,0.2,0.8,.263,0.4,0.9,.429,.413,0.3,0.3,.750,0.0,0.2,0.3,0.7,0.4,0.0,0.8,0.7,1.7,1997
3033,69,Randolph Childress,PG,24,POR,19,0,6.6,0.5,1.6,.333,0.2,0.8,.188,0.4,0.7,.500,.383,0.3,0.4,.750,0.1,0.2,0.3,0.8,0.4,0.0,0.7,0.6,1.5,1997
3034,69,Randolph Childress,PG,24,DET,4,0,7.5,1.0,2.5,.400,0.5,0.8,.667,0.5,1.8,.286,.500,0.0,0.0,,0.0,0.3,0.3,0.5,0.5,0.0,1.3,1.3,2.5,1997
3035,70,Chris Childs,PG,29,NYK,65,61,31.9,3.2,7.8,.414,1.1,2.8,.387,2.2,5.1,.429,.482,1.7,2.3,.758,0.3,2.6,2.9,6.1,1.2,0.2,2.8,3.3,9.3,1997
3036,71,Doug Christie,SG,26,TOR,81,81,38.6,4.9,11.7,.417,1.8,4.7,.384,3.1,7.0,.440,.495,2.9,3.8,.775,1.0,4.3,5.3,3.9,2.5,0.6,2.5,3.0,14.5,1997
3037,72,Derrick Coleman,PF,29,PHI,57,54,36.9,6.4,14.7,.435,0.6,2.1,.269,5.8,12.6,.463,.455,4.8,6.4,.745,2.8,7.3,10.1,3.4,0.9,1.3,3.2,2.9,18.1,1997
3038,73,Bimbo Coles,PG,28,GSW,51,13,23.2,2.4,6.2,.389,0.6,2.0,.294,1.8,4.2,.434,.436,0.7,1.0,.755,0.8,1.5,2.3,2.9,0.7,0.1,1.2,1.9,6.1,1997
3039,74,Marty Conlon,C,29,BOS,74,15,21.8,2.9,6.1,.471,0.0,0.1,.200,2.9,6.0,.477,.474,1.9,2.3,.842,1.7,2.6,4.4,1.4,0.6,0.2,1.5,2.1,7.8,1997
3040,75,Tyrone Corbin,SF,34,ATL,70,65,32.9,3.6,8.6,.422,1.1,3.0,.356,2.6,5.6,.457,.483,1.2,1.5,.796,1.1,3.1,4.2,1.8,1.3,0.1,1.2,2.5,9.5,1997
3041,76,Joe Courtney,PF,27,TOT,9,0,11.1,1.2,3.3,.367,0.0,0.0,,1.2,3.3,.367,.367,0.3,0.6,.600,1.0,0.8,1.8,0.0,0.0,0.0,0.3,1.6,2.8,1997
3042,76,Joe Courtney,PF,27,PHI,4,0,13.0,1.5,3.5,.429,0.0,0.0,,1.5,3.5,.429,.429,0.0,0.0,,1.3,1.0,2.3,0.0,0.0,0.0,0.3,2.0,3.0,1997
3043,76,Joe Courtney,PF,27,SAS,5,0,9.6,1.0,3.2,.313,0.0,0.0,,1.0,3.2,.313,.313,0.6,1.0,.600,0.8,0.6,1.4,0.0,0.0,0.0,0.4,1.2,2.6,1997
3044,77,John Crotty,PG,27,MIA,48,0,13.7,1.6,3.2,.513,0.4,1.0,.408,1.2,2.2,.562,.578,1.1,1.3,.844,0.3,0.7,1.0,2.1,0.4,0.0,0.9,1.6,4.8,1997
3045,78,Terry Cummings,PF,35,SEA,45,3,18.4,3.4,7.1,.486,0.1,0.1,.600,3.4,7.0,.484,.491,1.3,1.8,.695,1.6,2.5,4.1,0.9,0.7,0.2,1.0,2.5,8.2,1997
3046,79,Earl Cureton,PF,39,TOR,9,0,5.1,0.3,0.9,.375,0.0,0.0,,0.3,0.9,.375,.375,0.1,0.3,.333,0.4,0.6,1.0,0.4,0.0,0.0,0.1,1.1,0.8,1997
3047,80,Dell Curry,SG,32,CHH,68,20,30.6,5.6,12.3,.459,1.9,4.4,.426,3.8,7.9,.478,.535,1.7,2.1,.803,0.6,2.5,3.1,1.7,0.9,0.2,1.4,2.2,14.8,1997
3048,Rk,Player,Pos,Age,Tm,G,GS,MP,FG,FGA,FG%,3P,3PA,3P%,2P,2PA,2P%,eFG%,FT,FTA,FT%,ORB,DRB,TRB,AST,STL,BLK,TOV,PF,PTS,1997
3049,81,Michael Curry,SG,28,DET,81,2,15.0,1.2,2.7,.448,0.3,1.0,.299,0.9,1.8,.528,.500,1.2,1.3,.898,0.3,1.2,1.5,0.5,0.4,0.1,0.3,1.6,3.9,1997
3050,82,Erick Dampier,C,21,IND,72,21,14.6,1.8,4.7,.390,0.0,0.0,1.000,1.8,4.7,.388,.391,1.5,2.3,.637,1.3,2.8,4.1,0.6,0.3,1.0,1.2,2.1,5.1,1997
3051,83,Lloyd Daniels,SG,29,TOT,22,0,14.1,1.6,5.4,.303,1.0,3.2,.300,0.7,2.2,.306,.391,0.2,0.3,.833,0.9,1.1,2.0,1.2,0.5,0.1,0.6,1.5,4.5,1997
3052,83,Lloyd Daniels,SG,29,SAC,5,0,5.6,0.4,3.2,.125,0.4,2.2,.182,0.0,1.0,.000,.188,0.0,0.0,,0.2,0.6,0.8,0.2,0.2,0.0,0.6,0.8,1.2,1997
3053,83,Lloyd Daniels,SG,29,NJN,17,0,16.6,2.0,6.1,.330,1.1,3.5,.322,0.9,2.6,.341,.422,0.3,0.4,.833,1.1,1.2,2.3,1.5,0.5,0.2,0.6,1.7,5.4,1997
3054,84,Sasha Danilović,SG,26,TOT,56,42,31.9,4.4,10.2,.435,1.5,4.2,.360,2.9,6.0,.488,.510,2.2,2.7,.801,0.5,1.9,2.4,1.8,1.0,0.2,2.1,2.9,12.5,1997
3055,84,Sasha Danilović,SG,26,MIA,43,33,31.4,4.1,9.2,.442,1.5,4.1,.358,2.6,5.1,.509,.521,1.7,2.2,.777,0.5,1.9,2.4,1.8,0.9,0.2,2.2,2.9,11.3,1997
3056,84,Sasha Danilović,SG,26,DAL,13,9,33.7,5.6,13.4,.420,1.7,4.6,.367,3.9,8.8,.447,.483,3.7,4.4,.842,0.6,2.0,2.6,1.9,1.2,0.1,1.7,2.8,16.6,1997
3057,85,Yinka Dare,C,24,NJN,41,2,7.6,0.5,1.3,.352,0.0,0.0,,0.5,1.3,.352,.352,0.5,0.9,.514,0.9,1.1,2.0,0.1,0.1,0.7,0.5,1.2,1.4,1997
3058,86,Antonio Davis,PF,28,IND,82,28,28.5,3.8,7.8,.480,0.0,0.2,.071,3.7,7.6,.490,.481,2.9,4.4,.666,2.3,5.0,7.3,0.8,0.5,1.0,1.7,3.2,10.5,1997
3059,87,Ben Davis,PF,24,PHO,20,0,4.9,0.5,1.3,.385,0.0,0.0,,0.5,1.3,.385,.385,0.5,1.0,.450,0.6,0.8,1.4,0.0,0.2,0.1,0.2,0.8,1.5,1997
3060,88,Dale Davis,PF,27,IND,80,76,32.4,4.6,8.6,.538,0.0,0.0,,4.6,8.6,.538,.538,1.2,2.7,.428,3.8,5.9,9.7,0.7,0.8,1.0,1.4,2.9,10.4,1997
3061,89,Emanual Davis,PG,28,HOU,13,0,17.7,1.8,4.2,.444,0.9,2.1,.444,0.9,2.1,.444,.556,0.4,0.6,.625,0.2,1.5,1.7,2.0,0.7,0.2,1.3,1.5,5.0,1997
3062,90,Hubert Davis,SG,26,TOR,36,0,17.3,2.1,5.1,.402,0.4,1.9,.229,1.6,3.2,.509,.446,0.5,0.6,.739,0.3,0.8,1.1,0.9,0.3,0.1,0.6,1.1,5.0,1997
3063,91,Mark Davis,SF,23,PHI,75,17,22.7,3.3,7.1,.469,0.3,1.2,.258,3.0,5.9,.514,.492,1.5,2.2,.673,1.8,2.5,4.3,1.8,1.1,0.4,1.6,3.1,8.5,1997
3064,92,Todd Day,SG,27,BOS,81,27,28.1,4.9,12.3,.398,1.6,4.3,.362,3.4,8.0,.418,.461,3.2,4.1,.773,1.3,2.7,4.1,1.4,1.3,0.6,1.6,2.6,14.5,1997
3065,93,Andrew DeClercq,C,23,GSW,71,1,15.0,2.0,3.8,.520,0.0,0.0,,2.0,3.8,.520,.520,1.3,2.1,.603,1.7,2.5,4.2,0.5,0.5,0.4,1.1,3.2,5.3,1997
3066,94,Terry Dehere,PG,25,LAC,73,3,14.4,2.0,5.2,.386,0.7,2.2,.325,1.3,3.1,.430,.454,1.7,2.0,.824,0.2,1.1,1.3,2.2,0.4,0.0,1.3,1.9,6.4,1997
3067,95,Vinny Del Negro,SG,30,SAS,72,53,31.2,5.1,10.8,.467,0.6,1.9,.314,4.5,8.9,.501,.496,1.6,1.8,.868,0.5,2.4,2.9,3.2,0.8,0.1,1.3,1.8,12.3,1997
3068,96,Bison Dele,C,27,CHI,9,0,15.3,2.9,7.0,.413,0.0,0.0,,2.9,7.0,.413,.413,1.2,1.7,.733,1.6,2.1,3.7,1.3,0.3,0.6,1.2,2.2,7.0,1997
3069,97,Tony Delk,PG,23,CHH,61,1,14.2,2.0,4.2,.465,0.9,1.8,.464,1.1,2.4,.465,.566,0.7,0.8,.824,0.5,1.1,1.6,1.6,0.6,0.1,1.1,1.2,5.4,1997
3070,98,Dell Demps,SG,26,ORL,2,0,5.0,0.0,1.5,.000,0.0,0.5,.000,0.0,1.0,.000,.000,1.0,1.0,1.000,0.0,0.0,0.0,0.0,0.5,0.0,0.0,0.5,1.0,1997
3071,99,Vlade Divac*,C,28,CHH,81,80,35.1,5.2,10.5,.494,0.1,0.6,.234,5.0,9.9,.509,.500,2.2,3.2,.683,3.0,6.0,9.0,3.7,1.3,2.2,2.4,3.4,12.6,1997
3072,100,Sherman Douglas,PG,30,MIL,79,79,29.3,3.9,7.7,.502,0.5,1.4,.333,3.4,6.3,.540,.533,1.4,2.2,.667,0.7,1.7,2.4,5.4,1.0,0.1,1.9,2.4,9.7,1997
3073,Rk,Player,Pos,Age,Tm,G,GS,MP,FG,FGA,FG%,3P,3PA,3P%,2P,2PA,2P%,eFG%,FT,FTA,FT%,ORB,DRB,TRB,AST,STL,BLK,TOV,PF,PTS,1997
3074,101,Greg Dreiling,C,34,DAL,40,3,9.7,0.9,1.9,.459,0.0,0.0,1.000,0.8,1.8,.452,.466,0.3,0.7,.407,0.5,1.4,1.9,0.3,0.2,0.2,0.2,1.6,2.0,1997
3075,102,Clyde Drexler*,SG,34,HOU,62,62,36.6,6.4,14.5,.442,1.9,5.4,.355,4.5,9.1,.493,.508,3.2,4.3,.750,1.9,4.1,6.0,5.7,1.9,0.6,2.5,2.4,18.0,1997
3076,103,Nate Driggers,SG,23,BOS,15,0,8.8,0.9,2.9,.302,0.0,0.6,.000,0.9,2.3,.382,.302,0.7,0.9,.714,0.8,0.7,1.5,0.4,0.2,0.1,0.4,0.7,2.4,1997
3077,104,Kevin Duckworth,C,32,LAC,26,22,14.8,1.7,4.0,.437,0.1,0.2,.750,1.6,3.8,.424,.451,0.4,0.6,.688,0.9,1.4,2.3,0.6,0.3,0.4,1.3,2.4,4.0,1997
3078,105,Chris Dudley,C,31,POR,81,14,22.7,1.6,3.6,.430,0.0,0.0,,1.6,3.6,.430,.430,0.8,1.7,.474,2.5,4.8,7.3,0.5,0.5,1.2,1.0,3.0,3.9,1997
3079,106,Joe Dumars*,SG,33,DET,79,79,37.0,4.9,11.1,.440,2.1,4.9,.432,2.8,6.2,.446,.535,2.8,3.2,.867,0.5,1.9,2.4,4.0,0.7,0.0,1.6,1.2,14.7,1997
3080,107,Tony Dumas,SG,24,TOT,24,1,11.6,1.4,4.0,.344,0.2,1.2,.143,1.2,2.8,.426,.365,0.7,1.0,.640,0.1,0.5,0.7,1.0,0.4,0.1,0.7,1.9,3.6,1997
3081,107,Tony Dumas,SG,24,DAL,18,0,12.6,1.5,4.3,.351,0.2,1.3,.125,1.3,2.9,.453,.370,0.8,1.3,.652,0.2,0.6,0.8,1.2,0.6,0.1,0.8,2.0,4.0,1997
3082,107,Tony Dumas,SG,24,PHO,6,1,8.5,1.0,3.2,.316,0.2,0.7,.250,0.8,2.5,.333,.342,0.2,0.3,.500,0.0,0.3,0.3,0.5,0.0,0.2,0.2,1.5,2.3,1997
3083,108,Acie Earl,C,26,TOT,47,0,10.6,1.4,3.8,.372,0.0,0.1,.000,1.4,3.7,.383,.372,1.1,1.8,.643,0.7,1.3,2.0,0.4,0.3,0.6,0.7,1.3,4.0,1997
3084,108,Acie Earl,C,26,TOR,38,0,12.0,1.6,4.1,.376,0.0,0.1,.000,1.6,4.0,.388,.376,1.2,1.8,.629,0.9,1.4,2.2,0.5,0.3,0.7,0.9,1.4,4.3,1997
3085,108,Acie Earl,C,26,MIL,9,0,4.8,0.9,2.6,.348,0.0,0.0,,0.9,2.6,.348,.348,1.1,1.6,.714,0.2,1.0,1.2,0.2,0.3,0.1,0.2,0.8,2.9,1997
3086,109,Tyus Edney,PG,23,SAC,70,20,19.7,2.1,5.6,.384,0.1,0.6,.190,2.0,5.0,.407,.394,2.5,3.1,.823,0.5,1.1,1.6,3.2,0.9,0.0,1.6,1.4,6.9,1997
3087,110,Blue Edwards,SF,31,VAN,61,12,23.6,3.0,7.5,.397,0.4,1.5,.281,2.6,6.0,.425,.425,1.5,1.8,.817,0.8,2.3,3.1,1.9,0.6,0.3,1.3,2.2,7.8,1997
3088,111,Kevin Edwards,PG,31,NJN,32,0,14.9,2.2,5.7,.377,0.5,1.3,.349,1.7,4.4,.386,.418,1.2,1.3,.860,0.3,1.1,1.3,1.8,0.5,0.1,1.5,1.1,5.9,1997
3089,112,Craig Ehlo,SG,35,SEA,62,0,13.7,1.4,4.0,.351,0.4,1.5,.284,1.0,2.5,.392,.405,0.2,0.4,.500,0.6,1.1,1.8,1.1,0.6,0.1,0.7,1.1,3.5,1997
3090,113,Howard Eisley,PG,24,UTA,82,0,13.2,1.7,3.8,.451,0.2,0.9,.278,1.5,2.9,.504,.484,0.9,1.1,.787,0.2,0.8,1.0,2.4,0.5,0.1,1.3,1.7,4.5,1997
3091,114,Mario Elie,SF,33,HOU,78,77,34.4,3.7,7.5,.497,1.5,3.7,.420,2.2,3.8,.572,.600,2.7,3.0,.896,0.8,2.2,3.0,4.0,1.2,0.2,1.7,2.6,11.7,1997
3092,115,Sean Elliott,SF,28,SAS,39,39,35.7,5.0,11.9,.422,1.1,3.2,.333,3.9,8.7,.456,.468,3.8,5.0,.755,1.2,3.6,4.9,3.2,0.6,0.6,2.3,2.7,14.9,1997
3093,116,Dale Ellis,SF,36,DEN,82,51,35.9,5.8,14.0,.414,2.3,6.4,.364,3.5,7.6,.457,.498,2.6,3.2,.817,1.2,2.4,3.6,2.0,0.7,0.1,1.8,2.2,16.6,1997
3094,117,LaPhonso Ellis,PF,26,DEN,55,49,36.4,8.1,18.4,.439,1.7,4.7,.367,6.4,13.7,.464,.486,4.0,5.1,.773,1.9,5.1,7.0,2.4,0.8,0.7,2.1,3.3,21.9,1997
3095,118,Pervis Ellison,PF,29,BOS,6,4,20.8,1.0,2.7,.375,0.0,0.0,,1.0,2.7,.375,.375,0.5,0.8,.600,1.5,2.8,4.3,0.7,0.8,1.5,1.2,3.5,2.5,1997
3096,119,Brian Evans,SF,23,ORL,14,0,4.2,0.6,1.6,.364,0.3,0.6,.500,0.3,1.0,.286,.455,0.0,0.0,,0.1,0.5,0.6,0.5,0.1,0.1,0.1,0.4,1.4,1997
3097,120,Patrick Ewing*,C,34,NYK,78,78,37.0,8.4,17.2,.488,0.0,0.1,.222,8.4,17.1,.490,.489,5.6,7.5,.754,2.2,8.4,10.7,2.0,0.9,2.4,3.4,3.2,22.4,1997
3098,Rk,Player,Pos,Age,Tm,G,GS,MP,FG,FGA,FG%,3P,3PA,3P%,2P,2PA,2P%,eFG%,FT,FTA,FT%,ORB,DRB,TRB,AST,STL,BLK,TOV,PF,PTS,1997
3099,121,Jamie Feick,PF-C,22,TOT,41,0,15.2,1.4,3.8,.357,0.1,0.3,.357,1.2,3.5,.357,.373,0.8,1.6,.507,2.0,3.2,5.2,0.6,0.4,0.3,0.8,1.9,3.7,1997
3100,121,Jamie Feick,C,22,CHH,3,0,3.3,0.7,1.3,.500,0.3,0.3,1.000,0.3,1.0,.333,.625,0.0,0.7,.000,0.3,0.7,1.0,0.0,0.0,0.3,0.0,1.0,1.7,1997
3101,121,Jamie Feick,PF,22,SAS,38,0,16.2,1.4,4.0,.353,0.1,0.3,.308,1.3,3.7,.357,.366,0.9,1.7,.523,2.1,3.4,5.6,0.7,0.4,0.3,0.8,2.0,3.8,1997
3102,122,Duane Ferrell,SF,31,IND,62,18,18.0,2.6,5.4,.472,0.3,0.7,.409,2.3,4.7,.481,.499,0.9,1.5,.617,0.9,1.4,2.3,1.1,0.6,0.1,0.9,1.9,6.4,1997
3103,123,Danny Ferry,PF,30,CLE,82,48,32.1,4.2,9.7,.429,1.4,3.5,.401,2.8,6.2,.445,.501,0.9,1.1,.851,1.0,3.1,4.1,1.8,0.7,0.4,1.1,3.0,10.6,1997
3104,124,Michael Finley,SF,23,TOT,83,54,33.6,5.7,12.9,.444,1.2,3.4,.361,4.5,9.5,.473,.491,2.4,3.0,.808,1.1,3.4,4.5,2.7,0.8,0.3,2.0,1.7,15.0,1997
3105,124,Michael Finley,SF,23,PHO,27,18,29.5,5.2,11.0,.475,0.5,2.0,.255,4.7,9.0,.525,.498,2.1,2.6,.812,1.3,3.2,4.4,2.5,0.7,0.1,1.6,1.6,13.0,1997
3106,124,Michael Finley,SF,23,DAL,56,36,35.6,6.0,13.8,.432,1.6,4.0,.387,4.4,9.8,.450,.488,2.5,3.1,.807,1.0,3.5,4.5,2.8,0.9,0.4,2.1,1.7,16.0,1997
3107,125,Matt Fish,C,27,TOT,6,0,1.3,0.2,0.5,.333,0.0,0.0,,0.2,0.5,.333,.333,0.0,0.0,,0.2,0.7,0.8,0.0,0.0,0.0,0.3,0.3,0.3,1997
3108,125,Matt Fish,C,27,WSB,5,0,1.4,0.2,0.6,.333,0.0,0.0,,0.2,0.6,.333,.333,0.0,0.0,,0.2,0.8,1.0,0.0,0.0,0.0,0.4,0.4,0.4,1997
3109,125,Matt Fish,C,27,MIA,1,0,1.0,0.0,0.0,,0.0,0.0,,0.0,0.0,,,0.0,0.0,,0.0,0.0,0.0,0.0,0.0,0.0,0.0,0.0,0.0,1997
3110,126,Derek Fisher,PG,22,LAL,80,3,11.5,1.3,3.3,.397,0.3,0.9,.301,1.0,2.4,.434,.439,1.0,1.5,.658,0.3,0.9,1.2,1.5,0.5,0.1,0.9,1.1,3.9,1997
3111,127,Greg Foster,C,28,UTA,79,12,11.6,1.4,3.1,.453,0.0,0.0,.667,1.4,3.1,.450,.457,0.7,0.8,.831,0.7,1.7,2.4,0.4,0.1,0.3,0.7,1.8,3.5,1997
3112,128,Rick Fox,SF,27,BOS,76,75,34.9,5.7,12.5,.456,1.3,3.7,.363,4.4,8.8,.494,.509,2.7,3.5,.787,1.5,3.7,5.2,3.8,2.2,0.5,2.3,3.7,15.4,1997
3113,129,Todd Fuller,C,22,GSW,75,18,12.7,1.5,3.5,.429,0.0,0.0,,1.5,3.5,.429,.429,1.0,1.5,.691,1.4,1.9,3.3,0.3,0.1,0.3,0.7,1.9,4.1,1997
3114,130,Kevin Gamble,SF,31,SAC,62,2,15.4,2.0,4.6,.430,0.9,1.8,.482,1.1,2.8,.397,.524,0.1,0.2,.700,0.2,1.5,1.7,1.2,0.3,0.3,0.4,1.2,5.0,1997
3115,131,Kevin Garnett*,SF,20,MIN,77,77,38.9,7.1,14.3,.499,0.1,0.3,.286,7.1,14.0,.503,.502,2.7,3.5,.754,2.5,5.6,8.0,3.1,1.4,2.1,2.3,2.6,17.0,1997
3116,132,Dean Garrett,C,30,MIN,68,47,24.5,3.3,5.7,.573,0.0,0.0,,3.3,5.7,.573,.573,1.4,2.0,.696,2.2,5.1,7.3,0.6,0.6,1.4,0.5,2.3,8.0,1997
3117,133,Chris Gatling,PF,29,TOT,47,1,27.3,7.0,13.3,.525,0.0,0.1,.167,6.9,13.1,.528,.526,5.0,7.0,.717,2.9,5.0,7.9,0.6,0.8,0.7,2.6,2.9,19.0,1997
3118,133,Chris Gatling,PF,29,DAL,44,1,27.1,7.0,13.2,.533,0.0,0.1,.167,7.0,13.0,.537,.534,5.0,7.1,.706,2.9,5.0,7.9,0.6,0.8,0.7,2.6,2.8,19.1,1997
3119,133,Chris Gatling,PF,29,NJN,3,0,30.7,6.0,14.3,.419,0.0,0.0,,6.0,14.3,.419,.419,5.0,5.3,.938,2.7,4.7,7.3,1.0,1.3,0.0,2.0,4.3,17.0,1997
3120,134,Reggie Geary,PG,23,CLE,39,0,6.3,0.6,1.5,.379,0.2,0.5,.381,0.4,0.9,.378,.448,0.1,0.3,.455,0.1,0.3,0.4,0.9,0.3,0.1,0.4,0.9,1.5,1997
3121,135,Matt Geiger,C,27,CHH,49,13,21.3,3.5,7.1,.489,0.1,0.4,.300,3.4,6.7,.500,.497,1.8,2.6,.701,2.0,3.2,5.3,0.8,0.4,0.6,1.4,3.1,8.9,1997
3122,136,Kendall Gill,SF,28,NJN,82,81,39.0,7.9,17.7,.443,0.9,2.7,.336,7.0,15.0,.462,.469,5.2,6.5,.797,2.2,3.9,6.1,4.0,1.9,0.6,2.7,2.7,21.8,1997
3123,137,Armen Gilliam,PF,32,MIL,80,25,25.6,3.1,6.5,.471,0.0,0.0,,3.1,6.5,.471,.471,2.5,3.2,.768,1.7,4.5,6.2,0.7,0.8,0.5,1.3,2.6,8.6,1997
3124,138,Anthony Goldwire,PG,25,TOT,60,30,19.8,2.2,5.5,.397,1.1,2.6,.418,1.1,3.0,.379,.494,1.0,1.3,.782,0.2,1.2,1.4,3.7,0.6,0.0,1.3,1.7,6.5,1997
3125,138,Anthony Goldwire,PG,25,CHH,33,9,17.5,1.9,4.7,.403,1.1,2.5,.439,0.8,2.2,.361,.519,0.9,1.2,.750,0.1,1.1,1.2,2.8,0.6,0.0,1.2,1.8,5.8,1997
3126,138,Anthony Goldwire,PG,25,DEN,27,21,22.7,2.6,6.5,.392,1.0,2.6,.394,1.5,3.9,.390,.472,1.1,1.4,.816,0.3,1.4,1.7,4.6,0.5,0.0,1.3,1.7,7.3,1997
3127,139,Greg Graham,SG,26,SEA,28,0,7.0,1.0,2.9,.363,0.3,1.1,.290,0.7,1.8,.408,.419,0.9,1.4,.650,0.1,0.4,0.5,0.4,0.4,0.0,0.4,0.4,3.3,1997
3128,140,Brian Grant,PF,24,SAC,24,15,25.3,3.8,8.6,.440,0.0,0.0,,3.8,8.6,.440,.440,2.9,3.8,.778,2.0,3.9,5.9,1.2,0.8,1.0,1.8,3.1,10.5,1997
3129,Rk,Player,Pos,Age,Tm,G,GS,MP,FG,FGA,FG%,3P,3PA,3P%,2P,2PA,2P%,eFG%,FT,FTA,FT%,ORB,DRB,TRB,AST,STL,BLK,TOV,PF,PTS,1997
3130,141,Gary Grant,PG,31,MIA,28,0,13.0,1.4,3.9,.355,0.5,1.6,.304,0.9,2.3,.391,.418,0.6,0.8,.818,0.3,1.1,1.4,1.6,0.6,0.0,1.0,1.4,3.9,1997
3131,142,Harvey Grant,PF,31,WSB,78,25,20.6,1.7,4.0,.411,0.4,1.1,.315,1.3,2.9,.449,.455,0.4,0.5,.769,0.8,2.5,3.3,0.9,0.6,0.6,0.4,2.1,4.1,1997
3132,143,Horace Grant,PF,31,ORL,67,67,37.3,5.3,10.4,.515,0.0,0.1,.167,5.3,10.3,.518,.516,1.9,2.7,.715,3.1,5.9,9.0,2.4,1.5,1.0,1.5,2.3,12.6,1997
3133,144,Devin Gray,PF,24,TOT,6,0,8.2,1.3,4.3,.308,0.0,0.0,,1.3,4.3,.308,.308,0.3,0.8,.400,1.0,1.3,2.3,0.3,0.7,0.0,0.8,1.8,3.0,1997
3134,144,Devin Gray,PF,24,SAC,3,0,8.3,1.0,3.7,.273,0.0,0.0,,1.0,3.7,.273,.273,0.7,1.3,.500,1.0,2.0,3.0,0.7,1.0,0.0,0.0,1.0,2.7,1997
3135,144,Devin Gray,PF,24,SAS,3,0,8.0,1.7,5.0,.333,0.0,0.0,,1.7,5.0,.333,.333,0.0,0.3,.000,1.0,0.7,1.7,0.0,0.3,0.0,1.7,2.7,3.3,1997
3136,145,Evric Gray,SF,27,NJN,5,0,8.4,0.8,3.0,.267,0.2,0.8,.250,0.6,2.2,.273,.300,0.8,0.8,1.000,0.2,0.4,0.6,0.4,0.2,0.0,0.6,1.0,2.6,1997
3137,146,Jeff Grayer,SG,31,SAC,25,0,12.6,1.5,3.3,.458,0.2,0.4,.364,1.4,2.9,.472,.482,0.4,0.8,.550,0.8,0.7,1.5,1.0,0.3,0.3,0.6,1.7,3.6,1997
3138,147,A.C. Green,PF,33,TOT,83,73,30.0,2.8,5.8,.483,0.0,0.2,.050,2.8,5.6,.502,.485,1.5,2.4,.650,2.7,5.2,7.9,0.8,0.8,0.2,0.9,1.7,7.2,1997
3139,147,A.C. Green,PF,33,PHO,27,19,20.3,2.3,4.7,.477,0.0,0.1,.000,2.3,4.6,.488,.477,1.1,1.8,.646,1.2,3.9,5.1,0.6,0.7,0.0,0.7,1.3,5.7,1997
3140,147,A.C. Green,PF,33,DAL,56,54,34.7,3.1,6.4,.486,0.0,0.3,.059,3.1,6.1,.507,.487,1.7,2.7,.651,3.4,5.9,9.3,0.9,0.9,0.3,1.0,2.0,7.9,1997
3141,148,Litterial Green,PG,26,DET,45,0,6.9,0.7,1.4,.469,0.0,0.2,.000,0.7,1.2,.556,.469,0.7,1.0,.638,0.1,0.4,0.5,0.9,0.4,0.0,0.3,0.6,2.0,1997
3142,149,Tom Gugliotta,PF,27,MIN,81,81,38.7,7.3,16.5,.442,0.3,1.1,.258,7.0,15.4,.456,.451,5.7,7.0,.820,2.3,6.4,8.7,4.1,1.6,1.1,3.6,2.9,20.6,1997
3143,150,Jack Haley,C,33,NJN,20,0,3.7,0.7,1.9,.351,0.0,0.0,,0.7,1.9,.351,.351,0.7,1.0,.737,0.7,1.0,1.6,0.3,0.1,0.1,0.1,0.7,2.0,1997
3144,151,Darvin Ham,SF,23,TOT,36,3,8.8,0.9,1.7,.532,0.0,0.0,,0.9,1.7,.532,.532,0.5,1.0,.486,0.8,0.8,1.6,0.4,0.3,0.2,0.6,1.6,2.3,1997
3145,151,Darvin Ham,SF,23,DEN,35,3,8.9,0.9,1.7,.525,0.0,0.0,,0.9,1.7,.525,.525,0.5,0.9,.485,0.8,0.8,1.6,0.4,0.2,0.2,0.6,1.6,2.3,1997
3146,151,Darvin Ham,SF,23,IND,1,0,5.0,1.0,1.0,1.000,0.0,0.0,,1.0,1.0,1.000,1.000,1.0,2.0,.500,0.0,0.0,0.0,0.0,1.0,0.0,1.0,0.0,3.0,1997
3147,152,Steve Hamer,C,23,BOS,35,3,7.7,0.9,1.6,.526,0.0,0.1,.000,0.9,1.6,.545,.526,0.5,0.8,.552,0.5,1.2,1.7,0.2,0.1,0.1,0.4,1.1,2.2,1997
3148,153,Tom Hammonds,PF,29,DEN,81,8,21.7,2.4,4.9,.480,0.0,0.0,.000,2.4,4.9,.482,.480,1.5,2.1,.721,1.7,3.3,5.0,0.8,0.2,0.3,1.1,2.5,6.2,1997
3149,154,Darrin Hancock,SF,25,TOT,24,0,5.5,0.7,1.5,.457,0.0,0.0,,0.7,1.5,.457,.457,0.4,0.6,.714,0.2,0.6,0.8,0.5,0.4,0.0,0.5,0.6,1.8,1997
3150,154,Darrin Hancock,SF,25,MIL,9,0,4.3,0.2,0.7,.333,0.0,0.0,,0.2,0.7,.333,.333,0.0,0.0,,0.1,0.4,0.6,0.4,0.2,0.0,0.4,0.8,0.4,1997
3151,154,Darrin Hancock,SF,25,ATL,14,0,6.1,0.9,1.9,.481,0.0,0.0,,0.9,1.9,.481,.481,0.6,0.9,.667,0.2,0.7,0.9,0.5,0.5,0.1,0.5,0.4,2.4,1997
3152,154,Darrin Hancock,SF,25,SAS,1,0,8.0,1.0,2.0,.500,0.0,0.0,,1.0,2.0,.500,.500,2.0,2.0,1.000,0.0,0.0,0.0,1.0,0.0,0.0,0.0,2.0,4.0,1997
3153,155,Anfernee Hardaway,PG,25,ORL,59,59,37.6,7.1,15.9,.447,1.4,4.5,.318,5.7,11.4,.499,.493,4.8,5.8,.820,1.4,3.1,4.5,5.6,1.6,0.6,2.5,2.1,20.5,1997
3154,156,Tim Hardaway*,PG,30,MIA,81,81,38.7,7.1,17.1,.415,2.5,7.3,.344,4.6,9.8,.469,.489,3.6,4.5,.799,0.6,2.8,3.4,8.6,1.9,0.1,2.8,2.0,20.3,1997
3155,157,Derek Harper,PG,35,DAL,75,29,29.5,4.0,9.0,.444,0.8,2.3,.341,3.2,6.6,.480,.488,1.3,1.7,.742,0.4,1.4,1.8,4.3,1.2,0.2,1.8,1.9,10.0,1997
3156,158,Ron Harper,PG,33,CHI,76,74,22.9,2.3,5.3,.436,0.9,2.5,.362,1.4,2.9,.500,.520,0.8,1.1,.707,0.6,1.9,2.5,2.5,1.1,0.5,0.7,1.8,6.3,1997
3157,159,Othella Harrington,PF,23,HOU,57,1,15.1,2.0,3.6,.549,0.0,0.1,.000,2.0,3.5,.557,.549,0.9,1.4,.605,1.3,2.2,3.5,0.3,0.2,0.4,1.0,2.0,4.8,1997
3158,160,Lucious Harris,SG,26,PHI,54,3,15.1,2.1,5.4,.381,0.7,1.8,.364,1.4,3.6,.390,.442,0.6,0.9,.702,0.5,0.8,1.3,0.9,0.8,0.1,0.6,0.8,5.4,1997
3159,Rk,Player,Pos,Age,Tm,G,GS,MP,FG,FGA,FG%,3P,3PA,3P%,2P,2PA,2P%,eFG%,FT,FTA,FT%,ORB,DRB,TRB,AST,STL,BLK,TOV,PF,PTS,1997
3160,161,Antonio Harvey,PF,26,SEA,6,0,4.3,0.8,1.8,.455,0.0,0.0,,0.8,1.8,.455,.455,0.8,1.0,.833,0.3,1.3,1.7,0.2,0.0,0.7,0.2,1.3,2.5,1997
3161,162,Hersey Hawkins,SG,30,SEA,82,82,33.6,4.5,9.7,.464,1.7,4.3,.403,2.8,5.4,.514,.554,3.1,3.6,.875,1.1,2.8,3.9,3.0,1.9,0.1,1.6,1.8,13.9,1997
3162,163,Michael Hawkins,PG,24,BOS,29,0,11.2,1.0,2.3,.426,0.3,1.1,.323,0.7,1.3,.514,.500,0.4,0.5,.800,0.3,0.8,1.1,2.2,0.6,0.0,1.0,1.4,2.8,1997
3163,164,Shane Heal,PG,26,MIN,43,0,5.5,0.6,2.3,.268,0.5,1.5,.308,0.1,0.7,.188,.371,0.1,0.1,.600,0.0,0.4,0.4,0.8,0.1,0.1,0.4,0.5,1.7,1997
3164,165,Alan Henderson,PF,24,ATL,30,0,16.7,2.6,5.4,.475,0.0,0.0,,2.6,5.4,.475,.475,1.5,2.5,.600,1.6,2.3,3.9,0.8,0.7,0.2,1.0,2.4,6.6,1997
3165,166,Mark Hendrickson,PF,22,PHI,29,1,10.4,1.1,2.7,.416,0.1,0.4,.250,1.0,2.2,.446,.435,0.6,0.9,.692,1.2,2.0,3.2,0.1,0.3,0.1,0.5,1.1,2.9,1997
3166,167,Carl Herrera,PF,30,SAS,75,58,24.5,3.4,7.9,.433,0.0,0.1,.333,3.4,7.8,.434,.435,1.1,1.6,.686,1.6,3.0,4.5,0.7,0.8,0.7,1.3,2.9,8.0,1997
3167,168,Grant Hill*,SF,24,DET,80,80,39.3,7.8,15.7,.496,0.1,0.4,.303,7.7,15.3,.502,.500,5.6,7.9,.711,1.5,7.5,9.0,7.3,1.8,0.6,3.2,2.3,21.4,1997
3168,169,Tyrone Hill,C,28,CLE,74,70,34.9,4.8,8.0,.600,0.0,0.0,.000,4.8,8.0,.601,.600,3.3,5.1,.633,3.5,6.4,9.9,1.2,0.9,0.4,2.0,3.6,12.9,1997
3169,170,Fred Hoiberg,SG,24,IND,47,0,12.2,1.4,3.3,.429,0.6,1.5,.414,0.8,1.8,.442,.522,1.3,1.6,.792,0.3,1.4,1.7,0.9,0.6,0.1,0.5,1.1,4.8,1997
3170,171,Jeff Hornacek,SG,33,UTA,82,82,31.6,5.0,10.4,.482,0.9,2.4,.369,4.2,8.1,.516,.525,3.6,4.0,.899,0.7,2.2,2.9,4.4,1.5,0.3,1.6,2.3,14.5,1997
3171,172,Robert Horry,SF,26,TOT,54,29,25.8,2.9,6.7,.436,0.9,2.9,.318,2.0,3.8,.524,.504,1.1,1.7,.667,1.3,3.1,4.4,2.0,1.2,1.0,1.3,2.8,7.8,1997
3172,172,Robert Horry,SF,26,PHO,32,15,22.5,2.6,6.1,.421,0.8,2.4,.308,1.8,3.7,.496,.482,1.0,1.6,.640,1.3,2.5,3.7,1.7,0.9,0.8,1.4,2.5,6.9,1997
3173,172,Robert Horry,SF,26,LAL,22,14,30.7,3.4,7.5,.455,1.1,3.5,.329,2.3,4.0,.562,.530,1.3,1.8,.700,1.3,4.1,5.4,2.5,1.7,1.3,1.2,3.3,9.2,1997
3174,173,Allan Houston,SG,25,NYK,81,81,33.1,5.4,12.7,.423,1.8,4.7,.385,3.6,8.0,.446,.495,2.2,2.7,.803,0.5,2.4,3.0,2.2,0.5,0.2,2.1,2.9,14.8,1997
3175,174,Juwan Howard,SF,23,WSB,82,82,40.5,7.8,16.0,.486,0.0,0.0,.000,7.8,16.0,.487,.486,3.6,4.7,.756,2.5,5.5,8.0,3.8,1.1,0.3,3.0,3.2,19.1,1997
3176,175,Stephen Howard,SF,26,TOT,49,0,8.5,1.3,2.2,.574,0.0,0.0,,1.3,2.2,.574,.574,1.1,1.7,.642,0.6,1.1,1.7,0.2,0.4,0.2,0.5,1.3,3.6,1997
3177,175,Stephen Howard,SF,26,SAS,7,0,9.9,1.0,1.7,.583,0.0,0.0,,1.0,1.7,.583,.583,1.7,2.0,.857,0.6,0.7,1.3,0.1,1.1,0.3,0.7,1.0,3.7,1997
3178,175,Stephen Howard,SF,26,UTA,42,0,8.3,1.3,2.3,.573,0.0,0.0,,1.3,2.3,.573,.573,1.0,1.6,.597,0.6,1.2,1.8,0.2,0.3,0.2,0.5,1.3,3.6,1997
3179,176,Lindsey Hunter,PG,26,DET,82,76,36.9,5.1,12.7,.404,2.0,5.7,.355,3.1,7.0,.444,.484,1.9,2.5,.778,0.7,2.1,2.8,1.9,1.6,0.3,1.2,2.5,14.2,1997
3180,177,Bobby Hurley,PG,25,SAC,49,12,12.9,0.9,2.6,.368,0.3,0.9,.311,0.7,1.6,.400,.424,0.8,1.1,.698,0.2,0.6,0.8,3.0,0.6,0.1,1.1,1.1,2.9,1997
3181,178,Allen Iverson*,PG,21,PHI,76,74,40.1,8.2,19.8,.416,2.0,6.0,.341,6.2,13.8,.448,.467,5.0,7.2,.702,1.5,2.6,4.1,7.5,2.1,0.3,4.4,3.1,23.5,1997
3182,179,Jaren Jackson,SG,29,WSB,75,0,15.1,1.8,4.4,.407,0.7,2.1,.335,1.1,2.3,.474,.488,0.7,0.9,.768,0.4,1.3,1.8,0.9,0.6,0.2,0.8,1.7,5.0,1997
3183,180,Jim Jackson,SG-SF,26,TOT,77,77,36.8,5.8,13.4,.431,1.1,3.2,.348,4.6,10.2,.458,.473,3.3,4.0,.813,1.7,3.6,5.3,4.1,1.1,0.4,2.7,2.5,15.9,1997
3184,180,Jim Jackson,SG,26,DAL,46,46,36.4,5.7,12.8,.442,1.0,3.0,.331,4.7,9.8,.477,.481,3.2,4.1,.787,1.8,3.2,4.9,3.4,1.2,0.3,2.3,2.5,15.5,1997
3185,180,Jim Jackson,SF,26,NJN,31,31,37.3,5.9,14.2,.417,1.3,3.5,.370,4.6,10.7,.432,.463,3.4,3.9,.852,1.6,4.3,5.9,5.2,0.9,0.5,3.3,2.6,16.5,1997
3186,Rk,Player,Pos,Age,Tm,G,GS,MP,FG,FGA,FG%,3P,3PA,3P%,2P,2PA,2P%,eFG%,FT,FTA,FT%,ORB,DRB,TRB,AST,STL,BLK,TOV,PF,PTS,1997
3187,181,Mark Jackson,PG,31,TOT,82,82,37.2,3.5,8.3,.426,0.8,2.2,.371,2.7,6.1,.445,.474,2.0,2.6,.789,1.1,3.7,4.8,11.4,1.2,0.1,3.3,2.0,9.9,1997
3188,181,Mark Jackson,PG,31,DEN,52,52,38.5,3.7,8.7,.425,0.9,2.3,.397,2.8,6.4,.435,.478,2.1,2.6,.801,1.4,3.8,5.2,12.3,1.0,0.2,3.3,2.0,10.4,1997
3189,181,Mark Jackson,PG,31,IND,30,30,35.1,3.2,7.6,.427,0.6,1.9,.316,2.6,5.7,.465,.467,2.0,2.6,.766,0.7,3.5,4.1,9.8,1.5,0.1,3.4,1.9,9.0,1997
3190,182,Henry James,PF,31,ATL,53,15,17.8,2.4,5.8,.408,1.4,3.4,.420,0.9,2.4,.392,.533,0.6,0.7,.833,0.5,1.0,1.5,0.4,0.2,0.0,0.5,1.8,6.7,1997
3191,183,Chris Jent,SF,27,NYK,3,0,3.3,0.7,2.0,.333,0.7,1.0,.667,0.0,1.0,.000,.500,0.0,0.0,,0.3,0.0,0.3,0.3,0.0,0.0,0.0,0.7,2.0,1997
3192,184,Avery Johnson,PG,31,SAS,76,76,32.5,4.3,9.0,.477,0.1,0.3,.231,4.2,8.7,.487,.482,1.8,2.7,.690,0.4,1.5,1.9,6.8,1.3,0.2,1.9,2.1,10.5,1997
3193,185,Eddie Johnson,SF,37,TOT,52,2,17.6,3.1,7.0,.442,0.9,2.5,.374,2.1,4.4,.481,.510,1.1,1.3,.809,0.5,2.1,2.7,1.0,0.3,0.0,0.9,1.6,8.2,1997
3194,185,Eddie Johnson,SF,37,IND,28,0,10.9,2.1,4.9,.434,0.3,1.0,.321,1.8,3.9,.463,.467,0.7,1.0,.741,0.1,1.3,1.4,0.6,0.2,0.0,0.6,1.2,5.3,1997
3195,185,Eddie Johnson,SF,37,HOU,24,2,25.3,4.2,9.4,.447,1.7,4.3,.388,2.5,5.1,.496,.535,1.5,1.7,.854,1.0,3.1,4.1,1.5,0.4,0.0,1.3,2.0,11.5,1997
3196,186,Ervin Johnson,C,29,DEN,82,82,31.7,3.0,5.7,.520,0.0,0.0,.000,3.0,5.7,.523,.520,1.2,1.9,.615,2.8,8.3,11.1,0.9,0.8,2.8,1.4,3.5,7.1,1997
3197,187,Kevin Johnson,PG,30,PHO,70,70,38.0,6.3,12.7,.496,1.3,2.9,.441,5.0,9.8,.512,.546,6.3,7.4,.852,0.8,2.8,3.6,9.3,1.5,0.2,3.1,2.0,20.1,1997
3198,188,Larry Johnson,SF,27,NYK,76,76,34.4,4.9,9.7,.512,0.4,1.4,.324,4.5,8.3,.543,.535,2.5,3.6,.693,2.2,3.0,5.2,2.3,0.8,0.5,1.8,3.3,12.8,1997
3199,189,Charles Jones,PF,39,HOU,12,0,7.8,0.2,0.4,.400,0.0,0.0,,0.2,0.4,.400,.400,0.0,0.0,,0.4,0.7,1.1,0.3,0.2,0.3,0.0,0.7,0.3,1997
3200,190,Eddie Jones,SG,25,LAL,80,80,37.5,5.9,13.5,.438,1.9,4.9,.391,4.0,8.7,.464,.508,3.5,4.2,.819,1.1,3.0,4.1,3.4,2.4,0.6,2.1,2.8,17.2,1997
3201,191,Popeye Jones,PF,26,TOR,79,61,30.6,3.3,6.8,.480,0.0,0.2,.077,3.3,6.6,.490,.481,1.3,1.5,.818,3.4,5.2,8.6,1.1,0.7,0.5,1.5,3.4,7.8,1997
3202,192,Michael Jordan*,SG,33,CHI,82,82,37.9,11.2,23.1,.486,1.4,3.6,.374,9.9,19.5,.507,.516,5.9,7.0,.833,1.4,4.5,5.9,4.3,1.7,0.5,2.0,1.9,29.6,1997
3203,193,Reggie Jordan,SG,29,TOT,19,0,6.8,0.8,1.4,.615,0.0,0.0,,0.8,1.4,.615,.615,0.4,0.9,.471,0.6,0.8,1.4,0.6,0.4,0.2,0.4,0.8,2.1,1997
3204,193,Reggie Jordan,SG,29,POR,9,0,11.0,0.9,1.8,.500,0.0,0.0,,0.9,1.8,.500,.500,0.4,1.1,.400,1.2,1.3,2.6,1.2,0.6,0.3,0.7,1.4,2.2,1997
3205,193,Reggie Jordan,SG,29,MIN,10,0,3.1,0.8,1.0,.800,0.0,0.0,,0.8,1.0,.800,.800,0.4,0.7,.571,0.0,0.4,0.4,0.1,0.2,0.0,0.2,0.2,2.0,1997
3206,194,Adam Keefe,C,26,UTA,62,0,14.8,1.3,2.6,.513,0.0,0.0,.000,1.3,2.6,.516,.513,1.1,1.7,.689,1.2,2.3,3.5,0.5,0.5,0.2,0.7,1.6,3.8,1997
3207,195,Shawn Kemp,PF,27,SEA,81,75,34.0,6.5,12.7,.510,0.1,0.4,.364,6.3,12.3,.515,.516,5.6,7.5,.742,3.4,6.6,10.0,1.9,1.5,1.0,3.5,4.0,18.7,1997
3208,196,Tim Kempton,PF,33,SAS,10,0,5.9,0.1,0.5,.200,0.0,0.0,,0.1,0.5,.200,.200,0.2,0.2,1.000,0.3,0.5,0.8,0.2,0.1,0.1,0.7,0.4,0.4,1997
3209,197,Steve Kerr,PG,31,CHI,82,0,22.7,3.0,5.7,.533,1.3,2.9,.464,1.7,2.8,.604,.651,0.7,0.8,.806,0.4,1.2,1.6,2.1,0.8,0.0,0.5,1.2,8.1,1997
3210,198,Jerome Kersey,SF,34,LAL,70,44,25.2,2.8,6.4,.432,0.2,0.9,.262,2.5,5.5,.461,.451,1.0,1.7,.602,1.6,3.6,5.2,1.3,1.7,0.7,1.1,3.1,6.8,1997
3211,199,Jason Kidd*,PG,23,TOT,55,45,35.7,3.9,9.6,.403,1.1,3.0,.370,2.8,6.6,.418,.460,2.0,3.0,.679,1.2,3.4,4.5,9.0,2.3,0.4,2.6,2.1,10.9,1997
3212,199,Jason Kidd*,PG,23,DAL,22,22,36.0,3.4,9.2,.369,1.0,3.0,.323,2.5,6.3,.391,.421,2.1,3.1,.667,1.4,2.7,4.1,9.1,2.0,0.4,3.0,1.9,9.9,1997
3213,199,Jason Kidd*,PG,23,PHO,33,23,35.5,4.2,9.9,.423,1.2,3.0,.400,3.0,6.8,.434,.485,2.0,2.9,.688,1.0,3.8,4.8,9.0,2.4,0.4,2.3,2.2,11.6,1997
3214,200,Frankie King,SG,24,PHI,7,0,8.4,1.0,2.4,.412,0.1,0.3,.500,0.9,2.1,.400,.441,0.7,0.7,1.000,0.6,1.4,2.0,0.7,0.6,0.0,0.4,1.0,2.9,1997
3215,Rk,Player,Pos,Age,Tm,G,GS,MP,FG,FGA,FG%,3P,3PA,3P%,2P,2PA,2P%,eFG%,FT,FTA,FT%,ORB,DRB,TRB,AST,STL,BLK,TOV,PF,PTS,1997
3216,201,Jimmy King,SG,23,DEN,2,0,11.0,1.0,3.0,.333,0.0,0.0,,1.0,3.0,.333,.333,1.0,2.0,.500,1.0,0.0,1.0,1.0,1.5,0.0,0.5,1.0,3.0,1997
3217,202,Stacey King,C,30,TOT,11,0,9.4,1.0,2.0,.500,0.0,0.0,,1.0,2.0,.500,.500,0.2,0.6,.286,1.0,1.5,2.5,0.1,0.2,0.1,0.5,1.3,2.2,1997
3218,202,Stacey King,C,30,BOS,5,0,6.6,1.0,1.4,.714,0.0,0.0,,1.0,1.4,.714,.714,0.4,0.6,.667,0.2,1.6,1.8,0.2,0.0,0.2,0.2,0.6,2.4,1997
3219,202,Stacey King,C,30,DAL,6,0,11.7,1.0,2.5,.400,0.0,0.0,,1.0,2.5,.400,.400,0.0,0.7,.000,1.7,1.3,3.0,0.0,0.3,0.0,0.8,1.8,2.0,1997
3220,203,Kerry Kittles,SG,22,NJN,82,57,36.7,6.2,14.5,.426,1.9,5.1,.377,4.3,9.4,.453,.493,2.1,2.8,.771,1.3,2.6,3.9,3.0,1.9,0.4,1.5,2.0,16.4,1997
3221,204,Joe Kleine,C,35,TOT,59,10,14.4,1.2,2.9,.406,0.0,0.1,.667,1.1,2.8,.401,.412,0.5,0.6,.737,1.1,2.4,3.4,0.6,0.3,0.3,0.7,1.9,2.8,1997
3222,204,Joe Kleine,C,35,PHO,23,10,15.9,1.4,3.5,.400,0.0,0.0,1.000,1.3,3.4,.392,.406,0.6,0.8,.722,0.9,2.6,3.5,0.5,0.4,0.3,0.9,2.0,3.4,1997
3223,204,Joe Kleine,C,35,LAL,8,0,3.8,0.3,1.0,.250,0.0,0.0,,0.3,1.0,.250,.250,0.3,0.3,1.000,0.3,0.9,1.1,0.0,0.0,0.0,0.0,0.8,0.8,1997
3224,204,Joe Kleine,C,35,NJN,28,0,16.2,1.3,2.9,.427,0.0,0.1,.500,1.2,2.9,.425,.433,0.5,0.6,.722,1.4,2.7,4.1,0.8,0.3,0.4,0.8,2.0,3.0,1997
3225,205,Travis Knight,C,22,LAL,71,14,16.3,2.0,3.9,.509,0.0,0.0,,2.0,3.9,.509,.509,0.9,1.4,.620,1.8,2.7,4.5,0.5,0.4,0.8,0.7,2.4,4.8,1997
3226,206,Larry Krystkowiak,PF,32,LAL,3,0,3.7,0.3,0.7,.500,0.0,0.0,,0.3,0.7,.500,.500,0.3,0.7,.500,0.7,1.0,1.7,1.0,0.7,0.0,0.3,1.0,1.0,1997
3227,207,Toni Kukoč*,SF,28,CHI,57,15,28.2,5.0,10.6,.471,0.9,2.6,.331,4.1,8.0,.518,.512,2.4,3.1,.770,1.6,2.9,4.6,4.5,1.1,0.5,1.6,1.7,13.2,1997
3228,208,Christian Laettner,PF,27,ATL,82,82,38.3,6.7,13.8,.486,0.4,1.1,.352,6.3,12.7,.497,.500,4.4,5.4,.816,2.6,6.2,8.8,2.7,1.2,0.8,2.7,3.4,18.1,1997
3229,209,Andrew Lang,C,30,MIL,52,52,23.0,2.2,4.8,.464,0.0,0.0,,2.2,4.8,.464,.464,0.8,1.2,.721,1.8,3.5,5.3,0.5,0.5,0.9,0.8,2.7,5.3,1997
3230,210,Antonio Lang,PF,24,CLE,64,1,13.2,1.1,2.5,.420,0.0,0.1,.000,1.1,2.4,.436,.420,0.5,0.8,.729,0.8,1.2,2.0,0.5,0.5,0.5,0.8,1.7,2.7,1997
3231,211,Priest Lauderdale,C,23,ATL,35,0,5.1,1.4,2.5,.551,0.0,0.0,.000,1.4,2.5,.557,.551,0.4,0.7,.565,0.5,0.8,1.2,0.3,0.0,0.3,1.1,1.1,3.2,1997
3232,212,Eric Leckner,C,30,TOT,20,1,6.3,0.7,1.7,.424,0.0,0.0,,0.7,1.7,.424,.424,0.3,0.6,.500,0.3,1.6,1.8,0.3,0.2,0.1,0.5,1.8,1.7,1997
3233,212,Eric Leckner,C,30,CHH,1,0,11.0,0.0,3.0,.000,0.0,0.0,,0.0,3.0,.000,.000,0.0,0.0,,0.0,1.0,1.0,1.0,0.0,0.0,0.0,3.0,0.0,1997
3234,212,Eric Leckner,C,30,VAN,19,1,6.1,0.7,1.6,.467,0.0,0.0,,0.7,1.6,.467,.467,0.3,0.6,.500,0.3,1.6,1.8,0.2,0.2,0.1,0.5,1.7,1.8,1997
3235,213,Tim Legler,SG,30,WSB,15,0,12.1,1.0,3.2,.313,0.5,1.9,.276,0.5,1.3,.368,.396,0.4,0.5,.857,0.0,1.4,1.4,0.5,0.2,0.3,0.6,1.4,2.9,1997
3236,214,Voshon Lenard,SG,23,MIA,73,47,28.9,4.3,9.4,.459,2.5,6.1,.414,1.8,3.3,.541,.593,1.2,1.4,.819,0.5,2.5,3.0,2.2,0.7,0.2,1.5,2.3,12.3,1997
3237,215,Martin Lewis,SF,21,TOR,9,0,5.6,0.7,1.6,.429,0.1,0.3,.333,0.6,1.2,.455,.464,0.1,0.2,.500,0.4,0.2,0.7,0.4,0.1,0.2,0.1,0.9,1.6,1997
3238,216,Alton Lister,C,38,BOS,53,2,9.7,0.6,1.5,.416,0.0,0.0,,0.6,1.5,.416,.416,0.4,0.6,.742,1.2,1.9,3.2,0.2,0.2,0.3,0.6,1.8,1.6,1997
3239,217,Randy Livingston,PG,21,HOU,64,0,15.3,1.6,3.6,.437,0.1,0.3,.409,1.4,3.2,.440,.456,0.7,1.0,.646,0.5,1.0,1.5,2.4,0.6,0.2,1.6,1.7,3.9,1997
3240,218,Horacio Llamas,C,23,PHO,20,2,5.1,0.8,1.4,.536,0.0,0.0,,0.8,1.4,.536,.536,0.2,0.4,.500,0.2,0.7,0.9,0.2,0.5,0.3,0.6,1.3,1.7,1997
3241,219,Brad Lohaus,PF,32,TOR,6,0,7.5,0.7,2.5,.267,0.3,1.2,.286,0.3,1.3,.250,.333,0.0,0.0,,0.2,1.0,1.2,0.2,0.2,0.0,0.2,1.0,1.7,1997
3242,220,Grant Long,PF,30,DET,65,24,17.9,1.9,4.2,.447,0.3,0.7,.362,1.6,3.5,.465,.478,1.0,1.3,.750,1.4,2.1,3.4,0.6,0.7,0.1,0.7,1.6,5.0,1997
3243,Rk,Player,Pos,Age,Tm,G,GS,MP,FG,FGA,FG%,3P,3PA,3P%,2P,2PA,2P%,eFG%,FT,FTA,FT%,ORB,DRB,TRB,AST,STL,BLK,TOV,PF,PTS,1997
3244,221,John Long,SG,40,TOR,32,0,11.6,1.4,3.7,.393,0.4,1.1,.353,1.1,2.6,.410,.444,0.8,0.9,.893,0.2,1.1,1.3,0.7,0.3,0.1,0.8,0.9,4.0,1997
3245,222,Luc Longley,C,28,CHI,59,59,24.9,3.7,8.2,.456,0.0,0.0,.000,3.7,8.2,.458,.456,1.6,2.0,.792,2.1,3.6,5.6,2.4,0.4,1.1,1.9,3.2,9.1,1997
3246,223,George Lynch,SF,26,VAN,41,27,25.8,3.3,7.1,.471,0.2,0.8,.258,3.1,6.3,.496,.485,1.5,2.4,.619,2.4,4.0,6.4,1.9,1.5,0.4,1.6,2.4,8.3,1997
3247,224,Sam Mack,SF,26,HOU,52,10,17.4,2.0,5.0,.401,0.9,2.7,.331,1.1,2.3,.483,.490,0.7,0.8,.833,0.4,1.7,2.0,1.1,0.6,0.1,0.8,1.3,5.6,1997
3248,225,Don MacLean,SF,27,PHI,37,2,19.8,4.4,9.9,.447,0.3,1.0,.316,4.1,8.8,.462,.463,1.7,2.6,.660,1.1,2.7,3.8,1.0,0.3,0.3,1.3,1.9,10.9,1997
3249,226,Rick Mahorn,C,38,DET,22,7,9.9,0.9,2.5,.370,0.0,0.0,.000,0.9,2.4,.377,.370,0.7,1.0,.727,0.9,1.5,2.4,0.3,0.2,0.1,0.5,1.5,2.5,1997
3250,227,Dan Majerle,SF,31,MIA,36,26,35.1,3.9,9.6,.406,1.9,5.6,.338,2.0,4.1,.500,.504,1.1,1.6,.678,1.3,3.3,4.5,3.2,1.5,0.4,1.4,2.1,10.8,1997
3251,228,Karl Malone*,PF,33,UTA,82,82,36.6,10.5,19.2,.550,0.0,0.2,.000,10.5,19.0,.555,.550,6.4,8.4,.755,2.4,7.5,9.9,4.5,1.4,0.6,2.8,2.6,27.4,1997
3252,229,Matt Maloney,PG,25,HOU,82,82,29.1,3.3,7.5,.441,1.9,4.6,.404,1.4,2.9,.500,.566,0.9,1.1,.763,0.2,1.7,2.0,3.7,1.0,0.0,1.5,1.5,9.4,1997
3253,230,Danny Manning,PF,30,PHO,77,17,27.7,5.5,10.3,.536,0.1,0.5,.194,5.4,9.9,.552,.540,2.4,3.3,.721,1.8,4.3,6.1,2.2,1.1,1.0,2.1,3.5,13.5,1997
3254,231,Rich Manning,PF,26,TOT,26,2,7.7,1.2,3.2,.390,0.1,0.2,.500,1.2,3.0,.385,.402,0.3,0.5,.643,0.6,0.9,1.5,0.1,0.2,0.1,0.3,1.1,2.9,1997
3255,231,Rich Manning,PF,26,VAN,16,1,8.0,1.1,3.0,.375,0.1,0.2,.667,1.0,2.8,.356,.396,0.4,0.5,.750,0.5,0.9,1.4,0.1,0.2,0.1,0.3,1.1,2.8,1997
3256,231,Rich Manning,PF,26,LAC,10,1,7.3,1.4,3.4,.412,0.0,0.1,.000,1.4,3.3,.424,.412,0.3,0.6,.500,0.8,0.8,1.6,0.1,0.1,0.1,0.2,1.1,3.1,1997
3257,232,Stephon Marbury,PG,19,MIN,67,64,34.7,5.3,13.0,.408,1.5,4.3,.354,3.8,8.7,.434,.466,3.7,5.0,.727,0.8,1.9,2.7,7.8,1.0,0.3,3.1,2.4,15.8,1997
3258,233,Šarūnas Marčiulionis*,SG,32,DEN,17,0,15.0,2.2,5.9,.376,0.6,1.8,.367,1.6,4.2,.380,.431,1.7,2.1,.806,0.7,1.1,1.8,1.5,0.7,0.1,2.4,2.2,6.8,1997
3259,234,Donny Marshall,SF,24,CLE,56,0,9.8,0.9,2.9,.325,0.6,1.6,.379,0.3,1.3,.260,.428,0.7,1.0,.704,0.4,0.9,1.3,0.4,0.4,0.1,0.6,1.1,3.1,1997
3260,235,Donyell Marshall,SF,23,GSW,61,20,16.8,2.9,6.9,.413,0.6,1.8,.315,2.3,5.1,.448,.455,1.0,1.6,.622,1.5,3.0,4.5,0.9,0.4,0.8,0.9,1.6,7.3,1997
3261,236,Cuonzo Martin,SG,25,MIL,3,0,4.3,0.0,2.3,.000,0.0,0.7,.000,0.0,1.7,.000,.000,0.0,0.0,,0.3,0.0,0.3,0.3,0.0,0.0,0.3,0.3,0.0,1997
3262,237,Darrick Martin,PG,25,LAC,82,64,22.2,3.6,8.8,.407,1.1,2.9,.389,2.5,5.9,.415,.470,2.7,3.0,.872,0.3,1.1,1.4,4.1,0.7,0.0,1.5,2.0,10.9,1997
3263,238,Jamal Mashburn,SF,24,TOT,69,51,31.4,4.1,10.8,.385,1.3,4.0,.325,2.8,6.8,.421,.445,2.3,3.3,.702,1.0,3.3,4.3,3.0,1.1,0.2,1.7,2.7,11.9,1997
3264,238,Jamal Mashburn,SF,24,DAL,37,21,26.4,3.8,10.2,.372,1.1,3.5,.321,2.6,6.6,.400,.428,1.9,3.0,.649,0.8,2.4,3.1,2.5,0.9,0.1,1.5,1.9,10.6,1997
3265,238,Jamal Mashburn,SF,24,MIA,32,30,37.2,4.6,11.5,.398,1.5,4.6,.329,3.1,6.9,.443,.463,2.8,3.7,.752,1.3,4.3,5.6,3.5,1.3,0.2,1.8,3.7,13.4,1997
3266,239,Anthony Mason,PF,30,CHH,73,73,43.1,5.9,11.3,.525,0.0,0.0,.333,5.9,11.3,.526,.525,4.4,5.9,.745,2.5,8.8,11.4,5.7,1.0,0.5,2.3,2.8,16.2,1997
3267,240,Tony Massenburg,PF,29,NJN,79,49,24.7,2.8,5.7,.485,0.0,0.0,.000,2.8,5.7,.486,.485,1.6,2.6,.631,2.8,3.7,6.5,0.3,0.5,0.6,1.2,2.7,7.2,1997
3268,Rk,Player,Pos,Age,Tm,G,GS,MP,FG,FGA,FG%,3P,3PA,3P%,2P,2PA,2P%,eFG%,FT,FTA,FT%,ORB,DRB,TRB,AST,STL,BLK,TOV,PF,PTS,1997
3269,241,Vernon Maxwell,SG,31,SAS,72,31,28.7,4.7,12.6,.375,1.6,5.2,.309,3.1,7.4,.421,.439,1.9,2.5,.744,0.4,1.8,2.2,2.1,1.2,0.3,1.7,2.3,12.9,1997
3270,242,Lee Mayberry,PG,26,VAN,80,38,24.4,1.9,4.6,.403,1.0,2.8,.376,0.8,1.9,.443,.515,0.4,0.6,.630,0.4,1.3,1.7,4.1,0.8,0.1,1.1,2.0,5.1,1997
3271,243,Walter McCarty,PF,22,NYK,35,0,5.5,0.7,1.9,.382,0.1,0.4,.286,0.6,1.5,.407,.412,0.2,0.4,.571,0.2,0.4,0.7,0.4,0.2,0.3,0.5,1.1,1.8,1997
3272,244,Amal McCaskill,C,23,ORL,17,1,6.4,0.6,1.9,.313,0.0,0.1,.000,0.6,1.8,.333,.313,0.5,0.7,.667,0.2,1.1,1.3,0.4,0.2,0.3,0.6,0.4,1.6,1997
3273,245,George McCloud,SF,29,TOT,64,28,23.3,3.7,9.0,.412,1.5,4.0,.390,2.2,5.1,.429,.497,1.3,1.6,.822,0.6,2.2,2.8,1.7,1.0,0.1,1.0,2.0,10.3,1997
3274,245,George McCloud,SF,29,DAL,41,26,29.4,5.0,11.8,.423,1.9,5.0,.380,3.1,6.8,.455,.504,1.9,2.2,.837,0.7,2.8,3.5,2.2,1.3,0.2,1.3,2.6,13.7,1997
3275,245,George McCloud,SF,29,LAL,23,2,12.4,1.5,4.2,.354,0.9,2.1,.429,0.6,2.0,.277,.464,0.3,0.4,.667,0.3,1.3,1.6,0.7,0.4,0.0,0.4,0.9,4.1,1997
3276,246,Xavier McDaniel,PF,33,NJN,62,5,18.9,2.2,5.7,.389,0.1,0.4,.200,2.1,5.3,.403,.396,1.0,1.4,.730,2.0,3.1,5.1,1.0,0.6,0.3,1.1,2.3,5.6,1997
3277,247,Antonio McDyess,PF,22,DEN,74,73,34.7,7.2,15.6,.463,0.1,0.5,.171,7.2,15.2,.472,.466,3.7,5.2,.708,2.1,5.2,7.3,1.4,0.8,1.7,2.7,3.7,18.3,1997
3278,248,Jim McIlvaine,C,24,SEA,82,79,18.0,1.6,3.4,.471,0.0,0.1,.143,1.6,3.3,.480,.473,0.6,1.3,.495,1.6,2.4,4.0,0.3,0.5,2.0,0.8,3.0,3.8,1997
3279,249,Jeff McInnis,PG,22,DEN,13,0,9.0,1.8,3.8,.469,0.9,2.0,.462,0.8,1.8,.478,.592,0.5,0.8,.700,0.2,0.3,0.5,1.4,0.2,0.1,1.0,1.2,5.0,1997
3280,250,Derrick McKey,SF,30,IND,50,49,29.0,3.0,7.6,.391,0.3,1.2,.259,2.7,6.4,.414,.410,1.8,2.5,.724,1.6,3.2,4.8,2.7,0.9,0.6,1.7,2.8,8.0,1997
3281,251,Aaron McKie,SG,24,TOT,83,11,19.6,1.8,4.4,.411,0.5,1.2,.398,1.3,3.2,.416,.467,1.1,1.3,.836,0.5,2.2,2.7,1.9,0.9,0.3,1.1,1.6,5.2,1997
3282,251,Aaron McKie,SG,24,POR,41,8,18.9,1.3,3.8,.340,0.6,1.3,.418,0.7,2.5,.297,.413,1.0,1.2,.837,0.3,2.0,2.3,2.0,0.8,0.4,1.2,1.5,4.1,1997
3283,251,Aaron McKie,SG,24,DET,42,3,20.2,2.3,5.0,.464,0.4,1.1,.375,1.9,3.8,.491,.507,1.2,1.5,.836,0.6,2.4,3.0,1.8,1.0,0.2,1.0,1.6,6.3,1997
3284,252,Nate McMillan,PG,32,SEA,37,2,21.6,1.6,4.0,.409,0.8,2.3,.333,0.9,1.8,.508,.503,0.5,0.8,.655,0.4,2.8,3.2,3.8,1.6,0.2,0.9,2.1,4.6,1997
3285,253,Loren Meyer,PF,24,TOT,54,33,13.1,2.0,4.5,.443,0.1,0.1,.571,1.9,4.4,.439,.451,0.9,1.2,.719,1.0,1.7,2.7,0.4,0.2,0.3,1.1,2.3,4.9,1997
3286,253,Loren Meyer,PF,24,DAL,19,16,13.6,1.8,4.1,.436,0.1,0.1,.500,1.7,4.0,.434,.442,0.5,0.6,.750,0.7,1.8,2.6,0.4,0.3,0.2,1.4,2.7,4.1,1997
3287,253,Loren Meyer,PF,24,PHO,35,17,12.8,2.1,4.7,.446,0.1,0.1,.600,2.0,4.6,.441,.455,1.1,1.5,.712,1.1,1.6,2.7,0.3,0.1,0.3,1.0,2.1,5.4,1997
3288,254,Anthony Miller,PF,25,ATL,1,0,14.0,0.0,5.0,.000,0.0,0.0,,0.0,5.0,.000,.000,0.0,0.0,,2.0,5.0,7.0,0.0,0.0,0.0,0.0,2.0,0.0,1997
3289,255,Oliver Miller,C,26,TOT,61,8,18.9,2.0,3.9,.517,0.0,0.0,.000,2.0,3.9,.521,.517,0.8,1.3,.608,1.7,3.3,5.0,1.4,0.8,1.0,1.5,3.0,4.8,1997
3290,255,Oliver Miller,C,26,DAL,42,0,19.9,1.8,3.7,.494,0.0,0.0,.000,1.8,3.6,.497,.494,0.7,1.3,.528,2.0,3.6,5.5,1.4,0.8,1.2,1.7,3.2,4.3,1997
3291,255,Oliver Miller,C,26,TOR,19,8,16.6,2.5,4.4,.560,0.0,0.1,.000,2.5,4.4,.566,.560,1.1,1.4,.769,1.2,2.6,3.8,1.5,0.7,0.7,1.1,2.5,6.0,1997
3292,256,Reggie Miller*,SG,31,IND,81,81,36.6,6.8,15.4,.444,2.8,6.6,.427,4.0,8.7,.456,.536,5.2,5.9,.880,0.7,2.9,3.5,3.4,0.9,0.3,2.0,2.1,21.6,1997
3293,257,Chris Mills,SF,27,CLE,80,79,39.6,5.1,11.2,.453,1.1,2.8,.391,4.0,8.4,.473,.501,2.2,2.6,.842,1.5,4.7,6.2,2.5,1.1,0.5,1.5,2.8,13.4,1997
3294,258,Terry Mills,PF,29,DET,79,5,25.3,3.9,8.9,.444,2.2,5.3,.422,1.7,3.6,.477,.569,0.7,0.9,.829,0.9,3.9,4.8,1.3,0.4,0.3,1.1,2.0,10.8,1997
3295,259,Greg Minor,SF,25,BOS,23,15,23.8,4.1,8.5,.480,0.0,0.3,.125,4.0,8.2,.495,.482,1.3,1.6,.861,1.3,2.2,3.5,1.5,0.7,0.1,1.0,2.0,9.6,1997
3296,260,Sam Mitchell,SF,33,MIN,82,5,24.9,3.3,7.4,.446,0.0,0.3,.160,3.2,7.0,.458,.449,2.7,3.6,.759,1.4,2.6,4.0,1.0,0.6,0.2,1.1,2.8,9.3,1997
3297,Rk,Player,Pos,Age,Tm,G,GS,MP,FG,FGA,FG%,3P,3PA,3P%,2P,2PA,2P%,eFG%,FT,FTA,FT%,ORB,DRB,TRB,AST,STL,BLK,TOV,PF,PTS,1997
3298,261,Eric Mobley,C,26,VAN,28,8,11.0,1.0,2.3,.444,0.0,0.0,,1.0,2.3,.444,.444,0.6,1.1,.533,1.1,1.0,2.1,0.5,0.2,0.4,1.0,1.6,2.6,1997
3299,262,Eric Montross,C,25,TOT,78,77,23.4,2.0,4.5,.456,0.0,0.0,,2.0,4.5,.456,.456,0.3,0.8,.339,2.3,4.3,6.6,0.8,0.3,0.9,1.0,3.4,4.3,1997
3300,262,Eric Montross,C,25,DAL,47,46,20.9,1.8,4.0,.460,0.0,0.0,,1.8,4.0,.460,.460,0.2,0.7,.294,1.4,3.6,5.0,0.7,0.2,0.7,1.1,3.2,3.9,1997
3301,262,Eric Montross,C,25,NJN,31,31,27.2,2.4,5.2,.451,0.0,0.0,,2.4,5.2,.451,.451,0.4,0.9,.393,3.7,5.4,9.1,0.9,0.4,1.3,0.8,3.8,5.1,1997
3302,263,Tracy Moore,SG,31,HOU,27,1,8.8,1.2,3.1,.388,0.4,1.6,.256,0.8,1.6,.524,.453,0.8,1.1,.710,0.4,0.6,1.0,0.7,0.2,0.0,0.5,0.7,3.7,1997
3303,264,Chris Morris,SF,31,UTA,73,1,13.4,1.7,4.1,.408,0.4,1.5,.274,1.2,2.5,.489,.460,0.5,0.7,.722,0.5,1.7,2.2,0.6,0.4,0.3,0.6,1.7,4.3,1997
3304,265,Lawrence Moten,SG,24,VAN,67,18,18.1,2.6,6.6,.388,0.6,2.1,.291,1.9,4.5,.433,.434,1.0,1.5,.646,0.6,1.1,1.8,1.9,0.7,0.4,1.2,1.2,6.7,1997
3305,266,Alonzo Mourning*,C,26,MIA,66,65,35.2,7.2,13.4,.534,0.0,0.1,.111,7.2,13.3,.539,.535,5.5,8.6,.642,2.9,7.1,9.9,1.6,0.8,2.9,3.4,4.1,19.8,1997
3306,267,Chris Mullin*,SF,33,GSW,79,63,34.6,5.5,10.0,.553,1.1,2.6,.411,4.5,7.5,.602,.605,2.3,2.7,.864,0.9,3.1,4.0,4.1,1.6,0.4,2.4,2.0,14.5,1997
3307,268,Eric Murdock,PG,28,DEN,12,0,9.5,1.3,2.8,.455,0.3,0.8,.400,0.9,1.9,.478,.515,0.9,1.0,.917,0.1,0.8,0.9,2.0,0.8,0.2,0.9,0.8,3.8,1997
3308,269,Gheorghe Mureșan,C,25,WSB,73,69,25.3,4.5,7.4,.604,0.0,0.0,,4.5,7.4,.604,.604,1.7,2.7,.618,1.9,4.7,6.6,0.4,0.6,1.3,1.6,3.2,10.6,1997
3309,270,Lamond Murray,SF,23,LAC,74,1,17.5,2.4,5.9,.416,0.4,1.2,.341,2.0,4.6,.436,.452,2.1,2.9,.739,1.1,2.0,3.1,0.8,0.7,0.4,1.2,1.5,7.4,1997
3310,271,Tracy Murray,SF,25,WSB,82,1,22.1,3.5,8.3,.425,1.3,3.7,.353,2.2,4.6,.481,.503,1.6,2.0,.839,1.0,2.1,3.1,1.0,0.8,0.2,1.0,1.8,10.0,1997
3311,272,Dikembe Mutombo*,C,30,ATL,80,80,37.2,4.8,9.0,.527,0.0,0.0,,4.8,9.0,.527,.527,3.8,5.4,.705,3.4,8.3,11.6,1.4,0.6,3.3,2.3,3.1,13.3,1997
3312,273,Martin Müürsepp,PF,22,TOT,42,0,8.3,1.3,3.1,.412,0.1,0.6,.167,1.2,2.5,.467,.427,1.0,1.7,.629,0.8,0.8,1.6,0.5,0.3,0.3,0.4,1.4,3.7,1997
3313,273,Martin Müürsepp,PF,22,MIA,10,0,2.7,0.5,1.4,.357,0.1,0.4,.250,0.4,1.0,.400,.393,0.6,1.4,.429,0.2,0.3,0.5,0.3,0.0,0.1,0.3,0.3,1.7,1997
3314,273,Martin Müürsepp,PF,22,DAL,32,0,10.0,1.5,3.7,.419,0.1,0.6,.150,1.4,3.0,.474,.432,1.2,1.8,.679,1.0,0.9,1.9,0.5,0.4,0.3,0.5,1.7,4.3,1997
3315,274,Steve Nash*,PG,22,PHO,65,2,10.5,1.1,2.7,.423,0.4,0.8,.418,0.8,1.8,.425,.489,0.6,0.8,.824,0.2,0.7,1.0,2.1,0.3,0.0,1.0,1.4,3.3,1997
3316,275,Ruben Nembhard,SG-PG,24,TOT,10,0,11.3,1.6,3.7,.432,0.0,0.6,.000,1.6,3.1,.516,.432,0.8,1.0,.800,0.3,0.5,0.8,1.7,0.9,0.0,0.8,1.2,4.0,1997
3317,275,Ruben Nembhard,SG,24,UTA,8,0,11.8,1.5,3.6,.414,0.0,0.5,.000,1.5,3.1,.480,.414,1.0,1.3,.800,0.4,0.6,1.0,1.5,0.8,0.0,0.4,1.1,4.0,1997
3318,275,Ruben Nembhard,PG,24,POR,2,0,9.5,2.0,4.0,.500,0.0,1.0,.000,2.0,3.0,.667,.500,0.0,0.0,,0.0,0.0,0.0,2.5,1.5,0.0,2.5,1.5,4.0,1997
3319,276,Ivano Newbill,PF,26,ATL,72,2,11.8,0.6,1.3,.440,0.0,0.0,,0.6,1.3,.440,.440,0.3,0.7,.385,1.1,1.8,2.8,0.3,0.4,0.2,0.6,1.6,1.4,1997
3320,277,Johnny Newman,SF,33,MIL,82,4,25.1,3.0,6.7,.450,0.4,1.2,.347,2.6,5.5,.472,.481,2.3,3.0,.765,0.8,1.5,2.3,1.4,0.9,0.2,1.4,3.1,8.7,1997
3321,278,Gaylon Nickerson,SG,27,TOT,4,0,10.5,1.0,3.0,.333,0.0,0.5,.000,1.0,2.5,.400,.333,1.8,1.8,1.000,0.3,1.0,1.3,0.3,0.3,0.3,0.3,0.3,3.8,1997
3322,278,Gaylon Nickerson,SG,27,SAS,3,0,12.0,1.0,3.0,.333,0.0,0.3,.000,1.0,2.7,.375,.333,2.3,2.3,1.000,0.3,1.0,1.3,0.3,0.0,0.3,0.0,0.3,4.3,1997
3323,278,Gaylon Nickerson,SG,27,WSB,1,0,6.0,1.0,3.0,.333,0.0,1.0,.000,1.0,2.0,.500,.333,0.0,0.0,,0.0,1.0,1.0,0.0,1.0,0.0,1.0,0.0,2.0,1997
3324,279,Ken Norman,SF,32,ATL,17,0,12.9,1.6,5.5,.287,0.4,2.2,.158,1.2,3.3,.375,.319,0.2,0.7,.333,0.5,1.8,2.3,0.7,0.4,0.2,1.1,1.0,3.8,1997
3325,280,Moochie Norris,PG,23,VAN,8,0,11.1,0.5,2.8,.182,0.3,1.3,.200,0.3,1.5,.167,.227,0.3,0.6,.400,0.4,1.1,1.5,2.9,0.5,0.0,0.6,0.6,1.5,1997
3326,Rk,Player,Pos,Age,Tm,G,GS,MP,FG,FGA,FG%,3P,3PA,3P%,2P,2PA,2P%,eFG%,FT,FTA,FT%,ORB,DRB,TRB,AST,STL,BLK,TOV,PF,PTS,1997
3327,281,Ed O'Bannon,SF,24,TOT,64,5,12.6,1.5,4.4,.333,0.3,1.1,.257,1.2,3.3,.359,.366,0.5,0.5,.886,0.8,1.5,2.3,0.6,0.5,0.2,0.3,1.5,3.7,1997
3328,281,Ed O'Bannon,SF,24,NJN,45,5,14.1,1.7,4.6,.367,0.4,1.3,.283,1.3,3.3,.401,.408,0.4,0.5,.870,0.9,1.6,2.5,0.6,0.5,0.2,0.3,1.7,4.2,1997
3329,281,Ed O'Bannon,SF,24,DAL,19,0,9.2,0.9,3.8,.236,0.1,0.5,.100,0.8,3.3,.258,.243,0.6,0.6,.917,0.5,1.4,1.9,0.6,0.3,0.1,0.3,1.0,2.4,1997
3330,282,Jermaine O'Neal,PF,18,POR,45,0,10.2,1.5,3.4,.451,0.0,0.0,.000,1.5,3.4,.454,.451,1.0,1.7,.603,0.9,1.9,2.8,0.2,0.0,0.6,0.6,1.0,4.1,1997
3331,283,Shaquille O'Neal*,C,24,LAL,51,51,38.1,10.8,19.4,.557,0.0,0.1,.000,10.8,19.4,.559,.557,4.5,9.4,.484,3.8,8.7,12.5,3.1,0.9,2.9,2.9,3.5,26.2,1997
3332,284,Charles Oakley,PF,33,NYK,80,80,35.9,4.2,8.7,.488,0.1,0.2,.263,4.2,8.4,.495,.492,2.3,2.8,.808,3.1,6.7,9.8,2.8,1.4,0.3,2.1,3.8,10.8,1997
3333,285,Hakeem Olajuwon*,C,34,HOU,78,78,36.6,9.3,18.3,.510,0.1,0.2,.313,9.3,18.1,.512,.512,4.5,5.7,.787,2.2,7.0,9.2,3.0,1.5,2.2,3.6,3.2,23.2,1997
3334,286,Jimmy Oliver,SG,27,TOR,4,0,10.8,1.0,3.3,.308,0.3,1.5,.167,0.8,1.8,.429,.346,0.5,0.5,1.000,0.3,1.0,1.3,0.3,0.5,0.0,0.8,0.5,2.8,1997
3335,287,Greg Ostertag,C,23,UTA,77,70,23.6,2.7,5.3,.515,0.0,0.1,.000,2.7,5.2,.520,.515,1.8,2.7,.678,2.3,5.0,7.3,0.4,0.3,2.0,1.0,3.0,7.3,1997
3336,288,Bo Outlaw,PF,25,LAC,82,25,26.8,3.1,5.1,.609,0.0,0.1,.000,3.1,5.0,.621,.609,1.4,2.8,.504,2.1,3.4,5.5,1.9,1.1,1.7,1.3,2.8,7.6,1997
3337,289,Doug Overton,PG,27,PHI,61,4,10.4,1.3,3.1,.426,0.2,0.7,.250,1.2,2.5,.473,.453,0.7,0.8,.938,0.3,0.8,1.1,1.7,0.4,0.0,0.6,0.7,3.6,1997
3338,290,Billy Owens,SF,27,SAC,66,56,30.2,4.5,9.7,.467,0.4,1.1,.347,4.2,8.6,.482,.487,1.5,2.2,.697,2.0,3.9,5.9,2.8,0.9,0.4,2.0,2.8,11.0,1997
3339,291,Ray Owes,PF,24,GSW,57,1,10.4,1.3,3.2,.417,0.0,0.1,.200,1.3,3.1,.423,.419,0.5,0.8,.565,1.1,1.7,2.9,0.3,0.3,0.4,0.4,1.5,3.1,1997
3340,292,Robert Pack,PG,27,TOT,54,42,33.0,5.0,12.8,.392,0.6,2.1,.277,4.5,10.8,.415,.415,3.6,4.5,.807,0.5,2.2,2.7,8.4,1.7,0.1,4.0,2.6,14.3,1997
3341,292,Robert Pack,PG,27,NJN,34,31,34.9,5.7,13.9,.407,0.6,2.2,.297,5.0,11.8,.428,.430,3.9,5.0,.788,0.4,2.1,2.5,9.6,1.7,0.1,4.4,2.4,15.9,1997
3342,292,Robert Pack,PG,27,DAL,20,11,29.9,4.0,11.0,.361,0.5,1.9,.237,3.5,9.1,.387,.381,3.1,3.7,.849,0.7,2.4,3.0,6.4,1.8,0.2,3.4,2.8,11.5,1997
3343,293,Robert Parish*,C,43,CHI,43,3,9.4,1.6,3.3,.490,0.0,0.0,,1.6,3.3,.490,.490,0.5,0.7,.677,1.0,1.1,2.1,0.5,0.1,0.4,0.7,0.9,3.7,1997
3344,294,Cherokee Parks,PF,24,MIN,76,0,12.6,1.4,2.7,.510,0.0,0.0,.000,1.4,2.6,.512,.510,0.6,1.0,.605,1.1,1.5,2.6,0.4,0.5,0.6,0.4,2.0,3.3,1997
3345,295,Gary Payton*,PG,28,SEA,82,82,39.2,8.6,18.1,.476,1.5,4.6,.313,7.2,13.4,.533,.517,3.1,4.3,.715,1.3,3.3,4.6,7.1,2.4,0.2,2.6,2.5,21.8,1997
3346,296,Anthony Peeler,SG,27,VAN,72,57,31.8,5.6,14.0,.398,1.8,4.8,.373,3.8,9.3,.410,.461,1.5,1.8,.820,0.8,2.7,3.4,3.6,1.5,0.2,2.2,2.3,14.5,1997
3347,297,Will Perdue,C,31,SAS,65,34,29.5,3.6,6.3,.568,0.0,0.0,,3.6,6.3,.568,.568,1.5,2.6,.579,3.9,6.0,9.8,0.6,0.5,1.6,1.3,2.8,8.7,1997
3348,298,Sam Perkins,C,35,SEA,81,4,24.4,3.6,8.2,.439,1.5,3.8,.395,2.1,4.3,.477,.531,2.3,2.8,.817,0.9,2.8,3.7,1.3,0.9,0.6,1.0,1.7,11.0,1997
3349,299,Elliot Perry,PG,27,MIL,82,3,19.5,2.6,5.6,.474,0.6,1.7,.358,2.0,3.9,.523,.527,1.0,1.3,.745,0.3,1.2,1.5,3.0,1.2,0.0,1.4,1.4,6.9,1997
3350,300,Wesley Person,SG,25,PHO,80,42,29.1,5.1,11.3,.453,2.1,5.2,.413,3.0,6.1,.487,.548,1.1,1.4,.798,0.9,2.8,3.7,1.5,1.1,0.3,1.0,1.3,13.5,1997
3351,Rk,Player,Pos,Age,Tm,G,GS,MP,FG,FGA,FG%,3P,3PA,3P%,2P,2PA,2P%,eFG%,FT,FTA,FT%,ORB,DRB,TRB,AST,STL,BLK,TOV,PF,PTS,1997
3352,301,Bobby Phills,SG,27,CLE,69,65,34.4,4.8,11.1,.428,1.2,3.1,.394,3.5,8.0,.442,.484,1.8,2.5,.718,0.9,2.6,3.6,3.4,1.6,0.3,2.0,2.5,12.6,1997
3353,302,Eric Piatkowski,SG,26,LAC,65,0,11.5,2.1,4.6,.450,0.8,1.8,.425,1.3,2.7,.466,.535,1.1,1.3,.821,0.8,0.9,1.6,0.8,0.5,0.2,0.7,1.3,6.0,1997
3354,303,Ricky Pierce,SG,37,TOT,60,27,20.8,4.0,8.3,.481,0.7,1.6,.442,3.3,6.7,.490,.523,2.3,2.6,.897,0.6,1.4,2.0,1.3,0.5,0.2,1.1,1.6,11.0,1997
3355,303,Ricky Pierce,SG,37,DEN,33,10,18.2,3.6,7.9,.462,0.4,1.2,.308,3.3,6.7,.489,.485,2.5,2.8,.902,0.5,1.1,1.6,0.9,0.4,0.2,1.2,1.5,10.2,1997
3356,303,Ricky Pierce,SG,37,CHH,27,17,24.1,4.4,8.8,.502,1.1,2.1,.536,3.3,6.7,.492,.565,2.1,2.3,.889,0.7,1.8,2.5,1.8,0.5,0.1,1.1,1.8,12.0,1997
3357,304,Ed Pinckney,PF,33,MIA,27,0,10.1,0.9,1.6,.535,0.0,0.0,,0.9,1.6,.535,.535,0.7,0.9,.800,0.9,1.5,2.4,0.2,0.3,0.3,0.7,1.1,2.4,1997
3358,305,Scottie Pippen*,SF,31,CHI,82,82,37.7,7.9,16.7,.474,1.9,5.2,.368,6.0,11.5,.522,.531,2.5,3.5,.701,2.0,4.5,6.5,5.7,1.9,0.5,2.6,2.6,20.2,1997
3359,306,Olden Polynice,C,32,SAC,82,82,35.3,5.4,11.8,.457,0.0,0.1,.000,5.4,11.7,.460,.457,1.7,3.1,.562,3.3,6.1,9.4,2.2,0.6,1.0,2.0,3.6,12.5,1997
3360,307,Terry Porter,PG,33,MIN,82,20,19.1,2.3,5.5,.416,0.8,2.4,.335,1.5,3.0,.482,.491,1.5,2.0,.765,0.4,1.8,2.1,3.6,0.7,0.1,1.6,1.3,6.9,1997
3361,308,Vitaly Potapenko,C,21,CLE,80,3,15.5,2.3,5.3,.440,0.0,0.0,.500,2.3,5.3,.439,.441,1.2,1.6,.736,1.3,1.4,2.7,0.5,0.3,0.4,1.4,2.7,5.8,1997
3362,309,Brent Price,PG,28,HOU,25,0,15.6,1.8,4.2,.419,0.7,2.1,.321,1.1,2.1,.519,.500,0.8,0.8,1.000,0.4,0.8,1.2,2.6,0.7,0.0,1.3,1.4,5.0,1997
3363,310,Mark Price,PG,32,GSW,70,49,26.8,3.8,8.4,.447,1.6,4.0,.396,2.2,4.4,.493,.542,2.2,2.4,.906,0.5,2.0,2.6,4.9,1.0,0.0,2.3,1.4,11.3,1997
3364,311,Theo Ratliff,C,23,DET,76,38,17.0,2.4,4.4,.531,0.0,0.0,,2.4,4.4,.531,.531,1.1,1.5,.698,1.4,1.9,3.4,0.2,0.4,1.5,0.7,2.4,5.8,1997
3365,312,Dino Radja*,C,29,BOS,25,25,35.0,6.0,13.6,.440,0.0,0.0,.000,6.0,13.5,.441,.440,2.0,2.8,.718,1.8,6.7,8.4,1.9,0.9,1.9,2.8,3.0,14.0,1997
3366,313,Eldridge Recasner,SG,29,ATL,71,4,17.0,2.1,4.9,.423,0.8,2.0,.414,1.3,3.0,.429,.506,0.7,0.8,.879,0.5,1.1,1.6,1.3,0.5,0.1,0.9,1.4,5.7,1997
3367,314,Bryant Reeves,C,23,VAN,75,75,37.0,6.6,13.7,.486,0.0,0.1,.091,6.6,13.5,.490,.486,2.9,4.1,.704,2.3,5.8,8.1,2.1,0.4,0.9,2.3,3.6,16.2,1997
3368,315,Khalid Reeves,PG,24,TOT,63,30,22.7,2.9,7.5,.391,1.3,3.6,.366,1.6,3.9,.416,.480,1.0,1.4,.747,0.5,1.3,1.9,3.6,0.5,0.1,1.7,2.5,8.2,1997
3369,315,Khalid Reeves,PG,24,NJN,50,18,21.0,2.8,7.2,.393,1.5,3.8,.396,1.3,3.3,.389,.499,1.1,1.5,.747,0.4,1.3,1.8,3.4,0.5,0.1,1.6,2.4,8.3,1997
3370,315,Khalid Reeves,PG,24,DAL,13,12,29.5,3.3,8.5,.387,0.5,2.7,.200,2.8,5.8,.474,.419,0.7,0.9,.750,0.9,1.5,2.4,4.3,0.8,0.2,2.0,3.1,7.8,1997
3371,316,Don Reid,PF,23,DET,47,14,9.8,1.1,2.4,.482,0.0,0.0,.000,1.1,2.4,.486,.482,0.5,0.7,.750,0.8,1.4,2.1,0.3,0.3,0.3,0.5,2.2,2.8,1997
3372,317,Shawn Respert,SG,24,TOT,41,0,12.1,1.4,3.4,.424,0.5,1.4,.351,1.0,2.0,.476,.496,0.8,1.0,.872,0.3,0.6,1.0,1.0,0.5,0.0,0.7,1.0,4.2,1997
3373,317,Shawn Respert,SG,24,MIL,14,0,5.9,0.4,1.4,.316,0.1,0.6,.111,0.4,0.7,.500,.342,0.5,0.5,1.000,0.2,0.3,0.5,0.6,0.0,0.0,0.6,0.4,1.4,1997
3374,317,Shawn Respert,SG,24,TOR,27,0,15.3,2.0,4.4,.442,0.7,1.8,.396,1.3,2.7,.472,.521,1.0,1.2,.844,0.4,0.8,1.2,1.2,0.7,0.1,0.8,1.3,5.6,1997
3375,318,Glen Rice,SF,29,CHH,79,78,42.6,9.1,19.2,.477,2.6,5.6,.470,6.5,13.6,.480,.546,5.9,6.8,.867,0.8,3.2,4.0,2.0,0.9,0.3,2.2,2.4,26.8,1997
3376,319,Pooh Richardson,PG,30,LAC,59,18,18.1,2.2,5.8,.381,0.7,2.2,.328,1.5,3.7,.412,.442,0.4,0.7,.605,0.4,1.2,1.7,2.9,0.9,0.1,1.1,1.4,5.6,1997
3377,320,Mitch Richmond*,SG,31,SAC,81,81,38.6,8.9,19.5,.454,2.5,5.9,.428,6.3,13.6,.466,.519,5.6,6.6,.861,0.7,3.2,3.9,4.2,1.5,0.3,2.9,2.6,25.9,1997
3378,Rk,Player,Pos,Age,Tm,G,GS,MP,FG,FGA,FG%,3P,3PA,3P%,2P,2PA,2P%,eFG%,FT,FTA,FT%,ORB,DRB,TRB,AST,STL,BLK,TOV,PF,PTS,1997
3379,321,Isaiah Rider,SG,25,POR,76,68,33.7,6.0,12.9,.464,1.3,3.4,.385,4.7,9.6,.492,.514,2.8,3.4,.812,1.2,2.8,4.0,2.6,0.6,0.3,2.8,2.6,16.1,1997
3380,322,Fred Roberts,PF,36,DAL,12,0,3.3,0.5,1.3,.400,0.0,0.0,,0.5,1.3,.400,.400,0.8,1.2,.714,0.2,0.7,0.8,0.0,0.0,0.1,0.4,0.2,1.8,1997
3381,323,Stanley Roberts,C,26,LAC,18,2,21.0,3.5,8.2,.426,0.0,0.0,,3.5,8.2,.426,.426,2.5,3.6,.703,1.3,3.7,5.1,0.5,0.4,1.3,1.3,3.2,9.5,1997
3382,324,Chris Robinson,SG,22,VAN,41,6,16.6,1.7,4.4,.379,0.8,2.2,.382,0.9,2.3,.376,.473,0.4,0.6,.615,0.6,1.2,1.7,1.6,0.7,0.2,0.8,2.1,4.6,1997
3383,325,Clifford Robinson,SF,30,POR,81,79,38.0,5.5,12.9,.426,1.5,4.3,.346,4.0,8.6,.466,.484,2.7,3.8,.696,1.1,2.9,4.0,3.2,1.2,0.8,2.1,3.1,15.1,1997
3384,326,David Robinson*,C,31,SAS,6,6,24.5,6.0,12.0,.500,0.0,0.0,,6.0,12.0,.500,.500,5.7,8.7,.654,3.2,5.3,8.5,1.3,1.0,1.0,1.3,1.5,17.7,1997
3385,327,Glenn Robinson,SF,24,MIL,80,79,38.9,8.4,18.0,.465,0.8,2.3,.350,7.6,15.7,.482,.487,3.6,4.6,.791,1.6,4.7,6.3,3.1,1.3,0.9,3.4,2.8,21.1,1997
3386,328,James Robinson,PG,26,MIN,69,5,19.0,2.8,7.0,.407,1.5,3.9,.382,1.4,3.1,.437,.512,1.1,1.7,.684,0.3,1.3,1.6,1.8,0.4,0.1,1.0,1.8,8.3,1997
3387,329,Rumeal Robinson,PG,30,TOT,54,3,9.4,1.2,3.0,.402,0.3,1.0,.321,0.9,2.0,.444,.457,0.5,0.6,.743,0.1,0.8,0.9,1.4,0.4,0.0,0.8,1.1,3.3,1997
3388,329,Rumeal Robinson,PG,30,LAL,15,3,8.4,1.1,3.2,.354,0.4,1.5,.261,0.7,1.7,.440,.417,0.3,0.5,.625,0.1,0.5,0.7,0.9,0.3,0.1,0.7,0.8,3.0,1997
3389,329,Rumeal Robinson,PG,30,PHO,12,0,7.3,1.3,2.8,.471,0.3,0.8,.300,1.1,2.0,.542,.515,0.1,0.3,.250,0.1,0.5,0.6,0.7,0.1,0.0,0.4,0.7,3.0,1997
3390,329,Rumeal Robinson,PG,30,POR,27,0,10.9,1.2,3.0,.402,0.3,0.9,.391,0.9,2.2,.407,.457,0.7,0.9,.870,0.1,1.0,1.1,1.9,0.7,0.0,1.0,1.5,3.5,1997
3391,330,Dennis Rodman*,PF,35,CHI,55,54,35.4,2.3,5.2,.448,0.1,0.3,.263,2.2,4.9,.461,.456,0.9,1.6,.568,5.8,10.2,16.1,3.1,0.6,0.3,2.0,3.1,5.7,1997
3392,331,Lou Roe,SF,24,GSW,17,0,6.3,0.8,2.8,.292,0.2,0.6,.273,0.6,2.2,.297,.323,0.5,1.1,.474,0.4,0.4,0.8,0.4,0.2,0.1,0.6,0.6,2.4,1997
3393,332,Carlos Rogers,PF,25,TOR,56,3,24.9,3.8,7.2,.525,0.4,1.2,.379,3.3,6.0,.553,.556,1.8,3.0,.600,2.1,3.3,5.4,0.7,0.8,1.2,0.9,2.5,9.8,1997
3394,333,Rodney Rogers,SF,25,LAC,81,62,30.6,5.0,10.9,.462,0.8,2.2,.361,4.2,8.7,.487,.498,2.4,3.6,.663,1.7,3.4,5.1,2.7,1.1,0.8,2.7,3.4,13.2,1997
3395,334,Roy Rogers,PF,23,VAN,82,50,22.5,3.0,5.9,.505,0.0,0.0,1.000,3.0,5.9,.504,.506,0.7,1.1,.574,1.7,3.0,4.7,0.6,0.3,2.0,1.0,2.6,6.6,1997
3396,335,Sean Rooks,C,27,LAL,69,3,10.7,1.3,2.7,.470,0.0,0.0,.000,1.3,2.7,.473,.470,1.3,1.9,.700,0.8,1.6,2.4,0.6,0.2,0.6,0.7,1.8,3.8,1997
3397,336,Jalen Rose,SF,24,IND,66,6,18.0,2.6,5.7,.456,0.3,1.1,.292,2.3,4.6,.495,.484,1.8,2.4,.750,0.4,1.4,1.8,2.3,0.9,0.3,1.6,2.1,7.3,1997
3398,337,Malik Rose,PF,22,CHH,54,1,9.7,1.1,2.4,.477,0.0,0.0,.000,1.1,2.3,.484,.477,0.7,1.1,.613,1.3,1.7,3.0,0.6,0.5,0.3,0.8,2.1,3.0,1997
3399,338,Donald Royal,SF,30,TOT,62,4,13.8,1.0,2.4,.425,0.0,0.0,.000,1.0,2.3,.431,.425,1.5,1.9,.803,0.8,1.6,2.5,0.4,0.4,0.2,0.8,1.6,3.5,1997
3400,338,Donald Royal,SF,30,ORL,1,1,29.0,4.0,10.0,.400,0.0,0.0,,4.0,10.0,.400,.400,4.0,4.0,1.000,1.0,0.0,1.0,1.0,0.0,0.0,3.0,3.0,12.0,1997
3401,338,Donald Royal,SF,30,GSW,36,1,14.1,1.0,2.7,.385,0.0,0.1,.000,1.0,2.6,.394,.385,1.7,2.2,.795,0.9,1.7,2.6,0.4,0.3,0.3,0.6,1.5,3.8,1997
3402,338,Donald Royal,SF,30,CHH,25,2,12.8,0.8,1.6,.525,0.0,0.0,,0.8,1.6,.525,.525,1.1,1.4,.800,0.7,1.6,2.3,0.4,0.5,0.1,0.9,1.7,2.8,1997
3403,339,Clifford Rozier,C,24,TOT,42,29,17.5,1.9,4.1,.454,0.0,0.0,.000,1.9,4.1,.459,.454,0.7,1.5,.508,2.4,3.1,5.6,0.7,0.6,1.0,0.7,2.3,4.5,1997
3404,339,Clifford Rozier,C,24,GSW,1,0,5.0,0.0,1.0,.000,0.0,0.0,,0.0,1.0,.000,.000,0.0,0.0,,0.0,0.0,0.0,0.0,0.0,0.0,0.0,0.0,0.0,1997
3405,339,Clifford Rozier,C,24,TOR,41,29,17.9,1.9,4.2,.457,0.0,0.0,.000,1.9,4.2,.462,.457,0.8,1.5,.508,2.5,3.2,5.7,0.8,0.6,1.1,0.7,2.4,4.6,1997
3406,340,Bryon Russell,SF,26,UTA,81,81,31.2,3.7,7.7,.479,1.3,3.3,.409,2.3,4.4,.531,.566,2.1,3.0,.701,1.0,3.1,4.1,1.5,1.6,0.3,1.2,2.9,10.8,1997
3407,Rk,Player,Pos,Age,Tm,G,GS,MP,FG,FGA,FG%,3P,3PA,3P%,2P,2PA,2P%,eFG%,FT,FTA,FT%,ORB,DRB,TRB,AST,STL,BLK,TOV,PF,PTS,1997
3408,341,Arvydas Sabonis*,C,32,POR,69,68,25.5,4.8,9.5,.498,0.7,1.9,.371,4.0,7.6,.530,.536,3.2,4.2,.777,1.7,6.3,7.9,2.1,0.9,1.2,2.2,2.9,13.4,1997
3409,342,Kevin Salvadori,C,26,SAC,23,0,6.7,0.5,1.4,.364,0.0,0.0,,0.5,1.4,.364,.364,0.6,0.8,.722,0.3,0.8,1.1,0.4,0.1,0.6,0.5,0.7,1.6,1997
3410,343,Jason Sasser,SF,23,TOT,8,0,8.6,1.1,2.9,.391,0.1,0.4,.333,1.0,2.5,.400,.413,0.0,0.0,,0.1,0.9,1.0,0.3,0.4,0.0,0.3,1.4,2.4,1997
3411,343,Jason Sasser,SF,23,SAS,6,0,10.3,1.3,3.2,.421,0.2,0.3,.500,1.2,2.8,.412,.447,0.0,0.0,,0.0,1.2,1.2,0.2,0.3,0.0,0.3,1.8,2.8,1997
3412,343,Jason Sasser,SF,23,DAL,2,0,3.5,0.5,2.0,.250,0.0,0.5,.000,0.5,1.5,.333,.250,0.0,0.0,,0.5,0.0,0.5,0.5,0.5,0.0,0.0,0.0,1.0,1997
3413,344,Danny Schayes,PF,37,ORL,45,6,12.0,1.0,2.7,.392,0.0,0.0,.000,1.0,2.6,.395,.392,0.9,1.2,.750,0.9,1.9,2.8,0.3,0.3,0.4,0.6,1.6,3.0,1997
3414,345,Steve Scheffler,C,29,SEA,7,0,4.1,0.9,1.0,.857,0.0,0.0,,0.9,1.0,.857,.857,0.1,0.3,.500,0.1,0.3,0.4,0.0,0.0,0.0,0.7,0.7,1.9,1997
3415,346,Dwayne Schintzius,C,28,LAC,15,0,7.7,0.9,2.4,.361,0.1,0.1,.500,0.8,2.3,.353,.375,0.5,0.5,.875,0.6,0.9,1.5,0.3,0.1,0.6,0.5,1.5,2.3,1997
3416,347,Detlef Schrempf,SF,34,SEA,61,60,35.9,5.8,11.9,.492,0.9,2.6,.354,4.9,9.2,.531,.531,4.1,5.2,.801,1.4,5.0,6.5,4.4,1.0,0.3,2.5,2.5,16.8,1997
3417,348,Brent Scott,PF,25,IND,16,0,3.4,0.5,1.1,.471,0.0,0.0,,0.5,1.1,.471,.471,0.2,0.4,.500,0.2,0.4,0.6,0.2,0.1,0.1,0.3,0.9,1.2,1997
3418,349,Byron Scott,SG,35,LAL,79,8,18.2,2.1,4.8,.430,0.9,2.4,.388,1.1,2.4,.471,.526,1.6,1.9,.841,0.3,1.2,1.5,1.3,0.6,0.2,0.7,0.9,6.7,1997
3419,350,Dennis Scott,SF,28,ORL,66,62,32.8,4.5,11.3,.398,2.2,5.7,.394,2.3,5.7,.402,.496,1.2,1.5,.792,0.6,2.5,3.1,2.1,1.1,0.3,1.2,2.1,12.5,1997
3420,351,James Scott,SF,24,MIA,8,0,4.0,0.0,1.0,.000,0.0,0.5,.000,0.0,0.5,.000,.000,0.1,0.3,.500,0.1,0.6,0.8,0.4,0.3,0.0,0.3,0.6,0.1,1997
3421,352,Shawnelle Scott,C,24,CLE,16,0,3.1,0.5,1.0,.500,0.0,0.0,,0.5,1.0,.500,.500,0.3,0.7,.364,0.5,0.5,1.0,0.0,0.0,0.2,0.0,0.4,1.3,1997
3422,353,Malik Sealy,SG,26,LAC,80,79,30.7,4.7,11.8,.396,1.0,2.8,.356,3.7,9.0,.408,.438,3.2,3.6,.876,0.7,2.2,3.0,2.1,1.6,0.6,1.9,2.3,13.5,1997
3423,354,Rony Seikaly,C,31,ORL,74,68,35.3,6.2,12.3,.507,0.0,0.0,.000,6.2,12.2,.509,.507,4.8,6.8,.714,3.7,5.8,9.5,1.2,0.7,1.4,2.9,3.7,17.3,1997
3424,355,Brian Shaw,PG,30,ORL,77,31,24.2,2.5,6.7,.366,0.8,2.5,.325,1.6,4.2,.391,.427,1.4,1.8,.793,0.6,1.9,2.5,4.1,0.9,0.3,2.2,2.6,7.2,1997
3425,356,Lionel Simmons,SF,28,SAC,41,0,12.7,1.1,3.3,.331,0.2,0.7,.233,0.9,2.6,.358,.357,1.0,1.2,.875,0.7,1.8,2.5,1.4,0.2,0.3,0.8,1.5,3.4,1997
3426,357,Dickey Simpkins,PF,24,CHI,48,0,8.2,0.6,1.9,.333,0.0,0.1,.250,0.6,1.9,.337,.339,0.6,0.8,.700,0.8,1.2,1.9,0.6,0.1,0.1,0.7,0.9,1.9,1997
3427,358,Reggie Slater,PF,26,TOR,26,0,15.6,3.2,5.7,.550,0.0,0.1,.000,3.2,5.7,.558,.550,1.5,2.9,.520,1.5,2.1,3.7,0.8,0.3,0.2,1.1,1.3,7.8,1997
3428,359,Charles Smith,PF,31,SAS,19,7,17.3,1.8,4.4,.405,0.0,0.1,.000,1.8,4.4,.410,.405,1.1,1.4,.769,0.9,2.5,3.4,0.7,0.7,1.2,1.2,2.3,4.6,1997
3429,360,Joe Smith,PF,21,GSW,80,80,38.6,7.3,16.2,.454,0.2,0.6,.261,7.2,15.6,.461,.459,3.8,4.7,.814,3.3,5.2,8.5,1.6,0.9,1.1,2.4,3.1,18.7,1997
3430,Rk,Player,Pos,Age,Tm,G,GS,MP,FG,FGA,FG%,3P,3PA,3P%,2P,2PA,2P%,eFG%,FT,FTA,FT%,ORB,DRB,TRB,AST,STL,BLK,TOV,PF,PTS,1997
3431,361,Kenny Smith,PG,31,TOT,48,3,15.9,2.1,5.0,.423,1.2,2.8,.437,0.9,2.2,.404,.546,0.8,0.9,.867,0.1,0.8,0.9,2.4,0.4,0.0,1.5,0.6,6.3,1997
3432,361,Kenny Smith,PG,31,DET,9,0,7.1,0.9,2.2,.400,0.6,1.1,.500,0.3,1.1,.300,.525,0.2,0.2,1.000,0.0,0.6,0.6,1.1,0.1,0.0,0.3,0.2,2.6,1997
3433,361,Kenny Smith,PG,31,ORL,6,0,7.8,1.0,2.2,.462,0.5,0.8,.600,0.5,1.3,.375,.577,0.3,0.3,1.000,0.2,0.2,0.3,0.7,0.0,0.0,1.0,0.5,2.8,1997
3434,361,Kenny Smith,PG,31,DEN,33,3,19.8,2.6,6.2,.422,1.5,3.6,.425,1.1,2.6,.419,.546,1.1,1.2,.854,0.1,1.0,1.1,3.1,0.5,0.0,1.9,0.8,7.9,1997
3435,362,Michael Smith,PF,24,SAC,81,52,31.2,2.5,4.6,.539,0.0,0.0,,2.5,4.6,.539,.539,1.6,3.2,.496,3.2,6.3,9.5,2.4,1.0,0.7,1.6,3.1,6.6,1997
3436,363,Steve Smith,SG,27,ATL,72,72,39.1,6.8,15.9,.429,1.8,5.4,.335,5.0,10.5,.477,.486,4.6,5.5,.847,1.3,2.1,3.3,4.2,0.9,0.3,2.4,2.4,20.1,1997
3437,364,Stevin Smith,SG,25,DAL,8,0,7.5,0.8,2.3,.333,0.1,0.8,.167,0.6,1.5,.417,.361,0.1,0.1,1.000,0.3,1.0,1.3,0.5,0.1,0.0,0.5,1.1,1.8,1997
3438,365,Tony Smith,PG,28,CHH,69,39,18.7,2.0,4.9,.409,0.5,1.4,.323,1.5,3.4,.445,.457,0.6,0.9,.644,0.6,0.8,1.4,2.2,0.7,0.3,1.1,1.6,5.0,1997
3439,366,Rik Smits,C,30,IND,52,52,29.2,6.8,14.1,.486,0.0,0.2,.250,6.8,13.9,.488,.487,3.3,4.2,.797,2.0,4.9,6.9,1.3,0.4,1.1,2.4,3.4,17.1,1997
3440,367,Eric Snow,PG,23,SEA,67,0,11.6,1.1,2.4,.451,0.1,0.2,.267,1.0,2.2,.470,.463,0.7,1.0,.712,0.3,0.8,1.0,2.4,0.6,0.0,0.7,1.4,3.0,1997
3441,368,Elmore Spencer,C,27,SEA,1,0,5.0,0.0,1.0,.000,0.0,0.0,,0.0,1.0,.000,.000,0.0,0.0,,0.0,0.0,0.0,0.0,1.0,0.0,1.0,0.0,0.0,1997
3442,369,Felton Spencer,C,29,TOT,73,65,21.3,1.9,3.9,.489,0.0,0.0,,1.9,3.9,.489,.489,1.3,2.2,.584,2.2,3.5,5.7,0.3,0.5,0.7,1.2,3.8,5.1,1997
3443,369,Felton Spencer,C,29,ORL,1,1,19.0,2.0,2.0,1.000,0.0,0.0,,2.0,2.0,1.000,1.000,0.0,0.0,,5.0,1.0,6.0,1.0,0.0,0.0,1.0,2.0,4.0,1997
3444,369,Felton Spencer,C,29,GSW,72,64,21.4,1.9,3.9,.486,0.0,0.0,,1.9,3.9,.486,.486,1.3,2.2,.584,2.1,3.6,5.7,0.3,0.5,0.7,1.2,3.8,5.1,1997
3445,370,Latrell Sprewell,SG,26,GSW,80,79,41.9,8.1,18.1,.449,1.8,5.2,.354,6.3,12.9,.488,.500,6.2,7.3,.843,0.7,3.9,4.6,6.3,1.7,0.6,4.0,1.9,24.2,1997
3446,371,Jerry Stackhouse,SG,22,PHI,81,81,39.1,6.6,16.1,.407,1.3,4.2,.298,5.3,11.9,.446,.446,6.3,8.2,.766,1.9,2.2,4.2,3.1,1.1,0.8,3.9,2.7,20.7,1997
3447,372,John Starks,SG,31,NYK,77,1,26.5,4.8,11.1,.431,1.9,5.3,.369,2.8,5.8,.488,.519,2.2,2.9,.769,0.5,2.2,2.7,2.8,1.2,0.1,2.1,2.5,13.8,1997
3448,373,Matt Steigenga,SF,26,CHI,2,0,6.0,0.5,2.0,.250,0.0,1.0,.000,0.5,1.0,.500,.250,0.5,1.0,.500,0.0,1.5,1.5,1.0,0.5,0.5,1.0,0.5,1.5,1997
3449,374,Joe Stephens,PF,24,HOU,2,0,4.5,0.5,2.5,.200,0.5,1.5,.333,0.0,1.0,.000,.300,0.0,0.0,,1.0,0.5,1.5,0.0,1.5,0.0,1.5,1.5,1.5,1997
3450,375,Larry Stewart,SF,28,SEA,70,21,14.0,1.6,3.6,.444,0.1,0.5,.243,1.5,3.1,.479,.462,1.0,1.3,.720,1.1,1.4,2.4,0.7,0.4,0.3,0.9,1.5,4.3,1997
3451,376,Bryant Stith,SG,26,DEN,52,52,34.4,4.8,11.6,.416,1.3,3.5,.385,3.5,8.1,.430,.474,3.9,4.5,.863,1.4,2.8,4.2,2.6,1.2,0.4,1.9,2.3,14.9,1997
3452,377,John Stockton*,PG,34,UTA,82,82,35.3,5.1,9.3,.548,0.9,2.2,.422,4.1,7.1,.587,.598,3.4,4.0,.846,0.5,2.2,2.8,10.5,2.0,0.2,3.0,2.4,14.4,1997
3453,378,Damon Stoudamire,PG,23,TOR,81,81,40.9,7.0,17.4,.401,2.2,6.1,.355,4.8,11.2,.426,.463,4.1,5.0,.823,1.1,3.0,4.1,8.8,1.5,0.2,3.6,2.0,20.2,1997
3454,379,Erick Strickland,SG,23,DAL,28,15,27.1,3.6,9.1,.398,1.0,3.3,.304,2.6,5.9,.451,.453,2.3,2.9,.813,0.8,2.5,3.2,2.4,1.0,0.2,2.4,2.7,10.6,1997
3455,380,Mark Strickland,PF,26,MIA,31,0,4.9,0.8,1.9,.417,0.0,0.0,.000,0.8,1.9,.424,.417,0.4,0.7,.571,0.5,0.7,1.2,0.0,0.1,0.3,0.5,0.5,2.0,1997
3456,Rk,Player,Pos,Age,Tm,G,GS,MP,FG,FGA,FG%,3P,3PA,3P%,2P,2PA,2P%,eFG%,FT,FTA,FT%,ORB,DRB,TRB,AST,STL,BLK,TOV,PF,PTS,1997
3457,381,Rod Strickland,PG,30,WSB,82,81,36.5,6.3,13.5,.466,0.2,0.9,.169,6.1,12.5,.488,.472,4.5,6.1,.738,1.2,2.9,4.1,8.9,1.7,0.2,3.3,2.0,17.2,1997
3458,382,Derek Strong,PF,28,ORL,82,21,24.4,3.2,7.1,.447,0.0,0.2,.000,3.2,7.0,.457,.447,2.1,2.7,.803,2.1,4.2,6.3,0.9,0.6,0.2,1.2,2.4,8.5,1997
3459,383,Bob Sura,SG,23,CLE,82,23,27.7,3.1,7.2,.431,0.6,2.0,.323,2.4,5.2,.473,.476,2.4,3.9,.614,0.9,2.8,3.8,4.8,1.1,0.4,2.2,2.7,9.2,1997
3460,384,Brett Szabo,C,28,BOS,70,24,9.5,0.8,1.7,.446,0.0,0.0,.000,0.8,1.7,.450,.446,0.6,0.9,.738,0.8,1.6,2.4,0.2,0.2,0.5,0.6,1.7,2.2,1997
3461,385,Žan Tabak,C,26,TOR,13,4,16.8,2.5,5.5,.451,0.0,0.0,,2.5,5.5,.451,.451,1.5,2.2,.690,1.5,2.2,3.8,1.1,0.5,0.8,1.6,2.7,6.5,1997
3462,386,Carl Thomas,SG,27,CLE,19,0,4.1,0.5,1.3,.375,0.1,0.6,.167,0.4,0.6,.583,.417,0.1,0.1,1.000,0.2,0.5,0.7,0.4,0.1,0.1,0.3,0.4,1.1,1997
3463,387,Kurt Thomas,PF,24,MIA,18,9,20.8,2.2,5.8,.371,0.0,0.1,.000,2.2,5.8,.375,.371,1.9,2.6,.761,1.7,4.2,5.9,0.5,0.7,0.5,1.4,3.7,6.3,1997
3464,388,Brooks Thompson,PG,26,TOT,67,6,15.7,2.4,6.1,.399,1.4,3.6,.398,1.0,2.4,.401,.518,0.4,0.6,.632,0.3,1.2,1.4,2.7,0.8,0.0,1.3,1.9,6.6,1997
3465,388,Brooks Thompson,PG,26,UTA,2,0,4.0,0.0,0.5,.000,0.0,0.0,,0.0,0.5,.000,.000,0.0,0.0,,0.0,0.0,0.0,0.5,0.0,0.0,0.5,0.5,0.0,1997
3466,388,Brooks Thompson,PG,26,DEN,65,6,16.1,2.5,6.2,.400,1.5,3.8,.398,1.0,2.5,.404,.520,0.4,0.6,.632,0.3,1.2,1.5,2.8,0.8,0.0,1.3,1.9,6.8,1997
3467,389,LaSalle Thompson,C,35,TOT,26,0,5.4,0.1,0.7,.158,0.0,0.0,,0.1,0.7,.158,.158,0.2,0.2,.667,0.3,1.0,1.3,0.1,0.1,0.2,0.3,1.3,0.4,1997
3468,389,LaSalle Thompson,C,35,DEN,17,0,6.2,0.2,0.9,.188,0.0,0.0,,0.2,0.9,.188,.188,0.1,0.1,.500,0.3,1.2,1.5,0.0,0.2,0.4,0.4,1.5,0.4,1997
3469,389,LaSalle Thompson,C,35,IND,9,0,3.9,0.0,0.3,.000,0.0,0.0,,0.0,0.3,.000,.000,0.3,0.4,.750,0.2,0.7,0.9,0.2,0.0,0.0,0.2,0.8,0.3,1997
3470,390,Otis Thorpe,C,34,DET,79,79,33.7,5.3,10.0,.532,0.0,0.0,.000,5.3,9.9,.534,.532,2.5,3.8,.653,2.9,5.0,7.9,1.7,0.7,0.2,1.8,3.8,13.1,1997
3471,391,Sedale Threatt,SG,35,HOU,21,0,15.9,1.3,3.5,.378,0.4,1.0,.400,1.0,2.6,.370,.432,0.3,0.4,.750,0.2,0.9,1.1,1.9,0.7,0.1,0.6,1.4,3.3,1997
3472,392,Wayman Tisdale,PF,32,PHO,53,15,14.7,3.0,7.0,.426,0.0,0.0,,3.0,7.0,.426,.426,0.6,0.9,.625,0.7,1.6,2.3,0.4,0.2,0.4,0.7,2.1,6.5,1997
3473,393,Keith Tower,C,26,MIL,5,1,14.4,0.6,1.6,.375,0.0,0.0,,0.6,1.6,.375,.375,0.2,1.6,.125,0.4,1.4,1.8,0.2,0.4,0.2,0.4,2.4,1.4,1997
3474,394,Gary Trent,PF,22,POR,82,28,23.4,4.4,8.2,.536,0.0,0.1,.000,4.4,8.1,.544,.536,2.0,2.8,.699,1.9,3.3,5.2,1.1,0.6,0.4,1.6,2.3,10.8,1997
3475,395,Nick Van Exel,PG,25,LAL,79,79,37.2,5.5,13.6,.402,2.2,5.9,.378,3.2,7.7,.420,.484,2.1,2.5,.825,0.6,2.3,2.9,8.5,0.9,0.1,2.7,1.4,15.3,1997
3476,396,David Vaughn,PF,23,ORL,35,6,8.5,0.9,2.1,.431,0.0,0.0,,0.9,2.1,.431,.431,0.5,0.9,.633,1.0,1.7,2.7,0.2,0.2,0.4,0.8,1.2,2.3,1997
3477,397,Loy Vaught,PF,28,LAC,82,82,34.6,6.6,13.2,.500,0.0,0.1,.167,6.6,13.1,.504,.501,1.6,2.3,.702,2.7,7.3,10.0,1.3,1.0,0.3,1.7,2.9,14.9,1997
3478,398,Stojko Vranković,C,33,MIN,53,35,14.5,1.5,2.6,.561,0.0,0.0,,1.5,2.6,.561,.561,0.5,0.7,.676,1.1,2.1,3.2,0.3,0.2,1.3,1.0,2.3,3.4,1997
3479,399,Antoine Walker,PF,20,BOS,82,68,36.2,7.0,16.5,.425,0.6,1.9,.327,6.4,14.6,.438,.445,2.8,4.5,.631,3.5,5.5,9.0,3.2,1.3,0.6,2.8,3.3,17.5,1997
3480,400,Samaki Walker,PF,20,DAL,43,12,14.0,1.9,4.3,.444,0.0,0.0,.000,1.9,4.3,.446,.444,1.1,1.7,.649,1.1,2.3,3.4,0.4,0.3,0.5,0.9,1.7,5.0,1997
3481,Rk,Player,Pos,Age,Tm,G,GS,MP,FG,FGA,FG%,3P,3PA,3P%,2P,2PA,2P%,eFG%,FT,FTA,FT%,ORB,DRB,TRB,AST,STL,BLK,TOV,PF,PTS,1997
3482,401,Ben Wallace*,PF,22,WSB,34,0,5.8,0.5,1.4,.348,0.0,0.0,,0.5,1.4,.348,.348,0.2,0.6,.300,0.7,1.0,1.7,0.1,0.2,0.3,0.5,0.8,1.1,1997
3483,402,John Wallace,SF,22,NYK,68,6,11.6,1.8,3.5,.517,0.0,0.1,.500,1.8,3.4,.517,.521,1.2,1.6,.718,0.8,1.5,2.3,0.5,0.3,0.4,1.1,1.5,4.8,1997
3484,403,Rasheed Wallace,PF,22,POR,62,56,30.5,6.1,11.0,.558,0.1,0.5,.273,6.0,10.5,.573,.565,2.7,4.3,.638,2.0,4.8,6.8,1.2,0.8,1.0,1.8,3.2,15.1,1997
3485,404,Rex Walters,SG,26,PHI,59,16,17.6,2.5,5.5,.455,1.0,2.5,.385,1.5,3.0,.514,.543,0.8,1.1,.790,0.4,1.5,1.8,1.9,0.5,0.1,1.0,1.3,6.8,1997
3486,405,Charlie Ward,PG,26,NYK,79,21,22.3,1.7,4.3,.395,0.6,1.9,.312,1.1,2.3,.464,.466,1.2,1.6,.760,0.6,2.2,2.8,4.1,1.1,0.2,1.9,2.4,5.2,1997
3487,406,Jamie Watson,SF,24,TOT,23,6,14.8,1.3,3.1,.431,0.2,0.5,.333,1.2,2.6,.450,.458,0.5,0.7,.750,0.8,1.3,2.0,1.4,1.0,0.2,1.0,1.5,3.4,1997
3488,406,Jamie Watson,SF,24,UTA,13,0,9.9,0.8,1.9,.440,0.1,0.2,.333,0.8,1.7,.455,.460,0.8,0.9,.833,0.3,1.1,1.4,0.8,0.8,0.2,0.7,1.2,2.5,1997
3489,406,Jamie Watson,SF,24,DAL,10,6,21.1,2.0,4.7,.426,0.3,0.9,.333,1.7,3.8,.447,.457,0.2,0.4,.500,1.4,1.5,2.9,2.3,1.1,0.2,1.5,1.8,4.5,1997
3490,407,Clarence Weatherspoon,SF,26,PHI,82,82,36.0,4.9,9.9,.491,0.0,0.1,.167,4.8,9.8,.493,.491,2.5,3.4,.738,2.7,5.6,8.3,1.7,0.9,1.0,1.7,2.3,12.2,1997
3491,408,Chris Webber*,PF,23,WSB,72,72,39.0,8.4,16.2,.518,0.8,2.1,.397,7.6,14.1,.535,.543,2.5,4.3,.565,3.3,7.0,10.3,4.6,1.7,1.9,3.2,3.6,20.1,1997
3492,409,Bill Wennington,C,33,CHI,61,19,12.8,1.9,3.9,.498,0.0,0.0,.000,1.9,3.9,.502,.498,0.7,0.9,.830,0.8,1.4,2.1,0.7,0.2,0.2,0.5,2.2,4.6,1997
3493,410,Robert Werdann,C,26,NJN,6,0,5.2,0.5,1.2,.429,0.0,0.0,,0.5,1.2,.429,.429,0.5,0.5,1.000,0.5,0.5,1.0,0.0,0.3,0.2,0.3,1.7,1.5,1997
3494,411,David Wesley,PG,26,BOS,74,73,40.4,6.2,13.2,.468,1.4,3.9,.360,4.8,9.3,.513,.521,3.0,3.9,.781,0.9,2.7,3.6,7.3,2.2,0.2,2.9,3.0,16.8,1997
3495,412,Doug West,SG,29,MIN,68,66,28.2,3.3,7.1,.467,0.2,0.7,.333,3.1,6.5,.481,.482,0.9,1.4,.681,0.5,1.6,2.2,1.7,0.9,0.4,1.0,3.2,7.8,1997
3496,413,Mark West,C,36,CLE,70,43,13.7,1.4,2.6,.556,0.0,0.0,,1.4,2.6,.556,.556,0.4,0.8,.482,1.0,1.7,2.7,0.3,0.2,0.8,0.7,2.0,3.2,1997
3497,414,Ennis Whatley,PG,34,POR,3,0,7.3,0.7,1.3,.500,0.0,0.0,,0.7,1.3,.500,.500,0.0,0.0,,0.0,1.0,1.0,1.0,0.0,0.0,0.3,1.7,1.3,1997
3498,415,Donald Whiteside,PG,27,TOR,27,1,9.6,0.7,2.0,.327,0.4,1.3,.333,0.2,0.7,.316,.436,0.4,0.6,.733,0.1,0.4,0.4,1.3,0.4,0.0,0.6,0.9,2.2,1997
3499,416,Chris Whitney,PG,25,WSB,82,1,13.6,1.7,4.0,.421,0.7,2.0,.356,1.0,2.0,.485,.509,1.1,1.4,.832,0.2,1.1,1.3,2.2,0.6,0.0,0.8,1.2,5.2,1997
3500,417,Dominique Wilkins*,SF,37,SAS,63,26,30.9,6.3,15.1,.417,1.1,3.8,.293,5.2,11.3,.458,.453,4.5,5.6,.803,2.7,3.7,6.4,1.9,0.6,0.5,2.1,1.6,18.2,1997
3501,418,Gerald Wilkins,SG,33,ORL,80,26,27.5,4.0,9.5,.426,0.8,2.5,.325,3.2,7.0,.462,.469,1.7,2.4,.716,0.7,1.4,2.2,2.2,0.7,0.2,1.5,1.8,10.6,1997
3502,419,Aaron Williams,PF-C,25,TOT,33,1,17.1,2.6,4.5,.574,0.0,0.0,.000,2.6,4.5,.578,.574,1.0,1.5,.673,1.9,2.5,4.3,0.5,0.5,0.9,1.0,2.2,6.2,1997
3503,419,Aaron Williams,C,25,DEN,1,0,10.0,3.0,5.0,.600,0.0,0.0,,3.0,5.0,.600,.600,0.0,0.0,,2.0,3.0,5.0,0.0,0.0,3.0,4.0,0.0,6.0,1997
3504,419,Aaron Williams,PF,25,VAN,32,1,17.3,2.6,4.5,.573,0.0,0.0,.000,2.6,4.4,.577,.573,1.0,1.5,.673,1.9,2.4,4.3,0.5,0.5,0.8,0.9,2.3,6.2,1997
3505,420,Buck Williams,PF,36,NYK,74,4,20.2,2.4,4.4,.537,0.0,0.0,.000,2.4,4.4,.538,.537,1.6,2.4,.642,2.2,3.1,5.4,0.7,0.5,0.5,1.1,2.8,6.3,1997
3506,Rk,Player,Pos,Age,Tm,G,GS,MP,FG,FGA,FG%,3P,3PA,3P%,2P,2PA,2P%,eFG%,FT,FTA,FT%,ORB,DRB,TRB,AST,STL,BLK,TOV,PF,PTS,1997
3507,421,Eric Williams,SG,24,BOS,72,67,33.8,5.2,11.4,.456,0.0,0.1,.250,5.2,11.3,.458,.457,4.6,6.1,.752,1.8,2.8,4.6,1.8,1.0,0.2,1.9,3.0,15.0,1997
3508,422,Herb Williams,PF,38,NYK,21,2,8.8,0.9,2.2,.391,0.0,0.0,.000,0.9,2.1,.400,.391,0.1,0.2,.750,0.4,1.0,1.5,0.2,0.2,0.2,0.2,0.9,1.9,1997
3509,423,Hot Rod Williams,C,34,PHO,68,66,31.4,3.0,6.1,.490,0.0,0.0,.000,3.0,6.1,.493,.490,2.0,2.9,.672,2.6,5.6,8.3,1.5,1.0,1.3,1.0,2.6,8.0,1997
3510,424,Jayson Williams,PF,28,NJN,41,40,34.9,5.4,13.2,.409,0.0,0.1,.000,5.4,13.1,.412,.409,2.6,4.5,.590,5.9,7.6,13.5,1.2,0.6,0.9,2.0,3.9,13.4,1997
3511,425,Jerome Williams,PF,23,DET,33,0,5.4,0.6,1.5,.392,0.0,0.0,,0.6,1.5,.392,.392,0.3,0.5,.529,0.7,0.8,1.5,0.2,0.4,0.0,0.4,0.5,1.5,1997
3512,426,Lorenzo Williams,C,27,WSB,19,0,13.9,1.1,1.6,.645,0.0,0.0,,1.1,1.6,.645,.645,0.3,0.4,.714,1.5,2.2,3.6,0.2,0.3,0.4,0.9,2.6,2.4,1997
3513,427,Monty Williams,SF,25,SAS,65,26,20.7,3.6,7.1,.509,0.0,0.0,.000,3.6,7.1,.510,.509,1.8,2.9,.645,1.5,1.7,3.2,1.4,0.8,0.8,1.8,2.5,9.0,1997
3514,428,Reggie Williams,SF,32,TOT,13,0,15.4,2.2,5.8,.382,0.7,2.6,.265,1.5,3.2,.476,.441,0.7,0.9,.750,0.4,2.0,2.4,0.8,0.6,0.3,0.9,2.5,5.8,1997
3515,428,Reggie Williams,SF,32,IND,2,0,16.5,1.0,4.5,.222,0.0,0.5,.000,1.0,4.0,.250,.222,0.5,1.0,.500,0.5,3.0,3.5,1.0,0.0,0.0,1.0,2.5,2.5,1997
3516,428,Reggie Williams,SF,32,NJN,11,0,15.2,2.5,6.1,.403,0.8,3.0,.273,1.6,3.1,.529,.470,0.7,0.9,.800,0.4,1.8,2.2,0.7,0.7,0.4,0.9,2.5,6.5,1997
3517,429,Scott Williams,C,28,PHI,62,52,21.2,2.6,5.1,.509,0.0,0.0,.000,2.6,5.1,.513,.509,0.6,0.9,.691,2.5,3.9,6.4,0.7,0.7,0.7,0.8,3.3,5.8,1997
3518,430,Walt Williams,SF,26,TOR,73,73,36.3,5.7,13.5,.427,2.4,6.0,.400,3.3,7.5,.448,.516,2.5,3.3,.765,1.4,3.6,5.0,2.7,1.3,0.8,2.4,3.9,16.4,1997
3519,431,Corliss Williamson,SF,23,SAC,79,31,25.2,4.7,9.4,.498,0.0,0.0,.000,4.7,9.4,.500,.498,2.2,3.2,.689,1.8,2.4,4.1,1.6,0.8,0.6,2.0,3.3,11.6,1997
3520,432,Kevin Willis,PF,34,HOU,75,32,26.2,4.7,9.7,.481,0.0,0.2,.143,4.6,9.5,.487,.482,1.9,2.7,.693,1.9,5.5,7.5,0.9,0.6,0.4,1.6,2.9,11.2,1997
3521,433,David Wingate,SG,33,SEA,65,2,14.3,1.4,3.3,.416,0.4,1.1,.352,1.0,2.2,.448,.474,0.5,0.6,.825,0.4,0.8,1.1,1.2,0.7,0.1,0.6,1.7,3.6,1997
3522,434,Dontonio Wingfield,SF,22,POR,47,0,12.1,1.7,4.1,.409,0.6,1.6,.338,1.1,2.5,.457,.477,0.6,0.9,.675,1.3,1.6,2.9,1.0,0.3,0.1,1.0,2.1,4.5,1997
3523,435,Joe Wolf,C,32,MIL,56,7,9.4,0.7,1.6,.449,0.0,0.1,.143,0.7,1.5,.476,.455,0.3,0.3,.737,0.6,1.4,2.0,0.4,0.3,0.2,0.3,1.9,1.7,1997
3524,436,David Wood,PF,32,MIL,46,0,5.2,0.4,0.8,.526,0.1,0.3,.333,0.3,0.5,.652,.592,0.3,0.4,.667,0.1,0.5,0.6,0.3,0.2,0.1,0.1,0.8,1.2,1997
3525,437,Haywoode Workman,PG,31,IND,4,2,20.3,2.8,5.0,.550,0.0,0.8,.000,2.8,4.3,.647,.550,0.0,0.3,.000,1.0,0.8,1.8,2.8,0.8,0.0,1.3,2.5,5.5,1997
3526,438,Lorenzen Wright,C,21,LAC,77,51,25.1,3.1,6.4,.481,0.0,0.1,.250,3.1,6.3,.483,.482,1.1,1.9,.587,2.7,3.4,6.1,0.6,0.6,0.8,1.0,2.7,7.3,1997
3527,439,Sharone Wright,C,24,TOR,60,28,16.8,2.7,6.7,.400,0.0,0.0,.000,2.7,6.7,.400,.400,1.1,2.2,.511,1.3,1.8,3.1,0.5,0.3,0.8,1.6,2.4,6.5,1997
3528,440,George Zídek,C,23,TOT,52,2,7.2,0.9,2.3,.415,0.0,0.0,.000,0.9,2.2,.422,.415,0.9,1.1,.789,0.7,1.0,1.7,0.3,0.1,0.1,0.5,1.2,2.8,1997
3529,440,George Zídek,C,23,CHH,36,2,8.0,0.9,2.4,.388,0.0,0.1,.000,0.9,2.3,.398,.388,0.7,0.9,.781,0.7,1.1,1.8,0.3,0.1,0.1,0.6,1.2,2.5,1997
3530,440,George Zídek,C,23,DEN,16,0,5.5,1.0,2.1,.485,0.0,0.0,,1.0,2.1,.485,.485,1.3,1.6,.800,0.6,0.8,1.4,0.3,0.1,0.0,0.3,1.1,3.3,1997
3531,Rk,Player,Pos,Age,Tm,G,GS,MP,FG,FGA,FG%,3P,3PA,3P%,2P,2PA,2P%,eFG%,FT,FTA,FT%,ORB,DRB,TRB,AST,STL,BLK,TOV,PF,PTS,1997
3532,441,Aleksandar Djordjevic,SG,29,POR,8,0,7.6,1.0,2.0,.500,0.6,0.9,.714,0.4,1.1,.333,.656,0.5,0.6,.800,0.1,0.5,0.6,0.6,0.0,0.0,0.6,0.4,3.1,1997
3533,1,Mahmoud Abdul-Rauf,PG,28,SAC,31,0,17.1,3.3,8.8,.377,0.2,1.0,.161,3.2,7.8,.405,.386,0.5,0.5,1.000,0.2,1.0,1.2,1.9,0.5,0.0,0.6,1.0,7.3,1998
3534,2,Tariq Abdul-Wahad,SG,23,SAC,59,16,16.3,2.4,6.1,.403,0.1,0.3,.211,2.4,5.7,.414,.409,1.4,2.1,.672,0.7,1.2,2.0,0.9,0.6,0.2,1.1,1.4,6.4,1998
3535,3,Shareef Abdur-Rahim,SF,21,VAN,82,82,36.0,8.0,16.4,.485,0.3,0.6,.412,7.7,15.8,.488,.493,6.1,7.8,.784,2.8,4.3,7.1,2.6,1.1,0.9,3.1,2.5,22.3,1998
3536,4,Cory Alexander,PG,24,TOT,60,22,21.6,2.9,6.7,.428,1.1,2.9,.375,1.8,3.7,.469,.510,1.3,1.7,.784,0.3,2.2,2.4,3.5,1.2,0.2,1.9,1.6,8.1,1998
3537,4,Cory Alexander,PG,24,SAS,37,3,13.5,1.6,3.9,.414,0.5,1.7,.313,1.1,2.2,.494,.483,0.7,1.0,.676,0.2,1.1,1.3,1.9,0.7,0.1,1.3,1.4,4.5,1998
3538,4,Cory Alexander,PG,24,DEN,23,19,34.7,4.8,11.1,.435,2.0,4.9,.411,2.8,6.2,.455,.525,2.4,2.8,.846,0.4,3.9,4.3,6.0,2.0,0.3,2.8,2.0,14.0,1998
3539,5,Ray Allen*,SG,22,MIL,82,82,40.1,6.9,16.0,.428,1.6,4.5,.364,5.2,11.5,.453,.479,4.2,4.8,.875,1.5,3.4,4.9,4.3,1.4,0.1,3.2,3.0,19.5,1998
3540,6,Derek Anderson,SF,23,CLE,66,13,27.9,3.6,8.9,.408,0.3,1.3,.202,3.4,7.6,.442,.422,4.2,4.8,.873,0.8,2.0,2.8,3.4,1.3,0.2,1.9,2.1,11.7,1998
3541,7,Greg Anderson,C,33,ATL,50,0,8.0,0.7,1.6,.444,0.0,0.1,.000,0.7,1.5,.474,.444,0.3,0.8,.390,0.8,1.6,2.4,0.3,0.4,0.2,0.3,1.7,1.8,1998
3542,8,Kenny Anderson,PG,27,TOT,61,56,30.5,4.4,11.0,.398,0.9,2.6,.356,3.5,8.4,.411,.440,2.5,3.2,.789,0.6,2.2,2.8,5.7,1.4,0.0,2.3,2.2,12.2,1998
3543,8,Kenny Anderson,PG,27,POR,45,40,32.7,4.5,11.7,.387,1.0,3.0,.353,3.5,8.8,.398,.432,2.5,3.2,.772,0.8,2.2,3.0,5.4,1.4,0.0,2.5,2.2,12.6,1998
3544,8,Kenny Anderson,PG,27,BOS,16,16,24.1,4.0,9.2,.435,0.6,1.7,.370,3.4,7.5,.450,.469,2.6,3.1,.837,0.2,2.3,2.4,6.3,1.6,0.0,1.8,2.3,11.2,1998
3545,9,Nick Anderson,SF,30,ORL,58,44,29.3,5.9,13.0,.455,1.3,3.7,.360,4.6,9.3,.493,.506,2.2,3.4,.638,1.7,3.4,5.1,2.1,1.2,0.4,1.5,1.7,15.3,1998
3546,10,Shandon Anderson,SG,24,UTA,82,2,19.5,3.3,6.1,.538,0.1,0.4,.219,3.2,5.7,.560,.545,1.7,2.3,.735,1.0,1.7,2.8,1.1,0.8,0.2,1.1,1.8,8.3,1998
3547,11,Chris Anstey,C,23,DAL,41,8,16.6,2.2,5.6,.398,0.1,0.4,.188,2.2,5.2,.414,.405,1.3,1.8,.716,1.3,2.5,3.8,0.9,0.8,0.7,1.0,2.3,5.9,1998
3548,12,Greg Anthony,PG,30,SEA,80,0,12.8,1.9,4.4,.430,0.8,2.0,.415,1.1,2.4,.442,.524,0.7,1.0,.663,0.2,1.2,1.4,2.6,0.8,0.0,1.1,1.2,5.2,1998
3549,13,B.J. Armstrong,PG,30,TOT,66,0,12.6,1.6,3.2,.493,0.1,0.5,.257,1.5,2.7,.539,.514,0.6,0.8,.840,0.2,0.9,1.2,2.3,0.4,0.0,0.6,1.1,4.0,1998
3550,13,B.J. Armstrong,PG,30,GSW,4,0,14.8,1.5,4.8,.316,0.0,0.3,.000,1.5,4.5,.333,.316,1.3,1.8,.714,1.0,0.8,1.8,1.5,1.0,0.0,1.8,1.5,4.3,1998
3551,13,B.J. Armstrong,PG,30,CHH,62,0,12.5,1.6,3.1,.510,0.1,0.5,.265,1.5,2.6,.563,.534,0.6,0.7,.860,0.2,0.9,1.1,2.3,0.4,0.0,0.6,1.1,3.9,1998
3552,14,Darrell Armstrong,PG,29,ORL,48,17,25.8,3.3,7.9,.411,0.5,1.4,.368,2.7,6.5,.420,.443,2.2,2.6,.854,1.4,2.0,3.3,4.9,1.2,0.1,2.3,2.0,9.2,1998
3553,15,Vincent Askew,SG,31,POR,30,5,14.8,0.6,1.8,.352,0.0,0.1,.000,0.6,1.7,.365,.352,0.9,1.3,.718,0.7,1.6,2.3,1.3,0.6,0.2,1.2,1.3,2.2,1998
3554,16,Keith Askins,SF,30,MIA,46,12,14.8,0.8,2.7,.320,0.5,1.6,.284,0.4,1.0,.375,.406,0.3,0.4,.632,0.6,1.6,2.2,0.6,0.6,0.3,0.6,2.3,2.4,1998
3555,17,Stacey Augmon,SG,29,POR,71,23,20.4,2.2,5.2,.414,0.0,0.1,.143,2.2,5.1,.419,.415,1.3,2.2,.603,1.5,1.8,3.3,1.2,0.8,0.5,1.1,2.0,5.7,1998
3556,18,Isaac Austin,C,28,TOT,78,50,29.1,5.2,11.2,.466,0.0,0.1,.000,5.2,11.1,.470,.466,3.1,4.7,.669,2.6,4.6,7.1,2.2,0.8,0.7,2.6,3.0,13.5,1998
3557,18,Isaac Austin,C,28,MIA,52,25,26.4,4.8,10.2,.474,0.0,0.1,.000,4.8,10.2,.476,.474,3.0,4.4,.680,2.3,4.1,6.3,1.7,0.8,0.7,2.3,3.1,12.7,1998
3558,18,Isaac Austin,C,28,LAC,26,25,34.4,5.9,13.0,.454,0.0,0.2,.000,5.9,12.8,.461,.454,3.4,5.2,.652,3.1,5.7,8.7,3.4,0.7,0.8,3.4,2.7,15.2,1998
3559,19,Vin Baker,C,26,SEA,82,82,35.9,7.7,14.2,.542,0.0,0.1,.143,7.7,14.1,.545,.543,3.8,6.4,.591,3.5,4.5,8.0,1.9,1.1,1.0,2.1,3.4,19.2,1998
3560,20,Charles Barkley*,PF,34,HOU,68,41,33.0,5.3,10.9,.485,0.3,1.2,.214,5.0,9.7,.520,.497,4.4,5.8,.746,3.5,8.1,11.7,3.2,1.0,0.4,2.2,2.8,15.2,1998
3561,21,Dana Barros,PG,30,BOS,80,15,21.1,3.5,7.6,.461,1.3,3.1,.407,2.3,4.5,.499,.544,1.5,1.8,.847,0.4,1.6,1.9,3.6,1.0,0.1,1.3,1.6,9.8,1998
3562,22,Brent Barry,SG,26,TOT,58,36,27.6,3.7,8.7,.421,1.6,3.9,.393,2.1,4.8,.444,.510,2.0,2.3,.858,0.5,2.4,2.9,2.6,1.1,0.5,1.8,2.0,10.9,1998
3563,22,Brent Barry,SG,26,LAC,41,36,32.7,4.6,10.8,.428,1.9,4.8,.400,2.7,6.1,.450,.516,2.5,3.0,.844,0.7,2.8,3.5,3.2,1.2,0.6,2.3,2.1,13.7,1998
3564,22,Brent Barry,SG,26,MIA,17,0,15.2,1.4,3.6,.371,0.7,2.0,.353,0.6,1.6,.393,.468,0.7,0.7,1.000,0.1,1.5,1.6,1.2,0.8,0.2,0.5,1.8,4.1,1998
3565,23,Drew Barry,PG,24,ATL,27,0,9.5,0.7,1.4,.474,0.3,0.8,.429,0.3,0.6,.529,.592,0.4,0.5,.846,0.2,1.1,1.3,1.8,0.4,0.0,1.1,1.0,2.1,1998
3566,24,Jon Barry,SG,28,LAL,49,1,7.6,0.8,2.1,.365,0.4,1.2,.295,0.4,0.9,.465,.452,0.6,0.6,.931,0.2,0.6,0.8,1.0,0.5,0.1,0.4,0.7,2.5,1998
3567,25,Tony Battie,PF,21,DEN,65,49,23.2,3.6,8.1,.446,0.0,0.2,.214,3.6,7.9,.452,.449,1.1,1.6,.702,2.1,3.3,5.4,0.9,0.8,1.1,1.5,3.1,8.4,1998
3568,26,Corey Beck,PG,26,CHH,59,14,12.5,1.2,2.7,.459,0.0,0.1,.500,1.2,2.6,.458,.465,0.7,1.0,.729,0.5,1.1,1.5,1.7,0.6,0.1,1.2,1.7,3.2,1998
3569,27,Benoit Benjamin,C,33,PHI,14,0,14.1,1.6,2.9,.537,0.0,0.0,,1.6,2.9,.537,.537,1.4,2.1,.633,1.3,2.5,3.8,0.2,0.3,0.3,0.9,1.9,4.5,1998
3570,28,Mario Bennett,PF,24,LAL,45,4,7.9,1.8,3.0,.593,0.0,0.0,.500,1.8,3.0,.594,.596,0.4,1.0,.364,1.3,1.5,2.8,0.4,0.4,0.2,0.5,1.4,3.9,1998
3571,29,David Benoit,SF,29,TOT,77,0,14.6,2.0,5.3,.373,0.7,2.2,.324,1.3,3.1,.408,.440,0.8,1.0,.824,0.8,1.9,2.6,0.3,0.5,0.3,0.7,2.0,5.5,1998
3572,29,David Benoit,SF,29,NJN,53,0,15.1,1.9,5.1,.379,0.8,2.2,.345,1.2,2.8,.407,.455,0.7,0.8,.841,0.8,1.9,2.7,0.3,0.5,0.3,0.7,2.3,5.3,1998
3573,29,David Benoit,SF,29,ORL,24,0,13.5,2.1,5.8,.360,0.6,2.1,.275,1.5,3.7,.409,.410,1.0,1.3,.800,0.8,1.8,2.6,0.3,0.4,0.2,0.5,1.5,5.8,1998
3574,30,Travis Best,PG,25,IND,82,0,18.9,2.5,5.9,.419,0.3,0.9,.300,2.2,5.0,.439,.441,1.4,1.6,.855,0.3,1.1,1.5,3.4,1.0,0.1,1.4,2.4,6.5,1998
3575,31,Chauncey Billups,PG,21,TOT,80,70,27.7,3.5,9.4,.374,1.3,4.1,.329,2.2,5.3,.408,.445,2.8,3.3,.850,0.8,1.6,2.4,3.9,1.3,0.1,2.2,2.2,11.2,1998
3576,31,Chauncey Billups,PG,21,BOS,51,44,25.4,3.5,8.9,.390,1.3,3.7,.339,2.2,5.2,.426,.460,2.9,3.5,.817,0.8,1.4,2.2,4.3,1.5,0.0,2.3,2.3,11.1,1998
3577,31,Chauncey Billups,PG,21,TOR,29,26,31.7,3.6,10.2,.349,1.5,4.7,.316,2.1,5.5,.377,.422,2.7,3.0,.919,0.8,1.9,2.7,3.3,1.0,0.1,1.9,1.9,11.3,1998
3578,32,Mookie Blaylock,PG,30,ATL,70,69,38.6,5.3,13.4,.392,1.3,4.8,.269,4.0,8.6,.460,.440,1.4,1.9,.709,1.2,3.7,4.9,6.7,2.6,0.3,2.5,1.7,13.2,1998
3579,33,Corie Blount,PF,29,LAL,70,3,14.7,1.5,2.7,.572,0.0,0.1,.000,1.5,2.6,.585,.572,0.6,1.1,.500,1.6,2.6,4.3,0.5,0.4,0.4,0.7,2.2,3.6,1998
3580,34,Muggsy Bogues,PG,33,TOT,61,31,25.7,2.3,5.3,.437,0.1,0.3,.250,2.2,5.0,.446,.443,1.0,1.1,.897,0.5,1.7,2.2,5.4,1.1,0.0,1.7,1.0,5.7,1998
3581,34,Muggsy Bogues,PG,33,CHH,2,0,8.0,1.0,2.5,.400,0.0,0.0,,1.0,2.5,.400,.400,1.0,1.0,1.000,0.0,0.5,0.5,2.0,1.0,0.0,0.5,1.0,3.0,1998
3582,34,Muggsy Bogues,PG,33,GSW,59,31,26.3,2.4,5.4,.437,0.1,0.3,.250,2.3,5.1,.447,.443,1.0,1.1,.894,0.5,1.7,2.2,5.5,1.1,0.1,1.8,0.9,5.8,1998
3583,35,Etdrick Bohannon,PF,24,IND,5,0,2.2,0.0,0.8,.000,0.0,0.0,,0.0,0.8,.000,.000,0.0,0.0,,0.4,0.8,1.2,0.2,0.0,0.4,0.6,0.6,0.0,1998
3584,36,Keith Booth,SF,23,CHI,6,0,2.8,0.3,1.0,.333,0.0,0.2,.000,0.3,0.8,.400,.333,1.0,1.0,1.000,0.3,0.3,0.7,0.2,0.0,0.0,0.5,0.5,1.7,1998
3585,37,Bruce Bowen,SF,26,BOS,61,9,21.4,2.0,4.9,.409,0.3,1.0,.339,1.7,3.9,.427,.443,1.2,2.0,.623,1.3,1.6,2.9,1.3,1.4,0.5,0.9,2.9,5.6,1998
3586,38,Anthony Bowie,SG,34,NYK,27,3,8.3,1.2,2.2,.542,0.1,0.1,.750,1.1,2.0,.527,.568,0.3,0.3,.889,0.3,0.6,1.0,0.4,0.2,0.1,0.3,0.9,2.8,1998
3587,39,Shawn Bradley,C,25,DAL,64,46,28.5,4.7,11.1,.422,0.0,0.0,.333,4.7,11.1,.422,.423,2.0,2.8,.722,2.6,5.5,8.1,0.9,0.8,3.3,1.5,3.3,11.4,1998
3588,40,Terrell Brandon,PG,27,MIL,50,48,35.7,6.8,14.6,.464,0.6,1.9,.333,6.2,12.8,.483,.485,2.6,3.1,.846,0.5,3.1,3.5,7.7,2.2,0.3,2.9,2.4,16.8,1998
3589,Rk,Player,Pos,Age,Tm,G,GS,MP,FG,FGA,FG%,3P,3PA,3P%,2P,2PA,2P%,eFG%,FT,FTA,FT%,ORB,DRB,TRB,AST,STL,BLK,TOV,PF,PTS,1998
3590,41,Tim Breaux,SF,27,MIL,6,0,5.0,0.7,1.8,.364,0.2,0.5,.333,0.5,1.3,.375,.409,0.2,0.3,.500,0.0,0.3,0.3,0.3,0.3,0.2,0.2,0.2,1.7,1998
3591,42,Scott Brooks,PG,32,CLE,43,0,7.3,0.7,1.5,.424,0.1,0.3,.455,0.5,1.3,.418,.462,0.4,0.5,.900,0.1,0.6,0.7,1.1,0.4,0.1,0.3,0.6,1.8,1998
3592,43,Chucky Brown,SF,29,ATL,77,8,15.6,2.1,4.8,.433,0.0,0.1,.250,2.1,4.7,.437,.435,0.8,1.1,.724,0.7,1.6,2.4,0.7,0.3,0.2,0.7,1.3,5.0,1998
3593,44,Dee Brown,SG,29,TOT,72,12,23.9,3.4,7.8,.438,1.5,3.8,.399,1.9,4.0,.474,.534,0.8,1.0,.817,0.3,1.8,2.1,2.1,1.1,0.3,1.0,1.7,9.1,1998
3594,44,Dee Brown,SG,29,BOS,41,10,19.8,2.7,6.2,.427,1.0,2.8,.381,1.6,3.5,.465,.512,0.5,0.7,.679,0.2,1.3,1.5,1.3,1.1,0.1,0.8,1.9,6.8,1998
3595,44,Dee Brown,SG,29,TOR,31,2,29.3,4.4,9.9,.446,2.1,5.1,.411,2.3,4.8,.483,.552,1.3,1.4,.907,0.5,2.5,2.9,3.3,1.2,0.5,1.3,1.5,12.2,1998
3596,45,P.J. Brown,PF,28,MIA,74,74,31.9,3.8,8.0,.471,0.0,0.0,,3.8,8.0,.471,.471,2.0,2.7,.766,3.2,5.4,8.6,1.4,0.9,1.3,1.3,3.6,9.6,1998
3597,46,Randy Brown,PG,29,CHI,71,6,16.2,1.6,4.3,.384,0.0,0.1,.000,1.6,4.2,.391,.384,0.8,1.1,.718,0.5,0.8,1.3,2.1,1.0,0.2,0.9,1.7,4.1,1998
3598,47,Rick Brunson,PG,25,POR,38,10,16.4,1.3,3.7,.348,0.6,1.6,.361,0.7,2.1,.338,.426,1.1,1.6,.677,0.4,1.1,1.5,2.6,0.7,0.1,1.4,1.4,4.3,1998
3599,48,Kobe Bryant*,SF,19,LAL,79,1,26.0,4.9,11.6,.428,0.9,2.8,.341,4.0,8.8,.456,.469,4.6,5.8,.794,1.0,2.1,3.1,2.5,0.9,0.5,2.0,2.3,15.4,1998
3600,49,Mark Bryant,C,32,PHO,70,22,15.9,1.6,3.2,.484,0.0,0.0,.000,1.6,3.2,.487,.484,1.0,1.4,.768,1.3,2.2,3.5,0.7,0.5,0.2,0.8,2.6,4.2,1998
3601,50,Jud Buechler,SF,29,CHI,74,0,8.2,1.1,2.4,.483,0.3,0.9,.385,0.8,1.5,.541,.554,0.0,0.1,.500,0.3,0.7,1.0,0.7,0.3,0.2,0.3,0.6,2.7,1998
3602,51,Matt Bullard,SF,30,HOU,67,24,17.8,2.6,5.8,.450,1.4,3.4,.416,1.2,2.4,.500,.573,0.3,0.4,.741,0.4,1.8,2.2,0.9,0.5,0.4,0.6,1.6,7.0,1998
3603,52,Scott Burrell,SF,27,CHI,80,3,13.7,2.0,4.7,.424,0.6,1.8,.354,1.4,2.9,.468,.492,0.6,0.8,.734,1.0,1.5,2.5,0.8,0.8,0.5,0.6,1.6,5.2,1998
3604,53,Willie Burton,SF,29,SAS,13,0,3.3,0.6,1.6,.381,0.2,0.7,.333,0.4,0.9,.417,.452,0.6,0.9,.667,0.2,0.5,0.7,0.1,0.2,0.2,0.1,0.5,2.1,1998
3605,54,Mitchell Butler,SG,27,CLE,18,0,11.4,0.8,2.6,.319,0.1,0.3,.167,0.8,2.3,.341,.330,0.3,0.6,.600,0.3,0.9,1.2,1.0,0.4,0.0,0.4,1.4,2.1,1998
3606,55,Jason Caffey,PF,24,TOT,80,14,17.8,2.8,5.8,.485,0.0,0.0,.000,2.8,5.8,.487,.485,1.6,2.5,.655,2.0,2.3,4.3,0.8,0.3,0.3,1.3,2.3,7.3,1998
3607,55,Jason Caffey,PF,24,CHI,51,8,13.9,2.0,3.9,.503,0.0,0.0,.000,2.0,3.9,.505,.503,1.3,2.0,.660,1.5,1.9,3.4,0.7,0.3,0.3,0.9,1.8,5.3,1998
3608,55,Jason Caffey,PF,24,GSW,29,6,24.6,4.3,9.2,.472,0.0,0.0,.000,4.3,9.2,.474,.472,2.2,3.3,.649,2.9,3.0,5.9,1.1,0.4,0.1,2.0,3.1,10.9,1998
3609,56,Michael Cage,C,36,NJN,79,17,15.2,0.5,1.1,.512,0.0,0.0,.000,0.5,1.1,.518,.512,0.3,0.5,.556,1.5,2.4,3.9,0.4,0.6,0.6,0.3,1.3,1.3,1998
3610,57,Adrian Caldwell,PF,31,DAL,1,0,3.0,0.0,0.0,,0.0,0.0,,0.0,0.0,,,0.0,0.0,,0.0,0.0,0.0,0.0,0.0,0.0,0.0,0.0,0.0,1998
3611,58,Marcus Camby,C,23,TOR,63,58,31.8,4.9,11.9,.412,0.0,0.0,.000,4.9,11.8,.413,.412,2.4,3.9,.611,3.2,4.2,7.4,1.8,1.1,3.7,2.1,3.2,12.1,1998
3612,59,Elden Campbell,PF,29,LAL,81,28,22.0,3.6,7.7,.463,0.0,0.0,.500,3.6,7.7,.463,.464,2.9,4.2,.693,1.8,3.9,5.6,1.0,0.4,1.3,1.4,2.6,10.1,1998
3613,60,Antoine Carr,PF,36,UTA,66,8,16.5,2.3,4.9,.465,0.0,0.0,,2.3,4.9,.465,.465,1.2,1.5,.776,0.6,1.3,2.0,0.7,0.2,0.8,0.7,3.0,5.7,1998
3614,Rk,Player,Pos,Age,Tm,G,GS,MP,FG,FGA,FG%,3P,3PA,3P%,2P,2PA,2P%,eFG%,FT,FTA,FT%,ORB,DRB,TRB,AST,STL,BLK,TOV,PF,PTS,1998
3615,61,Chris Carr,SG,23,MIN,51,40,22.8,3.7,8.9,.420,0.8,2.5,.315,2.9,6.4,.462,.465,1.6,1.9,.848,0.8,2.2,3.0,1.7,0.3,0.2,1.4,2.5,9.9,1998
3616,62,Sam Cassell,PG,28,NJN,75,72,34.7,6.8,15.4,.441,0.2,1.1,.188,6.6,14.3,.460,.448,5.8,6.8,.860,1.0,2.1,3.0,8.0,1.6,0.3,3.6,3.5,19.6,1998
3617,63,Kelvin Cato,C,23,POR,74,8,13.6,1.3,3.1,.428,0.0,0.0,.000,1.3,3.1,.434,.428,1.2,1.7,.688,1.2,2.2,3.4,0.3,0.4,1.3,0.6,2.2,3.8,1998
3618,64,Duane Causwell,C,29,MIA,37,2,9.8,1.0,2.4,.416,0.0,0.0,,1.0,2.4,.416,.416,0.4,0.7,.577,0.8,1.9,2.7,0.1,0.2,0.7,0.5,2.0,2.4,1998
3619,65,Cedric Ceballos,SF,28,TOT,47,25,21.1,4.3,8.8,.492,0.4,1.5,.300,3.9,7.3,.530,.517,2.3,3.1,.738,1.6,3.1,4.7,1.3,0.7,0.3,1.5,1.9,11.4,1998
3620,65,Cedric Ceballos,SF,28,PHO,35,16,17.9,3.7,7.4,.500,0.4,1.4,.300,3.3,5.9,.548,.529,1.7,2.4,.714,1.5,2.8,4.3,1.0,0.6,0.2,1.1,1.7,9.5,1998
3621,65,Cedric Ceballos,SF,28,DAL,12,9,30.3,6.3,13.1,.478,0.5,1.7,.300,5.8,11.4,.504,.497,3.9,5.1,.770,2.0,4.0,6.0,2.1,0.9,0.7,2.8,2.4,16.9,1998
3622,66,Tom Chambers,PF,38,PHI,1,0,10.0,2.0,2.0,1.000,0.0,0.0,,2.0,2.0,1.000,1.000,2.0,2.0,1.000,0.0,2.0,2.0,0.0,2.0,0.0,1.0,2.0,6.0,1998
3623,67,Rex Chapman,SG,30,PHO,68,67,33.3,6.0,14.1,.427,1.8,4.6,.386,4.2,9.5,.447,.490,2.1,2.8,.781,0.4,2.1,2.5,3.0,1.0,0.2,1.7,1.5,15.9,1998
3624,68,Calbert Cheaney,SG,26,WAS,82,82,34.6,5.5,12.0,.457,0.2,0.6,.283,5.3,11.3,.467,.464,1.7,2.6,.647,1.0,3.0,4.0,2.1,1.2,0.4,1.3,3.2,12.8,1998
3625,69,Pete Chilcutt,PF,29,VAN,82,0,17.3,1.9,4.4,.435,0.7,1.6,.415,1.2,2.8,.445,.510,0.5,0.7,.661,0.9,2.8,3.7,1.3,0.6,0.5,0.8,1.9,4.9,1998
3626,70,Chris Childs,PG,30,NYK,68,0,23.5,2.2,5.2,.421,0.4,1.3,.310,1.8,3.9,.457,.459,1.5,1.9,.825,0.4,2.0,2.4,3.9,0.8,0.1,1.5,2.6,6.3,1998
3627,71,Doug Christie,SG,27,TOR,78,78,37.7,5.9,13.7,.428,1.3,3.9,.326,4.6,9.8,.469,.474,3.5,4.2,.829,1.2,4.0,5.2,3.6,2.4,0.7,2.9,2.5,16.5,1998
3628,72,Keith Closs,C,21,LAC,58,1,12.8,1.6,3.6,.449,0.0,0.0,,1.6,3.6,.449,.449,0.8,1.3,.597,1.1,1.8,2.9,0.3,0.2,1.4,0.7,1.3,4.0,1998
3629,73,Derrick Coleman,PF,30,PHI,59,58,36.2,6.0,14.7,.411,0.4,1.7,.265,5.6,13.0,.429,.426,5.1,6.6,.772,2.5,7.4,9.9,2.5,0.8,1.2,2.7,2.4,17.6,1998
3630,74,Bimbo Coles,PG,29,GSW,53,44,27.8,3.1,8.3,.379,0.2,1.1,.228,2.9,7.2,.402,.394,1.5,1.7,.886,0.3,2.0,2.3,4.7,1.0,0.2,1.7,2.5,8.0,1998
3631,75,James Collins,SG,24,LAC,23,0,4.5,0.9,2.4,.382,0.4,0.9,.450,0.5,1.5,.343,.464,0.3,0.6,.571,0.3,0.3,0.6,0.1,0.3,0.1,0.3,0.5,2.6,1998
3632,76,Marty Conlon,C,30,MIA,18,0,11.6,1.6,3.4,.452,0.0,0.0,,1.6,3.4,.452,.452,1.8,2.4,.727,0.9,1.7,2.6,0.7,0.5,0.3,0.6,1.5,4.9,1998
3633,77,Tyrone Corbin,SF,35,ATL,79,79,34.2,4.2,9.5,.439,0.6,1.8,.348,3.5,7.7,.460,.472,1.3,1.6,.789,1.0,3.6,4.6,2.2,1.3,0.1,1.1,2.5,10.2,1998
3634,78,James Cotton,SG,22,SEA,9,0,3.7,0.9,2.3,.381,0.0,0.4,.000,0.9,1.9,.471,.381,0.9,1.0,.889,0.2,0.4,0.7,0.0,0.1,0.1,0.7,0.3,2.7,1998
3635,79,Chris Crawford,PF,22,ATL,40,0,6.4,1.2,2.8,.418,0.0,0.1,.333,1.1,2.7,.421,.423,1.4,1.7,.838,0.5,0.5,1.0,0.2,0.3,0.2,0.5,0.7,3.8,1998
3636,80,Austin Croshere,PF,22,IND,26,0,9.3,1.2,3.3,.372,0.2,0.5,.308,1.1,2.8,.384,.395,0.3,0.5,.571,0.4,1.3,1.7,0.3,0.3,0.2,0.5,1.2,2.9,1998
3637,Rk,Player,Pos,Age,Tm,G,GS,MP,FG,FGA,FG%,3P,3PA,3P%,2P,2PA,2P%,eFG%,FT,FTA,FT%,ORB,DRB,TRB,AST,STL,BLK,TOV,PF,PTS,1998
3638,81,John Crotty,PG,28,POR,26,2,14.6,1.1,3.5,.322,0.2,0.8,.300,0.9,2.7,.329,.356,1.2,1.3,.941,0.2,1.1,1.2,2.4,0.4,0.0,1.6,1.1,3.7,1998
3639,82,Terry Cummings,PF,36,TOT,74,3,16.0,2.7,5.8,.467,0.0,0.0,.000,2.7,5.8,.468,.467,0.9,1.3,.684,1.3,2.5,3.8,0.6,0.5,0.1,0.7,2.4,6.3,1998
3640,82,Terry Cummings,PF,36,PHI,44,2,14.9,2.2,4.8,.458,0.0,0.0,.000,2.2,4.8,.460,.458,0.9,1.3,.672,1.3,2.1,3.4,0.5,0.5,0.1,0.4,2.3,5.3,1998
3641,82,Terry Cummings,PF,36,NYK,30,1,17.6,3.4,7.2,.477,0.0,0.0,,3.4,7.2,.477,.477,0.9,1.3,.700,1.4,3.1,4.5,0.9,0.5,0.2,1.1,2.6,7.8,1998
3642,83,William Cunningham,C,23,TOT,7,2,5.6,0.6,1.3,.444,0.0,0.0,,0.6,1.3,.444,.444,0.0,0.0,,0.6,0.9,1.4,0.1,0.3,0.0,0.0,1.4,1.1,1998
3643,83,William Cunningham,C,23,UTA,6,2,6.3,0.7,1.5,.444,0.0,0.0,,0.7,1.5,.444,.444,0.0,0.0,,0.7,0.7,1.3,0.2,0.3,0.0,0.0,1.7,1.3,1998
3644,83,William Cunningham,C,23,PHI,1,0,1.0,0.0,0.0,,0.0,0.0,,0.0,0.0,,,0.0,0.0,,0.0,2.0,2.0,0.0,0.0,0.0,0.0,0.0,0.0,1998
3645,84,Bill Curley,PF,25,MIN,11,1,13.3,1.5,3.0,.485,0.0,0.1,.000,1.5,2.9,.500,.485,0.2,0.3,.667,1.0,1.5,2.5,0.4,0.3,0.1,0.3,2.5,3.1,1998
3646,85,Dell Curry,SG,33,CHH,52,1,18.7,3.7,8.3,.447,1.2,2.8,.421,2.6,5.6,.460,.517,0.8,1.0,.788,0.5,1.4,1.9,1.3,0.6,0.1,1.0,1.6,9.4,1998
3647,86,Michael Curry,SG,29,MIL,82,27,24.1,2.4,5.1,.469,0.0,0.1,.444,2.3,5.0,.469,.474,1.8,2.1,.835,0.3,0.9,1.2,1.7,0.7,0.2,0.9,2.7,6.6,1998
3648,87,Erick Dampier,C,22,GSW,82,82,32.4,4.3,9.6,.445,0.0,0.0,.000,4.3,9.6,.446,.445,3.3,4.9,.669,3.3,5.4,8.7,1.1,0.5,1.7,2.1,3.4,11.8,1998
3649,88,Antonio Daniels,SG,22,VAN,74,50,26.4,3.1,7.4,.416,0.1,0.7,.212,2.9,6.7,.438,.426,1.5,2.3,.659,0.3,1.6,1.9,4.5,0.7,0.1,2.2,1.2,7.8,1998
3650,89,Lloyd Daniels,SG,30,TOR,6,0,13.7,2.0,4.8,.414,0.3,1.5,.222,1.7,3.3,.500,.448,1.3,1.7,.800,0.7,0.5,1.2,0.7,0.5,0.3,0.7,0.7,5.7,1998
3651,90,Yinka Dare,C,25,NJN,10,0,6.0,0.4,1.8,.222,0.0,0.0,,0.4,1.8,.222,.222,0.4,0.8,.500,1.0,0.7,1.7,0.1,0.0,0.2,0.2,0.9,1.2,1998
3652,91,Antonio Davis,PF,29,IND,82,12,26.7,3.1,6.4,.481,0.0,0.0,.000,3.1,6.4,.484,.481,3.4,4.9,.696,2.3,4.5,6.8,0.7,0.5,0.9,1.3,2.9,9.6,1998
3653,92,Ben Davis,PF,25,NYK,7,0,1.9,0.3,1.4,.200,0.0,0.0,,0.3,1.4,.200,.200,0.0,0.0,,0.9,0.0,0.9,0.0,0.1,0.0,0.0,0.4,0.6,1998
3654,93,Dale Davis,C,28,IND,78,78,27.9,3.5,6.4,.548,0.0,0.0,,3.5,6.4,.548,.548,1.0,2.2,.465,3.0,4.8,7.8,0.9,0.7,1.1,0.9,2.7,8.0,1998
3655,94,Emanual Davis,PG,29,HOU,45,0,13.3,1.4,3.2,.444,0.6,1.6,.375,0.8,1.6,.514,.539,0.7,0.8,.838,0.2,0.8,1.0,1.3,0.4,0.1,1.2,1.2,4.1,1998
3656,95,Hubert Davis,SG,27,DAL,81,30,29.4,4.3,9.5,.456,1.2,2.8,.439,3.1,6.6,.464,.522,1.2,1.4,.836,0.4,1.7,2.1,1.9,0.5,0.1,1.1,1.4,11.1,1998
3657,96,Mark Davis,SF,24,PHI,71,12,12.8,1.5,3.4,.447,0.0,0.1,.000,1.5,3.4,.458,.447,0.9,1.4,.634,0.9,1.3,2.2,1.0,0.7,0.3,1.3,1.3,4.0,1998
3658,97,Terry Davis,PF,30,WAS,74,66,23.0,1.7,3.5,.496,0.0,0.0,.000,1.7,3.4,.498,.496,0.9,1.6,.580,2.8,3.7,6.5,0.4,0.6,0.3,0.8,2.6,4.4,1998
3659,98,Todd Day,SG,28,MIA,5,0,13.8,2.2,6.2,.355,0.4,2.4,.167,1.8,3.8,.474,.387,1.2,1.8,.667,0.8,0.4,1.2,1.4,1.4,0.0,0.6,2.0,6.0,1998
3660,99,Andrew DeClercq,C,24,BOS,81,49,18.8,2.1,4.2,.497,0.0,0.0,.000,2.1,4.2,.499,.497,1.2,2.1,.601,2.2,2.6,4.8,0.7,1.0,0.6,1.0,3.4,5.4,1998
3661,100,Terry Dehere,PG,26,SAC,77,18,18.3,2.3,5.9,.399,0.6,1.7,.379,1.7,4.1,.408,.455,1.0,1.3,.798,0.3,1.1,1.4,2.5,0.7,0.1,1.2,1.9,6.4,1998
3662,Rk,Player,Pos,Age,Tm,G,GS,MP,FG,FGA,FG%,3P,3PA,3P%,2P,2PA,2P%,eFG%,FT,FTA,FT%,ORB,DRB,TRB,AST,STL,BLK,TOV,PF,PTS,1998
3663,101,Vinny Del Negro,SG,31,SAS,54,38,31.9,3.9,8.9,.441,0.3,0.7,.436,3.6,8.1,.441,.458,1.4,1.7,.796,0.2,2.6,2.8,3.4,0.7,0.1,1.0,2.1,9.5,1998
3664,102,Bison Dele,C,28,DET,78,78,33.6,6.8,13.3,.511,0.0,0.0,.333,6.8,13.3,.511,.511,2.5,3.6,.707,2.9,6.1,8.9,1.2,0.9,0.7,2.3,3.2,16.2,1998
3665,103,Tony Delk,PG,24,TOT,77,9,21.8,4.1,10.4,.393,0.5,2.0,.268,3.5,8.3,.424,.420,1.4,2.0,.735,0.5,1.7,2.2,2.2,0.9,0.2,1.4,1.2,10.1,1998
3666,103,Tony Delk,PG,24,CHH,3,0,11.3,1.0,1.3,.750,0.3,0.3,1.000,0.7,1.0,.667,.875,0.3,0.7,.500,0.0,0.7,0.7,1.0,0.0,0.0,1.3,2.7,2.7,1998
3667,103,Tony Delk,PG,24,GSW,74,9,22.3,4.2,10.7,.392,0.6,2.1,.263,3.6,8.6,.423,.418,1.5,2.0,.738,0.5,1.8,2.3,2.3,1.0,0.2,1.4,1.2,10.4,1998
3668,104,Vlade Divac*,C,29,CHH,64,41,28.2,4.2,8.4,.498,0.0,0.2,.214,4.1,8.2,.506,.501,2.0,2.9,.691,2.9,5.2,8.1,2.7,1.3,1.5,1.8,2.8,10.4,1998
3669,105,Sherman Douglas,PG,31,NJN,80,11,21.2,3.2,6.4,.495,0.2,0.6,.304,3.0,5.9,.514,.509,1.4,2.2,.669,0.7,1.0,1.7,4.0,0.7,0.1,1.4,2.0,8.0,1998
3670,106,Clyde Drexler*,SG,35,HOU,70,70,35.3,6.5,15.1,.427,1.5,4.8,.317,4.9,10.4,.477,.477,4.0,4.9,.801,1.5,3.4,4.9,5.5,1.8,0.6,2.7,2.8,18.4,1998
3671,107,Chris Dudley,C,32,NYK,51,22,16.8,1.1,2.8,.406,0.0,0.0,,1.1,2.8,.406,.406,0.8,1.8,.446,2.1,3.3,5.4,0.4,0.3,1.0,0.9,2.7,3.1,1998
3672,108,Joe Dumars*,SG,34,DET,72,72,32.3,4.6,11.0,.416,2.2,5.9,.371,2.4,5.1,.468,.516,1.8,2.1,.825,0.2,1.3,1.4,3.5,0.6,0.0,1.2,1.4,13.1,1998
3673,109,Tony Dumas,SG,25,CLE,7,0,6.7,0.9,1.7,.500,0.3,0.6,.500,0.6,1.1,.500,.583,0.0,0.4,.000,0.1,0.6,0.7,0.7,0.0,0.0,0.7,0.7,2.0,1998
3674,110,Tim Duncan*,PF,21,SAS,82,82,39.1,8.6,15.7,.549,0.0,0.1,.000,8.6,15.6,.553,.549,3.9,5.9,.662,3.3,8.6,11.9,2.7,0.7,2.5,3.4,3.1,21.1,1998
3675,111,Ledell Eackles,SG,31,WAS,42,0,13.0,1.8,4.2,.429,0.4,1.1,.348,1.4,3.1,.457,.474,1.2,1.4,.881,0.6,1.2,1.8,0.4,0.4,0.0,0.7,1.0,5.2,1998
3676,112,Tyus Edney,PG,24,BOS,52,7,12.0,1.8,4.2,.431,0.1,0.2,.300,1.7,4.0,.437,.438,1.7,2.1,.793,0.4,0.7,1.1,2.7,1.0,0.0,1.3,1.3,5.3,1998
3677,113,Blue Edwards,SG,32,VAN,81,20,24.3,4.0,9.2,.439,0.5,1.5,.333,3.5,7.7,.460,.466,2.2,2.7,.837,0.8,1.9,2.7,2.5,1.1,0.3,1.7,2.3,10.8,1998
3678,114,Kevin Edwards,SG,32,TOT,39,5,12.5,1.5,4.2,.345,0.2,0.4,.400,1.3,3.8,.340,.364,0.8,0.9,.857,0.5,0.9,1.4,1.0,0.7,0.0,0.8,0.7,3.8,1998
3679,114,Kevin Edwards,SG,32,NJN,27,5,13.0,1.4,3.9,.349,0.1,0.4,.364,1.2,3.5,.347,.368,0.5,0.6,.867,0.4,0.9,1.3,1.0,0.8,0.0,0.7,0.7,3.4,1998
3680,114,Kevin Edwards,SG,32,ORL,12,0,11.3,1.7,4.9,.339,0.2,0.3,.500,1.5,4.6,.327,.356,1.4,1.7,.850,0.8,0.9,1.7,1.1,0.4,0.1,0.8,0.7,4.9,1998
3681,115,Howard Eisley,PG,25,UTA,82,18,21.0,2.8,6.3,.441,0.6,1.4,.407,2.2,4.9,.451,.487,1.5,1.8,.852,0.3,1.7,2.0,4.2,0.7,0.2,2.0,2.2,7.7,1998
3682,116,Mario Elie,SF,34,HOU,73,59,27.2,2.8,6.2,.452,0.8,2.6,.291,2.1,3.7,.566,.512,2.0,2.4,.833,0.5,1.6,2.1,3.0,1.1,0.1,1.4,1.6,8.4,1998
3683,117,Sean Elliott,SF,29,SAS,36,36,28.1,3.4,8.4,.403,0.9,2.5,.378,2.4,5.9,.413,.459,1.6,2.2,.718,0.4,3.0,3.4,1.7,0.7,0.4,1.6,2.6,9.3,1998
3684,118,Dale Ellis,SF,37,SEA,79,0,24.5,4.4,8.9,.497,1.6,3.5,.464,2.8,5.4,.519,.588,1.4,1.8,.782,0.6,1.7,2.3,1.1,0.8,0.1,0.9,1.6,11.8,1998
3685,119,Harold Ellis,SF,27,DEN,27,3,12.7,2.3,4.1,.559,0.0,0.1,.000,2.3,4.0,.579,.559,1.5,2.3,.635,1.0,0.9,1.9,0.7,0.7,0.1,0.7,2.0,6.1,1998
3686,120,LaPhonso Ellis,SF,27,DEN,76,71,33.9,5.4,13.3,.407,0.8,2.6,.284,4.6,10.6,.438,.435,2.7,3.4,.805,1.9,5.2,7.2,2.8,0.9,0.6,2.3,3.0,14.3,1998
3687,Rk,Player,Pos,Age,Tm,G,GS,MP,FG,FGA,FG%,3P,3PA,3P%,2P,2PA,2P%,eFG%,FT,FTA,FT%,ORB,DRB,TRB,AST,STL,BLK,TOV,PF,PTS,1998
3688,121,Pervis Ellison,PF,30,BOS,33,8,13.5,1.2,2.1,.571,0.0,0.0,,1.2,2.1,.571,.571,0.6,1.0,.588,1.6,1.7,3.3,0.9,0.6,0.9,0.8,2.7,3.0,1998
3689,122,Brian Evans,SF,24,TOT,72,1,12.4,1.7,4.3,.394,0.4,1.2,.333,1.3,3.1,.418,.441,0.6,0.8,.807,0.7,1.2,1.9,0.8,0.4,0.2,0.5,1.4,4.5,1998
3690,122,Brian Evans,SF,24,ORL,44,0,12.8,1.8,4.7,.374,0.3,1.0,.267,1.5,3.7,.404,.403,0.9,1.1,.833,0.7,1.2,1.9,0.7,0.5,0.2,0.5,1.3,4.7,1998
3691,122,Brian Evans,SF,24,NJN,28,1,11.9,1.6,3.8,.434,0.6,1.5,.405,1.0,2.3,.453,.514,0.2,0.3,.667,0.6,1.2,1.9,0.9,0.3,0.2,0.5,1.6,4.1,1998
3692,123,Patrick Ewing*,C,35,NYK,26,26,32.6,7.8,15.5,.504,0.0,0.1,.000,7.8,15.4,.506,.504,5.2,7.2,.720,2.3,7.9,10.2,1.1,0.6,2.2,3.0,2.8,20.8,1998
3693,124,Tony Farmer,C,28,CHH,27,2,6.3,0.6,2.0,.321,0.1,0.3,.222,0.6,1.6,.341,.340,1.1,1.4,.795,0.6,0.6,1.2,0.2,0.4,0.1,0.3,0.9,2.5,1998
3694,125,Jamie Feick,PF,23,MIL,45,2,10.0,0.9,2.0,.433,0.1,0.3,.308,0.8,1.7,.455,.456,0.4,0.9,.488,1.0,1.8,2.8,0.4,0.6,0.4,0.5,1.5,2.3,1998
3695,126,Duane Ferrell,SF,32,GSW,50,5,9.2,0.8,2.2,.369,0.0,0.1,.000,0.8,2.1,.390,.369,0.2,0.4,.545,0.5,0.4,0.9,0.5,0.4,0.1,0.4,1.0,1.9,1998
3696,127,Danny Ferry,PF,31,CLE,69,3,15.0,1.6,4.1,.395,0.5,1.4,.333,1.2,2.7,.428,.453,0.5,0.6,.800,0.3,1.3,1.7,0.9,0.4,0.2,0.8,1.7,4.2,1998
3697,128,Michael Finley,SF,24,DAL,82,82,41.4,8.2,18.4,.449,1.1,3.0,.357,7.2,15.4,.466,.477,4.0,5.1,.784,1.8,3.5,5.3,4.9,1.6,0.4,2.7,2.0,21.5,1998
3698,129,Derek Fisher,PG,23,LAL,82,36,21.5,2.0,4.6,.434,0.4,1.0,.383,1.6,3.6,.448,.475,1.4,1.9,.757,0.5,1.9,2.4,4.1,0.9,0.1,1.5,1.5,5.8,1998
3699,130,Danny Fortson,PF,21,DEN,80,23,22.6,3.5,7.6,.452,0.0,0.0,.333,3.4,7.6,.452,.453,3.3,4.2,.776,2.3,3.3,5.6,1.0,0.6,0.4,2.0,3.9,10.2,1998
3700,131,Greg Foster,C,29,UTA,78,49,18.5,2.4,5.4,.445,0.0,0.1,.222,2.4,5.2,.450,.447,0.9,1.1,.770,1.1,2.4,3.5,0.7,0.2,0.4,0.9,2.4,5.7,1998
3701,132,Rick Fox,SF,28,LAL,82,82,33.0,4.4,9.4,.471,1.0,3.2,.325,3.4,6.2,.547,.527,2.1,2.8,.743,1.0,3.4,4.4,3.4,1.2,0.6,2.5,3.8,12.0,1998
3702,133,Adonal Foyle,C,22,GSW,55,1,11.9,1.3,3.1,.406,0.0,0.0,.000,1.3,3.1,.408,.406,0.5,1.1,.435,1.3,2.0,3.3,0.3,0.2,0.9,0.9,1.7,3.0,1998
3703,134,Todd Fuller,C,23,GSW,57,1,10.8,1.5,3.6,.420,0.0,0.1,.000,1.5,3.5,.428,.420,1.0,1.4,.688,1.1,2.4,3.4,0.2,0.1,0.3,0.6,1.6,4.0,1998
3704,135,Lawrence Funderburke,PF,27,SAC,52,1,21.0,3.7,7.5,.490,0.0,0.1,.143,3.7,7.4,.496,.491,2.1,3.1,.679,1.5,3.0,4.5,1.2,0.4,0.3,1.2,1.1,9.5,1998
3705,136,Chris Garner,PG,22,TOR,38,0,7.7,0.6,1.8,.329,0.1,0.4,.286,0.5,1.5,.339,.357,0.1,0.2,.429,0.2,0.4,0.6,1.2,0.6,0.1,0.7,1.3,1.4,1998
3706,137,Kevin Garnett*,PF,21,MIN,82,82,39.3,7.7,15.8,.491,0.0,0.2,.188,7.7,15.6,.495,.492,3.0,4.0,.738,2.7,6.9,9.6,4.2,1.7,1.8,2.3,2.7,18.5,1998
3707,138,Dean Garrett,C,31,DEN,82,82,32.1,3.0,6.9,.428,0.0,0.0,,3.0,6.9,.428,.428,1.4,2.1,.648,2.8,5.1,7.9,1.1,0.7,1.6,1.0,2.4,7.3,1998
3708,139,Kiwane Lemorris Garris,SG,23,DEN,28,0,8.0,0.8,2.3,.338,0.2,0.5,.357,0.6,1.8,.333,.377,0.7,0.9,.760,0.1,0.6,0.7,1.0,0.3,0.0,0.5,0.8,2.4,1998
3709,140,Chris Gatling,PF,30,NJN,57,16,23.8,4.4,9.6,.455,0.0,0.1,.250,4.3,9.5,.457,.456,2.8,4.6,.600,2.1,3.8,5.9,0.9,0.9,0.5,1.7,2.7,11.5,1998
3710,Rk,Player,Pos,Age,Tm,G,GS,MP,FG,FGA,FG%,3P,3PA,3P%,2P,2PA,2P%,eFG%,FT,FTA,FT%,ORB,DRB,TRB,AST,STL,BLK,TOV,PF,PTS,1998
3711,141,Reggie Geary,PG,24,SAS,62,2,11.0,0.9,2.7,.331,0.2,0.6,.300,0.7,2.1,.341,.367,0.5,0.9,.500,0.3,0.8,1.1,1.2,0.6,0.2,0.7,1.5,2.5,1998
3712,142,Matt Geiger,C,28,CHH,78,42,23.6,4.6,9.1,.505,0.0,0.1,.091,4.6,8.9,.511,.506,2.2,3.0,.712,2.5,4.2,6.7,1.0,0.9,1.1,1.4,2.4,11.3,1998
3713,143,Kendall Gill,SF,29,NJN,81,81,33.7,5.2,12.0,.429,0.3,1.2,.257,4.8,10.8,.449,.443,2.8,4.0,.688,1.4,3.4,4.8,2.5,1.9,0.8,1.5,3.3,13.4,1998
3714,144,Armen Gilliam,PF,33,MIL,82,25,25.8,4.0,8.2,.484,0.0,0.0,.000,4.0,8.2,.487,.484,3.3,4.1,.802,1.8,3.6,5.4,1.3,0.8,0.5,1.8,2.2,11.2,1998
3715,145,Anthony Goldwire,PG,26,DEN,82,32,27.0,3.3,7.8,.423,0.8,2.0,.384,2.5,5.8,.436,.472,1.8,2.3,.806,0.5,1.3,1.8,3.4,1.0,0.1,1.0,1.8,9.2,1998
3716,146,Greg Graham,SG,27,CLE,6,0,9.3,1.2,2.0,.583,0.0,0.5,.000,1.2,1.5,.778,.583,0.3,0.3,1.000,0.0,0.2,0.2,1.0,0.2,0.0,1.7,1.2,2.7,1998
3717,147,Brian Grant,SF,25,POR,61,49,31.5,4.6,9.1,.508,0.0,0.0,.000,4.6,9.1,.509,.508,2.8,3.7,.750,3.2,5.9,9.1,1.4,0.7,0.7,1.8,3.0,12.1,1998
3718,148,Gary Grant,PG,32,POR,22,2,16.3,2.0,4.2,.462,0.3,0.9,.368,1.6,3.4,.486,.500,0.5,0.6,.857,0.4,1.8,2.2,3.8,0.8,0.1,1.1,1.4,4.8,1998
3719,149,Harvey Grant,SF,32,WAS,65,8,13.8,1.2,3.0,.383,0.0,0.1,.167,1.1,2.9,.389,.385,0.3,0.5,.633,0.9,1.7,2.6,0.6,0.4,0.2,0.4,1.4,2.6,1998
3720,150,Horace Grant,C,32,ORL,76,76,36.9,5.2,11.3,.459,0.0,0.1,.000,5.2,11.2,.462,.459,1.8,2.6,.678,3.0,5.1,8.1,2.3,1.1,1.0,1.2,2.4,12.1,1998
3721,151,Ed Gray,SG,22,ATL,30,3,15.7,2.6,6.7,.381,0.6,1.5,.391,2.0,5.2,.378,.426,1.8,2.2,.846,0.3,1.2,1.5,1.1,0.5,0.4,1.0,2.4,7.6,1998
3722,152,Jeff Grayer,SG,32,TOT,5,0,6.8,0.8,2.2,.364,0.4,1.2,.333,0.4,1.0,.400,.455,0.0,0.0,,0.0,0.8,0.8,0.4,0.4,0.0,0.8,1.4,2.0,1998
3723,152,Jeff Grayer,SG,32,CHH,1,0,11.0,0.0,4.0,.000,0.0,3.0,.000,0.0,1.0,.000,.000,0.0,0.0,,0.0,0.0,0.0,1.0,0.0,0.0,2.0,0.0,0.0,1998
3724,152,Jeff Grayer,SG,32,GSW,4,0,5.8,1.0,1.8,.571,0.5,0.8,.667,0.5,1.0,.500,.714,0.0,0.0,,0.0,1.0,1.0,0.3,0.5,0.0,0.5,1.8,2.5,1998
3725,153,A.C. Green,PF,34,DAL,82,68,32.3,3.0,6.5,.453,0.0,0.0,.000,3.0,6.5,.457,.453,1.4,2.0,.716,2.7,5.5,8.1,1.5,1.0,0.3,0.8,1.9,7.3,1998
3726,154,Litterial Green,PG,27,MIL,21,0,5.9,0.2,1.1,.217,0.0,0.1,.000,0.2,1.0,.238,.217,0.7,1.0,.750,0.0,0.3,0.3,0.8,0.2,0.0,0.4,0.5,1.2,1998
3727,155,Derek Grimm,SF,23,SAC,9,0,3.8,0.4,1.6,.286,0.4,1.3,.333,0.0,0.2,.000,.429,0.2,0.2,1.000,0.0,0.4,0.4,0.0,0.3,0.1,0.3,0.7,1.6,1998
3728,156,Tom Gugliotta,SF,28,MIN,41,41,38.6,7.8,15.5,.502,0.0,0.4,.118,7.7,15.1,.513,.504,4.5,5.4,.821,2.6,6.1,8.7,4.1,1.5,0.5,2.7,2.5,20.1,1998
3729,157,Jack Haley,C,34,NJN,16,0,3.2,0.3,1.1,.278,0.0,0.1,.000,0.3,1.1,.294,.278,0.8,1.3,.571,0.3,0.6,0.9,0.0,0.0,0.1,0.3,0.6,1.4,1998
3730,158,Darvin Ham,SF,24,WAS,71,3,8.9,0.8,1.5,.529,0.0,0.0,,0.8,1.5,.529,.529,0.5,1.0,.473,1.0,0.8,1.8,0.2,0.3,0.4,0.5,1.7,2.0,1998
3731,159,Tom Hammonds,PF,30,MIN,57,2,20.0,2.2,4.3,.516,0.0,0.0,.000,2.2,4.3,.518,.516,1.6,2.3,.697,1.8,3.0,4.8,0.6,0.3,0.3,0.8,2.2,6.1,1998
3732,160,Reggie Hanson,SF,29,BOS,8,0,3.3,0.4,0.8,.500,0.0,0.0,,0.4,0.8,.500,.500,0.0,0.0,,0.4,0.4,0.8,0.1,0.3,0.1,0.4,1.0,0.8,1998
3733,Rk,Player,Pos,Age,Tm,G,GS,MP,FG,FGA,FG%,3P,3PA,3P%,2P,2PA,2P%,eFG%,FT,FTA,FT%,ORB,DRB,TRB,AST,STL,BLK,TOV,PF,PTS,1998
3734,161,Anfernee Hardaway,SG,26,ORL,19,15,32.9,5.4,14.4,.377,0.8,2.6,.300,4.6,11.7,.395,.405,4.7,6.2,.763,0.4,3.6,4.0,3.6,1.5,0.8,2.4,2.4,16.4,1998
3735,162,Tim Hardaway*,PG,31,MIA,81,81,37.4,6.9,16.0,.431,1.9,5.5,.351,5.0,10.5,.472,.490,3.2,4.1,.781,0.6,3.1,3.7,8.3,1.7,0.2,2.8,2.5,18.9,1998
3736,163,Derek Harper,SG,36,ORL,66,45,26.7,3.4,8.2,.417,0.9,2.5,.360,2.5,5.7,.442,.471,0.8,1.2,.696,0.3,1.2,1.6,3.5,1.1,0.2,1.5,2.1,8.6,1998
3737,164,Ron Harper,PG,34,CHI,82,82,27.9,3.6,8.1,.441,0.2,1.0,.190,3.4,7.1,.477,.453,2.0,2.6,.750,1.3,2.2,3.5,2.9,1.3,0.6,1.1,2.2,9.3,1998
3738,165,Othella Harrington,PF,24,HOU,58,3,15.6,2.2,4.6,.485,0.0,0.0,.000,2.2,4.6,.487,.485,1.6,2.1,.754,1.3,2.3,3.6,0.4,0.2,0.5,0.8,1.9,6.0,1998
3739,166,Lucious Harris,SG,27,NJN,50,0,13.4,1.4,3.5,.390,0.2,0.8,.308,1.1,2.8,.413,.424,0.8,1.1,.745,0.4,0.6,1.0,0.8,0.8,0.1,0.4,1.5,3.8,1998
3740,167,Hersey Hawkins,SG,31,SEA,82,82,31.7,3.4,7.8,.440,1.5,3.7,.415,1.9,4.1,.463,.539,2.2,2.5,.868,0.9,3.2,4.1,2.7,1.8,0.2,1.2,1.9,10.5,1998
3741,168,Alan Henderson,PF,25,ATL,69,33,29.0,5.3,10.9,.485,0.0,0.1,.500,5.2,10.8,.485,.487,3.7,5.6,.652,2.9,3.5,6.4,1.1,0.6,0.5,1.6,2.5,14.3,1998
3742,169,Cedric Henderson,SF,22,CLE,82,71,30.8,4.2,8.8,.480,0.0,0.0,.000,4.2,8.8,.483,.480,1.7,2.3,.716,0.9,3.1,4.0,2.0,1.2,0.5,2.0,2.9,10.1,1998
3743,170,Mark Hendrickson,PF,23,SAC,48,1,15.4,1.2,3.1,.389,0.0,0.1,.000,1.2,3.0,.403,.389,1.0,1.2,.825,0.7,2.3,3.0,0.9,0.5,0.2,0.6,1.3,3.4,1998
3744,171,Steve Henson,PG,29,DET,23,0,2.8,0.6,1.1,.500,0.1,0.3,.375,0.4,0.8,.556,.558,0.3,0.3,1.000,0.0,0.1,0.1,0.2,0.0,0.0,0.3,0.4,1.6,1998
3745,172,Carl Herrera,PF,31,SAS,58,1,8.9,1.3,3.0,.434,0.0,0.0,.000,1.3,3.0,.437,.434,0.3,0.8,.409,0.4,1.2,1.6,0.4,0.3,0.2,0.7,1.2,2.9,1998
3746,173,Sean Higgins,SF,29,POR,2,0,6.0,0.0,2.5,.000,0.0,1.0,.000,0.0,1.5,.000,.000,0.0,0.0,,0.0,0.0,0.0,0.0,1.0,0.0,0.5,1.5,0.0,1998
3747,174,Grant Hill*,SF,25,DET,81,81,40.7,7.6,16.8,.452,0.0,0.3,.143,7.6,16.5,.457,.453,5.9,8.0,.740,1.1,6.5,7.7,6.8,1.8,0.7,3.5,2.4,21.1,1998
3748,175,Tyrone Hill,PF,29,MIL,57,56,36.2,3.6,7.3,.498,0.0,0.0,.000,3.6,7.3,.499,.498,2.7,4.5,.608,3.7,6.9,10.7,1.5,1.2,0.5,1.9,4.0,10.0,1998
3749,176,Fred Hoiberg,SG,25,IND,65,1,13.4,1.3,3.4,.383,0.5,1.3,.376,0.8,2.1,.387,.455,0.9,1.1,.855,0.2,1.7,1.9,0.7,0.6,0.0,0.3,1.6,4.0,1998
3750,177,Jerald Honeycutt,PF,23,MIL,38,0,13.9,2.4,5.8,.407,0.8,2.0,.377,1.6,3.8,.424,.473,0.9,1.5,.621,0.7,1.7,2.4,0.9,0.5,0.2,1.3,2.2,6.4,1998
3751,178,Jeff Hornacek,SG,34,UTA,80,80,30.8,5.0,10.4,.482,0.7,1.6,.441,4.3,8.8,.489,.516,3.6,4.0,.885,0.8,2.6,3.4,4.4,1.4,0.2,1.7,2.2,14.2,1998
3752,179,Robert Horry,PF,27,LAL,72,71,30.4,2.8,5.8,.476,0.3,1.3,.204,2.5,4.5,.554,.499,1.6,2.3,.692,2.6,4.9,7.5,2.3,1.6,1.3,1.4,3.3,7.4,1998
3753,180,Allan Houston,SG,26,NYK,82,82,34.7,7.0,15.6,.447,1.0,2.6,.385,6.0,13.0,.460,.479,3.5,4.1,.851,0.5,2.8,3.3,2.6,0.8,0.3,2.4,2.5,18.4,1998
3754,Rk,Player,Pos,Age,Tm,G,GS,MP,FG,FGA,FG%,3P,3PA,3P%,2P,2PA,2P%,eFG%,FT,FTA,FT%,ORB,DRB,TRB,AST,STL,BLK,TOV,PF,PTS,1998
3755,181,Juwan Howard,PF,24,WAS,64,64,40.0,7.2,15.5,.467,0.0,0.0,.000,7.2,15.5,.468,.467,4.0,5.6,.721,2.5,4.5,7.0,3.3,1.3,0.4,2.9,3.5,18.5,1998
3756,182,Stephen Howard,SF,27,SEA,13,0,4.1,0.6,1.6,.381,0.0,0.0,,0.6,1.6,.381,.381,0.7,1.4,.500,0.5,0.5,0.9,0.2,0.2,0.1,0.5,1.0,1.9,1998
3757,183,Troy Hudson,PG,21,UTA,8,0,2.9,0.8,1.8,.429,0.0,0.4,.000,0.8,1.4,.545,.429,0.0,0.0,,0.1,0.1,0.3,0.5,0.3,0.0,0.1,0.1,1.5,1998
3758,184,Lindsey Hunter,PG,27,DET,71,67,35.3,4.5,11.6,.383,1.2,3.7,.321,3.3,7.9,.412,.434,2.0,2.8,.740,0.9,2.6,3.5,3.2,1.7,0.1,1.5,2.5,12.1,1998
3759,185,Bobby Hurley,PG,26,TOT,61,3,14.3,1.5,3.9,.391,0.1,0.4,.227,1.4,3.5,.407,.401,1.0,1.2,.776,0.2,0.9,1.1,2.9,0.4,0.0,1.4,1.3,4.1,1998
3760,185,Bobby Hurley,PG,26,SAC,34,3,12.3,1.4,3.4,.409,0.1,0.4,.267,1.3,2.9,.430,.426,0.9,1.1,.811,0.2,0.9,1.1,2.4,0.4,0.0,1.2,1.1,3.8,1998
3761,185,Bobby Hurley,PG,26,VAN,27,0,17.0,1.7,4.6,.374,0.0,0.3,.143,1.7,4.3,.388,.378,1.1,1.4,.744,0.2,0.9,1.1,3.6,0.4,0.0,1.6,1.6,4.5,1998
3762,186,Zydrunas Ilgauskas,C,22,CLE,82,81,29.0,5.5,10.7,.518,0.0,0.0,.250,5.5,10.6,.519,.519,2.8,3.7,.762,3.4,5.4,8.8,0.9,0.6,1.6,1.8,3.5,13.9,1998
3763,187,Allen Iverson*,PG,22,PHI,80,80,39.4,8.1,17.6,.461,0.9,2.9,.298,7.2,14.7,.494,.486,4.9,6.7,.729,1.1,2.6,3.7,6.2,2.2,0.3,3.1,2.5,22.0,1998
3764,188,Bobby Jackson,PG,24,DEN,68,53,30.0,4.6,11.6,.392,0.3,1.2,.259,4.3,10.4,.407,.405,2.2,2.7,.814,1.1,3.3,4.4,4.7,1.5,0.2,2.7,2.4,11.6,1998
3765,189,Jaren Jackson,SG,30,SAS,82,45,27.1,3.1,8.0,.394,1.4,3.6,.377,1.8,4.4,.409,.480,1.1,1.4,.797,0.7,1.9,2.6,1.9,0.7,0.1,1.3,2.7,8.8,1998
3766,190,Jim Jackson,SG,27,TOT,79,78,38.6,6.0,14.0,.430,0.8,2.4,.319,5.3,11.6,.453,.458,2.9,3.6,.812,1.6,3.4,5.1,4.8,1.0,0.1,3.3,2.4,15.7,1998
3767,190,Jim Jackson,SG,27,PHI,48,47,37.3,5.1,11.1,.460,0.8,2.3,.348,4.3,8.8,.489,.496,2.6,3.2,.818,1.4,3.3,4.7,4.6,0.9,0.1,3.0,2.3,13.7,1998
3768,190,Jim Jackson,SG,27,GSW,31,31,40.6,7.4,18.5,.402,0.7,2.5,.278,6.7,15.9,.422,.421,3.3,4.1,.805,2.0,3.6,5.6,5.1,1.2,0.1,3.8,2.4,18.9,1998
3769,191,Mark Jackson,PG,32,IND,82,82,29.4,3.0,7.3,.416,0.5,1.7,.314,2.5,5.6,.447,.452,1.7,2.2,.761,0.8,3.1,3.9,8.7,1.0,0.0,2.1,1.6,8.3,1998
3770,192,Henry James,PF,32,CLE,28,0,5.9,0.9,2.1,.407,0.4,0.9,.440,0.5,1.2,.382,.500,0.8,0.8,.955,0.1,0.5,0.5,0.2,0.0,0.0,0.4,0.9,2.9,1998
3771,193,Anthony Johnson,PG,23,SAC,77,62,29.4,2.9,7.9,.371,0.5,1.7,.328,2.4,6.2,.383,.406,1.0,1.4,.727,0.7,1.6,2.2,4.3,0.8,0.1,1.6,2.4,7.5,1998
3772,194,Avery Johnson,PG,32,SAS,75,73,35.7,4.3,8.9,.478,0.0,0.2,.154,4.3,8.8,.485,.480,1.6,2.2,.726,0.4,1.6,2.0,7.9,1.1,0.2,2.2,1.9,10.2,1998
3773,195,Eddie Johnson,SF,38,HOU,75,1,19.9,3.0,7.3,.417,0.9,2.6,.333,2.1,4.6,.465,.478,1.5,1.8,.831,0.7,1.4,2.0,1.2,0.4,0.0,0.8,1.2,8.4,1998
3774,196,Ervin Johnson,C,30,MIL,81,81,27.9,3.1,5.8,.537,0.0,0.0,,3.1,5.8,.537,.537,1.8,2.9,.601,3.0,5.5,8.5,0.7,1.0,2.0,1.4,4.0,8.0,1998
3775,197,Kevin Johnson,PG,31,PHO,50,12,25.8,3.1,6.9,.447,0.1,0.5,.154,3.0,6.4,.470,.452,3.2,3.7,.871,0.7,2.6,3.3,4.9,0.5,0.2,2.0,1.1,9.5,1998
3776,198,Larry Johnson,SF,28,NYK,70,70,34.5,6.1,12.6,.485,0.2,0.9,.238,5.9,11.7,.504,.494,3.1,4.0,.756,2.5,3.2,5.7,2.1,0.6,0.2,1.8,2.8,15.5,1998
3777,199,Charles Jones,PF,40,HOU,24,0,5.3,0.3,0.4,.700,0.0,0.0,,0.3,0.4,.700,.700,0.0,0.1,.500,0.5,0.5,1.0,0.2,0.0,0.3,0.2,0.9,0.6,1998
3778,200,Dontae' Jones,SF,22,BOS,15,0,6.1,1.3,3.8,.333,0.4,1.5,.261,0.9,2.3,.382,.386,0.0,0.0,,0.2,0.4,0.6,0.3,0.1,0.2,0.7,0.8,2.9,1998
3779,Rk,Player,Pos,Age,Tm,G,GS,MP,FG,FGA,FG%,3P,3PA,3P%,2P,2PA,2P%,eFG%,FT,FTA,FT%,ORB,DRB,TRB,AST,STL,BLK,TOV,PF,PTS,1998
3780,201,Eddie Jones,SG,26,LAL,80,80,36.4,6.1,12.6,.484,1.8,4.6,.389,4.3,8.0,.538,.555,2.9,3.8,.765,1.1,2.7,3.8,3.1,2.0,0.7,1.8,2.1,16.9,1998
3781,202,Popeye Jones,PF,27,TOR,14,4,25.1,3.7,9.1,.409,0.1,0.2,.667,3.6,8.9,.403,.417,1.0,1.4,.737,3.6,3.7,7.3,1.3,0.7,0.2,1.1,2.8,8.6,1998
3782,203,Michael Jordan*,SG,34,CHI,82,82,38.8,10.7,23.1,.465,0.4,1.5,.238,10.4,21.5,.482,.473,6.9,8.8,.784,1.6,4.2,5.8,3.5,1.7,0.5,2.3,1.8,28.7,1998
3783,204,Reggie Jordan,SG,30,MIN,57,1,8.5,0.9,2.0,.478,0.0,0.0,.000,0.9,2.0,.482,.478,0.7,1.3,.569,1.0,0.7,1.7,0.9,0.6,0.2,0.5,1.1,2.6,1998
3784,205,Adam Keefe,C,27,UTA,80,75,25.6,2.9,5.3,.540,0.0,0.0,,2.9,5.3,.540,.540,2.0,2.5,.810,2.2,3.2,5.5,1.1,0.7,0.3,0.9,2.2,7.8,1998
3785,206,Shawn Kemp,PF,28,CLE,80,80,34.6,6.5,14.6,.445,0.0,0.1,.250,6.5,14.5,.446,.446,5.1,7.0,.727,2.7,6.6,9.3,2.5,1.4,1.1,3.4,3.9,18.0,1998
3786,207,Tim Kempton,PF,34,TOT,8,0,5.9,0.3,1.1,.222,0.0,0.0,,0.3,1.1,.222,.222,0.0,0.0,,0.5,0.3,0.8,0.4,0.1,0.3,0.5,1.3,0.5,1998
3787,207,Tim Kempton,PF,34,ORL,3,0,5.0,0.0,0.7,.000,0.0,0.0,,0.0,0.7,.000,.000,0.0,0.0,,0.0,0.3,0.3,0.3,0.0,0.0,0.0,1.0,0.0,1998
3788,207,Tim Kempton,PF,34,TOR,5,0,6.4,0.4,1.4,.286,0.0,0.0,,0.4,1.4,.286,.286,0.0,0.0,,0.8,0.2,1.0,0.4,0.2,0.4,0.8,1.4,0.8,1998
3789,208,Steve Kerr,PG,32,CHI,50,0,22.4,2.7,6.0,.454,1.1,2.6,.438,1.6,3.4,.465,.548,0.9,1.0,.918,0.3,1.3,1.5,1.9,0.5,0.1,0.5,1.4,7.5,1998
3790,209,Jerome Kersey,SF,35,SEA,37,2,19.4,2.6,6.3,.416,0.0,0.3,.100,2.6,6.0,.430,.418,1.1,1.8,.600,1.5,2.1,3.6,1.2,1.4,0.4,1.0,2.8,6.3,1998
3791,210,Jason Kidd*,PG,24,PHO,82,82,38.0,4.4,10.5,.416,0.9,2.8,.313,3.5,7.6,.454,.458,2.0,2.5,.799,1.3,4.9,6.2,9.1,2.0,0.3,3.2,1.7,11.6,1998
3792,211,Kerry Kittles,SG,23,NJN,77,76,36.5,6.6,15.0,.440,1.4,3.4,.418,5.2,11.6,.447,.488,2.6,3.2,.808,1.7,3.0,4.7,2.3,1.7,0.5,1.4,2.0,17.2,1998
3793,212,Joe Kleine,C,36,CHI,46,1,8.6,0.8,2.3,.368,0.0,0.0,,0.8,2.3,.368,.368,0.3,0.4,.833,0.6,1.1,1.7,0.7,0.1,0.1,0.6,1.4,2.0,1998
3794,213,Brevin Knight,PG,22,CLE,80,76,31.0,3.3,7.4,.441,0.0,0.1,.000,3.3,7.3,.446,.441,2.5,3.1,.801,0.8,2.3,3.2,8.2,2.5,0.2,2.4,3.4,9.0,1998
3795,214,Travis Knight,C,23,BOS,74,21,20.3,2.6,5.9,.441,0.2,0.7,.273,2.4,5.2,.465,.458,1.1,1.4,.786,2.0,3.0,4.9,1.4,0.7,1.1,1.2,3.4,6.5,1998
3796,215,Toni Kukoč*,SF,29,CHI,74,52,30.2,5.2,11.4,.455,0.9,2.4,.362,4.3,9.0,.480,.493,2.1,3.0,.708,1.6,2.8,4.4,4.2,1.0,0.5,2.1,2.0,13.3,1998
3797,216,Christian Laettner,PF,28,ATL,74,49,30.8,4.8,9.9,.485,0.1,0.4,.222,4.7,9.5,.495,.489,4.1,4.8,.864,1.9,4.7,6.6,2.6,1.0,1.0,2.5,3.3,13.8,1998
3798,217,Andrew Lang,C,31,MIL,57,0,12.1,0.9,2.5,.378,0.0,0.0,.000,0.9,2.5,.380,.378,0.8,1.0,.772,1.0,1.7,2.7,0.3,0.3,0.5,0.6,1.8,2.7,1998
3799,218,Antonio Lang,SF,25,MIA,6,0,4.8,0.5,0.8,.600,0.0,0.0,,0.5,0.8,.600,.600,1.0,1.3,.750,0.3,0.5,0.8,0.2,0.3,0.0,0.7,0.5,2.0,1998
3800,219,Rusty LaRue,PG,24,CHI,14,0,10.0,1.4,3.5,.408,0.3,1.1,.250,1.1,2.4,.485,.449,0.4,0.6,.625,0.1,0.5,0.6,0.4,0.2,0.1,0.4,0.9,3.5,1998
3801,220,Priest Lauderdale,C,24,DEN,39,0,8.8,1.4,3.3,.417,0.0,0.0,,1.4,3.3,.417,.417,1.0,1.8,.551,0.7,1.9,2.6,0.5,0.2,0.4,1.2,1.6,3.7,1998
3802,Rk,Player,Pos,Age,Tm,G,GS,MP,FG,FGA,FG%,3P,3PA,3P%,2P,2PA,2P%,eFG%,FT,FTA,FT%,ORB,DRB,TRB,AST,STL,BLK,TOV,PF,PTS,1998
3803,221,Jason Lawson,C,23,ORL,17,0,4.7,0.5,0.9,.600,0.0,0.0,,0.5,0.9,.600,.600,0.5,0.6,.800,0.5,1.1,1.6,0.3,0.2,0.2,0.1,0.8,1.5,1998
3804,222,Tim Legler,SG,31,WAS,8,0,9.5,0.4,2.4,.158,0.0,0.8,.000,0.4,1.6,.231,.158,0.4,0.5,.750,0.3,0.3,0.5,0.4,0.1,0.0,0.5,1.4,1.1,1998
3805,223,Voshon Lenard,SG,24,MIA,81,81,32.4,4.5,10.5,.425,1.9,4.7,.405,2.6,5.9,.441,.515,1.7,2.2,.788,0.9,2.7,3.6,2.2,0.7,0.2,1.2,2.7,12.6,1998
3806,224,Alton Lister,C,39,POR,7,0,6.3,0.4,1.1,.375,0.0,0.0,,0.4,1.1,.375,.375,0.0,0.0,,0.3,1.3,1.6,0.1,0.1,0.1,0.3,1.7,0.9,1998
3807,225,Randy Livingston,PG,22,ATL,12,0,6.8,0.3,1.0,.250,0.0,0.0,,0.3,1.0,.250,.250,0.3,0.4,.800,0.1,0.4,0.5,0.4,0.6,0.2,0.5,0.5,0.8,1998
3808,226,Horacio Llamas,C,24,PHO,8,0,5.3,1.0,2.6,.381,0.1,0.4,.333,0.9,2.3,.389,.405,0.9,1.3,.700,0.5,1.8,2.3,0.1,0.1,0.4,1.1,1.8,3.0,1998
3809,227,Brad Lohaus,PF,33,SAS,9,0,11.3,0.8,2.3,.333,0.4,1.6,.286,0.3,0.8,.429,.429,0.1,0.3,.333,0.3,1.0,1.3,0.6,0.1,0.2,0.3,1.1,2.1,1998
3810,228,Grant Long,PF,31,DET,40,17,18.5,1.3,2.9,.427,0.0,0.1,.000,1.3,2.8,.442,.427,1.0,1.4,.719,1.4,2.3,3.8,0.6,0.7,0.3,0.6,2.3,3.5,1998
3811,229,Luc Longley,C,29,CHI,58,58,29.4,4.8,10.5,.455,0.0,0.0,,4.8,10.5,.455,.455,1.9,2.6,.736,1.9,3.9,5.9,2.8,0.6,1.1,2.2,3.6,11.4,1998
3812,230,George Lynch,SF,27,VAN,82,0,18.2,3.0,6.3,.481,0.1,0.4,.300,2.9,5.9,.492,.489,1.4,1.9,.703,1.8,2.6,4.4,1.5,0.8,0.5,1.3,2.0,7.5,1998
3813,231,Sam Mack,SF,27,VAN,57,54,24.8,3.9,9.8,.397,1.9,4.7,.409,2.0,5.1,.386,.496,1.1,1.4,.805,0.5,1.8,2.3,1.8,0.7,0.2,1.2,2.1,10.8,1998
3814,232,Don MacLean,SF,28,NJN,9,0,4.7,0.1,1.1,.100,0.1,0.2,.500,0.0,0.9,.000,.150,0.0,0.0,,0.3,0.2,0.6,0.0,0.0,0.0,0.2,0.8,0.3,1998
3815,233,Gerald Madkins,SG,28,GSW,19,0,12.8,0.7,1.8,.382,0.3,0.8,.400,0.4,1.0,.368,.471,0.3,0.4,.714,0.1,0.7,0.8,2.4,0.7,0.1,0.7,0.9,1.9,1998
3816,234,Rick Mahorn,C,39,DET,59,0,12.0,1.0,2.2,.457,0.0,0.0,,1.0,2.2,.457,.457,0.4,0.6,.676,1.1,2.2,3.3,0.3,0.2,0.1,0.6,2.1,2.4,1998
3817,235,Dan Majerle,SG,32,MIA,72,22,26.8,2.6,6.1,.419,1.5,4.1,.376,1.0,2.0,.507,.546,0.6,0.7,.784,0.7,3.1,3.7,2.2,0.9,0.2,0.9,1.9,7.2,1998
3818,236,Karl Malone*,PF,34,UTA,81,81,37.4,9.6,18.2,.530,0.0,0.1,.333,9.6,18.1,.531,.531,7.8,10.2,.761,2.3,8.0,10.3,3.9,1.2,0.9,3.0,2.9,27.0,1998
3819,237,Matt Maloney,PG,26,HOU,78,78,28.4,3.1,7.5,.408,1.6,4.4,.364,1.4,3.1,.471,.515,0.8,1.0,.833,0.2,1.6,1.8,2.8,0.8,0.1,1.4,1.3,8.6,1998
3820,238,Danny Manning,PF,31,PHO,70,11,25.6,5.6,10.8,.516,0.0,0.1,.000,5.6,10.7,.521,.516,2.4,3.2,.739,1.6,4.0,5.6,2.0,1.0,0.7,1.4,2.9,13.5,1998
3821,239,Stephon Marbury,PG,20,MIN,82,81,38.0,6.3,15.1,.415,1.2,3.7,.313,5.1,11.4,.448,.453,4.0,5.5,.731,0.7,2.1,2.8,8.6,1.3,0.1,3.1,2.7,17.7,1998
3822,240,Donyell Marshall,SF,24,GSW,73,73,35.8,6.2,14.9,.414,0.9,2.8,.313,5.3,12.2,.436,.443,2.2,3.0,.731,2.9,5.7,8.6,2.2,1.3,1.0,2.0,3.1,15.4,1998
3823,Rk,Player,Pos,Age,Tm,G,GS,MP,FG,FGA,FG%,3P,3PA,3P%,2P,2PA,2P%,eFG%,FT,FTA,FT%,ORB,DRB,TRB,AST,STL,BLK,TOV,PF,PTS,1998
3824,241,Darrick Martin,PG,26,LAC,82,63,28.0,3.4,8.9,.377,1.3,3.6,.365,2.0,5.3,.384,.450,2.2,2.6,.848,0.2,1.8,2.0,4.0,1.0,0.1,1.9,2.4,10.3,1998
3825,242,Jamal Mashburn,SF,25,MIA,48,48,36.0,5.2,12.0,.435,0.8,2.5,.303,4.5,9.5,.470,.467,3.8,4.8,.797,1.5,3.4,4.9,2.8,0.9,0.3,2.3,2.9,15.1,1998
3826,243,Anthony Mason,PF,31,CHH,81,80,38.9,4.8,9.4,.509,0.0,0.0,.000,4.8,9.4,.512,.509,3.2,5.0,.649,2.2,8.0,10.2,4.2,0.8,0.2,1.8,2.2,12.8,1998
3827,244,Tony Massenburg,C,30,VAN,61,13,14.7,2.4,5.1,.479,0.0,0.0,,2.4,5.1,.479,.479,1.6,2.2,.730,1.3,2.5,3.8,0.3,0.4,0.4,1.0,2.0,6.5,1998
3828,245,Vernon Maxwell,SG,32,TOT,42,0,15.1,2.5,6.1,.399,0.9,2.7,.330,1.6,3.5,.452,.471,1.1,1.4,.800,0.3,1.0,1.4,1.2,0.4,0.1,1.0,1.7,6.9,1998
3829,245,Vernon Maxwell,SG,32,ORL,11,0,15.4,2.4,7.1,.333,0.5,2.4,.231,1.8,4.7,.385,.372,2.1,2.4,.885,0.5,0.7,1.2,1.1,0.2,0.1,1.1,1.8,7.4,1998
3830,245,Vernon Maxwell,SG,32,CHH,31,0,15.1,2.5,5.8,.428,1.0,2.8,.360,1.5,3.0,.489,.514,0.8,1.1,.735,0.3,1.1,1.4,1.3,0.5,0.1,0.9,1.6,6.8,1998
3831,246,Lee Mayberry,PG,27,VAN,79,32,23.2,1.7,4.4,.375,0.8,2.3,.350,0.9,2.1,.402,.466,0.5,0.6,.745,0.2,1.2,1.4,4.4,0.8,0.1,1.4,2.1,4.6,1998
3832,247,Bob McCann,SF,33,TOR,1,0,5.0,0.0,1.0,.000,0.0,0.0,,0.0,1.0,.000,.000,0.0,0.0,,0.0,1.0,1.0,0.0,0.0,0.0,0.0,1.0,0.0,1998
3833,248,Walter McCarty,SF,23,BOS,82,64,28.5,3.6,8.9,.404,0.7,2.1,.309,2.9,6.8,.434,.441,1.8,2.4,.742,1.7,2.7,4.4,2.2,1.3,0.5,1.7,3.3,9.6,1998
3834,249,George McCloud,SF,30,PHO,63,13,19.3,2.7,6.8,.405,1.1,3.3,.341,1.6,3.5,.466,.488,0.6,0.8,.765,0.7,2.7,3.5,1.3,0.9,0.2,1.0,2.1,7.2,1998
3835,250,Xavier McDaniel,SF,34,NJN,20,0,9.0,0.5,1.5,.333,0.0,0.0,,0.5,1.5,.333,.333,0.3,0.4,.625,0.6,1.0,1.6,0.5,0.2,0.1,0.4,1.2,1.3,1998
3836,251,Michael McDonald,C,28,CHH,1,0,4.0,0.0,0.0,,0.0,0.0,,0.0,0.0,,,0.0,0.0,,1.0,0.0,1.0,0.0,0.0,0.0,2.0,1.0,0.0,1998
3837,252,Antonio McDyess,PF,23,PHO,81,81,30.1,6.1,11.4,.536,0.0,0.0,.000,6.1,11.4,.537,.536,2.9,4.1,.702,2.5,5.0,7.6,1.3,1.2,1.7,1.8,3.6,15.1,1998
3838,253,Tracy McGrady*,SF,18,TOR,64,17,18.4,2.8,6.2,.450,0.2,0.6,.341,2.6,5.6,.462,.467,1.2,1.7,.712,1.6,2.6,4.2,1.5,0.8,1.0,1.0,1.3,7.0,1998
3839,254,Jim McIlvaine,C,25,SEA,78,72,15.5,1.3,2.9,.453,0.0,0.0,.000,1.3,2.8,.459,.453,0.6,1.0,.556,1.2,2.1,3.3,0.2,0.3,1.8,0.7,3.1,3.2,1998
3840,255,Derrick McKey,SF,31,IND,57,4,23.1,2.6,5.7,.459,0.1,0.3,.235,2.6,5.4,.471,.465,1.0,1.4,.714,1.3,2.4,3.7,1.5,1.0,0.5,1.4,2.7,6.3,1998
3841,256,Aaron McKie,SG-SF,25,TOT,81,32,22.4,1.7,4.7,.365,0.1,0.8,.190,1.6,3.9,.399,.381,0.5,0.7,.764,0.7,2.1,2.9,2.2,1.2,0.2,0.9,2.0,4.1,1998
3842,256,Aaron McKie,SF,25,DET,24,1,19.7,1.8,4.3,.413,0.1,0.7,.176,1.7,3.6,.460,.428,0.8,1.0,.870,1.0,1.8,2.8,1.6,1.0,0.0,1.0,2.0,4.5,1998
3843,256,Aaron McKie,SG,25,PHI,57,31,23.5,1.7,4.9,.347,0.2,0.8,.196,1.5,4.1,.377,.363,0.4,0.6,.688,0.6,2.3,2.9,2.4,1.4,0.2,0.9,2.1,3.9,1998
3844,257,Nate McMillan,SG,33,SEA,18,1,15.5,1.3,3.7,.343,0.8,1.9,.441,0.4,1.8,.242,.455,0.1,0.1,1.000,0.7,1.5,2.2,3.1,0.8,0.2,0.7,2.3,3.4,1998
3845,258,Ron Mercer,SG,21,BOS,80,62,33.3,6.4,14.3,.450,0.0,0.4,.107,6.4,14.0,.458,.451,2.4,2.8,.839,1.4,2.1,3.5,2.2,1.6,0.2,1.7,2.7,15.3,1998
3846,259,Marko Milič,SF,20,PHO,33,0,4.9,1.2,1.9,.609,0.1,0.2,.500,1.1,1.8,.621,.633,0.3,0.5,.647,0.3,0.5,0.8,0.4,0.3,0.0,0.6,0.5,2.8,1998
3847,260,Anthony Miller,PF,26,ATL,37,0,6.2,0.8,1.4,.558,0.0,0.0,,0.8,1.4,.558,.558,0.6,1.1,.538,0.8,1.1,1.9,0.1,0.4,0.1,0.4,1.1,2.1,1998
3848,Rk,Player,Pos,Age,Tm,G,GS,MP,FG,FGA,FG%,3P,3PA,3P%,2P,2PA,2P%,eFG%,FT,FTA,FT%,ORB,DRB,TRB,AST,STL,BLK,TOV,PF,PTS,1998
3849,261,Oliver Miller,C,27,TOR,64,53,25.4,2.7,5.8,.461,0.0,0.1,.000,2.7,5.7,.466,.461,1.0,1.6,.604,2.3,4.0,6.3,3.1,0.9,1.1,2.0,2.9,6.3,1998
3850,262,Reggie Miller*,SG,32,IND,81,81,34.5,6.4,13.3,.477,2.0,4.7,.429,4.3,8.6,.504,.553,4.7,5.4,.868,0.6,2.3,2.9,2.1,1.0,0.1,1.6,1.8,19.5,1998
3851,263,Chris Mills,SF,28,NYK,80,29,27.3,3.7,8.4,.433,0.5,1.7,.292,3.2,6.7,.468,.462,1.9,2.4,.804,1.5,3.6,5.1,1.7,0.6,0.4,1.3,2.7,9.7,1998
3852,264,Terry Mills,PF,30,MIA,50,0,15.6,1.6,4.1,.393,0.5,1.6,.309,1.1,2.5,.448,.454,0.5,0.7,.758,0.7,2.4,3.0,0.8,0.4,0.2,0.9,2.6,4.2,1998
3853,265,Greg Minor,SG,26,BOS,69,16,16.3,2.0,4.7,.436,0.1,0.4,.194,1.9,4.2,.462,.445,0.9,1.2,.686,0.8,1.4,2.2,1.3,0.8,0.2,0.6,1.4,5.0,1998
3854,266,Sam Mitchell,SF,34,MIN,81,33,27.6,4.6,9.9,.464,0.2,0.5,.349,4.4,9.3,.470,.473,3.0,3.6,.832,1.5,3.3,4.8,1.3,0.8,0.3,0.8,2.5,12.3,1998
3855,267,Eric Montross,C,26,TOT,48,30,14.4,1.3,3.0,.424,0.0,0.0,,1.3,3.0,.424,.424,0.3,0.8,.400,1.4,2.7,4.1,0.2,0.3,0.6,0.6,2.6,2.9,1998
3856,267,Eric Montross,C,26,PHI,20,20,16.9,1.5,3.8,.395,0.0,0.0,,1.5,3.8,.395,.395,0.4,1.0,.368,1.4,3.2,4.6,0.4,0.4,0.6,0.8,3.1,3.4,1998
3857,267,Eric Montross,C,26,DET,28,10,12.6,1.1,2.4,.456,0.0,0.0,,1.1,2.4,.456,.456,0.3,0.8,.429,1.5,2.4,3.8,0.1,0.2,0.5,0.5,2.4,2.5,1998
3858,268,Chris Morris,SF,32,UTA,54,1,10.0,1.6,3.8,.411,0.4,1.1,.306,1.2,2.7,.455,.457,0.8,1.1,.721,0.6,1.5,2.1,0.4,0.5,0.3,0.6,1.1,4.3,1998
3859,269,Lawrence Moten,SG,25,WAS,8,0,3.4,0.4,1.6,.231,0.0,0.1,.000,0.4,1.5,.250,.231,0.4,0.5,.750,0.1,0.0,0.1,0.4,0.0,0.0,0.1,0.8,1.1,1998
3860,270,Alonzo Mourning*,C,27,MIA,58,56,33.4,6.9,12.6,.551,0.0,0.0,,6.9,12.6,.551,.551,5.3,8.0,.665,3.3,6.3,9.6,0.9,0.7,2.2,3.1,3.6,19.2,1998
3861,271,Chris Mullin*,SF,34,IND,82,82,26.5,4.1,8.4,.481,1.3,3.0,.440,2.8,5.5,.503,.559,1.9,2.0,.939,0.5,2.6,3.0,2.3,1.2,0.5,1.4,2.3,11.3,1998
3862,272,Eric Murdock,PG,29,MIA,82,1,17.0,2.2,5.1,.422,0.3,1.1,.308,1.8,4.0,.454,.456,1.5,1.9,.801,0.5,1.4,1.9,2.7,1.3,0.2,1.3,2.1,6.2,1998
3863,273,Lamond Murray,SF,24,LAC,79,65,32.6,6.0,12.5,.481,0.7,1.9,.353,5.3,10.5,.504,.508,2.8,3.7,.748,2.2,3.9,6.1,1.8,1.5,0.7,2.2,2.4,15.4,1998
3864,274,Tracy Murray,SF,26,WAS,82,12,27.2,5.5,12.3,.446,1.9,4.9,.392,3.5,7.4,.482,.524,2.2,2.5,.871,0.9,2.5,3.4,1.0,0.8,0.3,1.2,2.0,15.1,1998
3865,275,Dikembe Mutombo*,C,31,ATL,82,82,35.6,4.9,9.1,.537,0.0,0.0,,4.9,9.1,.537,.537,3.7,5.5,.670,3.4,8.0,11.4,1.0,0.4,3.4,2.0,3.1,13.4,1998
3866,276,Martin Müürsepp,PF,23,DAL,41,7,14.7,2.0,4.7,.435,0.4,0.9,.421,1.6,3.7,.438,.476,1.2,1.6,.761,1.1,1.7,2.8,0.7,0.7,0.3,0.7,2.3,5.7,1998
3867,277,Pete Myers,SG,34,NYK,9,0,4.4,0.6,1.1,.500,0.0,0.0,,0.6,1.1,.500,.500,0.4,0.7,.667,0.6,0.6,1.1,0.3,0.4,0.0,0.4,0.8,1.6,1998
3868,278,Steve Nash*,PG,23,PHO,76,9,21.9,3.5,7.7,.459,1.1,2.6,.415,2.5,5.1,.481,.528,1.0,1.1,.860,0.4,1.7,2.1,3.4,0.8,0.1,1.3,1.9,9.1,1998
3869,279,Ivano Newbill,PF,27,VAN,28,2,8.9,0.7,2.0,.351,0.0,0.0,1.000,0.7,2.0,.339,.360,0.6,1.1,.567,0.9,1.6,2.5,0.3,0.4,0.1,0.6,1.4,2.1,1998
3870,280,Johnny Newman,SF,34,DEN,74,15,29.4,4.6,10.8,.431,0.5,1.4,.343,4.2,9.4,.444,.453,4.9,6.0,.820,0.7,1.2,1.9,1.9,1.0,0.3,2.0,2.8,14.7,1998
3871,Rk,Player,Pos,Age,Tm,G,GS,MP,FG,FGA,FG%,3P,3PA,3P%,2P,2PA,2P%,eFG%,FT,FTA,FT%,ORB,DRB,TRB,AST,STL,BLK,TOV,PF,PTS,1998
3872,281,Jeff Nordgaard,PF,24,MIL,13,0,3.7,0.4,1.4,.278,0.0,0.0,,0.4,1.4,.278,.278,0.6,0.7,.889,0.3,0.8,1.1,0.2,0.2,0.0,0.2,0.5,1.4,1998
3873,282,Charles O'Bannon,SG,22,DET,30,0,7.8,0.9,2.3,.377,0.0,0.1,.000,0.9,2.2,.394,.377,0.4,0.5,.800,0.5,0.6,1.1,0.6,0.3,0.0,0.3,0.5,2.1,1998
3874,283,Jermaine O'Neal,PF,19,POR,60,9,13.5,1.9,3.9,.485,0.0,0.0,.000,1.9,3.8,.489,.485,0.8,1.5,.506,1.3,2.0,3.4,0.3,0.3,1.0,0.9,1.7,4.5,1998
3875,284,Shaquille O'Neal*,C,25,LAL,60,57,36.3,11.2,19.1,.584,0.0,0.0,,11.2,19.1,.584,.584,6.0,11.4,.527,3.5,7.9,11.4,2.4,0.7,2.4,2.9,3.2,28.3,1998
3876,285,Charles Oakley,PF,34,NYK,79,79,34.6,3.9,8.8,.440,0.0,0.1,.000,3.9,8.8,.444,.440,1.2,1.4,.851,2.8,6.4,9.2,2.5,1.6,0.3,1.6,3.5,9.0,1998
3877,286,Hakeem Olajuwon*,C,35,HOU,47,45,34.7,6.5,13.5,.483,0.0,0.1,.000,6.5,13.4,.486,.483,3.4,4.5,.755,2.5,7.3,9.8,3.0,1.8,2.0,2.7,3.2,16.4,1998
3878,287,Brian Oliver,SG,29,ATL,5,0,12.2,1.4,3.8,.368,0.0,0.0,,1.4,3.8,.368,.368,0.2,0.8,.250,0.6,1.2,1.8,0.4,0.2,0.0,0.2,0.8,3.0,1998
3879,288,Jimmy Oliver,SG,28,WAS,1,0,10.0,2.0,4.0,.500,1.0,2.0,.500,1.0,2.0,.500,.625,0.0,0.0,,0.0,2.0,2.0,1.0,0.0,0.0,0.0,1.0,5.0,1998
3880,289,Kevin Ollie,PG,25,TOT,35,0,12.3,1.1,2.8,.378,0.0,0.0,.000,1.1,2.8,.381,.378,1.4,2.0,.700,0.3,0.9,1.1,1.9,0.4,0.0,1.3,0.9,3.5,1998
3881,289,Kevin Ollie,PG,25,DAL,16,0,13.4,0.9,2.6,.333,0.0,0.0,,0.9,2.6,.333,.333,1.1,1.6,.720,0.4,0.9,1.3,2.0,0.4,0.0,1.0,1.0,2.9,1998
3882,289,Kevin Ollie,PG,25,ORL,19,0,11.4,1.2,2.9,.411,0.0,0.1,.000,1.2,2.9,.418,.411,1.6,2.4,.689,0.2,0.8,0.9,1.7,0.4,0.0,1.5,0.8,4.1,1998
3883,290,Greg Ostertag,C,24,UTA,63,23,20.4,1.8,3.8,.481,0.0,0.0,,1.8,3.8,.481,.481,1.1,2.2,.479,2.1,3.8,5.9,0.4,0.4,2.1,1.2,2.6,4.7,1998
3884,291,Bo Outlaw,PF,26,ORL,82,76,36.0,3.7,6.6,.554,0.0,0.0,.250,3.7,6.6,.557,.555,2.2,3.8,.575,3.1,4.7,7.8,2.6,1.3,2.2,2.1,3.2,9.5,1998
3885,292,Doug Overton,PG,28,PHI,23,2,12.0,1.0,2.7,.381,0.0,0.1,.000,1.0,2.6,.400,.381,0.6,0.7,.875,0.1,0.5,0.6,1.6,0.3,0.0,1.0,1.5,2.7,1998
3886,293,Billy Owens,SF,28,SAC,78,78,30.1,4.3,9.3,.464,0.3,0.9,.371,4.0,8.4,.474,.482,1.5,2.5,.589,2.2,5.3,7.5,2.8,1.2,0.5,2.0,3.0,10.5,1998
3887,294,Robert Pack,PG,28,DAL,12,10,24.3,2.8,8.2,.337,0.3,0.5,.500,2.5,7.7,.326,.352,2.1,3.0,.694,0.7,2.2,2.8,3.5,1.7,0.1,3.2,1.4,7.8,1998
3888,295,Anthony Parker,SG,22,PHI,37,0,5.3,0.7,1.7,.397,0.2,0.8,.321,0.4,0.9,.457,.468,0.4,0.5,.650,0.2,0.5,0.7,0.5,0.3,0.1,0.3,0.5,1.9,1998
3889,296,Cherokee Parks,C,25,MIN,79,43,21.6,2.8,5.7,.499,0.0,0.0,.000,2.8,5.7,.500,.499,1.4,2.1,.651,1.8,3.8,5.5,0.7,0.5,1.1,0.8,3.0,7.1,1998
3890,297,Gary Payton*,PG,29,SEA,82,82,38.4,7.1,15.6,.453,1.6,4.8,.338,5.4,10.7,.505,.505,3.4,4.6,.744,0.9,3.6,4.6,8.3,2.3,0.2,2.8,2.4,19.2,1998
3891,298,Anthony Peeler,SG,28,TOT,38,32,31.4,5.0,11.1,.452,1.4,3.3,.424,3.6,7.8,.464,.515,0.9,1.2,.766,1.0,2.3,3.2,3.6,1.6,0.2,1.3,2.6,12.3,1998
3892,298,Anthony Peeler,SG,28,VAN,8,8,25.3,4.4,9.0,.486,0.6,2.4,.263,3.8,6.6,.566,.521,0.5,0.8,.667,0.8,1.8,2.5,2.9,1.1,0.0,0.8,2.0,9.9,1998
3893,298,Anthony Peeler,SG,28,MIN,30,24,33.0,5.2,11.6,.445,1.6,3.5,.453,3.6,8.1,.442,.514,1.1,1.4,.780,1.0,2.4,3.4,3.8,1.7,0.2,1.5,2.7,13.0,1998
3894,299,Will Perdue,C,32,SAS,79,30,18.9,2.1,3.7,.549,0.0,0.0,.000,2.1,3.7,.551,.549,0.9,1.7,.526,2.2,4.5,6.8,0.7,0.3,0.6,1.0,1.7,5.0,1998
3895,300,Sam Perkins,PF,36,SEA,81,0,20.7,2.4,5.8,.416,1.1,2.7,.392,1.3,3.1,.438,.508,1.2,1.6,.789,0.7,2.5,3.1,1.4,0.8,0.4,0.8,2.0,7.2,1998
3896,Rk,Player,Pos,Age,Tm,G,GS,MP,FG,FGA,FG%,3P,3PA,3P%,2P,2PA,2P%,eFG%,FT,FTA,FT%,ORB,DRB,TRB,AST,STL,BLK,TOV,PF,PTS,1998
3897,301,Elliot Perry,PG,28,MIL,81,33,21.6,3.0,6.9,.430,0.2,0.6,.340,2.8,6.3,.438,.445,1.1,1.3,.844,0.3,1.1,1.3,2.8,1.1,0.0,1.6,1.6,7.3,1998
3898,302,Chuck Person,PF,33,SAS,61,11,23.9,2.3,6.5,.359,1.6,4.5,.344,0.8,2.0,.393,.479,0.5,0.6,.757,0.3,3.1,3.3,1.4,0.5,0.2,1.1,2.0,6.7,1998
3899,303,Wesley Person,SG,26,CLE,82,82,39.0,5.4,11.7,.460,2.3,5.5,.430,3.0,6.2,.486,.560,1.6,2.1,.776,0.8,3.6,4.4,2.3,1.6,0.6,1.3,1.3,14.7,1998
3900,304,Bobby Phills,SG,28,CHH,62,61,30.4,4.0,8.9,.446,0.7,1.8,.386,3.3,7.1,.461,.486,1.7,2.3,.757,1.0,2.5,3.5,3.0,1.3,0.3,1.7,2.9,10.4,1998
3901,305,Eric Piatkowski,SG,27,LAC,67,35,26.0,3.8,8.5,.452,1.6,3.9,.409,2.3,4.6,.489,.546,2.1,2.5,.824,1.0,2.5,3.5,1.3,0.8,0.2,1.2,2.0,11.3,1998
3902,306,Ricky Pierce,SG,38,MIL,39,0,11.3,1.3,3.7,.364,0.1,0.3,.308,1.2,3.3,.369,.378,1.1,1.3,.827,0.5,0.7,1.2,0.9,0.2,0.0,0.5,0.9,3.9,1998
3903,307,Scottie Pippen*,SF,32,CHI,44,44,37.5,7.2,16.0,.447,1.4,4.4,.318,5.8,11.6,.496,.491,3.4,4.4,.777,1.2,4.0,5.2,5.8,1.8,1.0,2.5,2.6,19.1,1998
3904,308,Scot Pollard,C,22,DET,33,0,9.6,1.1,2.1,.500,0.0,0.0,,1.1,2.1,.500,.500,0.6,0.7,.826,1.0,1.2,2.2,0.3,0.2,0.3,0.4,1.5,2.7,1998
3905,309,Olden Polynice,C,33,SAC,70,25,20.8,3.6,7.7,.459,0.0,0.0,.000,3.6,7.7,.460,.459,0.7,1.6,.452,2.5,3.8,6.3,1.5,0.5,0.6,1.4,2.3,7.9,1998
3906,310,Mark Pope,SF,25,IND,28,0,6.9,0.5,1.5,.341,0.0,0.1,.333,0.5,1.4,.342,.354,0.4,0.6,.588,0.3,0.6,0.9,0.3,0.1,0.2,0.4,1.3,1.4,1998
3907,311,Terry Porter,PG,34,MIN,82,8,21.8,3.2,7.0,.449,1.1,2.8,.395,2.0,4.2,.485,.529,2.0,2.4,.856,0.5,1.6,2.0,3.3,0.8,0.2,1.3,1.3,9.5,1998
3908,312,Vitaly Potapenko,C,22,CLE,80,0,17.7,2.9,6.1,.480,0.0,0.0,.000,2.9,6.1,.480,.480,1.3,1.8,.708,1.4,2.5,3.9,0.7,0.3,0.4,1.7,2.5,7.1,1998
3909,313,Brent Price,PG,29,HOU,72,2,18.5,1.8,4.3,.413,1.0,2.6,.390,0.8,1.7,.447,.531,1.1,1.4,.786,0.5,1.0,1.5,2.7,0.7,0.1,1.5,2.3,5.6,1998
3910,314,Mark Price,PG,33,ORL,63,33,22.7,3.6,8.4,.431,0.8,2.5,.335,2.8,6.0,.471,.480,1.4,1.6,.845,0.4,1.7,2.0,4.7,0.8,0.1,2.6,1.5,9.5,1998
3911,315,Theo Ratliff,C,24,TOT,82,67,29.8,3.7,7.3,.513,0.0,0.0,,3.7,7.3,.513,.513,2.4,3.4,.701,2.7,4.0,6.7,0.7,0.6,3.1,1.4,3.6,9.9,1998
3912,315,Theo Ratliff,C,24,DET,24,12,24.4,2.4,4.6,.514,0.0,0.0,,2.4,4.6,.514,.514,1.8,2.6,.683,1.9,3.1,5.0,0.6,0.5,2.3,1.4,3.5,6.5,1998
3913,315,Theo Ratliff,C,24,PHI,58,55,32.1,4.3,8.4,.512,0.0,0.0,,4.3,8.4,.512,.512,2.7,3.8,.706,3.0,4.3,7.3,0.7,0.7,3.5,1.4,3.6,11.2,1998
3914,316,Eldridge Recasner,SG,30,ATL,59,14,24.6,3.5,7.7,.456,1.1,2.5,.419,2.4,5.2,.474,.524,1.3,1.3,.937,0.5,1.9,2.4,2.0,0.7,0.0,1.5,1.6,9.3,1998
3915,317,Bryant Reeves,C,24,VAN,74,74,34.1,6.6,12.7,.523,0.0,0.1,.000,6.6,12.7,.525,.523,3.0,4.3,.706,2.6,5.3,7.9,2.1,0.5,1.1,2.1,3.8,16.3,1998
3916,318,Khalid Reeves,PG,25,DAL,82,54,23.8,3.0,7.2,.418,0.7,1.9,.368,2.3,5.4,.435,.465,2.0,2.6,.775,0.7,1.6,2.3,2.8,1.0,0.1,1.6,2.4,8.7,1998
3917,319,Don Reid,PF,24,DET,68,44,14.6,1.4,2.6,.534,0.0,0.0,,1.4,2.6,.534,.534,0.7,1.0,.704,1.1,1.4,2.6,0.4,0.4,0.8,0.4,2.7,3.5,1998
3918,320,J.R. Reid,PF,29,CHH,79,1,14.0,1.8,4.0,.459,0.0,0.1,.375,1.8,3.9,.461,.464,1.1,1.5,.730,0.9,1.7,2.7,0.6,0.4,0.2,0.8,2.2,4.9,1998
3919,Rk,Player,Pos,Age,Tm,G,GS,MP,FG,FGA,FG%,3P,3PA,3P%,2P,2PA,2P%,eFG%,FT,FTA,FT%,ORB,DRB,TRB,AST,STL,BLK,TOV,PF,PTS,1998
3920,321,Shawn Respert,SG,25,TOT,57,4,16.0,2.3,5.1,.444,0.5,1.6,.333,1.7,3.5,.495,.497,0.8,1.1,.787,0.6,1.1,1.8,1.1,0.6,0.0,0.8,1.3,5.9,1998
3921,321,Shawn Respert,SG,25,TOR,47,4,14.8,2.0,4.4,.450,0.5,1.4,.373,1.5,3.0,.486,.510,0.9,1.1,.815,0.6,0.9,1.6,0.9,0.6,0.0,0.7,1.2,5.5,1998
3922,321,Shawn Respert,SG,25,DAL,10,0,21.5,3.6,8.4,.429,0.6,2.6,.231,3.0,5.8,.517,.464,0.4,0.7,.571,0.7,2.0,2.7,1.7,0.5,0.0,1.5,1.7,8.2,1998
3923,322,Rodrick Rhodes,SF,24,HOU,58,13,18.4,1.9,5.3,.367,0.0,0.1,.250,1.9,5.1,.370,.370,1.9,3.1,.617,0.5,0.7,1.2,1.9,1.1,0.2,1.7,2.2,5.8,1998
3924,323,Glen Rice,SF,30,CHH,82,82,40.2,7.7,16.9,.457,1.6,3.7,.433,6.1,13.2,.464,.504,5.2,6.1,.849,1.1,3.2,4.3,2.2,0.9,0.3,2.2,2.4,22.3,1998
3925,324,Pooh Richardson,PG,31,LAC,69,17,18.1,1.8,4.8,.372,0.2,0.8,.193,1.6,4.0,.409,.389,0.4,0.6,.698,0.2,1.1,1.4,3.3,0.6,0.0,0.8,1.0,4.2,1998
3926,325,Mitch Richmond*,SG,32,SAC,70,70,36.7,7.8,17.4,.445,1.9,4.8,.389,5.9,12.7,.466,.498,5.8,6.7,.864,0.7,2.6,3.3,4.0,1.3,0.2,2.6,2.2,23.2,1998
3927,326,Isaiah Rider,SG,26,POR,74,66,37.6,7.4,17.6,.423,1.8,5.7,.321,5.6,11.9,.472,.475,3.0,3.6,.828,1.3,3.3,4.7,3.1,0.7,0.3,2.5,2.5,19.7,1998
3928,327,Eric Riley,C,27,DAL,39,14,13.9,1.4,3.5,.415,0.0,0.0,.000,1.4,3.4,.418,.415,0.7,0.9,.750,1.1,2.3,3.4,0.6,0.4,1.2,0.9,2.1,3.6,1998
3929,328,Stanley Roberts,C,27,MIN,74,44,17.9,2.6,5.2,.495,0.0,0.0,,2.6,5.2,.495,.495,1.0,2.1,.481,1.5,3.4,4.9,0.4,0.3,1.0,0.9,3.1,6.2,1998
3930,329,Chris Robinson,SG,23,TOT,35,0,11.8,1.9,5.0,.374,0.7,1.9,.364,1.2,3.1,.380,.443,0.2,0.5,.500,0.3,1.1,1.3,1.1,0.5,0.1,0.9,1.4,4.6,1998
3931,329,Chris Robinson,SG,23,VAN,16,0,8.9,1.4,3.9,.365,0.4,1.5,.292,1.0,2.4,.410,.421,0.1,0.1,.500,0.0,0.8,0.8,0.6,0.4,0.1,0.9,1.3,3.4,1998
3932,329,Chris Robinson,SG,23,SAC,19,0,14.3,2.2,5.8,.378,0.9,2.2,.405,1.3,3.6,.362,.455,0.4,0.7,.500,0.5,1.3,1.7,1.5,0.6,0.2,0.9,1.5,5.7,1998
3933,330,Clifford Robinson,SF,31,PHO,80,64,29.5,5.4,11.2,.479,0.3,1.1,.321,5.0,10.1,.496,.494,3.1,4.5,.689,1.9,3.2,5.1,2.1,1.2,1.1,1.8,3.1,14.2,1998
3934,331,David Robinson*,C,32,SAS,73,73,33.7,7.5,14.6,.511,0.0,0.1,.250,7.4,14.5,.512,.511,6.6,9.0,.735,3.3,7.3,10.6,2.7,0.9,2.6,2.8,2.8,21.6,1998
3935,332,Glenn Robinson,SF,25,MIL,56,56,41.0,9.5,20.3,.470,0.4,1.2,.385,9.1,19.1,.475,.481,3.8,4.8,.808,1.5,4.0,5.5,2.8,1.2,0.6,3.6,2.9,23.4,1998
3936,333,James Robinson,PG,27,LAC,70,13,17.6,2.8,7.2,.389,1.1,3.2,.329,1.7,3.9,.438,.463,1.1,1.5,.720,0.5,1.1,1.6,1.9,0.5,0.1,1.4,1.4,7.7,1998
3937,334,Larry Robinson,SF,30,VAN,6,0,6.8,1.0,3.2,.316,0.5,1.0,.500,0.5,2.2,.231,.395,0.3,0.3,1.000,0.3,1.7,2.0,0.2,0.7,0.0,0.3,0.0,2.8,1998
3938,335,Dennis Rodman*,PF,36,CHI,80,66,35.7,1.9,4.5,.431,0.1,0.3,.174,1.9,4.2,.448,.436,0.8,1.4,.550,5.3,9.8,15.0,2.9,0.6,0.2,1.8,3.0,4.7,1998
3939,336,Carlos Rogers,PF,26,TOT,21,0,17.9,2.2,4.3,.516,0.0,0.1,.000,2.2,4.2,.528,.516,0.9,1.5,.563,1.7,1.5,3.2,0.9,0.5,0.4,0.7,1.7,5.3,1998
3940,336,Carlos Rogers,PF,26,TOR,18,0,19.5,2.5,4.8,.517,0.0,0.1,.000,2.5,4.8,.523,.517,1.0,1.8,.563,1.9,1.7,3.6,0.9,0.5,0.4,0.7,1.9,6.0,1998
3941,336,Carlos Rogers,PF,26,POR,3,0,8.3,0.7,1.3,.500,0.0,0.3,.000,0.7,1.0,.667,.500,0.0,0.0,,0.3,0.3,0.7,0.7,0.3,0.0,0.3,0.3,1.3,1998
3942,337,Rodney Rogers,SF,26,LAC,76,70,32.9,5.6,12.3,.456,0.9,2.8,.340,4.7,9.5,.490,.494,3.0,4.3,.686,2.0,3.5,5.6,2.7,1.2,0.5,2.5,3.2,15.1,1998
3943,338,Roy Rogers,PF,24,TOT,15,0,7.1,0.6,1.7,.360,0.0,0.0,,0.6,1.7,.360,.360,0.1,0.4,.333,0.5,0.6,1.1,0.1,0.2,0.5,0.3,1.2,1.3,1998
3944,338,Roy Rogers,PF,24,BOS,9,0,4.1,0.3,0.9,.375,0.0,0.0,,0.3,0.9,.375,.375,0.1,0.2,.500,0.0,0.6,0.6,0.1,0.2,0.4,0.1,0.7,0.8,1998
3945,338,Roy Rogers,PF,24,TOR,6,0,11.5,1.0,2.8,.353,0.0,0.0,,1.0,2.8,.353,.353,0.2,0.7,.250,1.3,0.7,2.0,0.2,0.2,0.7,0.7,2.0,2.2,1998
3946,339,Sean Rooks,C,28,LAL,41,1,10.4,1.1,2.5,.455,0.0,0.0,,1.1,2.5,.455,.455,1.1,1.9,.595,1.1,1.8,2.9,0.6,0.0,0.6,0.5,1.7,3.4,1998
3947,340,Jalen Rose,SF,25,IND,82,0,20.8,3.5,7.4,.478,0.3,0.9,.342,3.2,6.5,.496,.498,2.0,2.8,.728,0.3,2.0,2.4,1.9,0.7,0.2,1.6,2.1,9.4,1998
3948,Rk,Player,Pos,Age,Tm,G,GS,MP,FG,FGA,FG%,3P,3PA,3P%,2P,2PA,2P%,eFG%,FT,FTA,FT%,ORB,DRB,TRB,AST,STL,BLK,TOV,PF,PTS,1998
3949,341,Malik Rose,PF,23,SAS,53,0,8.1,1.1,2.6,.434,0.0,0.1,.333,1.1,2.5,.436,.438,0.7,1.2,.639,0.8,0.9,1.7,0.4,0.4,0.1,0.8,1.5,3.0,1998
3950,342,Donald Royal,SF,31,TOT,31,5,10.4,0.8,2.2,.362,0.0,0.0,,0.8,2.2,.362,.362,0.9,1.1,.879,0.6,0.7,1.3,0.5,0.2,0.0,0.3,1.1,2.5,1998
3951,342,Donald Royal,SF,31,ORL,2,0,9.0,0.5,3.0,.167,0.0,0.0,,0.5,3.0,.167,.167,1.5,2.0,.750,1.0,1.0,2.0,0.5,0.5,0.0,1.5,2.5,2.5,1998
3952,342,Donald Royal,SF,31,CHH,29,5,10.5,0.8,2.2,.381,0.0,0.0,,0.8,2.2,.381,.381,0.9,1.0,.897,0.6,0.7,1.3,0.6,0.2,0.0,0.2,1.0,2.6,1998
3953,343,Clifford Rozier,C,25,MIN,6,0,5.0,0.5,1.0,.500,0.0,0.0,,0.5,1.0,.500,.500,0.0,0.2,.000,0.5,0.5,1.0,0.0,0.0,0.0,0.7,1.2,1.0,1998
3954,344,Bryon Russell,SF,27,UTA,82,7,27.1,2.8,6.4,.430,0.9,2.6,.341,1.9,3.8,.492,.500,2.6,3.4,.766,1.0,3.0,4.0,1.2,1.1,0.4,1.0,2.8,9.0,1998
3955,345,Arvydas Sabonis*,C,33,POR,73,73,32.0,5.6,11.3,.493,0.4,1.6,.261,5.2,9.7,.530,.511,4.4,5.5,.798,2.0,7.9,10.0,3.0,0.9,1.1,2.6,3.7,16.0,1998
3956,346,Kevin Salvadori,C,27,SAC,16,0,5.4,0.1,0.8,.077,0.0,0.0,,0.1,0.8,.077,.077,0.2,0.4,.500,0.3,0.9,1.3,0.2,0.0,0.7,0.3,0.8,0.3,1998
3957,347,Danny Schayes,C,38,ORL,74,33,17.2,2.1,5.0,.418,0.0,0.0,,2.1,5.0,.418,.418,1.3,1.6,.807,1.3,2.0,3.3,0.6,0.5,0.4,0.8,2.5,5.5,1998
3958,348,Detlef Schrempf,SF,35,SEA,78,78,35.2,5.6,11.5,.487,0.8,1.9,.415,4.8,9.6,.501,.521,3.8,4.5,.844,1.7,5.4,7.1,4.4,0.8,0.2,2.2,2.6,15.8,1998
3959,349,Dennis Scott,SF,29,TOT,81,45,28.3,4.1,10.2,.397,1.5,4.2,.365,2.5,6.0,.420,.473,1.3,1.6,.808,0.6,2.5,3.0,1.9,0.7,0.5,1.3,1.9,11.0,1998
3960,349,Dennis Scott,SF,29,DAL,52,42,34.6,5.0,12.8,.387,1.8,5.3,.344,3.2,7.6,.417,.458,1.9,2.3,.822,0.8,3.0,3.8,2.5,0.8,0.6,1.8,2.3,13.6,1998
3961,349,Dennis Scott,SF,29,PHO,29,3,17.0,2.4,5.6,.438,1.1,2.4,.449,1.4,3.2,.430,.534,0.3,0.4,.667,0.3,1.4,1.7,0.8,0.3,0.2,0.4,1.1,6.2,1998
3962,350,Shawnelle Scott,C,25,CLE,41,0,4.6,0.4,0.9,.444,0.0,0.0,,0.4,0.9,.444,.444,0.3,0.4,.667,0.5,1.0,1.4,0.2,0.1,0.2,0.2,1.1,1.1,1998
3963,351,Shea Seals,SG,22,LAL,4,0,2.3,0.3,2.0,.125,0.0,0.8,.000,0.3,1.3,.200,.125,0.5,1.0,.500,0.8,0.3,1.0,0.0,0.3,0.0,0.0,0.3,1.0,1998
3964,352,Malik Sealy,SF,27,DET,77,10,21.3,2.8,6.6,.428,0.1,0.5,.220,2.7,6.0,.446,.437,1.9,2.4,.824,0.6,2.2,2.8,1.3,0.8,0.3,1.0,2.0,7.7,1998
3965,353,Rony Seikaly,C,32,TOT,56,49,29.2,4.5,10.3,.432,0.0,0.0,.000,4.5,10.3,.433,.432,4.4,5.9,.741,2.6,4.4,7.0,1.4,0.5,0.8,2.6,2.9,13.3,1998
3966,353,Rony Seikaly,C,32,ORL,47,47,31.6,5.0,11.4,.441,0.0,0.0,.000,5.0,11.4,.442,.441,4.9,6.5,.754,2.8,4.8,7.6,1.5,0.5,0.8,2.9,2.9,15.0,1998
3967,353,Rony Seikaly,C,32,NJN,9,2,16.9,1.4,4.6,.317,0.0,0.0,,1.4,4.6,.317,.317,1.8,3.0,.593,1.8,2.2,4.0,0.9,0.3,0.4,1.3,3.0,4.7,1998
3968,354,God Shammgod,PG,21,WAS,20,0,7.3,1.0,2.9,.328,0.0,0.1,.000,1.0,2.8,.339,.328,1.2,1.5,.767,0.1,0.3,0.4,1.8,0.4,0.1,1.1,1.4,3.1,1998
3969,355,Brian Shaw,PG,31,TOT,59,34,25.9,2.6,7.6,.345,0.5,1.6,.295,2.1,5.9,.359,.377,0.6,0.9,.692,0.6,3.0,3.6,4.4,0.8,0.3,1.7,2.5,6.3,1998
3970,355,Brian Shaw,PG,31,GSW,39,32,26.4,2.6,7.9,.336,0.5,1.7,.313,2.1,6.2,.342,.370,0.6,0.8,.727,0.5,3.4,3.9,4.4,0.9,0.4,1.9,2.4,6.4,1998
3971,355,Brian Shaw,PG,31,PHI,20,2,25.1,2.6,7.0,.367,0.4,1.4,.250,2.2,5.6,.396,.392,0.6,1.0,.632,0.9,2.4,3.2,4.4,0.7,0.2,1.2,2.8,6.1,1998
3972,356,Dickey Simpkins,PF,25,TOT,40,0,10.8,1.2,2.2,.539,0.0,0.1,.000,1.2,2.2,.552,.539,0.9,1.8,.514,0.7,1.3,1.9,0.8,0.2,0.1,0.8,1.4,3.3,1998
3973,356,Dickey Simpkins,PF,25,GSW,19,0,10.3,1.2,2.5,.458,0.0,0.1,.000,1.2,2.5,.468,.458,0.5,1.4,.385,1.0,1.4,2.4,0.8,0.3,0.1,1.0,1.0,2.8,1998
3974,356,Dickey Simpkins,PF,25,CHI,21,0,11.3,1.2,2.0,.634,0.0,0.0,.000,1.2,1.9,.650,.634,1.2,2.1,.591,0.4,1.1,1.5,0.8,0.2,0.1,0.6,1.7,3.7,1998
3975,357,Reggie Slater,PF,27,TOR,78,28,21.3,2.7,5.9,.460,0.0,0.0,,2.7,5.9,.460,.460,2.6,4.1,.630,1.7,2.2,3.9,0.9,0.6,0.4,1.3,2.6,8.0,1998
3976,358,Charles Smith,SG,22,TOT,34,0,8.6,1.4,3.7,.392,0.4,1.4,.319,1.0,2.3,.436,.452,0.2,0.3,.545,0.4,0.4,0.8,0.6,0.4,0.2,0.8,0.7,3.5,1998
3977,358,Charles Smith,SG,22,MIA,11,0,2.9,0.4,1.6,.222,0.1,0.3,.333,0.3,1.4,.200,.250,0.1,0.2,.500,0.5,0.3,0.7,0.2,0.2,0.1,0.5,0.3,0.9,1998
3978,358,Charles Smith,SG,22,LAC,23,0,11.3,2.0,4.7,.421,0.6,1.9,.318,1.3,2.7,.492,.486,0.2,0.4,.556,0.3,0.5,0.8,0.8,0.4,0.2,0.9,0.9,4.7,1998
3979,359,Joe Smith,PF,22,TOT,79,55,29.7,5.9,13.5,.434,0.0,0.1,.000,5.9,13.4,.437,.434,2.9,3.7,.775,2.5,3.4,6.0,1.2,0.8,0.6,2.0,3.3,14.6,1998
3980,359,Joe Smith,PF,22,GSW,49,49,33.6,7.0,16.3,.429,0.0,0.1,.000,7.0,16.2,.433,.429,3.3,4.2,.769,2.9,4.0,6.9,1.4,0.9,0.8,2.2,3.4,17.3,1998
3981,359,Joe Smith,PF,22,PHI,30,6,23.3,4.0,9.0,.448,0.0,0.0,.000,4.0,9.0,.450,.448,2.2,2.8,.788,1.9,2.5,4.4,0.9,0.6,0.4,1.7,3.1,10.3,1998
3982,360,Michael Smith,PF,25,TOT,48,33,21.9,1.9,4.0,.479,0.0,0.0,.000,1.9,4.0,.482,.479,1.4,2.1,.631,2.5,3.9,6.4,1.8,0.9,0.3,1.1,2.0,5.2,1998
3983,360,Michael Smith,PF,25,SAC,18,4,19.3,1.4,3.4,.426,0.0,0.0,,1.4,3.4,.426,.426,0.9,1.7,.567,1.9,3.6,5.6,1.6,0.8,0.5,0.8,1.9,3.8,1998
3984,360,Michael Smith,PF,25,VAN,30,29,23.5,2.2,4.4,.504,0.0,0.0,.000,2.2,4.4,.508,.504,1.6,2.4,.658,2.8,4.0,6.9,2.0,0.9,0.2,1.2,2.0,6.1,1998
3985,Rk,Player,Pos,Age,Tm,G,GS,MP,FG,FGA,FG%,3P,3PA,3P%,2P,2PA,2P%,eFG%,FT,FTA,FT%,ORB,DRB,TRB,AST,STL,BLK,TOV,PF,PTS,1998
3986,361,Steve Smith,SG,28,ATL,73,73,39.1,6.7,15.1,.444,1.3,3.8,.351,5.4,11.3,.475,.488,5.3,6.2,.855,1.8,2.4,4.2,4.0,1.0,0.4,2.4,3.0,20.1,1998
3987,362,Tony Smith,PG,29,MIL,7,0,11.4,1.1,3.4,.333,0.0,0.6,.000,1.1,2.9,.400,.333,0.4,0.6,.750,0.6,0.4,1.0,1.4,0.7,0.3,1.3,1.0,2.7,1998
3988,363,Rik Smits,C,31,IND,73,69,28.6,7.0,14.2,.495,0.0,0.0,.000,7.0,14.2,.497,.495,2.6,3.3,.783,1.7,5.2,6.9,1.4,0.5,1.2,1.8,3.3,16.7,1998
3989,364,Eric Snow,PG,24,TOT,64,0,14.3,1.2,2.9,.429,0.0,0.3,.118,1.2,2.6,.461,.435,0.8,1.1,.690,0.3,1.0,1.3,2.8,0.9,0.1,1.0,1.8,3.3,1998
3990,364,Eric Snow,PG,24,SEA,17,0,4.4,0.6,1.4,.435,0.0,0.1,.000,0.6,1.3,.455,.435,0.3,0.6,.500,0.0,0.2,0.2,0.8,0.0,0.1,0.7,0.9,1.5,1998
3991,364,Eric Snow,PG,24,PHI,47,0,18.0,1.5,3.4,.429,0.0,0.3,.125,1.4,3.1,.462,.435,0.9,1.3,.721,0.4,1.2,1.6,3.5,1.3,0.1,1.1,2.1,3.9,1998
3992,365,Felton Spencer,C,30,GSW,68,0,12.0,0.9,1.9,.457,0.0,0.0,,0.9,1.9,.457,.457,0.6,1.2,.557,1.4,2.0,3.3,0.3,0.3,0.5,0.7,2.6,2.4,1998
3993,366,Latrell Sprewell,SG,27,GSW,14,13,39.1,7.9,19.8,.397,0.6,3.4,.188,7.2,16.4,.441,.413,5.0,6.7,.745,0.5,3.1,3.6,4.9,1.4,0.4,3.1,1.9,21.4,1998
3994,367,Jerry Stackhouse,SG-SF,23,TOT,79,37,32.2,5.4,12.3,.435,0.6,2.5,.241,4.8,9.9,.483,.459,4.5,5.7,.787,1.3,2.0,3.4,3.1,1.1,0.7,2.8,2.2,15.8,1998
3995,367,Jerry Stackhouse,SF,23,PHI,22,22,34.0,5.8,12.9,.452,0.7,2.1,.348,5.1,10.8,.473,.481,3.7,4.6,.802,1.3,2.2,3.5,3.0,1.4,1.0,3.4,2.5,16.0,1998
3996,367,Jerry Stackhouse,SG,23,DET,57,15,31.5,5.2,12.1,.428,0.5,2.6,.208,4.6,9.5,.488,.450,4.8,6.1,.782,1.4,2.0,3.3,3.1,1.0,0.7,2.6,2.1,15.7,1998
3997,368,John Starks,SG,32,NYK,82,10,26.7,4.5,11.5,.393,1.6,4.9,.327,3.0,6.7,.441,.461,2.3,2.9,.787,0.6,2.2,2.8,2.7,1.0,0.1,1.7,2.5,12.9,1998
3998,369,Joe Stephens,SF,25,HOU,7,0,5.3,1.4,4.0,.357,0.4,1.4,.300,1.0,2.6,.389,.411,0.6,0.9,.667,0.4,0.4,0.9,0.1,0.3,0.0,0.3,0.3,3.9,1998
3999,370,Kebu Stewart,PF,24,PHI,15,0,7.3,0.8,1.7,.462,0.0,0.0,,0.8,1.7,.462,.462,1.1,1.7,.640,0.6,1.5,2.1,0.1,0.3,0.1,0.5,0.9,2.7,1998
4000,371,Michael Stewart,C,22,SAC,81,37,21.7,1.9,4.0,.480,0.0,0.0,,1.9,4.0,.480,.480,0.8,1.8,.458,2.4,4.2,6.6,0.8,0.4,2.4,1.0,3.1,4.6,1998
4001,372,Bryant Stith,SG,27,DEN,31,15,23.2,2.4,7.3,.333,0.3,1.5,.208,2.1,5.7,.367,.356,2.4,2.8,.872,0.5,1.6,2.1,1.6,0.7,0.3,1.1,1.7,7.6,1998
4002,373,John Stockton*,PG,35,UTA,64,64,29.0,4.2,8.0,.528,0.6,1.4,.429,3.6,6.6,.550,.567,3.0,3.6,.827,0.5,2.0,2.6,8.5,1.4,0.2,2.5,2.2,12.0,1998
4003,374,Ed Stokes,C,26,TOR,4,0,4.3,0.3,0.8,.333,0.0,0.0,,0.3,0.8,.333,.333,0.3,0.5,.500,0.3,0.8,1.0,0.3,0.3,0.5,0.5,1.0,0.8,1998
4004,375,Damon Stoudamire,PG,24,TOT,71,71,40.0,6.3,15.4,.411,1.3,4.3,.299,5.0,11.1,.454,.452,3.4,4.0,.829,1.2,3.0,4.2,8.2,1.6,0.1,3.1,2.1,17.3,1998
4005,375,Damon Stoudamire,PG,24,TOR,49,49,41.5,7.2,17.0,.425,1.3,4.2,.317,5.9,12.8,.460,.464,3.7,4.3,.844,1.3,3.1,4.4,8.1,1.6,0.1,3.2,2.3,19.4,1998
4006,375,Damon Stoudamire,PG,24,POR,22,22,36.6,4.3,11.7,.364,1.2,4.5,.263,3.1,7.2,.428,.415,2.7,3.4,.787,1.1,2.6,3.7,8.2,1.5,0.1,2.9,1.7,12.4,1998
4007,376,Erick Strickland,SG,24,DAL,67,19,22.5,3.0,8.3,.357,0.7,2.4,.294,2.3,5.9,.382,.400,1.0,1.3,.774,0.5,1.9,2.4,2.5,0.8,0.1,1.6,2.1,7.6,1998
4008,377,Mark Strickland,PF,27,MIA,51,8,16.6,2.8,5.3,.539,0.0,0.0,.000,2.8,5.3,.541,.539,1.2,1.6,.720,1.6,2.6,4.2,0.5,0.4,0.7,0.9,1.7,6.8,1998
4009,378,Rod Strickland,PG,31,WAS,76,76,39.7,6.4,14.9,.434,0.2,0.6,.250,6.3,14.2,.442,.439,4.7,6.5,.726,1.5,3.9,5.3,10.5,1.7,0.3,3.5,2.4,17.8,1998
4010,379,Derek Strong,PF,29,ORL,58,8,28.2,4.5,10.6,.420,0.0,0.1,.000,4.5,10.6,.423,.420,3.8,4.8,.781,2.6,4.7,7.4,0.9,0.5,0.4,1.3,2.1,12.7,1998
4011,380,Bob Sura,SG,24,CLE,46,4,20.5,1.9,5.0,.377,0.4,1.3,.317,1.5,3.7,.398,.418,1.6,2.8,.565,0.5,1.5,2.0,3.7,1.0,0.2,2.0,2.5,5.8,1998
4012,Rk,Player,Pos,Age,Tm,G,GS,MP,FG,FGA,FG%,3P,3PA,3P%,2P,2PA,2P%,eFG%,FT,FTA,FT%,ORB,DRB,TRB,AST,STL,BLK,TOV,PF,PTS,1998
4013,381,Žan Tabak,C,27,TOT,57,34,17.3,2.5,5.3,.467,0.0,0.0,.000,2.5,5.3,.469,.467,0.4,1.1,.377,1.5,2.2,3.7,0.8,0.4,0.7,1.1,2.9,5.4,1998
4014,381,Žan Tabak,C,27,TOR,39,29,19.3,3.0,6.4,.466,0.0,0.0,.000,3.0,6.4,.468,.466,0.4,1.2,.333,1.5,2.4,3.9,0.9,0.4,0.7,1.1,3.0,6.4,1998
4015,381,Žan Tabak,C,27,BOS,18,5,12.9,1.4,3.1,.473,0.0,0.0,,1.4,3.1,.473,.473,0.4,0.7,.538,1.4,1.8,3.2,0.7,0.3,0.6,0.9,2.6,3.3,1998
4016,382,Johnny Taylor,SF,23,ORL,12,0,9.0,1.1,3.1,.351,0.1,0.2,.500,1.0,2.9,.343,.365,0.9,1.3,.688,0.3,0.8,1.1,0.1,0.3,0.2,0.7,1.8,3.2,1998
4017,383,Maurice Taylor,PF,21,LAC,71,3,21.3,4.5,9.5,.476,0.0,0.0,.000,4.5,9.5,.476,.476,2.4,3.4,.709,1.7,2.5,4.2,0.7,0.5,0.6,1.5,3.1,11.5,1998
4018,384,Carl Thomas,SG,28,TOT,43,0,9.9,1.3,3.3,.400,0.5,1.4,.339,0.8,1.9,.444,.471,0.4,0.6,.640,0.2,0.9,1.1,0.4,0.5,0.2,0.4,0.9,3.4,1998
4019,384,Carl Thomas,SG,28,GSW,10,0,13.9,2.5,6.5,.385,0.5,2.1,.238,2.0,4.4,.455,.423,0.7,1.0,.700,0.4,0.6,1.0,0.9,0.5,0.1,0.6,1.2,6.2,1998
4020,384,Carl Thomas,SG,28,ORL,4,0,3.8,1.0,1.3,.800,0.0,0.0,,1.0,1.3,.800,.800,0.3,0.5,.500,0.0,0.0,0.0,0.3,0.0,0.3,0.0,0.0,2.3,1998
4021,384,Carl Thomas,SG,28,CLE,29,0,9.4,0.9,2.4,.386,0.5,1.3,.395,0.4,1.1,.375,.493,0.3,0.4,.615,0.2,1.1,1.3,0.3,0.6,0.2,0.4,0.9,2.7,1998
4022,385,John Thomas,PF,22,TOT,54,2,9.9,1.0,2.1,.487,0.0,0.0,,1.0,2.1,.487,.487,0.8,1.0,.759,0.9,1.1,2.0,0.3,0.4,0.2,0.9,1.8,2.8,1998
4023,385,John Thomas,PF,22,BOS,33,2,11.2,1.2,2.4,.513,0.0,0.0,,1.2,2.4,.513,.513,0.8,1.0,.788,1.0,1.2,2.1,0.4,0.6,0.3,1.0,2.0,3.3,1998
4024,385,John Thomas,PF,22,TOR,21,0,8.0,0.7,1.6,.424,0.0,0.0,,0.7,1.6,.424,.424,0.7,1.0,.714,0.8,1.0,1.7,0.2,0.1,0.1,0.6,1.5,2.0,1998
4025,386,Kurt Thomas,PF,25,DAL,5,0,14.6,3.4,9.0,.378,0.0,0.0,,3.4,9.0,.378,.378,0.6,0.6,1.000,1.6,3.2,4.8,0.6,0.2,0.0,2.0,3.8,7.4,1998
4026,387,Tim Thomas,SF,20,PHI,77,48,23.1,4.0,8.9,.447,0.8,2.2,.363,3.2,6.7,.476,.493,2.2,3.0,.740,1.4,2.4,3.7,1.2,0.7,0.2,1.5,2.4,11.0,1998
4027,388,Brooks Thompson,PG,27,TOT,30,0,5.6,0.8,1.9,.411,0.3,1.0,.300,0.5,0.9,.538,.491,0.1,0.3,.500,0.0,0.5,0.5,0.9,0.3,0.0,0.5,0.7,2.0,1998
4028,388,Brooks Thompson,PG,27,PHO,13,0,3.5,0.8,2.1,.370,0.4,1.2,.313,0.4,0.8,.455,.463,0.1,0.2,.333,0.1,0.3,0.4,0.2,0.3,0.0,0.4,0.5,2.0,1998
4029,388,Brooks Thompson,PG,27,NYK,17,0,7.1,0.8,1.7,.448,0.2,0.8,.286,0.5,0.9,.600,.517,0.2,0.3,.600,0.0,0.6,0.6,1.4,0.4,0.1,0.6,0.9,1.9,1998
4030,389,Otis Thorpe,PF,35,TOT,74,66,29.7,4.0,8.4,.471,0.0,0.1,.000,4.0,8.4,.475,.471,2.2,3.2,.683,2.0,5.2,7.3,3.0,0.6,0.4,2.1,3.2,10.2,1998
4031,389,Otis Thorpe,PF,35,VAN,47,46,33.5,4.4,9.1,.477,0.0,0.1,.000,4.4,9.1,.481,.477,2.5,3.6,.694,2.1,5.8,7.9,3.4,0.6,0.5,2.4,3.4,11.2,1998
4032,389,Otis Thorpe,PF,35,SAC,27,20,23.1,3.3,7.2,.459,0.0,0.0,.000,3.3,7.1,.461,.459,1.7,2.6,.657,1.9,4.3,6.1,2.3,0.7,0.3,1.4,3.0,8.3,1998
4033,390,Gary Trent,PF,23,TOT,54,20,25.2,4.5,9.4,.477,0.1,0.2,.333,4.4,9.1,.481,.481,2.7,3.9,.679,2.3,4.0,6.3,1.3,0.6,0.5,1.7,3.0,11.7,1998
4034,390,Gary Trent,PF,23,POR,41,13,24.5,4.3,8.8,.493,0.1,0.2,.444,4.2,8.5,.494,.499,2.8,4.0,.693,2.0,3.8,5.7,1.4,0.7,0.5,1.8,2.8,11.5,1998
4035,390,Gary Trent,PF,23,TOR,13,7,27.3,4.9,11.2,.438,0.0,0.2,.000,4.9,11.0,.448,.438,2.4,3.8,.633,3.3,4.7,8.0,1.1,0.6,0.6,1.7,3.5,12.2,1998
4036,391,Nick Van Exel,PG,26,LAL,64,46,32.1,4.9,11.6,.419,1.9,4.9,.389,2.9,6.7,.440,.501,2.1,2.7,.791,0.5,2.5,3.0,6.9,1.0,0.1,1.6,1.9,13.8,1998
4037,392,Keith Van Horn,PF,22,NJN,62,62,37.5,7.2,16.9,.426,1.1,3.6,.308,6.1,13.3,.458,.459,4.2,4.9,.846,2.3,4.3,6.6,1.7,1.0,0.4,2.6,3.5,19.7,1998
4038,393,David Vaughn,PF,24,TOT,40,2,12.2,1.7,3.7,.446,0.0,0.0,.000,1.7,3.7,.449,.446,0.8,1.2,.638,1.3,2.5,3.8,0.5,0.4,0.3,1.0,2.1,4.1,1998
4039,393,David Vaughn,PF,24,GSW,22,0,14.6,2.1,5.2,.404,0.0,0.0,.000,2.1,5.1,.407,.404,1.0,1.5,.647,1.5,3.1,4.6,0.8,0.5,0.3,1.4,2.2,5.2,1998
4040,393,David Vaughn,PF,24,CHI,3,0,2.0,0.3,0.3,1.000,0.0,0.0,,0.3,0.3,1.000,1.000,0.7,1.3,.500,0.0,0.3,0.3,0.0,0.0,0.0,0.0,0.3,1.3,1998
4041,393,David Vaughn,PF,24,NJN,15,2,10.7,1.3,2.2,.576,0.0,0.0,,1.3,2.2,.576,.576,0.4,0.6,.667,1.3,2.0,3.3,0.1,0.3,0.3,0.6,2.3,2.9,1998
4042,394,Jacque Vaughn,PG,22,UTA,45,0,9.3,1.0,2.7,.361,0.1,0.2,.375,0.9,2.5,.360,.373,1.1,1.5,.706,0.1,0.8,0.8,1.9,0.2,0.0,1.2,1.4,3.1,1998
4043,395,Loy Vaught,PF,29,LAC,10,6,26.5,3.6,8.4,.429,0.0,0.2,.000,3.6,8.2,.439,.429,0.3,0.8,.375,1.6,4.9,6.5,0.7,0.4,0.2,1.3,3.3,7.5,1998
4044,396,Stojko Vranković,C,34,LAC,65,38,15.3,1.2,2.9,.425,0.0,0.0,,1.2,2.9,.425,.425,0.6,1.0,.569,1.1,3.0,4.0,0.6,0.2,1.0,0.7,2.0,3.0,1998
4045,397,Antoine Walker,PF,21,BOS,82,82,39.9,8.8,20.8,.423,1.1,3.6,.312,7.7,17.2,.447,.450,3.7,5.8,.645,3.3,6.9,10.2,3.3,1.7,0.7,3.6,3.2,22.4,1998
4046,398,Samaki Walker,PF,21,DAL,41,19,25.0,3.8,7.8,.486,0.0,0.0,.000,3.8,7.8,.488,.486,1.3,2.4,.546,2.3,5.0,7.4,0.6,0.7,1.0,1.5,3.1,8.9,1998
4047,399,Ben Wallace*,C,23,WAS,67,16,16.8,1.3,2.4,.518,0.0,0.0,,1.3,2.4,.518,.518,0.5,1.5,.357,1.7,3.2,4.8,0.3,0.9,1.1,0.4,1.7,3.1,1998
4048,400,John Wallace,SF,23,TOR,82,36,28.8,5.7,11.9,.478,0.0,0.0,.500,5.7,11.9,.478,.479,2.6,3.6,.717,1.4,3.1,4.5,1.3,0.8,1.2,2.1,2.9,14.0,1998
4049,Rk,Player,Pos,Age,Tm,G,GS,MP,FG,FGA,FG%,3P,3PA,3P%,2P,2PA,2P%,eFG%,FT,FTA,FT%,ORB,DRB,TRB,AST,STL,BLK,TOV,PF,PTS,1998
4050,401,Rasheed Wallace,PF,23,POR,77,77,37.6,6.1,11.4,.533,0.1,0.5,.205,5.9,10.9,.548,.537,2.4,3.6,.662,1.7,4.5,6.2,2.5,1.0,1.1,2.2,3.5,14.6,1998
4051,402,Rex Walters,SG,27,TOT,38,0,6.2,0.6,1.4,.453,0.2,0.6,.273,0.5,0.8,.581,.509,0.7,0.7,.929,0.1,0.5,0.6,0.9,0.2,0.0,0.7,0.7,2.1,1998
4052,402,Rex Walters,SG,27,PHI,19,0,6.7,0.6,1.5,.379,0.2,0.7,.214,0.4,0.8,.533,.431,0.9,0.9,1.000,0.2,0.3,0.5,1.1,0.3,0.0,0.9,0.9,2.2,1998
4053,402,Rex Walters,SG,27,MIA,19,0,5.7,0.7,1.3,.542,0.2,0.4,.375,0.5,0.8,.625,.604,0.5,0.6,.818,0.1,0.7,0.8,0.7,0.2,0.1,0.5,0.6,2.0,1998
4054,403,Charlie Ward,PG,27,NYK,82,82,28.3,2.9,6.3,.455,1.0,2.6,.377,1.9,3.7,.512,.534,1.1,1.4,.805,0.4,3.0,3.3,5.7,1.8,0.5,2.1,2.4,7.8,1998
4055,404,Eric Washington,SG,23,DEN,66,36,23.3,3.0,7.5,.404,0.7,2.1,.321,2.4,5.5,.435,.448,1.0,1.3,.783,0.7,1.2,1.9,1.2,0.8,0.4,1.1,2.2,7.7,1998
4056,405,Clarence Weatherspoon,PF,27,TOT,79,49,29.4,3.4,7.7,.441,0.0,0.0,,3.4,7.7,.441,.441,2.5,3.5,.722,2.5,5.0,7.5,1.1,1.1,0.9,1.5,2.5,9.3,1998
4057,405,Clarence Weatherspoon,PF,27,PHI,48,18,26.9,2.9,6.9,.426,0.0,0.0,,2.9,6.9,.426,.426,2.6,3.6,.707,2.3,4.7,7.0,0.8,0.9,1.1,1.4,2.3,8.4,1998
4058,405,Clarence Weatherspoon,PF,27,GSW,31,31,33.4,4.1,8.9,.458,0.0,0.0,,4.1,8.9,.458,.458,2.5,3.3,.748,2.9,5.5,8.3,1.6,1.4,0.7,1.6,2.8,10.7,1998
4059,406,Spud Webb,PG,34,ORL,4,0,8.5,1.3,3.0,.417,0.0,0.3,.000,1.3,2.8,.455,.417,0.5,0.5,1.000,0.5,0.3,0.8,1.3,0.3,0.0,1.8,1.5,3.0,1998
4060,407,Chris Webber*,C,24,WAS,71,71,39.6,9.1,18.9,.482,0.9,2.9,.317,8.2,16.0,.512,.507,2.8,4.7,.589,2.5,7.0,9.5,3.8,1.6,1.7,2.6,3.8,21.9,1998
4061,408,Bubba Wells,SG,23,DAL,39,2,10.1,1.2,3.0,.414,0.0,0.2,.167,1.2,2.8,.427,.418,0.8,1.1,.721,0.6,1.2,1.7,0.9,0.4,0.1,0.8,1.0,3.3,1998
4062,409,Bill Wennington,C,34,CHI,48,8,9.7,1.6,3.6,.436,0.0,0.0,,1.6,3.6,.436,.436,0.4,0.4,.810,0.7,1.0,1.7,0.4,0.1,0.1,0.3,1.6,3.5,1998
4063,410,David Wesley,PG,27,CHH,81,81,35.1,4.7,10.7,.443,0.7,2.1,.347,4.0,8.6,.467,.477,2.8,3.6,.795,0.6,2.0,2.6,6.5,1.7,0.4,2.8,2.8,13.0,1998
4064,411,Doug West,SG,30,MIN,38,10,18.1,1.7,4.5,.374,0.0,0.1,.000,1.7,4.4,.379,.374,0.8,1.1,.725,0.6,1.6,2.2,1.2,0.3,0.1,0.6,2.6,4.1,1998
4065,412,Mark West,C,37,IND,15,1,7.0,0.7,1.4,.476,0.0,0.0,,0.7,1.4,.476,.476,0.2,0.4,.500,0.4,0.6,1.0,0.1,0.1,0.3,0.5,1.0,1.5,1998
4066,413,DeJuan Wheat,PG,24,MIN,34,0,4.4,0.6,1.5,.400,0.2,0.5,.471,0.4,1.0,.364,.480,0.3,0.4,.600,0.1,0.2,0.3,0.7,0.2,0.0,0.3,0.4,1.7,1998
4067,414,Donald Whiteside,PG,28,ATL,3,0,5.3,0.3,0.7,.500,0.0,0.3,.000,0.3,0.3,1.000,.500,0.0,0.7,.000,0.0,0.3,0.3,0.3,0.0,0.0,0.3,0.0,0.7,1998
4068,415,Chris Whitney,PG,26,WAS,82,6,13.1,1.5,4.3,.355,0.6,2.1,.308,0.9,2.3,.398,.428,1.4,1.6,.915,0.2,1.2,1.4,2.4,0.4,0.1,0.8,1.3,5.1,1998
4069,416,Gerald Wilkins,SG,34,ORL,72,16,17.4,2.0,6.0,.325,0.4,1.5,.266,1.6,4.5,.345,.358,1.0,1.4,.704,0.2,1.0,1.3,1.1,0.5,0.1,1.1,1.1,5.3,1998
4070,417,Aaron Williams,PF,26,SEA,65,9,11.6,1.8,3.4,.523,0.0,0.0,.000,1.8,3.4,.525,.523,1.0,1.3,.776,0.7,1.5,2.3,0.2,0.3,0.6,0.8,1.8,4.6,1998
4071,418,Alvin Williams,SG,23,TOT,54,13,19.8,2.3,5.2,.443,0.2,0.5,.321,2.1,4.7,.457,.459,1.2,1.7,.722,0.4,1.1,1.5,1.9,0.7,0.1,1.1,1.5,6.0,1998
4072,418,Alvin Williams,SG,23,POR,41,10,21.1,2.7,5.8,.458,0.2,0.6,.292,2.5,5.2,.477,.473,1.4,1.9,.734,0.5,1.0,1.5,2.0,0.7,0.0,1.2,1.5,6.9,1998
4073,418,Alvin Williams,SG,23,TOR,13,3,15.9,1.2,3.4,.364,0.2,0.3,.500,1.1,3.1,.350,.386,0.5,0.8,.636,0.4,1.2,1.6,1.5,0.6,0.1,0.6,1.5,3.2,1998
4074,419,Brandon Williams,SG,22,GSW,9,2,15.6,1.8,5.6,.320,0.3,1.0,.333,1.4,4.6,.317,.350,0.2,0.4,.500,0.4,1.2,1.7,0.3,0.7,0.3,1.0,2.0,4.1,1998
4075,420,Buck Williams,PF,37,NYK,41,6,18.0,1.8,3.6,.503,0.0,0.0,,1.8,3.6,.503,.503,1.3,1.7,.732,1.9,2.6,4.5,0.5,0.4,0.4,0.9,2.3,4.9,1998
4076,Rk,Player,Pos,Age,Tm,G,GS,MP,FG,FGA,FG%,3P,3PA,3P%,2P,2PA,2P%,eFG%,FT,FTA,FT%,ORB,DRB,TRB,AST,STL,BLK,TOV,PF,PTS,1998
4077,421,Eric Williams,SF,25,DEN,4,4,36.3,6.0,15.3,.393,0.0,0.0,,6.0,15.3,.393,.393,7.8,11.3,.689,2.5,2.8,5.3,3.0,1.0,0.0,2.3,2.3,19.8,1998
4078,422,Herb Williams,PF,39,NYK,27,0,6.6,0.7,1.6,.419,0.0,0.0,,0.7,1.6,.419,.419,0.0,0.3,.125,0.2,0.9,1.1,0.1,0.2,0.3,0.2,1.3,1.4,1998
4079,423,Hot Rod Williams,C,35,PHO,71,30,18.8,1.3,2.8,.470,0.0,0.0,,1.3,2.8,.470,.470,0.9,1.3,.699,1.5,2.9,4.4,0.7,0.5,0.8,0.4,1.9,3.6,1998
4080,424,Jayson Williams,C,29,NJN,65,65,36.0,4.9,9.9,.498,0.0,0.1,.000,4.9,9.9,.501,.498,3.0,4.5,.666,6.8,6.8,13.6,1.0,0.7,0.8,1.5,3.6,12.9,1998
4081,425,Jerome Williams,PF,24,DET,77,3,16.9,2.0,3.7,.524,0.0,0.0,.000,2.0,3.7,.526,.524,1.4,2.2,.651,2.2,2.7,4.9,0.6,0.7,0.1,0.8,1.9,5.3,1998
4082,426,Lorenzo Williams,PF,28,WAS,14,6,7.9,0.9,1.2,.765,0.0,0.0,,0.9,1.2,.765,.765,0.0,0.1,.000,1.1,0.7,1.9,0.2,0.1,0.2,0.1,1.2,1.9,1998
4083,427,Micheal Williams,PG,31,MIN,25,0,6.4,0.6,1.9,.333,0.0,0.2,.000,0.6,1.8,.364,.333,1.3,1.3,.970,0.1,0.5,0.6,1.3,0.4,0.1,0.6,1.0,2.6,1998
4084,428,Monty Williams,SF,26,SAS,72,16,18.3,2.3,5.1,.448,0.0,0.0,.500,2.3,5.1,.448,.450,1.7,2.5,.670,0.9,1.6,2.5,1.2,0.5,0.3,1.1,1.8,6.3,1998
4085,429,Scott Williams,C,29,PHI,58,7,13.8,1.6,3.7,.437,0.0,0.1,.000,1.6,3.6,.447,.437,0.9,1.1,.810,1.5,2.1,3.6,0.5,0.3,0.4,0.5,2.3,4.1,1998
4086,430,Travis Williams,SF,28,CHH,39,0,9.4,1.4,3.1,.471,0.0,0.0,.000,1.4,3.0,.475,.471,0.6,1.2,.522,1.4,1.0,2.4,0.5,0.5,0.1,0.8,1.4,3.5,1998
4087,431,Walt Williams,SF,27,TOT,59,17,24.9,3.6,9.2,.386,1.4,3.7,.365,2.2,5.5,.400,.460,1.8,2.1,.864,0.8,2.5,3.4,2.1,1.0,0.6,1.6,2.7,10.3,1998
4088,431,Walt Williams,SF,27,TOR,28,16,31.3,4.5,11.4,.392,1.8,4.6,.380,2.7,6.8,.400,.469,1.8,2.1,.817,1.0,3.3,4.2,2.5,1.4,0.8,1.9,3.6,12.4,1998
4089,431,Walt Williams,SF,27,POR,31,1,19.2,2.7,7.3,.378,1.0,2.9,.344,1.7,4.4,.400,.447,1.9,2.1,.908,0.7,1.9,2.6,1.7,0.6,0.4,1.3,2.0,8.4,1998
4090,432,Corliss Williamson,SF,24,SAC,79,75,35.7,7.1,14.4,.495,0.0,0.1,.000,7.1,14.2,.499,.495,3.5,5.6,.630,2.1,3.6,5.6,2.9,1.0,0.6,2.5,3.2,17.7,1998
4091,433,Kevin Willis,PF,35,HOU,81,74,31.2,6.6,12.9,.510,0.0,0.1,.143,6.5,12.8,.513,.511,3.0,3.8,.793,2.9,5.5,8.4,1.0,0.7,0.5,2.1,2.9,16.1,1998
4092,434,David Wingate,SG,34,SEA,58,2,9.4,1.1,2.4,.471,0.1,0.1,.429,1.1,2.3,.474,.482,0.3,0.5,.517,0.3,1.0,1.4,0.6,0.4,0.1,0.6,1.0,2.6,1998
4093,435,Dontonio Wingfield,SF,23,POR,3,0,3.0,0.0,1.0,.000,0.0,0.0,,0.0,1.0,.000,.000,0.3,0.7,.500,0.7,0.7,1.3,0.0,0.0,0.0,0.3,0.7,0.3,1998
4094,436,Joe Wolf,PF,33,DEN,57,8,10.9,0.7,2.1,.331,0.0,0.2,.200,0.7,1.9,.342,.339,0.1,0.2,.500,0.6,1.6,2.2,0.5,0.4,0.1,0.4,1.6,1.5,1998
4095,437,Lorenzen Wright,C,22,LAC,69,38,30.0,3.5,7.9,.445,0.0,0.0,.000,3.5,7.8,.446,.445,2.0,3.1,.659,2.6,6.2,8.8,0.8,0.8,1.3,1.2,3.4,9.0,1998
4096,438,Sharone Wright,C,25,TOR,7,0,6.3,1.0,2.0,.500,0.0,0.0,,1.0,2.0,.500,.500,0.3,0.6,.500,0.1,1.1,1.3,0.6,0.0,0.0,0.3,1.0,2.3,1998
4097,439,George Zídek,C,24,TOT,12,0,5.3,0.6,2.4,.241,0.1,0.2,.500,0.5,2.3,.222,.259,1.2,1.3,.875,0.3,1.1,1.4,0.2,0.0,0.2,0.3,0.8,2.4,1998
4098,439,George Zídek,C,24,DEN,6,0,7.0,0.7,2.5,.267,0.0,0.0,,0.7,2.5,.267,.267,1.7,2.0,.833,0.7,1.5,2.2,0.2,0.0,0.3,0.5,0.8,3.0,1998
4099,439,George Zídek,C,24,SEA,6,0,3.7,0.5,2.3,.214,0.2,0.3,.500,0.3,2.0,.167,.250,0.7,0.7,1.000,0.0,0.7,0.7,0.2,0.0,0.0,0.2,0.8,1.8,1998
4100,1,Tariq Abdul-Wahad,SG,24,SAC,49,49,24.6,3.6,8.3,.435,0.1,0.4,.286,3.5,7.9,.443,.442,1.9,2.8,.691,1.5,2.3,3.8,1.0,1.0,0.3,1.4,2.5,9.3,1999
4101,2,Shareef Abdur-Rahim,SF,22,VAN,50,50,40.4,7.7,17.9,.432,0.2,0.7,.306,7.5,17.1,.438,.438,7.4,8.8,.841,2.3,5.2,7.5,3.4,1.4,1.1,3.7,2.7,23.0,1999
4102,3,Cory Alexander,PG,25,DEN,36,4,21.6,2.7,7.2,.373,0.8,2.9,.286,1.9,4.3,.432,.431,1.0,1.2,.841,0.2,1.9,2.1,3.3,1.0,0.1,1.9,2.1,7.3,1999
4103,4,Ray Allen*,SG,23,MIL,50,50,34.4,6.1,13.5,.450,1.5,4.2,.356,4.6,9.3,.492,.505,3.5,3.9,.903,1.1,3.1,4.2,3.6,1.1,0.1,2.4,2.3,17.1,1999
4104,5,Peter Aluma,C,25,SAC,2,0,2.5,0.5,1.0,.500,0.0,0.0,,0.5,1.0,.500,.500,0.0,0.0,,0.5,0.5,1.0,0.0,0.5,0.5,1.0,2.0,1.0,1999
4105,6,Derek Anderson,SG,24,CLE,38,13,25.7,3.3,8.3,.398,0.6,1.8,.304,2.7,6.4,.424,.432,3.6,4.3,.836,0.5,2.3,2.9,3.8,1.3,0.1,2.2,1.9,10.8,1999
4106,7,Kenny Anderson,PG,28,BOS,34,33,29.7,4.7,10.5,.451,0.2,0.7,.250,4.6,9.8,.465,.459,2.5,3.0,.832,0.7,2.3,3.0,5.7,1.0,0.1,2.1,2.3,12.1,1999
4107,8,Nick Anderson,SF,31,ORL,47,39,33.6,5.4,13.6,.395,2.0,5.9,.347,3.3,7.7,.433,.470,2.1,3.4,.611,1.1,4.8,5.9,1.9,1.4,0.3,1.8,1.5,14.9,1999
4108,9,Shandon Anderson,SG,25,UTA,50,2,21.4,3.2,7.3,.446,0.3,0.8,.341,3.0,6.4,.460,.466,1.8,2.5,.712,1.0,1.7,2.6,1.1,0.8,0.2,1.3,1.8,8.5,1999
4109,10,Chris Anstey,C,24,DAL,41,4,11.5,1.2,3.4,.360,0.0,0.2,.000,1.2,3.2,.379,.360,0.8,1.2,.708,0.9,1.5,2.4,0.7,0.4,0.3,0.6,2.4,3.3,1999
4110,11,Greg Anthony,PG,31,POR,50,0,16.1,2.1,5.0,.414,1.0,2.5,.392,1.1,2.5,.437,.512,1.2,1.8,.697,0.3,1.0,1.3,2.0,1.3,0.1,1.1,1.5,6.4,1999
4111,12,B.J. Armstrong,PG,31,TOT,32,1,11.2,1.3,2.8,.455,0.2,0.5,.467,1.0,2.3,.452,.494,0.6,0.7,.857,0.1,1.2,1.2,1.9,0.4,0.0,0.8,1.0,3.3,1999
4112,12,B.J. Armstrong,PG,31,CHH,10,1,17.8,2.1,4.3,.488,0.6,0.8,.750,1.5,3.5,.429,.558,0.9,1.0,.900,0.1,1.5,1.6,2.7,0.3,0.0,1.0,1.6,5.7,1999
4113,12,B.J. Armstrong,PG,31,ORL,22,0,8.2,0.9,2.0,.422,0.0,0.3,.143,0.8,1.7,.474,.433,0.4,0.5,.818,0.0,1.0,1.0,1.5,0.4,0.0,0.7,0.7,2.2,1999
4114,13,Darrell Armstrong,PG,30,ORL,50,15,30.0,4.6,10.4,.441,1.4,3.8,.365,3.2,6.7,.483,.507,3.2,3.6,.904,1.1,2.5,3.6,6.7,2.2,0.1,3.2,1.8,13.8,1999
4115,14,Keith Askins,SF,31,MIA,33,13,12.6,0.6,1.9,.323,0.2,0.9,.276,0.4,1.0,.364,.387,0.2,0.2,.625,0.3,1.0,1.3,0.3,0.5,0.1,0.4,1.8,1.6,1999
4116,15,Stacey Augmon,SF,30,POR,48,21,18.2,1.6,3.6,.448,0.0,0.0,.000,1.6,3.6,.453,.448,1.1,1.6,.684,1.0,1.6,2.6,1.2,1.2,0.4,0.6,1.7,4.3,1999
4117,16,Isaac Austin,C,29,ORL,49,49,25.7,3.8,9.2,.408,0.0,0.1,.286,3.7,9.1,.410,.411,2.1,3.2,.669,1.7,3.1,4.8,1.8,1.0,0.7,2.3,2.6,9.7,1999
4118,17,Anthony Avent,PF,29,UTA,5,0,8.8,0.8,2.6,.308,0.0,0.0,,0.8,2.6,.308,.308,0.2,0.4,.500,1.6,0.8,2.4,0.2,0.4,0.0,1.4,1.2,1.8,1999
4119,18,Thurl Bailey,PF,37,UTA,43,0,12.6,1.8,4.1,.446,0.0,0.0,.000,1.8,4.0,.451,.446,0.6,0.8,.735,0.8,1.3,2.2,0.6,0.2,0.7,0.6,1.8,4.2,1999
4120,19,Toby Bailey,SG,23,PHO,27,10,9.2,1.3,3.2,.395,0.0,0.2,.200,1.2,3.0,.407,.401,0.3,0.5,.692,0.9,1.1,2.0,0.5,0.3,0.1,0.4,0.9,2.9,1999
4121,20,Mark Baker,PG,29,TOR,1,0,2.0,0.0,1.0,.000,0.0,0.0,,0.0,1.0,.000,.000,0.0,0.0,,0.0,0.0,0.0,0.0,0.0,0.0,1.0,0.0,0.0,1999
4122,21,Vin Baker,PF,27,SEA,34,31,34.2,5.8,12.9,.453,0.0,0.1,.000,5.8,12.8,.456,.453,2.1,4.7,.450,2.5,3.7,6.2,1.6,0.9,1.0,2.2,3.6,13.8,1999
4123,22,Charles Barkley*,PF,35,HOU,42,40,36.3,5.7,12.0,.478,0.1,0.6,.160,5.6,11.4,.495,.482,4.6,6.4,.719,4.0,8.3,12.3,4.6,1.0,0.3,2.4,2.1,16.1,1999
4124,23,Dana Barros,PG,31,BOS,50,16,23.1,3.4,7.4,.453,1.3,3.2,.400,2.1,4.2,.493,.539,1.3,1.5,.877,0.3,1.8,2.1,4.2,1.0,0.1,1.8,1.3,9.3,1999
4125,24,Brent Barry,SG,27,CHI,37,30,31.9,3.8,9.6,.396,1.4,4.6,.302,2.4,5.0,.484,.469,2.1,2.7,.772,1.1,2.8,3.9,3.1,1.1,0.3,1.9,2.6,11.1,1999
4126,25,Drew Barry,SG,25,SEA,17,0,10.8,0.6,1.9,.313,0.5,1.4,.333,0.1,0.5,.250,.438,0.5,0.8,.692,0.2,1.0,1.2,1.7,0.4,0.1,0.7,1.4,2.2,1999
4127,26,Jon Barry,SG,29,SAC,43,0,17.1,1.4,3.2,.428,0.6,1.8,.304,0.8,1.4,.593,.514,1.7,2.0,.845,0.6,1.7,2.2,2.6,1.2,0.1,1.1,1.4,5.0,1999
4128,27,Tony Battie,C,22,BOS,50,15,22.4,2.9,5.7,.519,0.0,0.1,.000,2.9,5.6,.525,.519,0.8,1.2,.672,1.9,4.1,6.0,1.1,0.6,1.4,0.9,3.2,6.7,1999
4129,28,Corey Beck,PG,27,TOT,24,0,7.5,0.8,1.6,.462,0.0,0.0,1.000,0.7,1.6,.447,.474,0.3,0.6,.533,0.3,0.9,1.2,0.8,0.4,0.1,0.5,1.1,1.9,1999
4130,28,Corey Beck,PG,27,DET,8,0,3.8,0.5,1.0,.500,0.0,0.0,,0.5,1.0,.500,.500,0.3,0.3,1.000,0.4,0.3,0.6,0.0,0.3,0.0,0.3,0.6,1.3,1999
4131,28,Corey Beck,PG,27,CHH,16,0,9.4,0.9,1.9,.452,0.1,0.1,1.000,0.8,1.9,.433,.468,0.4,0.8,.462,0.2,1.3,1.4,1.3,0.4,0.1,0.7,1.3,2.2,1999
4132,29,Benoit Benjamin,C,34,PHI,6,0,5.5,0.3,1.2,.286,0.0,0.0,,0.3,1.2,.286,.286,0.0,0.0,,0.5,0.8,1.3,0.2,0.0,0.0,0.5,1.0,0.7,1999
4133,30,Corey Benjamin,PG,20,CHI,31,1,10.3,1.4,3.8,.376,0.1,0.5,.214,1.3,3.3,.398,.389,0.9,1.3,.675,0.5,0.8,1.3,0.3,0.4,0.3,0.7,1.5,3.8,1999
4134,31,Mario Bennett,PF,25,CHI,3,0,6.3,0.7,2.0,.333,0.0,0.0,,0.7,2.0,.333,.333,1.0,1.3,.750,0.7,1.0,1.7,0.0,0.3,0.0,0.3,1.3,2.3,1999
4135,32,Travis Best,PG,26,IND,49,0,21.3,2.6,6.2,.416,0.4,1.2,.373,2.1,5.0,.427,.452,1.4,1.7,.843,0.4,1.2,1.6,3.4,0.9,0.1,1.3,2.3,7.1,1999
4136,33,Mike Bibby,PG,20,VAN,50,50,35.2,5.2,12.1,.430,0.3,1.5,.203,4.9,10.6,.461,.442,2.5,3.4,.751,0.6,2.1,2.7,6.5,1.6,0.1,2.9,2.4,13.2,1999
4137,34,Chauncey Billups,SG,22,DEN,45,41,33.1,4.2,11.0,.386,1.9,5.2,.362,2.4,5.8,.408,.472,3.5,3.8,.913,0.5,1.6,2.1,3.8,1.3,0.3,2.2,2.6,13.9,1999
4138,35,Mookie Blaylock,PG,31,ATL,48,48,36.7,5.1,13.6,.379,1.6,5.2,.307,3.5,8.3,.425,.439,1.4,1.9,.758,0.9,3.7,4.7,5.8,2.1,0.2,2.4,1.3,13.3,1999
4139,36,Corie Blount,PF,30,TOT,34,3,15.6,1.1,2.9,.360,0.0,0.0,.000,1.1,2.9,.364,.360,0.8,1.6,.519,1.7,2.7,4.4,0.4,0.6,0.5,0.6,2.2,2.9,1999
4140,36,Corie Blount,PF,30,LAL,14,3,11.6,0.9,2.4,.394,0.0,0.1,.000,0.9,2.3,.406,.394,0.4,0.9,.500,1.7,1.6,3.3,0.1,0.1,0.3,0.4,1.9,2.3,1999
4141,36,Corie Blount,PF,30,CLE,20,0,18.4,1.2,3.4,.343,0.0,0.0,,1.2,3.4,.343,.343,1.1,2.1,.524,1.7,3.6,5.3,0.5,0.9,0.6,0.8,2.4,3.4,1999
4142,37,Muggsy Bogues,PG,34,GSW,36,5,19.8,2.1,4.3,.494,0.0,0.2,.000,2.1,4.1,.514,.494,0.9,1.0,.861,0.4,1.6,2.0,3.7,1.2,0.0,1.3,1.2,5.1,1999
4143,38,Etdrick Bohannon,SF,25,WAS,2,0,2.0,0.0,0.0,,0.0,0.0,,0.0,0.0,,,0.0,0.0,,0.0,0.0,0.0,0.0,0.0,0.0,0.0,0.0,0.0,1999
4144,39,Keith Booth,SF,24,CHI,39,4,11.1,1.3,3.9,.325,0.0,0.3,.100,1.2,3.6,.340,.328,0.5,1.1,.500,0.6,1.7,2.4,1.0,0.6,0.3,1.0,1.5,3.1,1999
4145,40,Bruce Bowen,SF,27,BOS,30,1,16.5,0.9,3.1,.280,0.2,0.9,.269,0.6,2.2,.284,.317,0.4,0.8,.458,0.5,1.2,1.7,0.9,0.7,0.3,0.4,1.7,2.3,1999
4146,Rk,Player,Pos,Age,Tm,G,GS,MP,FG,FGA,FG%,3P,3PA,3P%,2P,2PA,2P%,eFG%,FT,FTA,FT%,ORB,DRB,TRB,AST,STL,BLK,TOV,PF,PTS,1999
4147,41,Earl Boykins,PG,22,TOT,22,0,10.0,1.4,3.6,.380,0.1,0.8,.167,1.2,2.8,.443,.399,0.1,0.1,.667,0.3,0.5,0.8,1.5,0.3,0.0,0.9,0.9,3.0,1999
4148,41,Earl Boykins,PG,22,NJN,5,0,10.2,2.0,4.2,.476,0.2,1.0,.200,1.8,3.2,.563,.500,0.0,0.0,,0.2,0.6,0.8,1.2,0.2,0.0,1.4,0.6,4.2,1999
4149,41,Earl Boykins,PG,22,CLE,17,0,10.0,1.2,3.4,.345,0.1,0.8,.154,1.1,2.6,.400,.362,0.1,0.2,.667,0.4,0.4,0.8,1.6,0.3,0.0,0.8,1.0,2.6,1999
4150,42,Shawn Bradley,C,26,DAL,49,33,26.4,3.4,7.1,.480,0.0,0.1,.000,3.4,7.0,.485,.480,1.8,2.3,.748,2.7,5.3,8.0,0.8,0.7,3.2,1.1,3.1,8.6,1999
4151,43,Terrell Brandon,PG,28,TOT,36,34,33.8,5.9,14.1,.418,0.3,1.3,.255,5.6,12.8,.435,.430,1.8,2.2,.833,0.8,3.0,3.7,8.6,1.8,0.3,2.1,2.3,13.9,1999
4152,43,Terrell Brandon,PG,28,MIL,15,14,33.7,5.7,13.9,.409,0.5,1.9,.250,5.2,12.0,.433,.425,1.7,2.1,.839,0.7,2.8,3.5,6.9,1.6,0.2,2.4,1.7,13.5,1999
4153,43,Terrell Brandon,PG,28,MIN,21,20,33.9,6.0,14.2,.425,0.2,0.9,.263,5.8,13.3,.436,.433,1.9,2.2,.830,0.8,3.1,3.9,9.8,1.9,0.3,1.8,2.7,14.2,1999
4154,44,Chucky Brown,PF,30,CHH,48,21,24.8,3.7,7.8,.472,0.3,0.8,.375,3.4,6.9,.483,.492,0.8,1.2,.678,0.8,2.9,3.6,1.2,0.3,0.4,0.8,2.2,8.5,1999
4155,45,Dee Brown,PG,30,TOR,49,0,28.1,3.8,10.1,.378,2.8,7.1,.387,1.1,3.0,.356,.514,0.8,1.1,.727,0.3,1.8,2.1,2.9,1.1,0.2,1.6,1.5,11.2,1999
4156,46,Gerald Brown,SG,23,PHO,33,0,7.2,1.0,2.7,.371,0.1,0.3,.300,0.9,2.4,.380,.388,0.3,0.4,.786,0.2,0.5,0.7,0.9,0.2,0.0,0.7,0.6,2.4,1999
4157,47,P.J. Brown,PF,29,MIA,50,50,32.2,4.6,9.5,.480,0.0,0.0,,4.6,9.5,.480,.480,2.3,2.9,.774,2.3,4.6,6.9,1.3,0.9,1.0,1.4,3.3,11.4,1999
4158,48,Randy Brown,PG,30,CHI,39,32,29.2,3.4,8.2,.414,0.0,0.3,.000,3.4,7.9,.427,.414,2.0,2.6,.757,0.7,2.7,3.4,3.8,1.7,0.2,2.1,2.4,8.8,1999
4159,49,Rick Brunson,PG,26,NYK,17,0,5.6,0.4,1.2,.286,0.0,0.3,.000,0.4,0.9,.375,.286,0.3,1.1,.278,0.2,0.4,0.6,1.1,0.5,0.0,0.7,0.5,1.0,1999
4160,50,Kobe Bryant*,SG,20,LAL,50,50,37.9,7.2,15.6,.465,0.5,2.0,.267,6.7,13.6,.494,.482,4.9,5.8,.839,1.1,4.2,5.3,3.8,1.4,1.0,3.1,3.1,19.9,1999
4161,51,Mark Bryant,PF,33,CHI,45,29,26.8,3.7,7.7,.483,0.0,0.0,.000,3.7,7.7,.484,.483,1.6,2.4,.645,2.0,3.1,5.2,1.1,0.8,0.4,1.5,3.3,9.0,1999
4162,52,Jud Buechler,SF,30,DET,50,0,21.1,2.0,4.8,.417,1.2,3.0,.412,0.8,1.8,.424,.544,0.3,0.4,.722,0.6,2.1,2.7,1.1,0.7,0.3,0.4,1.7,5.5,1999
4163,53,Matt Bullard,PF,31,HOU,41,0,10.1,1.0,2.8,.377,0.6,1.5,.387,0.5,1.3,.365,.482,0.2,0.2,.700,0.2,0.8,1.0,0.4,0.3,0.1,0.3,0.7,2.9,1999
4164,54,Scott Burrell,SF,28,NJN,32,10,22.1,2.3,6.5,.361,0.9,2.3,.389,1.5,4.3,.346,.428,1.1,1.3,.810,1.0,2.7,3.7,1.4,1.3,0.3,0.7,2.6,6.6,1999
4165,55,Willie Burton,SF,30,CHH,3,0,6.0,0.3,2.3,.143,0.0,0.3,.000,0.3,2.0,.167,.143,0.7,1.3,.500,1.3,0.7,2.0,0.0,0.0,0.0,0.3,0.7,1.3,1999
4166,56,Mitchell Butler,SG,28,CLE,31,1,13.5,2.2,4.5,.482,0.4,0.9,.379,1.8,3.5,.509,.522,0.7,1.0,.719,0.4,1.0,1.4,0.7,0.5,0.1,0.9,1.3,5.4,1999
4167,57,Jason Caffey,PF,25,GSW,35,32,25.0,3.5,7.9,.444,0.0,0.0,.000,3.5,7.9,.446,.444,1.8,2.8,.633,2.3,3.6,5.9,0.5,0.7,0.3,2.1,3.2,8.8,1999
4168,58,Marcus Camby,C,24,NYK,46,0,20.5,3.0,5.7,.521,0.0,0.0,,3.0,5.7,.521,.521,1.2,2.2,.553,2.2,3.3,5.5,0.3,0.6,1.6,0.8,2.8,7.2,1999
4169,59,Elden Campbell,C,30,TOT,49,33,29.8,4.5,9.5,.477,0.0,0.0,.000,4.5,9.5,.478,.477,3.5,5.5,.639,2.6,5.5,8.1,1.4,0.8,1.5,1.6,3.2,12.6,1999
4170,59,Elden Campbell,C,30,LAL,17,1,19.1,2.6,5.9,.436,0.0,0.0,,2.6,5.9,.436,.436,2.2,3.6,.613,2.2,3.4,5.6,0.5,0.1,0.9,1.3,3.0,7.4,1999
4171,59,Elden Campbell,C,30,CHH,32,32,35.4,5.6,11.4,.489,0.0,0.0,.000,5.6,11.3,.490,.489,4.2,6.5,.647,2.8,6.7,9.4,1.9,1.2,1.8,1.8,3.4,15.3,1999
4172,60,Antoine Carr,PF,37,HOU,18,0,8.4,1.2,2.9,.404,0.0,0.1,.000,1.2,2.8,.412,.404,0.3,0.4,.714,0.5,1.2,1.7,0.5,0.1,0.6,0.5,1.7,2.6,1999
4173,Rk,Player,Pos,Age,Tm,G,GS,MP,FG,FGA,FG%,3P,3PA,3P%,2P,2PA,2P%,eFG%,FT,FTA,FT%,ORB,DRB,TRB,AST,STL,BLK,TOV,PF,PTS,1999
4174,61,Chris Carr,SG,24,TOT,39,4,11.4,1.9,5.3,.371,0.7,1.9,.373,1.2,3.3,.369,.439,0.7,1.0,.675,0.6,1.2,1.8,0.6,0.2,0.1,0.7,1.2,5.3,1999
4175,61,Chris Carr,SG,24,MIN,11,2,7.4,0.8,2.4,.346,0.3,0.8,.333,0.5,1.5,.353,.404,0.2,0.4,.500,0.0,1.1,1.1,0.6,0.1,0.1,0.4,0.8,2.1,1999
4176,61,Chris Carr,SG,24,NJN,28,2,13.0,2.4,6.4,.374,0.9,2.4,.379,1.5,4.0,.372,.444,0.9,1.3,.694,0.8,1.3,2.1,0.6,0.3,0.0,0.9,1.3,6.6,1999
4177,62,Cory Carr,SG,23,CHI,42,7,14.9,1.7,5.1,.329,0.1,0.7,.167,1.6,4.4,.355,.340,0.6,0.8,.750,0.2,1.0,1.2,1.6,0.5,0.2,1.1,1.6,4.1,1999
4178,63,Vince Carter,SF,22,TOR,50,49,35.2,6.9,15.3,.450,0.4,1.3,.288,6.5,14.0,.466,.463,4.1,5.4,.761,1.9,3.8,5.7,3.0,1.1,1.5,2.2,2.8,18.3,1999
4179,64,Sam Cassell,PG,29,TOT,8,3,24.9,4.9,11.6,.419,0.3,1.3,.200,4.6,10.4,.446,.430,5.9,6.3,.940,0.6,1.3,1.9,4.5,1.1,0.0,2.5,2.8,15.9,1999
4180,64,Sam Cassell,PG,29,NJN,4,3,25.0,5.3,12.3,.429,0.3,1.8,.143,5.0,10.5,.476,.439,7.3,7.8,.935,0.3,1.3,1.5,4.8,0.8,0.0,3.0,3.3,18.0,1999
4181,64,Sam Cassell,PG,29,MIL,4,0,24.8,4.5,11.0,.409,0.3,0.8,.333,4.3,10.3,.415,.420,4.5,4.8,.947,1.0,1.3,2.3,4.3,1.5,0.0,2.0,2.3,13.8,1999
4182,65,Kelvin Cato,C,24,POR,43,0,12.7,1.3,3.0,.450,0.0,0.0,1.000,1.3,3.0,.445,.453,0.8,1.6,.507,1.1,2.3,3.5,0.4,0.5,1.3,0.6,2.3,3.5,1999
4183,66,Duane Causwell,C,30,MIA,19,1,7.2,1.1,1.8,.571,0.0,0.0,,1.1,1.8,.571,.571,0.2,0.6,.333,0.7,1.1,1.8,0.1,0.0,0.6,0.9,1.7,2.3,1999
4184,67,Cedric Ceballos,SF,29,DAL,13,5,27.1,4.5,10.8,.421,0.8,2.2,.393,3.7,8.6,.429,.461,2.6,3.8,.694,1.8,4.8,6.5,0.9,0.5,0.4,2.2,1.8,12.5,1999
4185,68,Rex Chapman,SG,31,PHO,38,35,31.1,4.3,12.1,.359,1.4,4.0,.351,2.9,8.1,.364,.417,2.0,2.4,.835,0.3,2.4,2.7,2.9,0.9,0.2,1.4,1.2,12.1,1999
4186,69,Calbert Cheaney,SG,27,WAS,50,18,25.3,3.4,8.3,.414,0.2,0.7,.216,3.3,7.6,.434,.424,0.7,1.3,.493,0.7,2.2,2.8,1.5,0.8,0.3,0.8,2.9,7.7,1999
4187,70,Pete Chilcutt,PF,30,VAN,46,0,15.2,1.4,3.7,.366,0.6,1.5,.382,0.8,2.3,.356,.442,0.3,0.4,.824,0.6,1.9,2.5,0.7,0.5,0.3,0.6,1.1,3.6,1999
4188,71,Chris Childs,PG,31,NYK,48,0,27.0,2.4,5.6,.427,0.8,2.0,.383,1.6,3.6,.451,.494,1.3,1.6,.821,0.4,2.4,2.8,4.0,0.9,0.0,1.8,3.3,6.8,1999
4189,72,Doug Christie,SG,28,TOR,50,50,35.4,5.0,13.0,.388,1.0,3.2,.304,4.1,9.8,.415,.425,4.1,4.9,.841,1.2,3.0,4.1,3.7,2.3,0.5,2.4,2.2,15.2,1999
4190,73,Keon Clark,C,23,DEN,28,0,14.6,1.3,2.9,.450,0.0,0.0,.000,1.3,2.8,.456,.450,0.8,1.3,.568,1.3,2.1,3.4,0.4,0.4,1.1,0.8,1.9,3.3,1999
4191,74,Keith Closs,C,22,LAC,15,0,5.8,0.8,1.5,.522,0.0,0.1,.000,0.8,1.5,.545,.522,0.5,0.7,.800,0.3,1.3,1.7,0.0,0.2,0.6,0.4,0.9,2.1,1999
4192,75,John Coker,C,27,WAS,14,0,7.0,0.9,2.2,.419,0.0,0.0,,0.9,2.2,.419,.419,0.4,0.4,.833,0.5,1.1,1.6,0.0,0.1,0.1,0.1,1.2,2.2,1999
4193,76,Derrick Coleman,PF,31,CHH,37,29,31.8,4.5,11.0,.414,0.2,0.9,.212,4.4,10.1,.432,.422,3.9,5.1,.753,2.1,6.8,8.9,2.1,0.6,1.1,2.4,2.6,13.1,1999
4194,77,Bimbo Coles,PG,30,GSW,48,32,26.5,3.8,8.6,.442,0.1,0.5,.240,3.7,8.1,.455,.449,1.7,2.1,.822,0.4,2.0,2.4,4.6,0.9,0.2,1.7,2.4,9.5,1999
4195,78,Marty Conlon,C,31,MIA,7,0,5.0,0.4,1.9,.231,0.0,0.0,,0.4,1.9,.231,.231,0.3,0.3,1.000,0.1,0.6,0.7,0.1,0.0,0.1,0.4,0.9,1.1,1999
4196,79,Tyrone Corbin,SF,36,ATL,47,6,22.7,2.8,7.1,.391,0.8,2.5,.319,2.0,4.6,.431,.448,1.1,1.7,.650,0.8,2.3,3.1,0.9,0.7,0.1,0.9,1.6,7.5,1999
4197,80,James Cotton,SG,23,SEA,10,0,5.9,0.6,1.8,.333,0.0,0.3,.000,0.6,1.5,.400,.333,1.3,1.8,.722,0.2,0.8,1.0,0.0,0.3,0.0,0.3,0.6,2.5,1999
4198,Rk,Player,Pos,Age,Tm,G,GS,MP,FG,FGA,FG%,3P,3PA,3P%,2P,2PA,2P%,eFG%,FT,FTA,FT%,ORB,DRB,TRB,AST,STL,BLK,TOV,PF,PTS,1999
4199,81,Chris Crawford,PF,23,ATL,42,30,18.7,2.6,6.1,.431,0.3,0.8,.333,2.4,5.3,.446,.453,1.4,1.7,.814,0.9,1.3,2.1,0.6,0.2,0.3,1.1,2.5,6.9,1999
4200,82,Austin Croshere,PF,23,IND,27,0,9.2,1.2,2.8,.427,0.3,1.1,.276,0.9,1.7,.522,.480,0.7,0.9,.870,0.6,1.1,1.7,0.4,0.3,0.3,0.9,1.2,3.4,1999
4201,83,John Crotty,PG,29,TOT,27,0,14.1,1.9,4.6,.411,0.5,1.3,.389,1.4,3.3,.420,.468,1.6,1.9,.860,0.3,0.9,1.1,2.3,0.4,0.0,1.2,1.1,5.9,1999
4202,83,John Crotty,PG,29,POR,3,0,6.3,1.3,2.7,.500,0.3,0.3,1.000,1.0,2.3,.429,.563,1.0,1.0,1.000,0.0,0.3,0.3,1.7,0.7,0.0,0.0,0.3,4.0,1999
4203,83,John Crotty,PG,29,SEA,24,0,15.1,2.0,4.8,.405,0.5,1.5,.371,1.4,3.4,.420,.461,1.7,2.0,.851,0.3,0.9,1.3,2.4,0.4,0.0,1.4,1.3,6.1,1999
4204,84,Terry Cummings,PF,37,GSW,50,0,20.2,3.7,8.5,.439,0.0,0.0,1.000,3.7,8.5,.437,.440,1.6,2.3,.711,1.9,3.2,5.1,1.2,0.9,0.2,1.2,3.4,9.1,1999
4205,85,William Cunningham,C,24,TOT,16,6,10.1,0.2,1.1,.167,0.0,0.0,,0.2,1.1,.167,.167,0.0,0.1,.000,0.8,0.9,1.8,0.1,0.1,0.7,0.3,1.9,0.4,1999
4206,85,William Cunningham,C,24,TOR,1,0,1.0,0.0,0.0,,0.0,0.0,,0.0,0.0,,,0.0,0.0,,0.0,0.0,0.0,0.0,0.0,0.0,0.0,0.0,0.0,1999
4207,85,William Cunningham,C,24,NJN,15,6,10.7,0.2,1.2,.167,0.0,0.0,,0.2,1.2,.167,.167,0.0,0.1,.000,0.9,1.0,1.9,0.1,0.1,0.7,0.3,2.0,0.4,1999
4208,86,Bill Curley,PF,26,MIN,35,7,10.6,0.8,2.1,.403,0.0,0.1,.200,0.8,1.9,.418,.410,0.5,0.6,.864,0.6,0.9,1.5,0.4,0.5,0.3,0.3,2.4,2.2,1999
4209,87,Dell Curry,SG,34,MIL,42,0,20.6,3.9,8.0,.485,1.6,3.5,.476,2.2,4.5,.492,.588,0.7,0.8,.824,0.4,1.6,2.0,1.1,0.9,0.1,1.1,1.0,10.1,1999
4210,88,Michael Curry,SF,30,MIL,50,4,22.9,1.8,4.1,.437,0.0,0.3,.067,1.8,3.8,.466,.439,1.3,1.6,.797,0.4,1.8,2.2,1.6,0.8,0.1,0.7,2.7,4.9,1999
4211,89,Erick Dampier,C,23,GSW,50,50,28.3,3.2,8.3,.389,0.0,0.0,,3.2,8.3,.389,.389,2.4,4.1,.588,3.3,4.4,7.6,1.1,0.5,1.2,1.8,3.3,8.8,1999
4212,90,Antonio Daniels,PG,23,SAS,47,0,13.1,1.8,3.9,.454,0.1,0.4,.294,1.7,3.5,.470,.467,1.0,1.4,.754,0.3,0.9,1.1,2.3,0.6,0.1,0.9,0.8,4.7,1999
4213,91,Kornél Dávid,SF,27,CHI,50,6,18.0,2.2,4.9,.449,0.0,0.0,.000,2.2,4.8,.450,.449,1.8,2.2,.811,1.4,2.1,3.5,0.8,0.5,0.3,1.0,1.8,6.2,1999
4214,92,Antonio Davis,PF,30,IND,49,1,25.9,3.3,7.1,.471,0.0,0.0,,3.3,7.1,.471,.471,2.8,3.9,.703,2.4,4.7,7.0,0.7,0.4,0.9,1.0,2.8,9.4,1999
4215,93,Ben Davis,PF,26,NYK,8,0,2.6,0.9,2.1,.412,0.0,0.0,,0.9,2.1,.412,.412,0.4,0.8,.500,1.1,0.3,1.4,0.4,0.0,0.0,0.1,0.5,2.1,1999
4216,94,Dale Davis,PF,29,IND,50,50,27.5,3.2,6.0,.533,0.0,0.0,,3.2,6.0,.533,.533,1.5,2.5,.618,3.1,5.2,8.3,0.4,0.4,1.1,0.9,2.3,8.0,1999
4217,95,Hubert Davis,SG,28,DAL,50,21,27.6,3.5,7.9,.438,1.3,2.9,.451,2.2,5.1,.431,.520,0.9,1.0,.880,0.1,1.7,1.7,1.8,0.4,0.1,1.1,1.5,9.1,1999
4218,96,Mark Davis,SF,25,MIA,4,1,8.8,0.5,1.5,.333,0.0,0.0,,0.5,1.5,.333,.333,1.3,1.5,.833,0.5,1.3,1.8,0.3,0.3,0.0,1.8,3.0,2.3,1999
4219,97,Ricky Davis,SG,19,CHH,46,1,12.1,1.8,4.3,.405,0.0,0.3,.167,1.7,4.1,.420,.410,1.0,1.3,.763,0.9,1.0,1.8,1.3,0.7,0.2,1.2,1.0,4.5,1999
4220,98,Terry Davis,C,31,WAS,37,34,15.6,1.3,2.5,.533,0.0,0.0,,1.3,2.5,.533,.533,0.8,1.0,.737,1.4,2.4,3.8,0.3,0.3,0.1,0.4,2.1,3.4,1999
4221,99,Andrew DeClercq,C,25,TOT,47,32,23.4,2.9,5.9,.500,0.0,0.0,,2.9,5.9,.500,.500,2.0,3.0,.674,2.2,3.2,5.4,0.7,1.1,0.6,1.1,3.4,7.9,1999
4222,99,Andrew DeClercq,C,25,BOS,14,1,18.4,2.0,4.1,.491,0.0,0.0,,2.0,4.1,.491,.491,1.4,2.1,.655,2.4,2.1,4.5,0.7,0.9,0.6,1.6,3.6,5.4,1999
4223,99,Andrew DeClercq,C,25,CLE,33,31,25.6,3.3,6.6,.502,0.0,0.0,,3.3,6.6,.502,.502,2.3,3.4,.679,2.2,3.7,5.8,0.6,1.1,0.6,1.0,3.3,9.0,1999
4224,100,Terry Dehere,SG-PG,27,TOT,26,0,11.2,1.2,3.3,.365,0.6,1.5,.410,0.6,1.8,.326,.459,0.2,0.3,.714,0.3,0.7,0.9,1.0,0.3,0.1,0.6,1.2,3.2,1999
4225,100,Terry Dehere,PG,27,SAC,4,0,5.0,1.0,2.8,.364,0.3,1.3,.200,0.8,1.5,.500,.409,0.0,0.0,,0.5,0.0,0.5,0.3,0.5,0.0,0.5,0.5,2.3,1999
4226,100,Terry Dehere,SG,27,VAN,22,0,12.3,1.2,3.4,.365,0.7,1.5,.441,0.5,1.8,.300,.466,0.2,0.3,.714,0.2,0.8,1.0,1.2,0.2,0.1,0.6,1.3,3.4,1999
4227,Rk,Player,Pos,Age,Tm,G,GS,MP,FG,FGA,FG%,3P,3PA,3P%,2P,2PA,2P%,eFG%,FT,FTA,FT%,ORB,DRB,TRB,AST,STL,BLK,TOV,PF,PTS,1999
4228,101,Vinny Del Negro,PG,32,MIL,48,7,22.8,2.4,5.6,.422,0.3,0.6,.433,2.1,5.0,.421,.446,0.8,1.0,.800,0.3,1.8,2.1,3.6,0.7,0.1,1.1,1.3,5.9,1999
4229,102,Bison Dele,C,29,DET,49,48,24.0,4.4,8.8,.501,0.0,0.0,.000,4.4,8.8,.502,.501,1.7,2.4,.686,1.9,3.7,5.6,1.4,0.8,0.8,2.3,3.7,10.5,1999
4230,103,Tony Delk,PG,25,GSW,36,13,17.5,2.6,7.0,.364,0.4,1.8,.242,2.1,5.2,.406,.395,1.3,2.0,.648,0.3,1.2,1.5,2.6,0.4,0.2,1.3,1.3,6.8,1999
4231,104,Michael Dickerson,SG,23,HOU,50,50,31.2,4.3,9.2,.465,1.4,3.3,.433,2.9,6.0,.483,.542,0.9,1.4,.639,0.5,1.1,1.7,1.9,0.5,0.2,1.3,1.8,10.9,1999
4232,105,Vlade Divac*,C,30,SAC,50,50,35.2,5.2,11.1,.470,0.2,0.9,.256,5.0,10.3,.488,.480,3.6,5.1,.702,2.8,7.2,10.0,4.3,0.9,1.0,2.6,3.3,14.3,1999
4233,106,Michael Doleac,C,21,ORL,49,0,15.9,2.6,5.4,.468,0.0,0.0,,2.6,5.4,.468,.468,1.1,1.6,.675,1.3,1.7,3.0,0.4,0.4,0.3,0.5,2.4,6.2,1999
4234,107,Sherman Douglas,PG,32,LAC,30,19,28.1,3.2,7.3,.438,0.0,0.4,.000,3.2,6.9,.462,.438,1.8,2.9,.632,0.5,1.4,1.9,4.1,0.9,0.1,2.0,1.8,8.2,1999
4235,108,Bryce Drew,PG,24,HOU,34,0,13.0,1.4,3.8,.364,0.5,1.4,.327,0.9,2.4,.388,.426,0.2,0.2,1.000,0.1,0.9,0.9,1.5,0.4,0.1,0.9,1.8,3.5,1999
4236,109,Chris Dudley,C,33,NYK,46,16,14.9,1.0,2.4,.440,0.0,0.0,,1.0,2.4,.440,.440,0.4,0.9,.475,1.7,2.5,4.2,0.2,0.3,0.8,0.5,2.5,2.5,1999
4237,110,Joe Dumars*,SG,35,DET,38,38,29.4,3.8,9.2,.411,2.3,5.8,.403,1.4,3.4,.426,.539,1.3,1.6,.836,0.3,1.5,1.8,3.5,0.6,0.1,1.4,1.3,11.3,1999
4238,111,Tim Duncan*,PF,22,SAS,50,50,39.3,8.4,16.9,.495,0.0,0.1,.143,8.3,16.8,.498,.495,4.9,7.2,.690,3.2,8.2,11.4,2.4,0.9,2.5,2.9,2.9,21.7,1999
4239,112,Blue Edwards,SF,33,MIA,24,0,11.8,1.3,3.0,.444,0.2,0.4,.400,1.2,2.6,.452,.472,0.4,0.5,.692,0.3,1.1,1.4,1.3,0.7,0.2,0.9,1.0,3.2,1999
4240,113,Howard Eisley,PG,26,UTA,50,0,20.8,2.8,6.3,.446,0.4,1.0,.420,2.4,5.3,.451,.479,1.3,1.6,.838,0.2,1.6,1.9,3.7,0.6,0.0,2.2,2.4,7.4,1999
4241,114,Mario Elie,SG,35,SAS,47,37,27.5,3.3,7.0,.471,0.9,2.3,.374,2.5,4.8,.518,.532,2.2,2.5,.866,0.8,2.1,2.9,1.9,1.0,0.3,1.3,1.9,9.7,1999
4242,115,Sean Elliott,SF,30,SAS,50,50,30.2,4.2,10.1,.410,0.8,2.4,.328,3.4,7.8,.436,.449,2.1,2.8,.757,0.7,3.6,4.3,2.3,0.5,0.3,1.4,2.1,11.2,1999
4243,116,Dale Ellis,SF,38,SEA,48,5,25.7,3.6,8.2,.441,2.0,4.5,.433,1.7,3.7,.449,.559,1.1,1.5,.757,0.5,1.9,2.4,0.8,0.5,0.1,0.9,1.6,10.3,1999
4244,117,LaPhonso Ellis,PF,28,ATL,20,20,27.0,4.0,9.5,.421,0.1,0.3,.200,4.0,9.3,.427,.424,2.2,3.1,.705,1.3,4.2,5.5,0.9,0.4,0.4,1.7,2.4,10.2,1999
4245,118,Brian Evans,SF,25,TOT,16,0,9.1,0.8,2.8,.295,0.3,0.8,.308,0.6,1.9,.290,.341,0.3,0.3,1.000,0.4,0.8,1.2,0.9,0.3,0.2,0.1,0.5,2.1,1999
4246,118,Brian Evans,SF,25,NJN,11,0,11.0,1.0,3.1,.324,0.4,1.0,.364,0.6,2.1,.304,.382,0.4,0.4,1.000,0.4,1.2,1.5,1.3,0.3,0.3,0.2,0.6,2.7,1999
4247,118,Brian Evans,SF,25,MIN,5,0,4.8,0.4,2.0,.200,0.0,0.4,.000,0.4,1.6,.250,.200,0.0,0.0,,0.4,0.0,0.4,0.2,0.4,0.0,0.0,0.2,0.8,1999
4248,119,Patrick Ewing*,C,36,NYK,38,38,34.2,6.5,14.9,.435,0.0,0.1,.000,6.5,14.9,.436,.435,4.3,6.1,.706,1.9,8.0,9.9,1.1,0.8,2.6,2.6,2.8,17.3,1999
4249,120,Jamie Feick,PF-C,24,TOT,28,16,30.4,2.4,4.8,.500,0.0,0.0,,2.4,4.8,.500,.500,1.5,2.1,.717,4.0,6.3,10.3,0.9,0.9,0.6,1.2,2.6,6.3,1999
4250,120,Jamie Feick,C,24,MIL,2,0,1.5,0.0,0.5,.000,0.0,0.0,,0.0,0.5,.000,.000,0.0,0.0,,0.0,1.0,1.0,0.0,0.0,0.0,0.0,0.0,0.0,1999
4251,120,Jamie Feick,PF,24,NJN,26,16,32.7,2.6,5.1,.504,0.0,0.0,,2.6,5.1,.504,.504,1.7,2.3,.717,4.3,6.7,11.0,0.9,1.0,0.7,1.3,2.8,6.8,1999
4252,Rk,Player,Pos,Age,Tm,G,GS,MP,FG,FGA,FG%,3P,3PA,3P%,2P,2PA,2P%,eFG%,FT,FTA,FT%,ORB,DRB,TRB,AST,STL,BLK,TOV,PF,PTS,1999
4253,121,Duane Ferrell,SF,33,GSW,8,0,5.8,0.1,1.8,.071,0.0,0.0,,0.1,1.8,.071,.071,0.4,0.5,.750,0.6,0.1,0.8,0.0,0.1,0.1,0.1,0.5,0.6,1999
4254,122,Danny Ferry,PF,32,CLE,50,10,21.2,2.8,5.9,.476,0.8,1.9,.392,2.1,4.0,.518,.541,0.6,0.7,.879,0.3,1.7,2.0,1.1,0.5,0.2,0.8,2.3,7.0,1999
4255,123,Michael Finley,SF,25,DAL,50,50,41.0,7.8,17.5,.444,0.9,2.7,.331,6.9,14.8,.465,.470,3.7,4.5,.823,1.4,3.9,5.3,4.4,1.3,0.3,2.1,1.9,20.2,1999
4256,124,Derek Fisher,PG,24,LAL,50,21,22.6,2.0,5.3,.376,0.8,1.9,.392,1.2,3.3,.367,.449,1.2,1.6,.759,0.4,1.4,1.8,3.9,1.2,0.0,1.5,1.9,5.9,1999
4257,125,Danny Fortson,PF,22,DEN,50,38,28.3,3.8,7.7,.495,0.0,0.1,.000,3.8,7.7,.499,.495,3.4,4.6,.727,4.2,7.4,11.6,0.6,0.6,0.4,1.5,4.2,11.0,1999
4258,126,Greg Foster,PF,30,UTA,42,1,10.9,1.2,3.3,.377,0.0,0.1,.250,1.2,3.2,.381,.380,0.3,0.5,.619,0.7,1.3,2.0,0.6,0.1,0.2,0.6,1.5,2.8,1999
4259,127,Rick Fox,SF,29,LAL,44,1,21.5,3.4,7.5,.448,0.7,2.2,.337,2.6,5.3,.494,.497,1.5,2.0,.742,0.6,1.4,2.0,2.0,0.6,0.2,1.3,2.6,9.0,1999
4260,128,Adonal Foyle,C,23,GSW,44,0,14.0,1.2,2.8,.430,0.0,0.0,,1.2,2.8,.430,.430,0.6,1.2,.490,1.8,2.6,4.4,0.4,0.3,1.0,0.7,2.0,2.9,1999
4261,129,Todd Fuller,C,24,UTA,42,2,11.0,1.3,3.0,.452,0.0,0.0,,1.3,3.0,.452,.452,0.7,1.2,.600,0.7,1.7,2.4,0.1,0.1,0.3,0.6,1.4,3.4,1999
4262,130,Lawrence Funderburke,PF,28,SAC,47,2,19.9,3.6,6.4,.559,0.0,0.1,.200,3.5,6.3,.565,.560,1.8,2.6,.708,2.1,2.6,4.7,0.6,0.5,0.5,1.1,1.6,8.9,1999
4263,131,Kevin Garnett*,PF,22,MIN,47,47,37.9,8.8,19.1,.460,0.1,0.3,.286,8.7,18.9,.463,.462,3.1,4.4,.704,3.5,6.9,10.4,4.3,1.7,1.8,2.9,3.2,20.8,1999
4264,132,Marlon Garnett,PG,23,BOS,24,0,8.5,0.6,2.1,.294,0.3,1.0,.261,0.4,1.2,.321,.353,0.6,0.8,.750,0.1,0.8,0.9,0.8,0.2,0.0,0.5,0.8,2.1,1999
4265,133,Dean Garrett,C,32,MIN,49,37,21.5,2.4,4.7,.502,0.0,0.0,,2.4,4.7,.502,.502,0.8,1.0,.745,2.0,3.2,5.2,0.6,0.6,0.9,0.6,2.3,5.5,1999
4266,134,Pat Garrity,PF,22,PHO,39,9,13.8,2.2,4.4,.500,0.2,0.5,.389,2.0,3.9,.513,.521,1.0,1.4,.714,0.7,1.3,1.9,0.5,0.2,0.1,0.5,1.6,5.6,1999
4267,135,Chris Gatling,C,31,TOT,48,3,16.1,2.4,5.5,.442,0.0,0.2,.125,2.4,5.4,.451,.443,0.8,1.9,.398,1.1,2.6,3.7,0.7,0.7,0.2,1.3,2.5,5.7,1999
4268,135,Chris Gatling,C,31,NJN,18,2,15.6,2.0,5.4,.371,0.0,0.1,.000,2.0,5.3,.375,.371,0.7,1.3,.500,1.2,2.4,3.6,0.7,0.4,0.2,1.6,2.2,4.7,1999
4269,135,Chris Gatling,C,31,MIL,30,1,16.5,2.7,5.6,.482,0.0,0.2,.143,2.7,5.4,.497,.485,0.8,2.3,.362,1.0,2.8,3.8,0.7,0.8,0.2,1.1,2.6,6.3,1999
4270,136,Andrew Gaze,SG,33,SAS,19,0,3.1,0.4,1.3,.320,0.3,0.8,.313,0.2,0.5,.333,.420,0.0,0.0,,0.1,0.2,0.3,0.3,0.1,0.1,0.2,0.4,1.1,1999
4271,137,Matt Geiger,C,29,PHI,50,40,30.8,5.3,11.1,.479,0.0,0.1,.200,5.3,11.0,.482,.480,2.8,3.5,.797,2.7,4.5,7.2,1.2,0.8,0.8,2.0,3.1,13.5,1999
4272,138,Kendall Gill,SF,30,NJN,50,47,32.1,4.7,11.9,.398,0.0,0.3,.118,4.7,11.5,.406,.400,2.3,3.3,.683,1.2,3.7,4.9,2.5,2.7,0.5,1.4,3.2,11.8,1999
4273,139,Armen Gilliam,PF,34,MIL,34,5,19.6,3.0,6.6,.453,0.0,0.0,.000,3.0,6.5,.455,.453,2.3,3.0,.782,1.0,2.7,3.7,0.6,0.6,0.4,1.1,1.4,8.3,1999
4274,140,Brian Grant,PF,26,POR,48,46,31.8,3.8,8.0,.479,0.0,0.0,,3.8,8.0,.479,.479,3.8,4.7,.814,3.6,6.2,9.8,1.4,0.4,0.7,2.0,2.8,11.5,1999
4275,Rk,Player,Pos,Age,Tm,G,GS,MP,FG,FGA,FG%,3P,3PA,3P%,2P,2PA,2P%,eFG%,FT,FTA,FT%,ORB,DRB,TRB,AST,STL,BLK,TOV,PF,PTS,1999
4276,141,Gary Grant,PG,33,POR,2,0,3.5,0.0,0.5,.000,0.0,0.0,,0.0,0.5,.000,.000,0.0,0.0,,0.0,0.0,0.0,1.5,0.5,0.0,0.0,0.0,0.0,1999
4277,142,Harvey Grant,PF,33,PHI,47,10,17.0,1.3,3.6,.369,0.0,0.1,.167,1.3,3.4,.377,.372,0.4,0.6,.724,0.8,1.6,2.3,0.5,0.4,0.3,0.4,1.6,3.1,1999
4278,143,Horace Grant,PF,33,ORL,50,50,33.2,4.0,9.1,.434,0.0,0.0,.000,4.0,9.1,.436,.434,0.9,1.4,.671,2.3,4.7,7.0,1.8,0.9,1.2,0.9,2.0,8.9,1999
4279,144,Paul Grant,C,25,TOT,6,0,2.2,0.3,1.0,.333,0.0,0.0,,0.3,1.0,.333,.333,0.0,0.0,,0.2,0.0,0.2,0.0,0.2,0.0,0.3,0.7,0.7,1999
4280,144,Paul Grant,C,25,MIN,4,0,2.0,0.3,1.0,.250,0.0,0.0,,0.3,1.0,.250,.250,0.0,0.0,,0.3,0.0,0.3,0.0,0.0,0.0,0.3,1.0,0.5,1999
4281,144,Paul Grant,C,25,MIL,2,0,2.5,0.5,1.0,.500,0.0,0.0,,0.5,1.0,.500,.500,0.0,0.0,,0.0,0.0,0.0,0.0,0.5,0.0,0.5,0.0,1.0,1999
4282,145,Ed Gray,SG,23,ATL,30,3,11.2,1.8,6.1,.291,0.4,1.4,.286,1.4,4.7,.293,.324,0.9,1.2,.757,0.2,0.7,0.9,0.4,0.4,0.0,1.0,1.0,4.9,1999
4283,146,A.C. Green,PF,35,DAL,50,35,18.5,2.2,5.1,.422,0.0,0.2,.000,2.2,5.0,.435,.422,0.6,1.0,.577,1.6,2.9,4.6,0.5,0.6,0.2,0.4,1.4,4.9,1999
4284,147,Litterial Green,PG,28,CLE,1,0,2.0,0.0,1.0,.000,0.0,0.0,,0.0,1.0,.000,.000,0.0,0.0,,0.0,0.0,0.0,0.0,0.0,0.0,0.0,0.0,0.0,1999
4285,148,Tom Gugliotta,PF,29,PHO,43,43,36.3,6.4,13.3,.483,0.0,0.2,.286,6.4,13.2,.486,.485,4.0,5.1,.794,3.0,5.8,8.9,2.8,1.4,0.5,2.0,2.6,17.0,1999
4286,149,Tom Hammonds,PF,31,MIN,49,0,14.6,1.7,3.7,.458,0.0,0.0,,1.7,3.7,.458,.458,1.0,1.5,.640,1.1,1.7,2.8,0.4,0.2,0.1,0.7,1.8,4.3,1999
4287,150,Anfernee Hardaway,SG,27,ORL,50,50,38.9,6.0,14.3,.420,0.8,2.8,.286,5.2,11.5,.452,.448,3.0,4.2,.706,1.5,4.2,5.7,5.3,2.2,0.5,3.0,2.2,15.8,1999
4288,151,Tim Hardaway*,PG,32,MIA,48,48,36.9,6.3,15.7,.400,2.3,6.5,.360,3.9,9.2,.429,.475,2.5,3.1,.812,0.3,2.9,3.2,7.3,1.2,0.1,2.7,2.1,17.4,1999
4289,152,Derek Harper,PG,37,LAL,45,29,24.9,2.7,6.5,.412,1.0,2.6,.368,1.7,3.9,.443,.486,0.6,0.7,.813,0.3,1.2,1.5,4.2,1.0,0.1,1.2,1.5,6.9,1999
4290,153,Ron Harper,SG,35,CHI,35,35,31.6,4.2,11.1,.377,0.8,2.4,.318,3.4,8.7,.393,.412,2.0,2.9,.703,1.4,3.7,5.1,3.3,1.7,1.0,1.9,2.3,11.2,1999
4291,154,Matt Harpring,SF,22,ORL,50,22,22.3,3.0,6.4,.463,0.2,0.5,.400,2.8,5.9,.468,.478,2.0,2.9,.713,1.8,2.5,4.3,0.9,0.6,0.1,1.5,2.2,8.2,1999
4292,155,Al Harrington,PF,18,IND,21,0,7.6,0.9,2.7,.321,0.0,0.2,.000,0.9,2.4,.353,.321,0.4,0.7,.600,1.0,0.9,1.9,0.2,0.2,0.1,0.5,1.2,2.1,1999
4293,156,Othella Harrington,PF,25,HOU,41,10,22.0,3.8,7.4,.513,0.0,0.0,,3.8,7.4,.513,.513,2.1,3.0,.721,1.8,4.2,6.0,0.4,0.1,0.6,1.5,2.5,9.8,1999
4294,157,Lucious Harris,SG,28,NJN,36,5,16.7,2.0,5.0,.403,0.3,1.4,.220,1.7,3.6,.473,.434,1.0,1.3,.750,0.6,1.3,1.9,0.9,0.5,0.2,0.5,1.4,5.4,1999
4295,158,Hersey Hawkins,SG,32,SEA,50,34,32.9,3.4,8.2,.419,1.1,3.6,.306,2.3,4.6,.509,.487,2.4,2.6,.902,1.0,3.0,4.0,2.5,1.6,0.4,1.6,1.8,10.3,1999
4296,159,Michael Hawkins,PG,26,SAC,24,0,8.5,0.6,1.7,.350,0.2,0.8,.263,0.4,0.9,.429,.413,0.1,0.1,1.000,0.4,0.6,1.0,1.1,0.1,0.0,0.5,0.6,1.5,1999
4297,160,Alan Henderson,SF,26,ATL,38,37,30.1,4.9,11.1,.442,0.0,0.0,.000,4.9,11.1,.443,.442,2.6,3.9,.671,2.6,3.9,6.6,0.7,0.9,0.5,1.5,2.5,12.5,1999
4298,Rk,Player,Pos,Age,Tm,G,GS,MP,FG,FGA,FG%,3P,3PA,3P%,2P,2PA,2P%,eFG%,FT,FTA,FT%,ORB,DRB,TRB,AST,STL,BLK,TOV,PF,PTS,1999
4299,161,Cedric Henderson,SF,23,CLE,50,48,30.3,3.8,9.1,.417,0.0,0.2,.167,3.7,8.8,.424,.419,1.5,1.8,.813,0.9,3.0,3.9,2.3,1.2,0.5,1.9,2.7,9.1,1999
4300,162,J.R. Henderson,SF,22,VAN,30,0,11.0,1.2,3.2,.365,0.1,0.2,.400,1.1,3.0,.363,.375,0.8,1.5,.556,0.7,0.9,1.6,0.7,0.3,0.1,0.6,1.0,3.2,1999
4301,163,Mark Hendrickson,PF,24,NJN,22,6,18.1,1.8,4.0,.443,0.0,0.0,.000,1.8,4.0,.448,.443,1.9,2.3,.840,1.2,1.9,3.1,0.6,0.5,0.0,0.7,1.8,5.5,1999
4302,164,Steve Henson,PG,30,DET,4,0,6.3,0.3,0.5,.500,0.0,0.0,,0.3,0.5,.500,.500,0.5,0.5,1.000,0.0,0.0,0.0,0.8,0.3,0.0,0.8,0.3,1.0,1999
4303,165,Carl Herrera,PF,32,TOT,28,0,11.0,1.1,2.7,.395,0.0,0.0,.000,1.1,2.7,.400,.395,0.2,0.4,.455,0.9,1.3,2.2,0.1,0.4,0.3,0.6,1.5,2.3,1999
4304,165,Carl Herrera,PF,32,VAN,4,0,10.5,0.8,3.3,.231,0.0,0.0,,0.8,3.3,.231,.231,0.0,0.5,.000,1.3,0.8,2.0,0.8,0.0,0.0,1.0,0.8,1.5,1999
4305,165,Carl Herrera,PF,32,DEN,24,0,11.0,1.1,2.6,.429,0.0,0.0,.000,1.1,2.6,.435,.429,0.2,0.4,.556,0.8,1.4,2.3,0.0,0.5,0.3,0.5,1.6,2.5,1999
4306,166,Grant Hill*,SF,26,DET,50,50,37.0,7.7,16.0,.479,0.0,0.3,.000,7.7,15.8,.487,.479,5.7,7.6,.752,1.3,5.8,7.1,6.0,1.6,0.5,3.7,2.3,21.1,1999
4307,167,Tyrone Hill,PF,30,TOT,38,23,29.1,3.2,7.1,.455,0.0,0.0,,3.2,7.1,.455,.455,2.1,3.9,.540,3.0,4.5,7.6,0.9,0.9,0.4,1.6,3.8,8.6,1999
4308,167,Tyrone Hill,PF,30,MIL,17,17,30.4,2.9,6.9,.424,0.0,0.0,,2.9,6.9,.424,.424,2.7,4.8,.568,3.0,4.9,7.9,1.0,1.1,0.5,1.4,4.0,8.6,1999
4309,167,Tyrone Hill,PF,30,PHI,21,6,28.0,3.4,7.1,.480,0.0,0.0,,3.4,7.1,.480,.480,1.7,3.3,.507,3.0,4.2,7.3,0.9,0.8,0.4,1.7,3.7,8.5,1999
4310,168,Fred Hoiberg,SG,26,IND,12,0,7.3,0.5,1.8,.286,0.1,0.8,.111,0.4,1.0,.417,.310,0.5,0.5,1.000,0.2,0.8,0.9,0.3,0.0,0.0,0.3,0.9,1.6,1999
4311,169,Jerald Honeycutt,PF,24,TOT,16,0,6.4,0.6,2.0,.281,0.3,1.1,.294,0.3,0.9,.267,.359,0.4,0.6,.700,0.2,0.6,0.8,0.2,0.3,0.1,0.6,1.0,1.9,1999
4312,169,Jerald Honeycutt,PF,24,MIL,3,0,4.0,0.7,1.7,.400,0.0,1.0,.000,0.7,0.7,1.000,.400,0.3,0.7,.500,0.0,0.3,0.3,0.0,0.3,0.0,0.3,2.0,1.7,1999
4313,169,Jerald Honeycutt,PF,24,PHI,13,0,6.9,0.5,2.1,.259,0.4,1.1,.357,0.2,1.0,.154,.352,0.5,0.6,.750,0.2,0.6,0.8,0.2,0.3,0.2,0.6,0.8,1.9,1999
4314,170,Jeff Hornacek,SG,35,UTA,48,48,29.9,4.5,9.4,.477,0.7,1.7,.420,3.8,7.7,.489,.514,2.6,2.9,.893,0.7,2.6,3.3,4.0,1.1,0.3,1.7,2.0,12.2,1999
4315,171,Robert Horry,PF,28,LAL,38,5,19.6,1.8,3.8,.459,0.5,1.2,.444,1.2,2.7,.465,.527,0.9,1.2,.739,1.5,2.5,4.0,1.5,0.9,1.0,1.3,2.7,4.9,1999
4316,172,Allan Houston,SG,27,NYK,50,50,36.3,5.9,14.1,.418,1.1,2.8,.407,4.7,11.3,.421,.459,3.4,3.9,.862,0.4,2.6,3.0,2.7,0.7,0.2,2.6,2.3,16.3,1999
4317,173,Juwan Howard,SF,25,WAS,36,36,39.7,7.9,16.8,.474,0.0,0.1,.000,7.9,16.7,.476,.474,3.1,4.1,.753,2.5,5.6,8.1,3.0,1.2,0.4,2.6,3.6,18.9,1999
4318,174,Troy Hudson,PG,22,LAC,25,6,21.0,2.4,6.0,.400,0.6,1.9,.319,1.8,4.1,.437,.450,1.4,1.5,.895,0.6,1.6,2.2,3.7,0.4,0.1,1.5,1.1,6.8,1999
4319,175,Larry Hughes,PG,20,PHI,50,1,19.8,3.4,8.3,.411,0.2,1.0,.154,3.2,7.2,.448,.420,2.1,3.0,.709,1.7,2.1,3.8,1.5,0.9,0.3,1.4,1.9,9.1,1999
4320,176,Lindsey Hunter,PG,28,DET,49,49,35.8,4.7,10.7,.435,1.2,3.1,.386,3.4,7.6,.456,.491,1.4,1.8,.753,0.5,2.9,3.4,3.9,1.8,0.2,1.9,2.6,11.9,1999
4321,177,Zydrunas Ilgauskas,C,23,CLE,5,5,34.2,5.8,11.4,.509,0.0,0.0,,5.8,11.4,.509,.509,3.6,6.0,.600,3.4,5.4,8.8,0.8,0.8,1.4,1.8,4.8,15.2,1999
4322,178,Allen Iverson*,SG,23,PHI,48,48,41.5,9.1,22.0,.412,1.2,4.1,.291,7.9,17.9,.440,.439,7.4,9.9,.751,1.4,3.5,4.9,4.6,2.3,0.1,3.5,2.0,26.8,1999
4323,179,Bobby Jackson,PG,25,MIN,50,12,18.8,2.8,7.0,.405,0.2,0.5,.370,2.6,6.4,.408,.420,1.2,1.6,.772,0.9,1.8,2.7,3.3,0.8,0.1,1.5,1.5,7.1,1999
4324,180,Jaren Jackson,SG,31,SAS,47,13,18.3,2.3,6.0,.380,1.1,3.1,.361,1.2,2.9,.401,.474,0.7,0.8,.821,0.4,1.7,2.1,1.0,0.9,0.2,0.8,1.3,6.4,1999
4325,Rk,Player,Pos,Age,Tm,G,GS,MP,FG,FGA,FG%,3P,3PA,3P%,2P,2PA,2P%,eFG%,FT,FTA,FT%,ORB,DRB,TRB,AST,STL,BLK,TOV,PF,PTS,1999
4326,181,Jim Jackson,SG,28,POR,49,9,24.0,3.1,7.6,.411,0.5,1.8,.278,2.6,5.7,.454,.445,1.7,2.1,.842,0.7,2.5,3.2,2.6,0.9,0.1,1.7,1.6,8.4,1999
4327,182,Mark Jackson,PG,33,IND,49,49,28.2,2.8,6.7,.419,0.7,2.1,.311,2.2,4.6,.469,.468,1.3,1.6,.823,0.7,3.1,3.8,7.9,0.9,0.1,2.0,1.2,7.6,1999
4328,183,Randell Jackson,PF,23,WAS,27,8,10.0,1.7,4.0,.426,0.0,0.3,.143,1.7,3.7,.446,.431,0.8,1.2,.656,1.1,0.9,2.0,0.3,0.1,0.4,1.0,1.1,4.2,1999
4329,184,Sam Jacobson,PG,23,LAL,2,0,6.0,1.5,2.5,.600,0.0,0.5,.000,1.5,2.0,.750,.600,1.0,1.0,1.000,0.0,1.5,1.5,0.0,0.0,0.0,0.5,1.0,4.0,1999
4330,185,Jerome James,C,23,SAC,16,0,2.6,0.6,1.5,.375,0.0,0.0,,0.6,1.5,.375,.375,0.4,0.8,.500,0.4,0.7,1.1,0.1,0.1,0.4,0.6,0.7,1.5,1999
4331,186,Antawn Jamison,SF,22,GSW,47,24,22.5,3.8,8.4,.452,0.1,0.2,.300,3.7,8.2,.456,.456,1.9,3.3,.588,2.8,3.6,6.4,0.7,0.8,0.3,1.4,2.2,9.6,1999
4332,187,Anthony Johnson,PG,24,ATL,49,2,18.1,1.9,4.6,.404,0.1,0.4,.263,1.8,4.2,.417,.416,1.2,1.7,.695,0.3,1.2,1.5,2.2,0.7,0.1,1.3,1.4,5.0,1999
4333,188,Avery Johnson,PG,33,SAS,50,50,33.4,4.4,9.2,.473,0.0,0.2,.083,4.3,9.0,.483,.474,1.0,1.8,.568,0.4,1.9,2.4,7.4,1.0,0.2,2.2,2.0,9.7,1999
4334,189,Eddie Johnson,SF,39,HOU,3,0,6.0,2.0,4.3,.462,0.0,0.3,.000,2.0,4.0,.500,.462,0.0,0.0,,0.0,0.7,0.7,0.3,0.0,0.0,0.7,1.0,4.0,1999
4335,190,Ervin Johnson,C,31,MIL,50,7,20.5,1.9,3.8,.508,0.0,0.0,,1.9,3.8,.508,.508,1.3,2.1,.610,2.4,4.0,6.4,0.4,0.6,1.1,0.9,3.0,5.1,1999
4336,191,Larry Johnson,PF,29,NYK,49,48,33.4,4.3,9.3,.459,0.7,1.9,.359,3.6,7.5,.484,.495,2.7,3.3,.817,1.9,3.9,5.8,2.4,0.7,0.2,1.8,3.0,12.0,1999
4337,192,Charles Jones,SG,23,CHI,29,5,16.4,1.3,4.2,.317,0.7,2.1,.311,0.7,2.1,.323,.394,0.4,0.8,.500,0.3,1.1,1.4,1.4,0.6,0.2,1.0,1.0,3.7,1999
4338,193,Damon Jones,PG,22,TOT,24,0,14.3,1.8,5.0,.361,1.0,2.6,.403,0.8,2.4,.316,.466,0.6,0.7,.824,0.3,1.6,1.8,1.8,0.5,0.0,0.7,1.0,5.2,1999
4339,193,Damon Jones,PG,22,NJN,11,0,11.9,1.3,4.0,.318,0.9,2.6,.345,0.4,1.4,.267,.432,1.0,1.2,.846,0.2,1.0,1.2,1.2,0.6,0.0,0.5,0.6,4.5,1999
4340,193,Damon Jones,PG,22,BOS,13,0,16.4,2.2,5.8,.387,1.2,2.5,.455,1.1,3.2,.333,.487,0.2,0.3,.750,0.3,2.1,2.4,2.2,0.5,0.0,0.9,1.2,5.8,1999
4341,194,Eddie Jones,SF-SG,27,TOT,50,50,37.6,5.2,11.9,.437,1.0,2.8,.338,4.2,9.1,.468,.477,4.2,5.4,.782,1.0,2.9,3.9,3.7,2.5,1.2,1.9,2.6,15.6,1999
4342,194,Eddie Jones,SG,27,LAL,20,20,36.2,4.8,11.4,.423,1.0,3.2,.313,3.8,8.2,.466,.467,3.0,4.0,.738,1.0,2.8,3.8,3.1,1.8,1.2,1.1,2.1,13.6,1999
4343,194,Eddie Jones,SF,27,CHH,30,30,38.6,5.5,12.3,.446,0.9,2.6,.359,4.5,9.7,.469,.484,5.1,6.4,.801,1.0,2.9,3.9,4.2,3.0,1.1,2.4,2.9,17.0,1999
4344,195,Popeye Jones,PF,28,BOS,18,2,11.4,1.1,2.8,.392,0.0,0.1,.000,1.1,2.8,.400,.392,0.8,0.9,.824,1.6,1.3,2.9,0.8,0.3,0.0,0.4,1.7,3.0,1999
4345,196,Adonis Jordan,PG,28,MIL,4,0,4.5,0.5,1.0,.500,0.0,0.5,.000,0.5,0.5,1.000,.500,0.5,1.0,.500,0.0,0.0,0.0,0.8,0.8,0.0,0.5,0.0,1.5,1999
4346,197,Reggie Jordan,SG,31,MIN,27,1,11.0,0.6,2.0,.278,0.0,0.0,,0.6,2.0,.278,.278,0.8,1.4,.553,1.0,1.2,2.2,1.5,0.4,0.2,0.5,1.4,1.9,1999
4347,198,Adam Keefe,PF,28,UTA,44,0,14.6,1.3,2.8,.452,0.0,0.1,.000,1.3,2.7,.467,.452,1.4,2.0,.697,1.2,2.1,3.2,0.6,0.4,0.3,0.8,1.4,4.0,1999
4348,199,Shawn Kemp,PF,29,CLE,42,42,35.1,6.6,13.7,.482,0.0,0.0,.500,6.6,13.6,.482,.483,7.3,9.3,.789,3.1,6.1,9.2,2.4,1.1,1.1,3.0,3.8,20.5,1999
4349,200,Jonathan Kerner,C,24,ORL,1,0,5.0,0.0,1.0,.000,0.0,0.0,,0.0,1.0,.000,.000,0.0,0.0,,0.0,0.0,0.0,0.0,0.0,0.0,0.0,2.0,0.0,1999
4350,Rk,Player,Pos,Age,Tm,G,GS,MP,FG,FGA,FG%,3P,3PA,3P%,2P,2PA,2P%,eFG%,FT,FTA,FT%,ORB,DRB,TRB,AST,STL,BLK,TOV,PF,PTS,1999
4351,201,Steve Kerr,PG,33,SAS,44,0,16.7,1.5,4.0,.391,0.6,1.8,.313,1.0,2.1,.457,.463,0.7,0.8,.886,0.1,0.9,1.0,1.1,0.5,0.1,0.5,0.6,4.4,1999
4352,202,Jerome Kersey,SF,36,SAS,45,0,15.5,1.5,4.4,.340,0.1,0.3,.214,1.4,4.1,.349,.348,0.1,0.3,.429,0.9,2.0,2.9,0.9,0.8,0.3,0.7,2.0,3.2,1999
4353,203,Jason Kidd*,PG,25,PHO,50,50,41.2,6.2,14.0,.444,0.9,2.5,.366,5.3,11.5,.461,.476,3.6,4.8,.757,1.7,5.0,6.8,10.8,2.3,0.4,3.0,2.2,16.9,1999
4354,204,Chris King,SF,29,UTA,8,0,5.3,0.3,0.9,.286,0.0,0.0,,0.3,0.9,.286,.286,0.0,0.5,.000,0.1,1.3,1.4,0.1,0.3,0.1,0.5,1.0,0.5,1999
4355,205,Gerard King,SF,26,SAS,19,0,3.3,0.3,0.7,.429,0.0,0.0,,0.3,0.7,.429,.429,0.6,0.9,.611,0.3,0.4,0.7,0.2,0.1,0.1,0.2,0.6,1.2,1999
4356,206,Kerry Kittles,SG,24,NJN,46,40,34.1,4.9,13.3,.370,1.1,3.4,.316,3.8,9.9,.389,.411,1.9,2.5,.772,1.1,3.0,4.2,2.5,1.7,0.6,1.4,1.8,12.9,1999
4357,207,Joe Kleine,C,37,PHO,31,5,12.1,1.0,2.4,.405,0.0,0.1,.000,1.0,2.3,.417,.405,0.3,0.4,.667,0.9,1.3,2.2,0.4,0.3,0.0,0.3,1.5,2.2,1999
4358,208,Brevin Knight,PG,23,CLE,39,38,30.4,3.4,8.1,.425,0.0,0.1,.000,3.4,7.9,.432,.425,2.7,3.6,.745,0.4,2.9,3.4,7.7,1.8,0.2,2.7,2.9,9.6,1999
4359,209,Negele Knight,PG,31,TOR,6,0,9.3,0.5,1.3,.375,0.0,0.2,.000,0.5,1.2,.429,.375,0.3,0.7,.500,0.2,0.8,1.0,1.3,0.2,0.0,1.2,0.8,1.3,1999
4360,210,Travis Knight,C,24,LAL,37,23,14.2,1.8,3.5,.515,0.0,0.0,.000,1.8,3.5,.519,.515,0.6,0.8,.759,0.9,2.5,3.5,0.8,0.6,0.7,0.9,2.9,4.2,1999
4361,211,Toni Kukoč*,SF,30,CHI,44,44,37.6,7.2,17.0,.420,0.9,3.1,.285,6.3,13.9,.450,.446,3.6,4.9,.740,1.5,5.6,7.0,5.3,1.1,0.3,2.8,1.9,18.8,1999
4362,212,Christian Laettner,PF,29,DET,16,0,21.1,2.4,6.6,.358,0.1,0.2,.333,2.3,6.4,.359,.363,2.8,3.6,.772,1.3,2.1,3.4,1.5,0.9,0.8,1.2,1.9,7.6,1999
4363,213,Raef LaFrentz,C,22,DEN,12,12,32.3,4.9,10.8,.457,1.0,2.6,.387,3.9,8.2,.480,.504,3.0,4.0,.750,2.8,4.8,7.6,0.7,0.8,1.4,0.8,3.2,13.8,1999
4364,214,Andrew Lang,C,32,CHI,21,13,18.4,1.5,4.7,.323,0.0,0.0,,1.5,4.7,.323,.323,0.8,1.1,.696,1.6,2.9,4.4,0.6,0.2,0.6,0.8,2.0,3.8,1999
4365,215,Antonio Lang,PF,26,CLE,10,0,6.5,0.4,0.6,.667,0.0,0.0,,0.4,0.6,.667,.667,0.5,0.9,.556,0.6,1.0,1.6,0.1,0.2,0.1,0.4,1.3,1.3,1999
4366,216,Rusty LaRue,PG,25,CHI,43,6,17.0,1.8,5.0,.359,0.7,2.1,.337,1.1,3.0,.375,.429,0.4,0.4,1.000,0.2,1.1,1.3,1.5,0.8,0.1,0.8,1.5,4.7,1999
4367,217,Tim Legler,SG,32,WAS,30,0,12.6,1.7,3.8,.443,0.5,1.2,.400,1.2,2.7,.463,.504,0.1,0.2,.500,0.3,1.1,1.3,0.7,0.1,0.1,0.5,1.4,4.0,1999
4368,218,Voshon Lenard,SG,25,MIA,12,2,15.8,2.6,6.6,.392,1.0,2.9,.343,1.6,3.7,.432,.468,0.7,0.9,.727,0.3,1.0,1.3,0.8,0.3,0.1,0.6,1.5,6.8,1999
4369,219,Rashard Lewis,SF,19,SEA,20,7,7.3,1.0,2.6,.365,0.1,0.3,.167,0.9,2.3,.391,.375,0.4,0.7,.571,0.7,0.6,1.3,0.2,0.4,0.1,1.0,1.0,2.4,1999
4370,220,Randy Livingston,PG,23,PHO,1,0,22.0,5.0,8.0,.625,0.0,0.0,,5.0,8.0,.625,.625,2.0,2.0,1.000,0.0,2.0,2.0,3.0,2.0,0.0,1.0,1.0,12.0,1999
4371,Rk,Player,Pos,Age,Tm,G,GS,MP,FG,FGA,FG%,3P,3PA,3P%,2P,2PA,2P%,eFG%,FT,FTA,FT%,ORB,DRB,TRB,AST,STL,BLK,TOV,PF,PTS,1999
4372,221,Grant Long,PF,32,ATL,50,13,27.6,3.0,7.2,.421,0.1,0.4,.167,3.0,6.8,.434,.425,3.7,4.7,.783,2.0,3.9,5.9,1.1,1.1,0.3,1.5,2.9,9.8,1999
4373,222,Luc Longley,C,30,PHO,39,39,23.9,3.6,7.4,.483,0.0,0.0,,3.6,7.4,.483,.483,1.5,1.9,.776,1.5,4.2,5.7,1.2,0.6,0.5,1.4,3.1,8.7,1999
4374,223,Felipe López,SG,24,VAN,47,32,25.9,3.6,8.1,.446,0.3,0.9,.273,3.3,7.1,.469,.462,1.9,2.9,.644,1.5,2.1,3.5,1.3,1.0,0.3,1.7,2.7,9.3,1999
4375,224,Tyronn Lue,PG,21,LAL,15,0,12.5,1.9,4.3,.431,0.5,1.1,.438,1.4,3.3,.429,.485,0.8,1.4,.571,0.1,0.3,0.4,1.7,0.3,0.0,0.7,1.9,5.0,1999
4376,225,George Lynch,SF,28,PHI,43,43,30.6,3.4,8.1,.421,0.2,0.5,.391,3.2,7.6,.423,.434,1.2,2.0,.631,2.6,3.9,6.5,1.8,2.0,0.5,1.8,3.3,8.3,1999
4377,226,Sam Mack,SF,28,TOT,44,15,24.6,3.8,8.7,.435,2.0,5.0,.397,1.8,3.8,.485,.548,1.2,1.3,.879,0.3,1.8,2.2,1.3,0.8,0.1,0.8,2.1,10.7,1999
4378,226,Sam Mack,SF,28,VAN,19,15,30.4,4.5,11.2,.406,2.2,5.7,.389,2.3,5.5,.423,.505,1.5,1.6,.933,0.4,2.4,2.8,1.2,1.1,0.1,1.1,2.8,12.7,1999
4379,226,Sam Mack,SF,28,HOU,25,0,20.2,3.2,6.9,.471,1.8,4.4,.405,1.4,2.4,.590,.602,0.9,1.1,.821,0.3,1.4,1.7,1.3,0.6,0.1,0.5,1.6,9.2,1999
4380,227,Don MacLean,PF,29,SEA,17,10,21.5,3.7,9.4,.396,0.5,1.9,.273,3.2,7.4,.429,.425,2.9,4.7,.625,1.1,2.8,3.8,0.9,0.3,0.3,1.5,2.0,10.9,1999
4381,228,Mark Macon,SG,29,DET,7,3,9.9,0.6,2.9,.200,0.1,0.4,.333,0.4,2.4,.176,.225,0.0,0.0,,0.4,0.3,0.7,0.6,0.7,0.1,0.9,0.9,1.3,1999
4382,229,Rick Mahorn,PF,40,PHI,16,0,7.9,0.3,1.1,.278,0.0,0.0,,0.3,1.1,.278,.278,0.2,0.5,.375,0.4,1.0,1.4,0.1,0.3,0.1,0.4,1.4,0.8,1999
4383,230,Dan Majerle,SG,33,MIA,48,48,33.8,2.5,6.2,.396,1.4,4.2,.335,1.0,2.0,.526,.510,0.7,1.0,.717,0.4,3.9,4.3,3.1,0.8,0.1,1.1,2.1,7.0,1999
4384,231,Karl Malone*,PF,35,UTA,49,49,37.4,8.0,16.3,.493,0.0,0.0,.000,8.0,16.2,.494,.493,7.7,9.8,.788,2.2,7.3,9.4,4.1,1.3,0.6,3.3,2.7,23.8,1999
4385,232,Matt Maloney,PG,27,HOU,15,7,12.4,0.3,1.9,.179,0.1,1.0,.067,0.3,0.9,.308,.196,0.7,0.7,.909,0.1,0.5,0.7,1.4,0.3,0.0,0.9,0.5,1.4,1999
4386,233,Danny Manning,PF,32,PHO,50,5,23.7,3.7,7.7,.484,0.0,0.2,.111,3.7,7.5,.493,.486,1.6,2.2,.696,1.2,3.1,4.4,2.3,0.7,0.8,1.4,2.6,9.1,1999
4387,234,Stephon Marbury,PG,21,TOT,49,49,38.7,7.7,18.0,.428,1.3,4.0,.335,6.4,14.0,.455,.465,4.5,5.7,.799,0.8,2.1,2.9,8.9,1.2,0.2,3.3,2.6,21.3,1999
4388,234,Stephon Marbury,PG,21,MIN,18,18,36.7,6.9,16.9,.408,0.4,2.2,.205,6.4,14.7,.438,.421,3.5,4.8,.724,0.9,2.5,3.4,9.3,1.6,0.3,3.1,2.4,17.7,1999
4389,234,Stephon Marbury,PG,21,NJN,31,31,39.8,8.2,18.7,.439,1.9,5.1,.367,6.3,13.6,.466,.489,5.1,6.2,.832,0.6,1.9,2.6,8.7,1.0,0.1,3.5,2.6,23.4,1999
4390,235,Sean Marks,PF,23,TOR,8,0,3.5,0.6,1.0,.625,0.0,0.0,,0.6,1.0,.625,.625,0.1,0.3,.500,0.0,0.1,0.1,0.0,0.1,0.0,0.4,0.4,1.4,1999
4391,236,Donyell Marshall,SF,25,GSW,48,20,26.0,4.3,10.3,.421,0.5,1.5,.361,3.8,8.8,.431,.447,1.8,2.5,.727,2.4,4.7,7.1,1.4,1.0,0.8,1.7,2.6,11.0,1999
4392,237,Darrick Martin,PG,27,LAC,37,25,25.4,2.8,7.5,.367,0.8,2.9,.292,1.9,4.6,.413,.423,1.6,2.1,.803,0.1,1.2,1.3,3.9,1.2,0.1,1.8,2.2,8.0,1999
4393,238,Jamal Mashburn,SF,26,MIA,24,23,35.6,5.6,12.4,.451,0.5,1.3,.433,5.0,11.1,.453,.473,3.1,4.3,.721,1.0,5.1,6.1,3.1,0.8,0.1,2.5,2.4,14.8,1999
4394,239,Tony Massenburg,PF,31,VAN,43,35,26.6,4.4,9.0,.487,0.0,0.0,.000,4.4,9.0,.490,.487,2.4,3.6,.665,1.9,4.0,6.0,0.5,0.6,0.9,1.5,2.5,11.2,1999
4395,240,Vernon Maxwell,SG,33,SAC,46,1,21.9,3.6,9.2,.390,1.7,5.0,.346,1.8,4.1,.442,.485,1.8,2.5,.737,0.3,1.6,1.8,1.7,0.7,0.1,1.5,2.4,10.7,1999
4396,Rk,Player,Pos,Age,Tm,G,GS,MP,FG,FGA,FG%,3P,3PA,3P%,2P,2PA,2P%,eFG%,FT,FTA,FT%,ORB,DRB,TRB,AST,STL,BLK,TOV,PF,PTS,1999
4397,241,Lee Mayberry,PG,28,VAN,9,0,14.0,0.8,2.1,.368,0.2,1.1,.200,0.6,1.0,.556,.421,0.4,0.6,.800,0.0,0.3,0.3,2.6,0.8,0.0,1.2,1.4,2.2,1999
4398,242,Kelly McCarty,SG,23,DEN,2,0,2.0,1.0,1.5,.667,0.0,0.0,,1.0,1.5,.667,.667,0.0,0.0,,1.0,0.5,1.5,0.0,0.0,0.0,1.0,0.0,2.0,1999
4399,243,Walter McCarty,PF,24,BOS,32,4,20.6,2.0,5.5,.362,0.4,1.6,.260,1.6,4.0,.402,.398,1.3,1.8,.702,1.1,2.5,3.6,1.3,0.8,0.4,1.3,2.8,5.7,1999
4400,244,George McCloud,SF,31,PHO,48,16,25.9,3.0,6.8,.438,1.4,3.5,.416,1.5,3.3,.462,.545,1.6,1.8,.862,0.7,2.7,3.4,1.6,0.9,0.3,1.0,2.7,8.9,1999
4401,245,Jelani McCoy,C,21,SEA,26,0,12.7,2.2,2.9,.737,0.0,0.0,,2.2,2.9,.737,.737,0.8,1.6,.500,1.0,2.0,3.0,0.2,0.4,0.8,0.4,1.6,5.1,1999
4402,246,Antonio McDyess,C,24,DEN,50,50,38.7,8.3,17.6,.471,0.0,0.2,.111,8.3,17.5,.474,.471,4.6,6.8,.680,3.4,7.4,10.7,1.6,1.5,2.3,2.8,3.5,21.2,1999
4403,247,Tracy McGrady*,SF,19,TOR,49,2,22.6,3.4,7.9,.436,0.2,0.7,.229,3.3,7.1,.457,.447,2.3,3.2,.726,2.4,3.2,5.7,2.3,1.1,1.3,1.6,1.9,9.3,1999
4404,248,Jim McIlvaine,C,26,NJN,22,1,12.2,1.0,2.3,.431,0.0,0.0,,1.0,2.3,.431,.431,0.2,0.3,.667,1.4,1.0,2.5,0.1,0.4,1.5,0.6,2.7,2.2,1999
4405,249,Jeff McInnis,PG,24,WAS,35,6,12.2,1.4,3.8,.373,0.3,1.0,.257,1.2,2.8,.414,.407,0.6,0.8,.750,0.3,0.3,0.6,2.1,0.5,0.0,0.9,1.0,3.7,1999
4406,250,Derrick McKey,SF,32,IND,13,0,18.8,1.8,4.0,.442,0.0,0.1,.000,1.8,3.9,.451,.442,1.1,1.3,.824,1.4,1.8,3.2,1.0,0.9,0.3,0.9,1.8,4.6,1999
4407,251,Aaron McKie,SG,26,PHI,50,4,19.2,1.9,4.7,.401,0.1,0.6,.194,1.8,4.1,.432,.414,0.9,1.2,.710,0.5,2.3,2.8,2.0,1.3,0.1,1.1,1.8,4.8,1999
4408,252,Roshown McLeod,SF,23,ATL,34,0,10.2,1.8,4.8,.380,0.0,0.3,.100,1.8,4.5,.399,.383,1.1,1.3,.822,0.4,1.1,1.5,0.4,0.1,0.0,0.7,0.7,4.8,1999
4409,253,Ron Mercer,SG,22,BOS,41,40,37.8,7.4,17.2,.431,0.1,0.7,.167,7.3,16.5,.443,.435,2.0,2.6,.790,0.9,2.9,3.8,2.5,1.6,0.3,2.2,2.0,17.0,1999
4410,254,Loren Meyer,C,26,DEN,14,0,5.0,0.5,2.0,.250,0.1,0.4,.200,0.4,1.6,.261,.268,0.1,0.1,.500,0.3,0.9,1.1,0.1,0.0,0.2,0.3,1.6,1.1,1999
4411,255,Marko Milič,SG,21,PHO,11,0,4.8,0.7,1.8,.400,0.0,0.1,.000,0.7,1.7,.421,.400,0.0,0.0,,0.3,0.2,0.5,0.2,0.3,0.1,0.5,0.6,1.5,1999
4412,256,Anthony Miller,PF,27,HOU,29,0,8.6,1.0,2.1,.467,0.0,0.0,.000,1.0,2.0,.475,.467,0.5,0.8,.636,0.9,1.4,2.3,0.2,0.2,0.2,0.3,1.2,2.4,1999
4413,257,Brad Miller,C,22,CHH,38,0,12.3,2.1,3.6,.565,0.0,0.1,.500,2.0,3.6,.566,.569,2.1,2.7,.794,0.9,2.2,3.1,0.6,0.2,0.5,0.8,1.7,6.3,1999
4414,258,Oliver Miller,C,28,SAC,4,0,8.8,1.3,2.8,.455,0.0,0.0,,1.3,2.8,.455,.455,0.0,0.0,,1.8,0.3,2.0,0.0,0.0,0.5,1.0,0.8,2.5,1999
4415,259,Reggie Miller*,SG,33,IND,50,50,35.7,5.9,13.4,.438,2.1,5.5,.385,3.8,7.9,.475,.517,4.5,4.9,.915,0.5,2.2,2.7,2.2,0.7,0.2,1.5,2.0,18.4,1999
4416,260,Chris Mills,SF,29,GSW,47,24,29.7,4.0,9.6,.411,0.7,2.4,.278,3.3,7.2,.456,.446,1.7,2.0,.823,1.0,4.0,5.0,2.2,0.8,0.3,1.2,2.7,10.3,1999
4417,Rk,Player,Pos,Age,Tm,G,GS,MP,FG,FGA,FG%,3P,3PA,3P%,2P,2PA,2P%,eFG%,FT,FTA,FT%,ORB,DRB,TRB,AST,STL,BLK,TOV,PF,PTS,1999
4418,261,Terry Mills,PF,31,MIA,1,0,29.0,3.0,8.0,.375,2.0,4.0,.500,1.0,4.0,.250,.500,1.0,2.0,.500,3.0,1.0,4.0,0.0,1.0,0.0,3.0,3.0,9.0,1999
4419,262,Greg Minor,SG,27,BOS,44,7,17.4,1.9,4.6,.417,0.2,0.6,.286,1.8,4.0,.438,.436,0.8,1.1,.750,0.7,2.0,2.7,1.1,0.5,0.1,0.9,1.6,4.9,1999
4420,263,Sam Mitchell,SF,35,MIN,50,20,26.9,4.3,10.4,.408,0.2,0.8,.237,4.1,9.7,.421,.417,2.5,3.3,.764,1.1,2.5,3.6,2.0,0.7,0.3,0.7,2.2,11.2,1999
4421,264,Cuttino Mobley,PG,23,HOU,49,37,29.7,3.5,8.3,.425,1.1,3.0,.358,2.4,5.2,.463,.490,1.8,2.2,.818,0.4,1.8,2.3,2.5,0.9,0.5,1.6,2.0,9.9,1999
4422,265,Nazr Mohammed,C,21,PHI,26,0,4.7,0.6,1.6,.357,0.0,0.0,,0.6,1.6,.357,.357,0.5,0.8,.571,0.7,0.7,1.4,0.1,0.2,0.2,0.5,0.8,1.6,1999
4423,266,Eric Montross,C,27,DET,46,2,12.5,0.9,1.7,.525,0.0,0.0,.000,0.9,1.7,.532,.525,0.2,0.7,.344,1.0,2.0,3.0,0.3,0.3,0.6,0.3,2.3,2.1,1999
4424,267,Mikki Moore,C,23,DET,2,0,3.0,0.5,0.5,1.000,0.0,0.0,,0.5,0.5,1.000,1.000,1.0,1.0,1.000,0.0,0.5,0.5,0.0,0.0,0.0,0.0,0.0,2.0,1999
4425,268,Chris Morris,SF,33,PHO,44,2,12.2,1.5,3.4,.430,0.4,1.3,.286,1.1,2.1,.516,.483,0.9,1.0,.870,1.2,1.5,2.8,0.5,0.4,0.3,0.5,1.2,4.2,1999
4426,269,Alonzo Mourning*,C,28,MIA,46,46,38.1,7.0,13.8,.511,0.0,0.0,.000,7.0,13.7,.513,.511,6.0,9.2,.652,3.6,7.4,11.0,1.6,0.7,3.9,3.0,3.5,20.1,1999
4427,270,Chris Mullin*,SF,35,IND,50,50,23.6,3.5,7.4,.477,1.5,3.1,.465,2.1,4.3,.486,.575,1.6,1.8,.870,0.5,2.7,3.2,1.6,0.9,0.3,1.2,2.0,10.1,1999
4428,271,Eric Murdock,PG,30,NJN,15,8,26.7,3.0,7.6,.395,0.5,1.5,.364,2.5,6.1,.402,.430,1.4,1.7,.808,0.2,2.1,2.3,4.4,1.5,0.1,1.9,2.3,7.9,1999
4429,272,Gheorghe Mureșan,C,27,NJN,1,0,1.0,0.0,1.0,.000,0.0,0.0,,0.0,1.0,.000,.000,0.0,0.0,,0.0,0.0,0.0,0.0,0.0,0.0,1.0,0.0,0.0,1999
4430,273,Lamond Murray,SF,25,LAC,50,13,26.3,4.5,11.6,.391,0.7,2.1,.330,3.8,9.5,.404,.420,2.5,3.1,.803,1.2,2.7,3.9,1.2,1.2,0.4,2.0,2.1,12.2,1999
4431,274,Tracy Murray,SF,27,WAS,36,0,18.1,2.3,6.6,.350,0.9,2.9,.320,1.4,3.7,.373,.420,0.9,1.2,.810,0.5,1.8,2.3,0.8,0.6,0.2,0.8,1.8,6.5,1999
4432,275,Dikembe Mutombo*,C,32,ATL,50,50,36.6,3.5,6.8,.512,0.0,0.0,,3.5,6.8,.512,.512,3.9,5.7,.684,3.8,8.4,12.2,1.1,0.3,2.9,1.9,2.9,10.8,1999
4433,276,Makhtar N'Diaye,PF,25,VAN,4,0,6.8,0.3,1.0,.250,0.0,0.0,,0.3,1.0,.250,.250,0.8,1.0,.750,0.8,0.5,1.3,0.3,0.0,0.3,0.3,2.3,1.3,1999
4434,277,Steve Nash*,PG,24,DAL,40,40,31.7,2.9,7.9,.363,1.2,3.3,.374,1.6,4.6,.355,.441,1.0,1.2,.826,0.8,2.1,2.9,5.5,0.9,0.1,2.1,2.5,7.9,1999
4435,278,Tyrone Nesby,SF,23,LAC,50,36,25.8,3.6,8.1,.449,0.7,1.9,.365,2.9,6.2,.476,.493,2.1,2.7,.782,1.1,2.4,3.5,1.6,1.5,0.4,1.1,2.9,10.1,1999
4436,279,Rasho Nesterović,C,22,MIN,2,0,15.0,1.5,6.0,.250,0.0,0.0,,1.5,6.0,.250,.250,1.0,1.0,1.000,1.5,2.5,4.0,0.5,0.0,0.0,0.5,2.5,4.0,1999
4437,280,Johnny Newman,SF,35,CLE,50,2,19.0,2.1,5.0,.422,0.5,1.2,.377,1.7,3.8,.437,.468,1.4,1.7,.810,0.3,1.2,1.5,0.8,0.6,0.2,0.8,2.5,6.1,1999
4438,Rk,Player,Pos,Age,Tm,G,GS,MP,FG,FGA,FG%,3P,3PA,3P%,2P,2PA,2P%,eFG%,FT,FTA,FT%,ORB,DRB,TRB,AST,STL,BLK,TOV,PF,PTS,1999
4439,281,Moochie Norris,PG,25,SEA,12,0,11.7,1.1,3.3,.325,0.5,1.3,.400,0.6,2.1,.280,.400,0.5,1.3,.375,0.3,1.3,1.7,2.0,0.6,0.0,1.3,1.4,3.2,1999
4440,282,Dirk Nowitzki,PF,20,DAL,47,24,20.4,2.9,7.1,.405,0.3,1.4,.206,2.6,5.7,.455,.426,2.1,2.7,.773,0.9,2.6,3.4,1.0,0.6,0.6,1.6,2.2,8.2,1999
4441,283,Charles O'Bannon,SG,23,DET,18,1,9.2,1.3,3.1,.429,0.0,0.1,.000,1.3,3.1,.436,.429,0.4,0.4,1.000,1.0,0.9,1.9,0.7,0.1,0.2,0.4,1.2,3.1,1999
4442,284,Jermaine O'Neal,PF,20,POR,36,1,8.6,1.0,2.3,.434,0.0,0.0,.000,1.0,2.3,.439,.434,0.5,1.0,.514,1.2,1.5,2.7,0.4,0.1,0.4,0.4,1.1,2.5,1999
4443,285,Shaquille O'Neal*,C,26,LAL,49,49,34.8,10.4,18.1,.576,0.0,0.0,.000,10.4,18.0,.577,.576,5.5,10.2,.540,3.8,6.9,10.7,2.3,0.7,1.7,2.5,3.2,26.3,1999
4444,286,Charles Oakley,PF,35,TOR,50,50,32.7,2.8,6.5,.428,0.0,0.1,.200,2.8,6.4,.432,.430,1.3,1.7,.807,1.9,5.6,7.5,3.4,0.9,0.4,1.9,3.6,7.0,1999
4445,287,Hakeem Olajuwon*,C,36,HOU,50,50,35.7,7.5,14.5,.514,0.1,0.3,.308,7.4,14.2,.518,.517,3.9,5.4,.717,2.1,7.4,9.6,1.8,1.6,2.5,2.8,3.2,18.9,1999
4446,288,Jimmy Oliver,SG,29,PHO,2,0,5.5,0.5,1.5,.333,0.5,0.5,1.000,0.0,1.0,.000,.500,0.0,0.0,,0.0,0.0,0.0,0.0,0.0,0.0,0.0,1.0,1.5,1999
4447,289,Kevin Ollie,PG,26,TOT,8,0,9.0,0.5,1.8,.286,0.0,0.0,,0.5,1.8,.286,.286,0.6,0.9,.714,0.0,0.9,0.9,0.4,0.4,0.1,0.4,1.1,1.6,1999
4448,289,Kevin Ollie,PG,26,SAC,7,0,9.7,0.6,1.9,.308,0.0,0.0,,0.6,1.9,.308,.308,0.6,0.7,.800,0.0,0.9,0.9,0.4,0.4,0.1,0.4,1.1,1.7,1999
4449,289,Kevin Ollie,PG,26,ORL,1,0,4.0,0.0,1.0,.000,0.0,0.0,,0.0,1.0,.000,.000,1.0,2.0,.500,0.0,1.0,1.0,0.0,0.0,0.0,0.0,1.0,1.0,1999
4450,290,Michael Olowokandi,C,23,LAC,45,36,28.4,3.8,8.9,.431,0.0,0.0,,3.8,8.9,.431,.431,1.3,2.6,.483,2.7,5.3,7.9,0.6,0.6,1.2,1.9,3.0,8.9,1999
4451,291,Greg Ostertag,C,25,UTA,48,48,27.9,2.1,4.3,.476,0.0,0.0,,2.1,4.3,.476,.476,1.6,2.5,.620,2.2,5.1,7.3,0.5,0.3,2.7,0.9,2.9,5.7,1999
4452,292,Bo Outlaw,PF,27,ORL,31,22,27.5,2.7,5.0,.545,0.0,0.1,.000,2.7,4.9,.556,.545,1.1,2.6,.432,1.7,3.6,5.4,1.8,1.3,1.4,1.9,2.5,6.5,1999
4453,293,Doug Overton,PG,29,TOT,24,1,10.2,1.5,3.5,.429,0.1,0.3,.286,1.4,3.2,.442,.440,0.8,0.8,.900,0.3,0.6,0.9,1.0,0.2,0.0,0.8,0.8,3.8,1999
4454,293,Doug Overton,PG,29,ORL,6,0,5.5,1.0,2.0,.500,0.0,0.3,.000,1.0,1.7,.600,.500,1.0,1.0,1.000,0.2,0.2,0.3,0.5,0.2,0.0,0.5,0.3,3.0,1999
4455,293,Doug Overton,PG,29,NJN,8,1,21.8,3.1,7.1,.439,0.3,0.5,.500,2.9,6.6,.434,.456,1.5,1.8,.857,0.8,1.4,2.1,2.0,0.4,0.1,1.9,1.8,8.0,1999
4456,293,Doug Overton,PG,29,PHI,10,0,3.7,0.5,1.5,.333,0.0,0.1,.000,0.5,1.4,.357,.333,0.0,0.0,,0.0,0.2,0.2,0.4,0.1,0.0,0.2,0.2,1.0,1999
4457,294,Billy Owens,SF,29,SEA,21,19,21.5,3.1,7.9,.394,0.2,0.5,.455,2.9,7.3,.390,.409,1.3,1.7,.800,1.7,2.1,3.8,1.8,0.6,0.2,1.6,1.8,7.8,1999
4458,295,Robert Pack,PG,29,DAL,25,0,18.7,3.0,7.0,.431,0.0,0.2,.000,3.0,6.8,.441,.431,2.9,3.5,.818,0.4,1.1,1.4,3.2,0.8,0.0,2.0,1.6,8.9,1999
4459,296,Anthony Parker,SG,23,PHI,2,0,1.5,0.5,0.5,1.000,0.0,0.0,,0.5,0.5,1.000,1.000,0.0,0.0,,0.0,0.0,0.0,0.0,0.0,0.0,0.0,0.0,1.0,1999
4460,297,Cherokee Parks,C,26,VAN,48,41,23.3,2.5,5.7,.429,0.0,0.0,.000,2.5,5.7,.431,.429,0.6,1.1,.545,1.6,3.5,5.1,0.8,0.6,0.6,1.0,2.4,5.5,1999
4461,298,Andrae Patterson,PF,23,MIN,35,0,8.1,1.2,2.8,.443,0.0,0.1,.000,1.2,2.6,.467,.443,0.8,1.0,.778,0.9,1.0,1.9,0.4,0.5,0.2,0.6,1.8,3.3,1999
4462,299,Ruben Patterson,SF,23,LAL,24,2,6.0,0.9,2.1,.412,0.0,0.3,.167,0.8,1.9,.444,.422,0.9,1.3,.710,0.7,0.5,1.3,0.1,0.2,0.1,0.5,0.7,2.7,1999
4463,300,Gary Payton*,PG,30,SEA,50,50,40.2,8.0,18.5,.434,1.7,5.6,.295,6.4,12.8,.495,.479,4.0,5.5,.721,1.2,3.6,4.9,8.7,2.2,0.2,3.1,2.3,21.7,1999
4464,Rk,Player,Pos,Age,Tm,G,GS,MP,FG,FGA,FG%,3P,3PA,3P%,2P,2PA,2P%,eFG%,FT,FTA,FT%,ORB,DRB,TRB,AST,STL,BLK,TOV,PF,PTS,1999
4465,301,Anthony Peeler,SG,29,MIN,28,28,28.9,3.7,9.7,.379,1.2,4.1,.298,2.5,5.6,.437,.441,1.1,1.5,.732,1.1,1.9,3.0,2.8,1.3,0.2,1.4,2.1,9.6,1999
4466,302,Will Perdue,C,33,SAS,37,1,12.0,1.0,1.6,.633,0.0,0.0,,1.0,1.6,.633,.633,0.4,0.7,.538,0.9,2.8,3.7,0.5,0.2,0.3,0.6,1.7,2.4,1999
4467,303,Sam Perkins,PF,37,IND,48,0,16.4,1.7,4.2,.400,0.7,1.9,.389,0.9,2.3,.409,.488,0.9,1.3,.717,0.8,2.1,2.9,0.5,0.3,0.3,0.5,1.5,5.0,1999
4468,304,Elliot Perry,PG,29,TOT,35,0,8.3,1.1,2.9,.379,0.3,0.7,.417,0.8,2.3,.367,.427,0.3,0.4,.714,0.2,0.8,1.0,1.3,0.6,0.0,1.0,0.7,2.8,1999
4469,304,Elliot Perry,PG,29,MIL,5,0,9.4,1.8,3.4,.529,0.2,0.2,1.000,1.6,3.2,.500,.559,0.2,0.4,.500,0.2,1.4,1.6,2.4,0.8,0.0,0.4,0.6,4.0,1999
4470,304,Elliot Perry,PG,29,NJN,30,0,8.1,1.0,2.9,.349,0.3,0.8,.391,0.7,2.1,.333,.401,0.3,0.4,.750,0.2,0.7,0.9,1.2,0.5,0.0,1.1,0.7,2.6,1999
4471,305,Chuck Person,SF,34,CHH,50,21,19.8,2.2,5.8,.388,1.1,3.1,.350,1.1,2.6,.432,.483,0.5,0.6,.750,0.3,2.3,2.6,1.2,0.4,0.2,0.8,1.8,6.1,1999
4472,306,Wesley Person,SG,27,CLE,45,42,29.8,4.4,9.7,.453,1.7,4.4,.375,2.7,5.3,.519,.539,0.7,1.2,.604,0.4,2.7,3.2,1.8,0.8,0.4,0.9,1.2,11.2,1999
4473,307,Bobby Phills,SG,29,CHH,43,43,36.6,5.0,11.6,.433,1.6,4.0,.395,3.4,7.6,.452,.501,2.7,3.9,.685,0.9,3.1,4.0,3.5,1.4,0.6,2.1,2.9,14.3,1999
4474,308,Eric Piatkowski,SG,28,LAC,49,38,25.3,3.7,8.5,.432,1.3,3.4,.394,2.3,5.1,.456,.510,1.8,2.1,.863,0.8,2.1,2.9,1.1,0.9,0.1,1.1,1.8,10.5,1999
4475,309,Paul Pierce*,SF,21,BOS,48,47,34.0,5.9,13.5,.439,1.8,4.3,.412,4.2,9.2,.451,.504,2.9,4.1,.713,2.4,4.0,6.4,2.4,1.7,1.0,2.4,2.9,16.5,1999
4476,310,Scottie Pippen*,SF,33,HOU,50,50,40.2,5.2,12.1,.432,1.4,4.2,.340,3.8,7.8,.482,.492,2.6,3.7,.721,1.3,5.2,6.5,5.9,2.0,0.7,3.2,2.4,14.5,1999
4477,311,Scot Pollard,C,23,SAC,16,5,16.2,2.1,3.8,.541,0.0,0.0,,2.1,3.8,.541,.541,1.0,1.4,.696,2.4,2.8,5.1,0.3,0.5,1.1,0.3,2.6,5.1,1999
4478,312,Olden Polynice,C,34,SEA,48,47,30.9,3.5,7.5,.472,0.0,0.0,1.000,3.5,7.4,.471,.473,0.6,2.0,.309,3.8,5.0,8.9,0.9,0.4,0.6,1.0,3.1,7.7,1999
4479,313,Mark Pope,SF,26,IND,4,0,6.5,0.3,1.8,.143,0.0,1.0,.000,0.3,0.8,.333,.143,0.0,0.3,.000,0.5,0.5,1.0,0.0,0.0,0.0,0.3,1.5,0.5,1999
4480,314,Terry Porter,PG,35,MIA,50,1,27.3,3.4,7.4,.465,1.2,2.8,.411,2.3,4.6,.498,.543,2.5,3.0,.831,0.3,2.5,2.8,2.9,1.0,0.2,1.5,1.9,10.5,1999
4481,315,Vitaly Potapenko,C,23,TOT,50,44,27.9,4.1,8.2,.495,0.0,0.0,.000,4.1,8.2,.496,.495,1.8,3.1,.587,2.3,4.4,6.6,1.5,0.7,0.7,2.0,3.4,10.0,1999
4482,315,Vitaly Potapenko,C,23,CLE,17,12,27.5,3.2,7.4,.437,0.0,0.1,.000,3.2,7.4,.440,.437,1.9,2.9,.673,1.4,4.2,5.5,0.9,0.6,0.9,1.6,3.1,8.4,1999
4483,315,Vitaly Potapenko,C,23,BOS,33,32,28.1,4.5,8.7,.521,0.0,0.0,,4.5,8.7,.521,.521,1.8,3.2,.547,2.8,4.5,7.2,1.8,0.7,0.6,2.2,3.5,10.8,1999
4484,316,Brent Price,PG,30,HOU,40,6,20.2,2.5,5.2,.483,1.2,2.8,.411,1.4,2.4,.568,.594,1.2,1.5,.754,0.5,1.5,2.0,2.8,0.8,0.0,1.6,2.3,7.3,1999
4485,317,Theo Ratliff,PF,25,PHI,50,50,32.5,3.9,8.4,.470,0.0,0.0,,3.9,8.4,.470,.470,3.3,4.6,.725,2.8,5.4,8.1,0.6,0.9,3.0,1.8,3.6,11.2,1999
4486,318,Eldridge Recasner,PG,31,CHH,44,2,16.1,1.9,4.2,.446,0.5,1.4,.400,1.3,2.8,.468,.511,0.8,0.9,.872,0.5,1.3,1.8,2.1,0.4,0.0,1.3,1.5,5.0,1999
4487,319,Bryant Reeves,C,25,VAN,25,14,28.1,4.1,10.0,.406,0.0,0.0,.000,4.1,10.0,.408,.406,2.7,4.6,.578,2.0,3.5,5.5,1.5,0.5,0.3,1.9,4.1,10.8,1999
4488,320,Khalid Reeves,PG,26,DET,11,0,10.2,0.7,1.9,.381,0.1,0.3,.333,0.6,1.6,.389,.405,0.7,1.3,.571,0.3,0.4,0.6,1.0,0.4,0.0,0.6,1.2,2.3,1999
4489,Rk,Player,Pos,Age,Tm,G,GS,MP,FG,FGA,FG%,3P,3PA,3P%,2P,2PA,2P%,eFG%,FT,FTA,FT%,ORB,DRB,TRB,AST,STL,BLK,TOV,PF,PTS,1999
4490,321,Don Reid,PF,25,DET,47,30,19.9,2.1,3.7,.557,0.0,0.0,,2.1,3.7,.557,.557,1.0,1.7,.608,1.4,2.2,3.6,0.7,0.6,0.9,0.8,3.3,5.1,1999
4491,322,J.R. Reid,PF,30,TOT,41,26,25.1,3.2,6.8,.477,0.0,0.0,.000,3.2,6.7,.478,.477,2.6,3.3,.766,1.1,4.1,5.2,1.2,0.9,0.2,1.2,3.3,9.0,1999
4492,322,J.R. Reid,PF,30,CHH,16,16,34.8,5.5,10.6,.521,0.0,0.0,,5.5,10.6,.521,.521,4.2,5.3,.798,1.3,5.8,7.1,1.6,1.4,0.6,1.8,3.9,15.2,1999
4493,322,J.R. Reid,PF,30,LAL,25,10,18.9,1.8,4.3,.407,0.0,0.0,.000,1.8,4.3,.411,.407,1.5,2.1,.717,1.0,3.0,4.0,0.9,0.6,0.0,0.9,2.9,5.0,1999
4494,323,Shawn Respert,SG,26,PHO,12,1,8.3,1.1,3.0,.361,0.3,1.1,.308,0.8,1.9,.391,.417,0.6,0.8,.700,0.2,0.9,1.1,0.7,0.4,0.0,0.4,0.8,3.1,1999
4495,324,Rodrick Rhodes,SG-SF,25,TOT,13,1,12.0,1.0,4.0,.250,0.1,0.5,.143,0.9,3.5,.267,.260,1.2,1.9,.640,0.7,0.6,1.3,0.8,0.4,0.2,1.5,1.6,3.3,1999
4496,324,Rodrick Rhodes,SF,25,HOU,3,0,11.0,0.7,2.7,.250,0.0,0.0,,0.7,2.7,.250,.250,1.7,2.0,.833,0.7,0.7,1.3,0.3,0.3,0.0,1.7,1.7,3.0,1999
4497,324,Rodrick Rhodes,SG,25,VAN,10,1,12.3,1.1,4.4,.250,0.1,0.7,.143,1.0,3.7,.270,.261,1.1,1.9,.579,0.7,0.6,1.3,1.0,0.4,0.2,1.5,1.6,3.4,1999
4498,325,Glen Rice,SF,31,LAL,27,25,36.5,6.3,14.7,.432,2.0,5.0,.393,4.4,9.7,.452,.499,2.9,3.3,.856,0.3,3.3,3.7,2.6,0.6,0.2,1.7,2.5,17.5,1999
4499,326,Pooh Richardson,PG,32,LAC,11,0,11.8,1.1,3.3,.333,0.0,0.5,.000,1.1,2.7,.400,.333,0.4,0.4,1.000,0.1,1.1,1.2,2.7,0.4,0.0,0.8,0.5,2.5,1999
4500,327,Mitch Richmond*,SG,33,WAS,50,50,38.2,6.6,16.1,.412,1.4,4.4,.317,5.2,11.6,.448,.456,5.0,5.9,.857,0.6,2.8,3.4,2.4,1.3,0.2,2.7,2.4,19.7,1999
4501,328,Isaiah Rider,SG,27,POR,47,41,29.5,5.3,12.9,.412,0.9,2.4,.378,4.4,10.5,.419,.446,2.4,3.1,.755,1.3,2.9,4.2,2.2,0.5,0.2,2.0,2.1,13.9,1999
4502,329,Eric Riley,C,28,BOS,35,11,9.6,0.8,1.5,.519,0.0,0.0,,0.8,1.5,.519,.519,0.6,0.9,.710,1.0,1.8,2.8,0.4,0.3,0.7,0.7,2.1,2.2,1999
4503,330,Stanley Roberts,C,28,HOU,6,0,5.5,0.8,2.2,.385,0.0,0.0,,0.8,2.2,.385,.385,0.7,1.3,.500,0.7,1.2,1.8,0.0,0.0,0.2,0.7,0.3,2.3,1999
4504,331,Clifford Robinson,SF,32,PHO,50,35,34.8,6.0,12.6,.475,1.2,2.8,.417,4.8,9.8,.492,.521,3.3,4.7,.697,1.4,3.2,4.5,2.6,1.5,1.2,1.8,3.1,16.4,1999
4505,332,David Robinson*,C,33,SAS,49,49,31.7,5.5,10.8,.509,0.0,0.0,.000,5.5,10.7,.510,.509,4.9,7.4,.658,3.0,7.0,10.0,2.1,1.4,2.4,2.2,2.9,15.8,1999
4506,333,Glenn Robinson,SF,26,MIL,47,47,33.6,7.4,16.1,.459,0.7,1.7,.392,6.7,14.4,.467,.479,3.0,3.4,.870,1.6,4.3,5.9,2.1,1.0,0.9,2.3,2.4,18.4,1999
4507,334,James Robinson,PG,28,TOT,31,0,16.3,2.2,6.0,.362,0.7,2.4,.284,1.5,3.6,.414,.419,0.9,1.3,.683,0.6,1.4,2.0,1.8,0.7,0.3,1.4,1.9,5.9,1999
4508,334,James Robinson,PG,28,LAC,14,0,20.0,2.8,7.0,.398,0.6,2.1,.267,2.2,4.9,.456,.439,1.4,1.9,.741,0.7,1.2,1.9,1.3,1.0,0.2,1.1,2.1,7.6,1999
4509,334,James Robinson,PG,28,MIN,17,0,13.3,1.6,5.1,.322,0.8,2.6,.295,0.9,2.5,.349,.397,0.5,0.8,.571,0.5,1.6,2.1,2.2,0.5,0.3,1.6,1.8,4.5,1999
4510,335,Dennis Rodman*,PF,37,LAL,23,11,28.6,0.7,2.0,.348,0.0,0.1,.000,0.7,1.9,.364,.348,0.7,1.7,.436,2.7,8.5,11.2,1.3,0.4,0.5,1.3,3.1,2.1,1999
4511,336,Carlos Rogers,PF,27,POR,2,0,4.0,1.0,1.0,1.000,0.0,0.0,,1.0,1.0,1.000,1.000,0.5,2.0,.250,0.0,0.5,0.5,0.5,0.0,0.0,0.0,1.0,2.5,1999
4512,337,Rodney Rogers,SF,27,LAC,47,7,20.6,2.8,6.3,.441,0.4,1.3,.286,2.4,5.0,.483,.471,1.4,2.1,.673,1.4,2.4,3.8,1.6,1.0,0.5,1.4,3.0,7.4,1999
4513,338,Sean Rooks,C,29,LAL,36,0,8.8,0.9,2.2,.405,0.0,0.1,.000,0.9,2.1,.416,.405,0.9,1.3,.708,0.9,1.1,2.0,0.3,0.1,0.3,0.6,1.7,2.7,1999
4514,339,Jalen Rose,SF,26,IND,49,1,25.3,4.1,10.1,.403,0.3,1.3,.262,3.7,8.8,.425,.420,2.6,3.2,.791,0.7,2.4,3.1,1.9,1.0,0.3,1.5,2.6,11.1,1999
4515,340,Malik Rose,PF,24,SAS,47,0,12.9,2.0,4.3,.463,0.0,0.0,.000,2.0,4.3,.465,.463,2.1,3.1,.671,1.9,2.0,3.9,0.6,0.9,0.5,1.2,2.6,6.0,1999
4516,Rk,Player,Pos,Age,Tm,G,GS,MP,FG,FGA,FG%,3P,3PA,3P%,2P,2PA,2P%,eFG%,FT,FTA,FT%,ORB,DRB,TRB,AST,STL,BLK,TOV,PF,PTS,1999
4517,341,Bryon Russell,SF,28,UTA,50,50,35.4,4.3,9.4,.464,1.0,2.9,.354,3.3,6.4,.514,.519,2.7,3.4,.795,1.3,4.0,5.3,1.5,1.5,0.3,1.5,3.1,12.4,1999
4518,342,Arvydas Sabonis*,C,34,POR,50,48,27.0,4.6,9.6,.485,0.1,0.5,.292,4.5,9.1,.496,.493,2.7,3.5,.771,1.8,6.1,7.9,2.4,0.7,1.3,1.7,2.9,12.1,1999
4519,343,Jason Sasser,SF,25,VAN,6,0,6.5,0.8,1.8,.455,0.0,0.0,,0.8,1.8,.455,.455,0.2,0.3,.500,0.3,0.8,1.2,0.3,0.3,0.0,0.3,0.7,1.8,1999
4520,344,Danny Schayes,C,39,ORL,19,1,7.5,0.6,1.5,.379,0.0,0.0,,0.6,1.5,.379,.379,0.3,0.4,.750,0.2,0.6,0.7,0.2,0.1,0.1,0.4,1.2,1.5,1999
4521,345,Dwayne Schintzius,C,30,BOS,16,0,4.2,0.3,1.0,.250,0.0,0.0,,0.3,1.0,.250,.250,0.2,0.3,.750,0.4,0.8,1.2,0.5,0.0,0.2,0.6,1.1,0.7,1999
4522,346,Detlef Schrempf,SF,36,SEA,50,39,35.3,5.2,11.0,.472,0.7,1.7,.395,4.5,9.3,.486,.503,4.0,4.9,.823,1.5,5.9,7.4,3.7,0.8,0.5,2.1,3.0,15.0,1999
4523,347,Dennis Scott,SF,30,TOT,36,9,20.5,2.4,5.9,.408,1.0,2.7,.381,1.4,3.2,.431,.495,0.6,0.9,.742,0.2,1.4,1.6,1.1,0.4,0.1,0.5,1.4,6.5,1999
4524,347,Dennis Scott,SF,30,NYK,15,0,13.7,1.1,3.7,.304,0.5,1.9,.276,0.6,1.8,.333,.375,0.1,0.3,.250,0.2,1.1,1.3,0.5,0.2,0.1,0.3,1.1,2.9,1999
4525,347,Dennis Scott,SF,30,MIN,21,9,25.3,3.3,7.5,.446,1.4,3.2,.426,2.0,4.2,.461,.538,1.0,1.3,.815,0.2,1.6,1.8,1.5,0.6,0.1,0.7,1.5,9.1,1999
4526,348,Malik Sealy,SF,28,MIN,31,7,23.6,3.1,7.5,.411,0.2,0.7,.261,2.9,6.7,.428,.424,1.8,2.0,.902,0.7,2.2,3.0,1.2,1.0,0.2,1.1,2.2,8.1,1999
4527,349,Rony Seikaly,C,33,NJN,9,0,9.8,0.4,2.2,.200,0.0,0.0,,0.4,2.2,.200,.200,0.8,2.0,.389,0.6,1.8,2.3,0.2,0.4,0.7,1.1,1.7,1.7,1999
4528,350,Charles Shackleford,C,32,CHH,32,4,11.5,1.4,2.8,.489,0.0,0.0,,1.4,2.8,.489,.489,0.6,0.9,.655,1.3,2.8,4.0,0.4,0.2,0.4,0.8,2.1,3.3,1999
4529,351,Brian Shaw,PG,32,POR,1,0,5.0,0.0,1.0,.000,0.0,0.0,,0.0,1.0,.000,.000,0.0,0.0,,0.0,1.0,1.0,1.0,0.0,0.0,1.0,1.0,0.0,1999
4530,352,Casey Shaw,C,23,PHI,9,0,1.6,0.1,0.9,.125,0.0,0.0,,0.1,0.9,.125,.125,0.0,0.0,,0.3,0.0,0.3,0.0,0.0,0.0,0.2,0.2,0.2,1999
4531,353,Jeff Sheppard,SG,24,ATL,18,5,10.3,0.8,2.2,.385,0.1,0.4,.286,0.7,1.8,.406,.410,0.4,0.7,.615,0.3,0.9,1.2,0.9,0.2,0.0,0.4,0.7,2.2,1999
4532,354,Miles Simon,SG,23,ORL,5,0,3.8,0.2,1.0,.200,0.0,0.4,.000,0.2,0.6,.333,.200,0.0,0.0,,0.2,0.2,0.4,0.0,0.2,0.0,0.6,0.2,0.4,1999
4533,355,Dickey Simpkins,C,26,CHI,50,35,29.0,3.0,6.5,.463,0.0,0.0,.000,3.0,6.5,.464,.463,3.1,4.8,.645,2.2,4.6,6.8,1.3,0.7,0.3,1.4,2.6,9.1,1999
4534,356,Alvin Sims,SG,24,PHO,4,0,6.3,1.0,2.5,.400,0.3,0.3,1.000,0.8,2.3,.333,.450,0.5,1.3,.400,0.8,0.3,1.0,1.3,0.5,0.0,1.5,0.5,2.8,1999
4535,357,Brian Skinner,PF,22,LAC,21,0,12.3,1.6,3.4,.465,0.0,0.0,,1.6,3.4,.465,.465,1.0,1.6,.606,1.0,1.6,2.5,0.0,0.5,0.6,0.9,1.0,4.1,1999
4536,358,Reggie Slater,PF,28,TOR,30,0,8.8,1.0,2.7,.383,0.0,0.0,,1.0,2.7,.383,.383,1.8,2.8,.624,1.2,1.1,2.3,0.2,0.1,0.1,0.8,1.7,3.8,1999
4537,359,Charles Smith,SG,23,LAC,23,10,13.8,1.5,4.2,.361,0.3,1.4,.212,1.2,2.8,.438,.397,0.3,0.7,.438,0.3,0.7,1.0,0.6,0.7,0.6,0.9,1.5,3.7,1999
4538,360,Joe Smith,C,23,MIN,43,42,33.0,5.2,12.1,.427,0.0,0.1,.000,5.2,12.1,.430,.427,3.3,4.4,.755,3.6,4.7,8.2,1.6,0.7,1.5,1.5,3.4,13.7,1999
4539,Rk,Player,Pos,Age,Tm,G,GS,MP,FG,FGA,FG%,3P,3PA,3P%,2P,2PA,2P%,eFG%,FT,FTA,FT%,ORB,DRB,TRB,AST,STL,BLK,TOV,PF,PTS,1999
4540,361,Michael Smith,PF,26,VAN,48,10,22.9,1.6,3.0,.535,0.0,0.0,.000,1.6,3.0,.538,.535,1.6,2.7,.594,2.8,4.5,7.3,1.0,1.0,0.4,1.3,2.2,4.8,1999
4541,362,Steve Smith,SG,29,ATL,36,36,36.5,6.0,15.0,.402,1.3,3.9,.338,4.7,11.1,.424,.445,5.3,6.3,.849,1.4,2.8,4.2,3.3,1.0,0.3,2.8,2.8,18.7,1999
4542,363,Rik Smits,C,32,IND,49,49,25.9,6.3,12.9,.490,0.0,0.0,.000,6.3,12.9,.491,.490,2.2,2.7,.818,1.5,4.1,5.6,1.1,0.4,1.1,1.5,3.2,14.9,1999
4543,364,Eric Snow,PG,25,PHI,48,48,35.8,3.1,7.3,.428,0.1,0.4,.238,3.0,6.8,.440,.435,2.3,3.1,.733,0.5,2.9,3.4,6.3,2.1,0.0,2.3,3.1,8.6,1999
4544,365,Felton Spencer,C,31,GSW,26,0,6.1,0.6,1.3,.455,0.0,0.0,,0.6,1.3,.455,.455,0.5,1.0,.462,0.7,1.1,1.8,0.0,0.2,0.4,0.3,1.6,1.6,1999
4545,366,Latrell Sprewell,SF,28,NYK,37,4,33.3,5.8,14.0,.415,0.6,2.1,.273,5.2,11.9,.440,.435,4.2,5.2,.812,1.1,3.1,4.2,2.5,1.2,0.1,2.1,1.8,16.4,1999
4546,367,Ryan Stack,PF,23,CLE,18,0,11.1,0.8,2.1,.378,0.0,0.0,,0.8,2.1,.378,.378,1.1,1.1,.950,1.1,0.8,1.9,0.3,0.1,0.6,0.5,1.7,2.6,1999
4547,368,Jerry Stackhouse,SG,24,DET,42,9,28.3,4.3,11.6,.371,0.8,3.0,.278,3.5,8.6,.403,.407,5.0,5.9,.850,0.6,1.9,2.5,2.8,0.8,0.5,2.9,1.9,14.5,1999
4548,369,John Starks,SG,33,GSW,50,50,33.7,5.4,14.6,.370,1.6,5.4,.290,3.8,9.2,.416,.423,1.5,2.0,.740,0.7,2.6,3.3,4.7,1.4,0.1,1.7,2.7,13.8,1999
4549,370,Vladimir Stepania,C,22,SEA,23,6,13.6,2.3,5.4,.424,0.0,0.1,.000,2.3,5.3,.434,.424,0.9,1.7,.525,1.2,2.1,3.3,0.5,0.4,1.0,1.4,2.5,5.5,1999
4550,371,Michael Stewart,C,23,TOR,42,2,9.4,0.5,1.3,.415,0.0,0.0,,0.5,1.3,.415,.415,0.4,0.6,.680,1.0,1.3,2.4,0.1,0.1,0.7,0.3,1.8,1.5,1999
4551,372,Bryant Stith,SG,28,DEN,46,32,26.0,2.5,6.3,.393,0.7,2.3,.292,1.8,4.0,.451,.447,1.3,1.5,.859,0.7,1.7,2.3,1.8,0.6,0.3,1.0,1.4,7.0,1999
4552,373,John Stockton*,PG,36,UTA,50,50,28.2,4.0,8.2,.488,0.3,1.0,.320,3.7,7.2,.511,.507,2.7,3.4,.811,0.6,2.3,2.9,7.5,1.6,0.3,2.2,2.1,11.1,1999
4553,374,Peja Stojaković,SF,21,SAC,48,1,21.4,2.9,7.8,.378,1.2,3.7,.320,1.8,4.1,.431,.454,1.3,1.5,.851,0.9,2.1,3.0,1.5,0.9,0.1,1.1,0.9,8.4,1999
4554,375,Damon Stoudamire,PG,25,POR,50,50,33.5,5.0,12.6,.396,0.9,2.8,.310,4.1,9.7,.421,.431,1.8,2.4,.730,0.8,2.5,3.3,6.2,1.0,0.1,2.2,1.6,12.6,1999
4555,376,Erick Strickland,SG,25,DAL,33,2,17.2,2.7,6.7,.403,0.5,1.8,.305,2.2,4.9,.438,.443,1.6,2.0,.815,0.4,2.2,2.5,1.9,1.2,0.1,1.1,1.3,7.5,1999
4556,377,Mark Strickland,PF,28,MIA,32,1,11.2,1.6,3.2,.495,0.0,0.0,.000,1.6,3.1,.500,.495,0.6,0.8,.731,0.8,1.6,2.4,0.3,0.2,0.3,0.4,0.9,3.7,1999
4557,378,Rod Strickland,PG,32,WAS,44,43,37.1,5.7,13.7,.416,0.3,1.0,.286,5.4,12.8,.426,.426,4.0,5.4,.746,1.3,3.5,4.8,9.9,1.7,0.1,3.2,2.1,15.7,1999
4558,379,Derek Strong,PF,30,ORL,44,0,15.8,1.7,4.1,.422,0.0,0.0,.000,1.7,4.0,.427,.422,1.6,2.3,.717,1.5,2.2,3.7,0.4,0.3,0.2,0.8,1.5,5.1,1999
4559,380,Bruno Šundov,C,18,DAL,3,0,3.7,0.7,2.3,.286,0.0,0.0,,0.7,2.3,.286,.286,0.0,0.0,,0.0,0.0,0.0,0.3,0.0,0.0,0.3,1.3,1.3,1999
4560,Rk,Player,Pos,Age,Tm,G,GS,MP,FG,FGA,FG%,3P,3PA,3P%,2P,2PA,2P%,eFG%,FT,FTA,FT%,ORB,DRB,TRB,AST,STL,BLK,TOV,PF,PTS,1999
4561,381,Bob Sura,PG,25,CLE,50,6,16.8,1.4,4.2,.333,0.2,0.9,.200,1.2,3.3,.370,.355,1.3,2.1,.631,0.4,1.6,2.0,3.0,0.9,0.3,1.3,2.0,4.3,1999
4562,382,Johnny Taylor,SF,24,DEN,36,9,20.1,2.3,5.5,.414,0.7,1.9,.382,1.6,3.6,.431,.480,0.5,0.6,.739,0.8,2.0,2.8,0.7,0.8,0.5,0.9,2.7,5.8,1999
4563,383,Maurice Taylor,PF,22,LAC,46,45,32.7,6.8,14.7,.461,0.0,0.1,.167,6.7,14.5,.463,.461,3.3,4.5,.728,2.2,3.1,5.3,1.5,0.3,0.6,2.6,3.9,16.8,1999
4564,384,John Thomas,C,23,TOR,39,11,15.2,1.8,3.2,.577,0.0,0.0,.000,1.8,3.1,.582,.577,0.7,1.2,.563,1.7,1.8,3.4,0.4,0.4,0.2,0.5,2.1,4.3,1999
4565,385,Kurt Thomas,PF,26,NYK,50,44,23.6,3.4,7.4,.462,0.0,0.0,.000,3.4,7.3,.463,.462,1.3,2.2,.611,1.6,4.1,5.7,1.1,0.9,0.3,1.5,3.2,8.1,1999
4566,386,Tim Thomas,SF,21,TOT,50,26,16.2,2.6,5.6,.473,0.4,1.4,.309,2.2,4.2,.526,.511,1.5,2.2,.652,1.0,1.5,2.5,0.9,0.5,0.2,0.9,2.1,7.2,1999
4567,386,Tim Thomas,SF,21,PHI,17,0,11.1,1.6,3.9,.403,0.3,1.1,.263,1.3,2.8,.458,.440,1.1,1.4,.792,0.4,1.5,1.9,0.9,0.2,0.2,0.9,1.2,4.6,1999
4568,386,Tim Thomas,SF,21,MIL,33,26,18.9,3.2,6.4,.495,0.5,1.5,.327,2.7,4.9,.546,.533,1.6,2.7,.614,1.3,1.5,2.8,0.9,0.7,0.3,0.9,2.6,8.5,1999
4569,387,Otis Thorpe,PF,36,WAS,49,38,31.4,4.9,9.0,.545,0.0,0.0,.000,4.9,8.9,.548,.545,1.5,2.2,.698,2.0,4.9,6.8,2.1,0.9,0.4,1.8,4.0,11.3,1999
4570,388,Robert Traylor,C,21,MIL,49,43,16.0,2.2,4.1,.537,0.0,0.0,.000,2.2,4.1,.540,.537,0.9,1.6,.538,1.6,2.1,3.7,0.8,0.9,0.9,0.9,2.9,5.3,1999
4571,389,Gary Trent,PF,24,DAL,45,23,30.3,6.4,13.4,.477,0.0,0.1,.000,6.4,13.3,.481,.477,3.2,5.2,.617,2.8,5.0,7.8,1.7,0.6,0.5,1.5,2.7,16.0,1999
4572,390,Nick Van Exel,PG,27,DEN,50,50,36.0,6.1,15.4,.398,1.4,4.7,.308,4.7,10.7,.437,.445,2.8,3.5,.811,0.3,2.0,2.3,7.4,0.8,0.1,2.4,1.8,16.5,1999
4573,391,Keith Van Horn,PF,23,NJN,42,42,37.5,7.7,17.9,.428,0.4,1.3,.302,7.3,16.6,.438,.439,6.1,7.1,.859,2.7,5.8,8.5,1.5,1.0,1.3,3.2,3.2,21.8,1999
4574,392,David Vaughn,PF,25,NJN,10,0,10.3,1.3,2.4,.542,0.0,0.0,,1.3,2.4,.542,.542,0.8,1.0,.800,1.3,2.1,3.4,0.1,0.2,0.8,1.1,2.2,3.4,1999
4575,393,Jacque Vaughn,PG,23,UTA,19,0,4.6,0.6,1.6,.367,0.1,0.4,.250,0.5,1.2,.409,.400,1.1,1.3,.833,0.1,0.5,0.6,0.6,0.3,0.0,0.7,0.7,2.3,1999
4576,394,Loy Vaught,PF,30,DET,37,10,13.0,1.6,4.2,.381,0.0,0.0,.000,1.6,4.2,.383,.381,0.2,0.4,.643,1.0,3.0,3.9,0.3,0.4,0.2,0.5,1.5,3.4,1999
4577,395,Stojko Vranković,C,35,LAC,2,0,6.0,0.5,2.0,.250,0.0,0.0,,0.5,2.0,.250,.250,0.0,0.0,,2.0,1.0,3.0,0.0,0.0,0.0,0.0,1.0,1.0,1999
4578,396,Antoine Walker,PF,22,BOS,42,41,36.9,7.2,17.5,.412,1.5,4.2,.369,5.7,13.3,.426,.456,2.7,4.8,.559,2.5,6.0,8.5,3.1,1.5,0.7,2.8,3.4,18.7,1999
4579,397,Samaki Walker,PF,22,DAL,39,2,14.6,2.3,4.9,.463,0.0,0.0,.000,2.3,4.8,.466,.463,1.4,2.5,.541,1.2,2.5,3.7,0.2,0.2,0.4,0.9,2.2,5.9,1999
4580,398,Ben Wallace*,C,24,WAS,46,16,26.8,2.5,4.3,.578,0.0,0.0,,2.5,4.3,.578,.578,1.0,2.9,.356,3.0,5.4,8.3,0.4,1.1,2.0,0.8,2.4,6.0,1999
4581,399,John Wallace,SF,24,TOR,48,3,16.9,3.2,7.4,.432,0.0,0.0,,3.2,7.4,.432,.432,2.2,3.1,.700,1.1,2.4,3.6,1.0,0.3,0.9,1.5,1.9,8.6,1999
4582,400,Rasheed Wallace,PF,24,POR,49,18,28.9,4.9,9.7,.508,0.3,0.6,.419,4.7,9.1,.515,.522,2.7,3.7,.732,1.2,3.8,4.9,1.2,1.0,1.1,1.6,3.6,12.8,1999
4583,Rk,Player,Pos,Age,Tm,G,GS,MP,FG,FGA,FG%,3P,3PA,3P%,2P,2PA,2P%,eFG%,FT,FTA,FT%,ORB,DRB,TRB,AST,STL,BLK,TOV,PF,PTS,1999
4584,401,Rex Walters,SG,28,MIA,33,13,15.3,1.1,2.9,.368,0.4,1.2,.316,0.7,1.7,.404,.432,0.6,0.7,.826,0.3,1.2,1.5,1.8,0.3,0.1,1.0,1.9,3.1,1999
4585,402,Charlie Ward,PG,28,NYK,50,50,31.1,2.7,6.7,.404,1.1,3.0,.356,1.6,3.7,.443,.484,1.1,1.6,.705,0.5,3.0,3.4,5.4,2.1,0.2,2.6,2.1,7.6,1999
4586,403,Eric Washington,SG,24,DEN,38,6,20.0,1.9,4.8,.397,1.0,2.6,.381,0.9,2.3,.414,.497,0.6,0.8,.688,0.9,1.4,2.3,0.8,0.7,0.5,0.9,2.3,5.4,1999
4587,404,Jamie Watson,SF,26,MIA,3,0,6.0,0.3,0.7,.500,0.0,0.0,,0.3,0.7,.500,.500,0.0,0.0,,0.0,0.3,0.3,0.3,0.0,0.0,0.3,0.3,0.7,1999
4588,405,Clarence Weatherspoon,SF,28,MIA,49,3,21.2,2.9,5.4,.534,0.0,0.0,,2.9,5.4,.534,.534,2.3,2.9,.804,1.5,3.5,5.0,0.7,0.6,0.3,1.2,2.2,8.1,1999
4589,406,Chris Webber*,PF,25,SAC,42,42,40.9,9.0,18.5,.486,0.1,0.8,.118,8.9,17.7,.503,.488,1.9,4.1,.454,3.5,9.4,13.0,4.1,1.4,2.1,3.5,3.5,20.0,1999
4590,407,Bonzi Wells,SF,22,POR,7,0,5.0,1.6,2.9,.550,0.1,0.4,.333,1.4,2.4,.588,.575,1.1,2.6,.444,0.6,0.7,1.3,0.4,0.1,0.1,0.9,0.7,4.4,1999
4591,408,Bill Wennington,C,35,CHI,38,3,11.9,1.6,4.7,.348,0.0,0.0,1.000,1.6,4.7,.345,.351,0.5,0.6,.818,0.5,1.6,2.1,0.5,0.3,0.3,0.4,2.1,3.8,1999
4592,409,David Wesley,PG,28,CHH,50,50,37.0,4.9,10.9,.446,1.2,3.4,.359,3.6,7.5,.485,.502,3.2,3.8,.832,0.5,2.8,3.2,6.4,2.0,0.2,2.8,2.6,14.1,1999
4593,410,Doug West,SG,31,VAN,14,2,21.0,2.2,4.6,.477,0.0,0.1,.000,2.2,4.5,.492,.477,1.4,1.8,.760,0.4,1.4,1.8,1.4,1.1,0.5,0.9,2.7,5.8,1999
4594,411,Mark West,C,38,ATL,49,0,10.2,0.4,1.2,.373,0.0,0.0,,0.4,1.2,.373,.373,0.3,0.9,.356,1.0,1.6,2.6,0.3,0.1,0.4,0.3,1.7,1.2,1999
4595,412,DeJuan Wheat,PG,25,VAN,46,0,12.8,1.6,4.2,.378,0.5,1.3,.367,1.1,2.9,.383,.435,0.9,1.2,.727,0.2,0.7,1.0,2.2,0.6,0.0,1.0,1.3,4.5,1999
4596,413,Tyson Wheeler,PG,23,DEN,1,0,3.0,1.0,1.0,1.000,1.0,1.0,1.000,0.0,0.0,,1.500,1.0,2.0,.500,0.0,0.0,0.0,2.0,0.0,0.0,0.0,1.0,4.0,1999
4597,414,Jahidi White,PF,22,WAS,20,0,9.6,0.9,1.6,.531,0.0,0.0,,0.9,1.6,.531,.531,0.8,1.8,.429,1.2,1.8,2.9,0.1,0.2,0.6,0.8,2.0,2.5,1999
4598,415,Chris Whitney,PG,27,WAS,39,1,11.3,1.6,4.0,.410,0.8,2.4,.337,0.8,1.6,.525,.513,0.7,0.8,.871,0.2,1.0,1.2,1.8,0.5,0.1,0.9,1.3,4.8,1999
4599,416,Dominique Wilkins*,SF,39,ORL,27,2,9.3,1.9,4.9,.379,0.2,0.7,.263,1.7,4.2,.398,.398,1.1,1.6,.690,1.1,1.5,2.6,0.6,0.1,0.0,0.9,0.7,5.0,1999
4600,417,Gerald Wilkins,SG,35,ORL,3,0,9.3,0.0,3.0,.000,0.0,0.0,,0.0,3.0,.000,.000,0.7,0.7,1.000,0.0,0.3,0.3,0.3,0.0,0.0,1.0,1.0,0.7,1999
4601,418,Aaron Williams,PF,27,SEA,40,2,11.5,1.3,3.1,.423,0.0,0.0,.000,1.3,3.1,.426,.423,1.4,1.9,.730,1.4,1.9,3.2,0.6,0.4,0.6,0.8,1.9,4.0,1999
4602,419,Alvin Williams,PG,24,TOR,50,45,21.0,1.9,4.7,.401,0.3,0.8,.333,1.6,3.9,.415,.430,0.9,1.0,.846,0.4,1.3,1.6,2.6,1.0,0.2,1.1,1.9,5.0,1999
4603,420,Brandon Williams,SG,23,SAS,3,0,1.3,0.0,0.0,,0.0,0.0,,0.0,0.0,,,0.7,1.3,.500,0.3,0.0,0.3,0.0,0.0,0.0,0.0,0.0,0.7,1999
4604,Rk,Player,Pos,Age,Tm,G,GS,MP,FG,FGA,FG%,3P,3PA,3P%,2P,2PA,2P%,eFG%,FT,FTA,FT%,ORB,DRB,TRB,AST,STL,BLK,TOV,PF,PTS,1999
4605,421,Eric Williams,SF,26,DEN,38,8,20.5,2.1,5.8,.365,0.2,0.7,.231,1.9,5.1,.383,.379,2.9,3.7,.799,0.9,1.2,2.1,1.0,0.7,0.2,1.3,2.0,7.3,1999
4606,422,Herb Williams,C,40,NYK,6,0,5.7,0.7,1.3,.500,0.0,0.0,,0.7,1.3,.500,.500,0.3,0.3,1.000,0.5,0.5,1.0,0.0,0.0,0.3,0.3,0.3,1.7,1999
4607,423,Hot Rod Williams,C,36,DAL,25,11,16.1,0.4,1.3,.333,0.0,0.0,,0.4,1.3,.333,.333,0.3,0.4,.700,1.4,1.9,3.3,0.6,0.5,0.7,0.5,2.0,1.2,1999
4608,424,Jason Williams,PG,23,SAC,50,50,36.1,4.6,12.3,.374,2.0,6.5,.310,2.6,5.9,.446,.455,1.6,2.1,.752,0.3,2.8,3.1,6.0,1.9,0.0,2.9,1.8,12.8,1999
4609,425,Jayson Williams,C,30,NJN,30,30,34.0,3.2,7.3,.445,0.0,0.1,.000,3.2,7.2,.449,.445,1.6,2.8,.565,4.9,7.1,12.0,1.1,0.8,2.0,1.5,4.2,8.1,1999
4610,426,Jerome Williams,PF,25,DET,50,10,23.1,2.5,5.0,.500,0.0,0.0,,2.5,5.0,.500,.500,2.1,3.2,.673,3.2,3.8,7.0,0.5,1.3,0.1,0.8,2.2,7.1,1999
4611,427,Micheal Williams,PG,32,TOR,2,0,7.5,0.5,2.5,.200,0.0,0.0,,0.5,2.5,.200,.200,0.0,0.0,,0.5,0.0,0.5,0.0,0.0,0.0,0.5,0.5,1.0,1999
4612,428,Monty Williams,SF,27,DEN,1,0,6.0,0.0,2.0,.000,0.0,0.0,,0.0,2.0,.000,.000,1.0,2.0,.500,0.0,0.0,0.0,0.0,0.0,0.0,0.0,0.0,1.0,1999
4613,429,Scott Williams,C,30,TOT,7,0,6.6,0.7,2.4,.294,0.0,0.0,,0.7,2.4,.294,.294,0.6,1.0,.571,0.4,1.6,2.0,0.1,0.4,0.3,0.6,1.3,2.0,1999
4614,429,Scott Williams,C,30,PHI,2,0,8.5,0.0,1.0,.000,0.0,0.0,,0.0,1.0,.000,.000,0.0,0.0,,0.5,0.5,1.0,0.5,1.0,0.5,1.0,2.0,0.0,1999
4615,429,Scott Williams,C,30,MIL,5,0,5.8,1.0,3.0,.333,0.0,0.0,,1.0,3.0,.333,.333,0.8,1.4,.571,0.4,2.0,2.4,0.0,0.2,0.2,0.4,1.0,2.8,1999
4616,430,Shammond Williams,PG,23,ATL,2,0,2.0,0.0,0.5,.000,0.0,0.0,,0.0,0.5,.000,.000,1.5,2.0,.750,0.0,0.0,0.0,0.5,0.0,0.0,0.0,0.0,1.5,1999
4617,431,Travis Williams,SF,29,CHH,8,0,7.8,0.8,1.6,.462,0.0,0.0,,0.8,1.6,.462,.462,0.4,0.5,.750,0.8,1.6,2.4,0.3,0.3,0.1,0.8,1.3,1.9,1999
4618,432,Walt Williams,SF,28,POR,48,16,21.8,3.1,7.2,.424,1.3,3.0,.438,1.8,4.2,.414,.514,1.9,2.2,.832,0.8,2.2,3.0,1.7,0.8,0.6,1.3,2.1,9.3,1999
4619,433,Corliss Williamson,SF,25,SAC,50,50,27.5,5.4,11.1,.485,0.0,0.1,.200,5.4,11.0,.487,.486,2.4,3.8,.638,1.7,2.4,4.1,1.3,0.6,0.2,1.5,2.4,13.2,1999
4620,434,Kevin Willis,C,36,TOR,42,38,29.0,4.5,10.6,.418,0.0,0.0,.000,4.5,10.6,.420,.418,3.1,3.7,.839,2.6,5.7,8.3,1.6,0.7,0.7,2.0,3.2,12.0,1999
4621,435,David Wingate,SG,35,NYK,20,0,4.6,0.4,0.8,.438,0.0,0.0,,0.4,0.8,.438,.438,0.0,0.0,,0.2,0.3,0.4,0.3,0.2,0.0,0.3,0.5,0.7,1999
4622,436,Trevor Winter,C,25,MIN,1,0,5.0,0.0,0.0,,0.0,0.0,,0.0,0.0,,,0.0,0.0,,1.0,2.0,3.0,0.0,0.0,0.0,0.0,5.0,0.0,1999
4623,437,Joe Wolf,PF,34,CHH,3,0,4.0,0.0,0.3,.000,0.0,0.0,,0.0,0.3,.000,.000,0.0,0.7,.000,0.0,0.3,0.3,0.0,0.0,0.0,0.0,2.0,0.0,1999
4624,438,Haywoode Workman,PG,33,MIL,29,29,28.1,2.5,5.9,.429,0.6,1.6,.362,1.9,4.2,.455,.479,1.3,1.6,.787,0.5,3.0,3.5,5.9,1.1,0.0,2.2,1.8,6.9,1999
4625,439,Lorenzen Wright,C,23,LAC,48,15,23.6,2.5,5.4,.458,0.0,0.0,.000,2.5,5.4,.459,.458,1.7,2.4,.692,3.0,4.6,7.5,0.7,0.5,0.8,1.0,3.4,6.6,1999
4626,440,Korleone Young,SF,20,DET,3,0,5.0,1.7,3.3,.500,0.3,1.3,.250,1.3,2.0,.667,.550,0.7,0.7,1.000,0.7,0.7,1.3,0.3,0.0,0.0,0.3,1.0,4.3,1999
4627,1,Tariq Abdul-Wahad,SG,25,TOT,61,56,25.9,4.5,10.6,.424,0.0,0.4,.130,4.4,10.2,.435,.426,2.4,3.2,.756,1.7,3.1,4.8,1.6,1.0,0.5,1.7,2.4,11.4,2000
4628,1,Tariq Abdul-Wahad,SG,25,ORL,46,46,26.2,4.8,11.2,.433,0.0,0.5,.095,4.8,10.7,.447,.435,2.5,3.3,.762,1.7,3.5,5.2,1.6,1.2,0.3,1.9,2.5,12.2,2000
4629,1,Tariq Abdul-Wahad,SG,25,DEN,15,10,24.9,3.4,8.7,.389,0.1,0.1,.500,3.3,8.6,.388,.393,2.1,2.8,.738,1.6,1.9,3.5,1.7,0.4,0.8,1.3,2.1,8.9,2000
4630,2,Shareef Abdur-Rahim,SF,23,VAN,82,82,39.3,7.2,15.6,.465,0.4,1.2,.302,6.9,14.4,.478,.477,5.4,6.7,.809,2.7,7.4,10.1,3.3,1.1,1.1,3.0,3.0,20.3,2000
4631,3,Cory Alexander,PG,26,DEN,29,2,11.3,1.0,3.4,.286,0.3,1.2,.257,0.7,2.2,.302,.332,0.6,0.8,.773,0.3,1.2,1.4,2.0,0.8,0.1,1.0,1.3,2.8,2000
4632,4,Ray Allen*,SG,24,MIL,82,82,37.4,7.8,17.2,.455,2.1,5.0,.423,5.7,12.2,.468,.516,4.3,4.9,.887,1.0,3.4,4.4,3.8,1.3,0.2,2.2,2.3,22.1,2000
4633,5,Rafer Alston,PG,23,MIL,27,0,13.4,1.0,3.5,.284,0.1,0.5,.214,0.9,3.0,.296,.300,0.1,0.1,.750,0.2,0.7,0.9,2.6,0.4,0.0,1.1,1.1,2.2,2000
4634,6,John Amaechi,C,29,ORL,80,53,21.1,3.8,8.8,.437,0.0,0.1,.167,3.8,8.7,.439,.438,2.8,3.6,.766,0.8,2.6,3.3,1.2,0.4,0.5,1.7,2.0,10.5,2000
4635,7,Derek Anderson,SG,25,LAC,64,58,34.4,5.9,13.4,.438,0.9,2.8,.309,5.0,10.7,.472,.470,4.2,4.8,.877,1.3,2.8,4.0,3.4,1.4,0.2,2.6,2.3,16.9,2000
4636,8,Kenny Anderson,PG,29,BOS,82,82,31.6,5.3,12.0,.440,1.0,2.7,.386,4.3,9.3,.456,.483,2.4,3.1,.775,0.7,2.1,2.7,5.1,1.7,0.1,1.6,2.8,14.0,2000
4637,9,Nick Anderson,SG,32,SAC,72,72,29.1,4.3,10.9,.391,1.8,5.5,.332,2.4,5.3,.452,.476,0.5,1.1,.487,1.2,3.6,4.7,1.7,1.3,0.2,1.3,1.6,10.8,2000
4638,10,Shandon Anderson,SF,26,HOU,82,82,32.9,4.5,9.5,.473,1.0,2.7,.351,3.5,6.7,.523,.524,2.4,3.1,.767,1.1,3.6,4.7,2.9,1.2,0.4,2.4,2.2,12.3,2000
4639,11,Chris Anstey,C,25,CHI,73,11,13.8,2.2,5.0,.442,0.0,0.1,.167,2.2,4.9,.447,.444,1.6,2.0,.789,1.2,2.6,3.8,0.9,0.4,0.3,1.1,2.5,6.0,2000
4640,12,Greg Anthony,PG,32,POR,82,3,18.9,2.1,5.1,.406,1.1,2.8,.378,1.0,2.2,.443,.512,1.1,1.4,.772,0.2,1.4,1.6,2.5,0.7,0.1,1.0,1.7,6.3,2000
4641,13,B.J. Armstrong,PG,32,CHI,27,18,21.6,3.1,6.9,.446,0.5,1.1,.448,2.6,5.8,.446,.481,0.8,0.9,.880,0.1,1.7,1.7,2.9,0.3,0.0,1.5,1.3,7.4,2000
4642,14,Darrell Armstrong,PG,31,ORL,82,82,31.6,5.9,13.6,.433,1.7,4.9,.340,4.2,8.7,.485,.494,2.7,3.0,.911,0.8,2.5,3.3,6.1,2.1,0.1,3.0,1.7,16.2,2000
4643,15,Chucky Atkins,PG,25,ORL,82,0,19.8,3.8,9.0,.424,0.7,2.0,.350,3.1,7.0,.445,.462,1.2,1.6,.729,0.2,1.3,1.5,3.7,0.6,0.0,1.7,1.7,9.5,2000
4644,16,Stacey Augmon,SG,31,POR,59,0,11.7,1.4,3.0,.474,0.0,0.0,.000,1.4,2.9,.480,.474,0.6,0.9,.673,0.7,1.3,2.0,0.9,0.5,0.2,0.6,1.2,3.4,2000
4645,17,Isaac Austin,C,30,WAS,59,23,19.9,2.6,6.0,.429,0.0,0.1,.250,2.5,5.9,.431,.430,1.6,2.3,.686,1.1,3.7,4.8,1.3,0.3,0.6,1.8,2.2,6.7,2000
4646,18,Anthony Avent,PF,30,LAC,49,3,7.7,0.6,2.0,.302,0.0,0.0,,0.6,2.0,.302,.302,0.5,0.7,.719,0.5,1.0,1.5,0.2,0.3,0.3,0.5,1.3,1.7,2000
4647,19,William Avery,PG,20,MIN,59,1,8.2,0.9,3.1,.309,0.3,1.1,.286,0.6,2.0,.322,.359,0.4,0.6,.667,0.1,0.5,0.7,1.5,0.2,0.0,0.7,1.0,2.6,2000
4648,20,Toby Bailey,SG,24,PHO,46,2,9.8,1.3,3.0,.414,0.0,0.2,.200,1.2,2.8,.431,.421,1.0,1.4,.692,0.6,1.0,1.6,0.7,0.3,0.1,0.5,1.2,3.5,2000
4649,21,Vin Baker,C,28,SEA,79,75,36.1,6.5,14.3,.455,0.0,0.1,.250,6.5,14.2,.457,.456,3.6,5.2,.682,2.9,4.8,7.7,1.9,0.6,0.8,2.7,3.6,16.6,2000
4650,22,Charles Barkley*,PF,36,HOU,20,18,31.0,5.3,11.1,.477,0.3,1.3,.231,5.0,9.8,.510,.491,3.6,5.5,.645,3.6,6.9,10.5,3.2,0.7,0.2,2.2,2.4,14.5,2000
4651,23,Dana Barros,PG,32,BOS,72,0,15.8,2.7,6.0,.451,0.8,2.0,.410,1.9,4.0,.471,.518,0.9,1.1,.868,0.2,1.2,1.4,1.8,0.4,0.1,0.9,1.1,7.2,2000
4652,24,Brent Barry,SG,28,SEA,80,74,34.1,4.1,8.8,.463,2.1,5.0,.411,2.0,3.9,.529,.579,1.6,2.0,.809,0.6,4.0,4.7,3.6,1.3,0.4,1.8,2.9,11.8,2000
4653,25,Drew Barry,PG,26,TOT,16,0,9.9,0.9,2.1,.455,0.4,1.1,.389,0.5,0.9,.533,.561,0.3,0.3,.800,0.0,0.8,0.8,2.1,0.1,0.0,0.8,1.4,2.6,2000
4654,25,Drew Barry,PG,26,GSW,8,0,10.6,1.1,2.3,.500,0.4,1.1,.333,0.8,1.1,.667,.583,0.1,0.3,.500,0.0,1.0,1.0,2.1,0.3,0.0,0.8,1.8,2.8,2000
4655,25,Drew Barry,PG,26,ATL,8,0,9.3,0.8,1.9,.400,0.5,1.1,.444,0.3,0.8,.333,.533,0.4,0.4,1.000,0.0,0.5,0.5,2.0,0.0,0.0,0.9,1.1,2.4,2000
4656,26,Jon Barry,SG,30,SAC,62,1,20.7,2.6,5.6,.465,1.1,2.5,.429,1.5,3.1,.495,.561,1.7,1.9,.922,0.6,2.0,2.6,2.4,1.2,0.1,1.4,1.7,8.0,2000
4657,27,Tony Battie,C,23,BOS,82,4,18.4,2.7,5.6,.477,0.0,0.1,.125,2.7,5.5,.483,.478,1.2,1.8,.675,1.9,3.1,5.0,0.8,0.6,0.9,0.8,3.0,6.6,2000
4658,28,Jonathan Bender,SF,19,IND,24,1,5.4,1.0,2.9,.329,0.1,0.5,.167,0.9,2.4,.362,.343,0.7,1.0,.667,0.2,0.7,0.9,0.1,0.0,0.2,0.3,0.8,2.7,2000
4659,29,Benoit Benjamin,C,35,CLE,3,0,2.7,0.3,1.0,.333,0.0,0.0,,0.3,1.0,.333,.333,0.0,0.0,,0.0,0.3,0.3,0.0,0.0,0.3,0.0,0.3,0.7,2000
4660,30,Corey Benjamin,SG,21,CHI,48,10,18.0,3.0,7.3,.414,0.6,1.9,.348,2.4,5.4,.437,.459,1.0,1.7,.598,0.4,1.4,1.8,1.1,0.6,0.5,1.5,2.5,7.7,2000
4661,31,Mario Bennett,PF,26,LAC,1,0,3.0,0.0,3.0,.000,0.0,0.0,,0.0,3.0,.000,.000,0.0,0.0,,1.0,1.0,2.0,0.0,0.0,0.0,0.0,1.0,0.0,2000
4662,32,Travis Best,PG,27,IND,82,0,20.6,3.3,6.8,.483,0.4,1.1,.376,2.9,5.7,.504,.514,1.9,2.3,.821,0.2,1.5,1.7,3.3,0.9,0.1,1.3,2.5,8.9,2000
4663,33,Mike Bibby,PG,21,VAN,82,82,38.5,5.6,12.6,.445,0.9,2.6,.363,4.7,10.0,.466,.483,2.4,3.0,.780,0.9,2.8,3.7,8.1,1.6,0.2,3.0,2.1,14.5,2000
4664,34,Chauncey Billups,SG,23,DEN,13,5,23.5,2.6,7.8,.337,0.5,3.2,.171,2.1,4.6,.450,.371,2.8,3.4,.841,0.6,2.0,2.6,3.0,0.8,0.2,1.8,2.1,8.6,2000
4665,35,Mookie Blaylock,PG,32,GSW,73,72,33.7,4.5,11.5,.391,1.4,4.1,.336,3.1,7.3,.422,.451,0.9,1.3,.705,0.8,2.9,3.7,6.7,2.0,0.3,2.0,1.7,11.3,2000
4666,36,Corie Blount,PF,31,PHO,38,1,11.7,1.2,2.3,.494,0.0,0.1,.000,1.2,2.3,.506,.494,0.5,0.9,.576,1.4,1.6,3.0,0.3,0.4,0.2,0.7,2.1,2.8,2000
4667,37,Muggsy Bogues,PG,35,TOR,80,5,21.6,2.0,4.5,.439,0.2,0.6,.333,1.8,3.8,.456,.462,1.0,1.1,.908,0.3,1.4,1.7,3.7,0.8,0.1,0.7,1.5,5.1,2000
4668,38,Etdrick Bohannon,PF,26,TOT,13,0,9.1,0.5,1.0,.538,0.0,0.0,,0.5,1.0,.538,.538,1.2,1.8,.625,1.0,1.4,2.4,0.4,0.2,0.5,0.8,1.9,2.2,2000
4669,38,Etdrick Bohannon,PF,26,NYK,2,0,2.5,0.0,0.0,,0.0,0.0,,0.0,0.0,,,1.5,2.0,.750,0.5,0.0,0.5,0.0,0.0,0.0,1.0,0.5,1.5,2000
4670,38,Etdrick Bohannon,PF,26,LAC,11,0,10.3,0.6,1.2,.538,0.0,0.0,,0.6,1.2,.538,.538,1.1,1.8,.600,1.1,1.6,2.7,0.5,0.2,0.5,0.7,2.2,2.4,2000
4671,39,Calvin Booth,C,23,WAS,11,0,13.0,1.5,4.2,.348,0.0,0.0,,1.5,4.2,.348,.348,0.9,1.3,.714,1.4,1.5,2.9,0.6,0.3,1.3,0.5,2.1,3.8,2000
4672,40,Lazaro Borrell,SF,27,SEA,17,6,9.8,1.6,3.7,.444,0.0,0.2,.000,1.6,3.5,.467,.444,0.4,0.6,.545,0.8,1.5,2.4,0.6,0.4,0.2,0.4,0.5,3.6,2000
4673,Rk,Player,Pos,Age,Tm,G,GS,MP,FG,FGA,FG%,3P,3PA,3P%,2P,2PA,2P%,eFG%,FT,FTA,FT%,ORB,DRB,TRB,AST,STL,BLK,TOV,PF,PTS,2000
4674,41,Cal Bowdler,SF,22,ATL,46,0,9.2,1.1,2.5,.426,0.0,0.0,.000,1.1,2.5,.430,.426,0.5,0.8,.632,0.5,1.4,1.8,0.3,0.3,0.2,0.5,1.0,2.7,2000
4675,42,Bruce Bowen,SF,28,TOT,69,2,12.7,1.0,2.8,.371,0.4,0.8,.466,0.7,2.0,.331,.441,0.4,0.6,.581,0.4,1.0,1.4,0.5,0.3,0.2,0.3,1.7,2.8,2000
4676,42,Bruce Bowen,SF,28,PHI,42,0,7.4,0.6,1.7,.356,0.0,0.0,.500,0.6,1.7,.352,.363,0.1,0.3,.500,0.3,0.5,0.9,0.4,0.2,0.1,0.1,0.9,1.4,2000
4677,42,Bruce Bowen,SF,28,MIA,27,2,21.0,1.7,4.5,.380,1.0,2.1,.464,0.7,2.4,.308,.488,0.7,1.1,.613,0.5,1.7,2.2,0.7,0.5,0.4,0.5,3.0,5.1,2000
4678,43,Ryan Bowen,SF,24,DEN,52,0,11.3,0.9,2.3,.393,0.0,0.2,.111,0.9,2.1,.417,.397,0.7,1.0,.717,1.4,0.8,2.2,0.4,0.8,0.3,0.3,1.8,2.5,2000
4679,44,Ira Bowman,SG,26,PHI,11,0,1.8,0.2,0.2,1.000,0.0,0.0,,0.2,0.2,1.000,1.000,0.1,0.2,.500,0.0,0.2,0.2,0.1,0.1,0.0,0.1,0.0,0.5,2000
4680,45,Earl Boykins,PG,23,TOT,26,0,10.0,2.2,4.5,.483,0.3,0.8,.400,1.8,3.7,.500,.517,0.7,0.9,.783,0.5,0.5,1.0,1.8,0.5,0.0,0.7,0.9,5.3,2000
4681,45,Earl Boykins,PG,23,ORL,1,0,8.0,3.0,4.0,.750,0.0,0.0,,3.0,4.0,.750,.750,0.0,0.0,,1.0,0.0,1.0,3.0,0.0,0.0,0.0,0.0,6.0,2000
4682,45,Earl Boykins,PG,23,CLE,25,0,10.1,2.1,4.5,.473,0.3,0.8,.400,1.8,3.7,.489,.509,0.7,0.9,.783,0.4,0.6,1.0,1.8,0.5,0.0,0.7,0.9,5.3,2000
4683,46,Shawn Bradley,C,27,DAL,77,54,24.7,3.5,7.2,.479,0.0,0.1,.200,3.4,7.1,.482,.480,1.5,1.9,.765,2.1,4.4,6.5,0.8,0.9,2.5,1.0,3.4,8.4,2000
4684,47,A.J. Bramlett,C,23,CLE,8,0,7.6,0.5,2.6,.190,0.0,0.0,,0.5,2.6,.190,.190,0.0,0.0,,1.5,1.3,2.8,0.0,0.1,0.0,0.4,1.6,1.0,2000
4685,48,Elton Brand,PF,20,CHI,81,80,37.0,7.8,16.1,.482,0.0,0.0,.000,7.8,16.1,.483,.482,4.5,6.6,.685,4.3,5.7,10.0,1.9,0.8,1.6,2.8,3.2,20.1,2000
4686,49,Terrell Brandon,PG,29,MIN,71,71,36.4,6.8,14.7,.466,0.7,1.9,.402,6.1,12.8,.476,.492,2.6,2.9,.899,0.6,2.7,3.4,8.9,1.9,0.4,2.6,2.2,17.1,2000
4687,50,Chucky Brown,PF,31,TOT,63,29,17.4,2.3,5.2,.451,0.0,0.2,.200,2.3,5.0,.459,.454,0.6,0.8,.692,0.6,2.1,2.7,1.0,0.3,0.3,0.7,1.8,5.3,2000
4688,50,Chucky Brown,PF,31,SAS,30,27,20.1,2.7,5.9,.466,0.0,0.1,.333,2.7,5.8,.468,.469,0.8,1.0,.806,0.4,2.2,2.6,1.4,0.3,0.3,0.9,1.8,6.3,2000
4689,50,Chucky Brown,PF,31,CHH,33,2,15.0,2.0,4.6,.434,0.0,0.2,.143,2.0,4.4,.448,.438,0.3,0.6,.524,0.7,2.0,2.7,0.8,0.4,0.2,0.5,1.8,4.4,2000
4690,51,Dee Brown,PG,31,TOR,38,12,17.7,2.4,6.8,.360,1.8,4.9,.358,0.7,1.9,.366,.490,0.3,0.4,.688,0.2,1.2,1.4,2.3,0.6,0.1,1.0,1.6,6.9,2000
4691,52,Marcus Brown,SG,25,DET,6,0,7.5,0.7,2.3,.286,0.0,1.2,.000,0.7,1.2,.571,.286,0.3,0.3,1.000,0.5,0.7,1.2,0.5,0.0,0.0,0.5,1.3,1.7,2000
4692,53,P.J. Brown,PF,30,MIA,80,80,28.8,4.0,8.4,.480,0.0,0.0,.000,4.0,8.4,.481,.480,1.5,2.0,.755,2.7,4.8,7.5,1.8,0.8,0.8,1.3,3.3,9.6,2000
4693,54,Randy Brown,PG,31,CHI,59,55,27.5,2.7,7.4,.361,0.1,0.1,.500,2.6,7.3,.359,.364,1.1,1.4,.738,0.4,2.1,2.4,3.4,1.0,0.3,1.8,2.0,6.4,2000
4694,55,Rick Brunson,PG,27,NYK,37,0,7.8,0.8,1.9,.414,0.1,0.4,.154,0.7,1.5,.474,.429,0.3,0.5,.611,0.1,0.6,0.7,1.3,0.2,0.0,0.8,0.9,1.9,2000
4695,56,Kobe Bryant*,SG,21,LAL,66,62,38.2,8.4,17.9,.468,0.7,2.2,.319,7.7,15.7,.489,.488,5.0,6.1,.821,1.6,4.7,6.3,4.9,1.6,0.9,2.8,3.3,22.5,2000
4696,57,Mark Bryant,PF,34,CLE,75,50,22.8,2.3,4.6,.503,0.0,0.0,,2.3,4.6,.503,.503,1.0,1.3,.809,1.7,3.0,4.7,0.8,0.4,0.4,1.2,3.3,5.7,2000
4697,58,Greg Buckner,SG,23,DAL,48,1,19.2,2.3,4.9,.476,0.2,0.5,.385,2.1,4.3,.488,.498,0.9,1.3,.683,1.2,2.5,3.6,1.1,0.8,0.4,0.8,3.1,5.7,2000
4698,59,Jud Buechler,SF,31,DET,58,5,11.3,0.9,2.7,.353,0.3,1.4,.217,0.6,1.3,.507,.410,0.0,0.1,.286,0.5,1.1,1.6,0.6,0.4,0.3,0.2,0.9,2.2,2000
4699,60,Rodney Buford,SG,22,MIA,34,0,11.4,1.8,4.4,.411,0.2,0.9,.241,1.6,3.6,.451,.434,0.5,0.6,.727,0.3,1.1,1.4,0.6,0.3,0.2,0.3,1.3,4.3,2000
4700,Rk,Player,Pos,Age,Tm,G,GS,MP,FG,FGA,FG%,3P,3PA,3P%,2P,2PA,2P%,eFG%,FT,FTA,FT%,ORB,DRB,TRB,AST,STL,BLK,TOV,PF,PTS,2000
4701,61,Matt Bullard,PF,32,HOU,56,27,18.3,2.5,6.1,.409,1.4,3.2,.446,1.1,2.9,.368,.525,0.4,0.5,.833,0.2,2.2,2.5,1.1,0.3,0.2,0.6,1.5,6.8,2000
4702,62,Scott Burrell,SF,29,NJN,74,9,18.1,2.2,5.7,.394,1.1,3.1,.353,1.1,2.5,.444,.492,0.5,0.7,.780,0.9,2.6,3.5,1.0,0.9,0.6,0.5,2.3,6.1,2000
4703,63,Jason Caffey,PF,26,GSW,71,56,30.4,4.5,9.5,.479,0.0,0.0,.000,4.5,9.5,.480,.479,2.9,4.9,.597,2.7,4.1,6.8,1.7,0.9,0.3,2.4,3.8,12.0,2000
4704,64,Michael Cage,C,38,NJN,20,7,12.1,0.6,1.2,.500,0.0,0.0,,0.6,1.2,.500,.500,0.2,0.2,1.000,1.7,2.4,4.1,0.5,0.4,0.4,0.2,1.5,1.4,2000
4705,65,Marcus Camby,C,25,NYK,59,11,26.2,3.8,8.0,.480,0.0,0.0,.500,3.8,7.9,.480,.481,2.5,3.7,.670,2.9,4.9,7.8,0.8,0.7,2.0,1.2,3.5,10.2,2000
4706,66,Elden Campbell,C,31,CHH,78,77,32.5,4.7,10.6,.446,0.0,0.1,.000,4.7,10.6,.450,.446,3.2,4.6,.690,2.2,5.4,7.6,1.7,0.7,1.9,1.6,3.4,12.7,2000
4707,67,Antoine Carr,SF,38,VAN,21,0,10.5,1.3,3.0,.438,0.0,0.0,,1.3,3.0,.438,.438,0.5,0.7,.786,0.4,1.1,1.5,0.3,0.1,0.3,0.4,2.0,3.2,2000
4708,68,Chris Carr,SF-SG,25,TOT,57,2,20.5,3.4,8.7,.395,0.6,1.8,.317,2.9,6.9,.415,.427,1.9,2.2,.856,0.7,2.3,3.0,1.5,0.5,0.3,2.1,2.0,9.3,2000
4709,68,Chris Carr,SG,25,GSW,7,0,10.6,1.6,4.7,.333,0.1,1.1,.125,1.4,3.6,.400,.348,2.3,2.7,.842,0.7,1.1,1.9,0.4,0.0,0.1,0.7,1.7,5.6,2000
4710,68,Chris Carr,SF,25,CHI,50,2,21.8,3.7,9.3,.400,0.6,1.9,.333,3.1,7.4,.416,.433,1.8,2.1,.858,0.7,2.5,3.2,1.6,0.6,0.3,2.2,2.0,9.8,2000
4711,69,Anthony Carter,PG,24,MIA,79,30,23.5,2.5,6.4,.395,0.0,0.3,.130,2.5,6.2,.407,.398,1.2,1.6,.750,0.6,1.9,2.5,4.8,1.2,0.1,2.2,2.1,6.3,2000
4712,70,Vince Carter,SF,23,TOR,82,82,38.1,9.6,20.7,.465,1.2,2.9,.403,8.5,17.8,.475,.493,5.3,6.7,.791,1.8,4.0,5.8,3.9,1.3,1.1,2.2,3.2,25.7,2000
4713,71,Sam Cassell,PG,30,MIL,81,81,35.8,6.7,14.4,.466,0.3,1.1,.289,6.4,13.3,.481,.477,4.8,5.5,.876,0.9,2.9,3.7,9.0,1.3,0.1,3.3,3.1,18.6,2000
4714,72,Kelvin Cato,C,25,HOU,65,32,24.3,3.3,6.2,.537,0.0,0.1,.000,3.3,6.1,.543,.537,2.1,3.2,.649,1.6,4.4,6.0,0.4,0.5,1.9,1.1,2.7,8.7,2000
4715,73,Duane Causwell,C,31,MIA,25,2,7.4,0.8,1.5,.541,0.0,0.0,,0.8,1.5,.541,.541,1.0,1.5,.684,0.4,1.4,1.9,0.1,0.1,0.6,0.4,1.7,2.6,2000
4716,74,Cedric Ceballos,SF,30,DAL,69,25,29.9,6.5,14.5,.446,0.6,1.9,.328,5.8,12.6,.464,.468,3.0,3.6,.843,2.5,4.2,6.7,1.3,0.8,0.3,1.8,2.4,16.6,2000
4717,75,John Celestand,PG,22,LAL,16,0,11.6,0.9,2.8,.333,0.1,0.6,.222,0.8,2.3,.361,.356,0.3,0.4,.833,0.1,0.6,0.7,1.3,0.4,0.0,1.0,1.4,2.3,2000
4718,76,Rex Chapman,SG,32,PHO,53,19,18.1,2.3,6.0,.388,0.8,2.3,.333,1.6,3.7,.421,.452,1.1,1.5,.756,0.2,1.3,1.5,1.2,0.4,0.0,0.7,1.3,6.6,2000
4719,77,Calbert Cheaney,SG,28,BOS,67,19,19.5,1.8,4.1,.440,0.3,0.8,.333,1.5,3.3,.466,.473,0.1,0.3,.429,0.3,1.7,2.1,1.2,0.7,0.2,0.7,2.4,4.0,2000
4720,78,Pete Chilcutt,PF,31,TOT,56,2,10.7,0.9,2.3,.417,0.1,0.5,.231,0.8,1.8,.465,.441,0.1,0.1,1.000,0.8,1.5,2.3,0.5,0.3,0.2,0.4,1.3,2.1,2000
4721,78,Pete Chilcutt,PF,31,UTA,26,0,8.6,0.8,2.4,.355,0.0,0.4,.100,0.8,2.0,.404,.363,0.1,0.1,1.000,0.6,1.1,1.7,0.4,0.2,0.2,0.3,1.2,1.8,2000
4722,78,Pete Chilcutt,PF,31,CLE,6,0,5.0,0.0,0.3,.000,0.0,0.0,,0.0,0.3,.000,.000,0.0,0.0,,0.7,0.8,1.5,0.2,0.0,0.0,0.0,0.5,0.0,2000
4723,78,Pete Chilcutt,PF,31,LAC,24,2,14.5,1.3,2.6,.492,0.2,0.7,.313,1.1,2.0,.553,.532,0.3,0.3,1.000,1.1,2.2,3.3,0.7,0.4,0.3,0.5,1.6,3.0,2000
4724,79,Chris Childs,PG,32,NYK,71,2,23.6,2.1,5.0,.409,0.5,1.5,.356,1.5,3.6,.431,.461,0.7,0.8,.797,0.2,1.8,2.1,4.0,0.5,0.1,1.5,3.4,5.3,2000
4725,80,Doug Christie,SG,29,TOR,73,73,31.0,4.3,10.5,.407,1.4,3.8,.360,2.9,6.7,.434,.472,2.5,3.0,.843,0.9,3.0,3.9,4.4,1.4,0.6,2.0,2.3,12.4,2000
4726,Rk,Player,Pos,Age,Tm,G,GS,MP,FG,FGA,FG%,3P,3PA,3P%,2P,2PA,2P%,eFG%,FT,FTA,FT%,ORB,DRB,TRB,AST,STL,BLK,TOV,PF,PTS,2000
4727,81,Keon Clark,C,24,DEN,81,20,22.8,3.5,6.5,.542,0.0,0.1,.125,3.5,6.4,.548,.543,1.5,2.2,.688,2.0,4.2,6.2,0.9,0.6,1.4,1.5,2.9,8.6,2000
4728,82,Keith Closs,C,23,LAC,57,6,14.4,1.7,3.5,.487,0.0,0.1,.000,1.7,3.4,.495,.487,0.8,1.4,.590,1.1,2.0,3.1,0.4,0.2,1.3,0.6,1.4,4.2,2000
4729,83,Derrick Coleman,PF,32,CHH,74,64,31.7,6.0,13.2,.456,0.7,1.9,.362,5.3,11.3,.471,.482,4.0,5.1,.785,1.7,6.9,8.5,2.4,0.5,1.8,2.3,2.6,16.7,2000
4730,84,Bimbo Coles,PG,31,ATL,80,54,24.1,3.5,7.6,.455,0.1,0.5,.205,3.4,7.1,.472,.461,1.1,1.3,.817,0.4,1.8,2.2,3.6,0.7,0.1,1.3,2.2,8.1,2000
4731,85,Marty Conlon,C,32,LAC,3,0,3.0,0.3,0.7,.500,0.0,0.0,,0.3,0.7,.500,.500,0.0,0.0,,0.3,0.3,0.7,0.0,0.0,0.0,0.0,0.3,0.7,2000
4732,86,Tyrone Corbin,SF,37,SAC,54,5,17.4,1.6,4.6,.356,0.2,0.8,.227,1.4,3.8,.384,.377,0.6,0.7,.846,0.7,2.3,3.1,1.1,0.7,0.1,0.5,1.8,4.1,2000
4733,87,Chris Crawford,PF,24,ATL,55,11,12.1,1.7,4.2,.397,0.1,0.5,.259,1.5,3.7,.416,.413,1.1,1.5,.778,0.9,0.9,1.8,0.6,0.3,0.3,0.7,1.5,4.6,2000
4734,88,Austin Croshere,PF,24,IND,81,14,23.3,3.6,8.1,.441,0.8,2.1,.362,2.8,5.9,.470,.489,2.4,2.9,.848,1.7,4.7,6.4,1.1,0.5,0.7,1.5,2.5,10.3,2000
4735,89,John Crotty,PG,30,DET,69,0,13.6,1.5,3.6,.422,0.5,1.2,.413,1.1,2.5,.427,.488,1.2,1.3,.860,0.2,0.8,1.1,1.9,0.4,0.1,0.8,1.5,4.7,2000
4736,90,Terry Cummings,PF,38,GSW,22,0,18.1,3.5,8.0,.429,0.0,0.0,,3.5,8.0,.429,.429,1.5,1.8,.821,2.0,2.8,4.9,1.0,0.6,0.4,1.2,3.4,8.4,2000
4737,91,Vonteego Cummings,PG,23,GSW,75,11,23.9,3.5,8.7,.405,0.7,2.0,.325,2.9,6.7,.429,.442,1.7,2.3,.751,0.8,1.7,2.5,3.3,1.2,0.2,1.8,2.3,9.4,2000
4738,92,Bill Curley,SF-PF,27,TOT,28,0,11.0,1.0,2.4,.426,0.0,0.0,.000,1.0,2.4,.433,.426,0.6,0.9,.720,0.6,1.1,1.8,0.5,0.5,0.1,0.8,2.2,2.7,2000
4739,92,Bill Curley,PF,27,HOU,4,0,12.5,1.5,2.8,.545,0.0,0.0,,1.5,2.8,.545,.545,0.0,0.0,,1.0,1.0,2.0,0.0,0.5,0.0,1.0,2.5,3.0,2000
4740,92,Bill Curley,SF,27,GSW,24,0,10.8,1.0,2.4,.404,0.0,0.0,.000,1.0,2.3,.411,.404,0.8,1.0,.720,0.6,1.2,1.8,0.6,0.5,0.2,0.7,2.1,2.7,2000
4741,93,Dell Curry,SG,35,TOR,67,9,16.3,2.9,6.8,.427,1.4,3.6,.393,1.5,3.2,.467,.532,0.4,0.5,.750,0.2,1.3,1.5,1.3,0.5,0.1,0.6,1.0,7.6,2000
4742,94,Michael Curry,SG,31,DET,82,3,19.6,2.2,4.6,.480,0.0,0.1,.200,2.2,4.6,.484,.482,1.7,2.0,.839,0.3,1.0,1.3,1.1,0.4,0.1,0.9,2.5,6.2,2000
4743,95,Erick Dampier,C,24,GSW,21,12,23.6,3.3,8.2,.405,0.0,0.0,,3.3,8.2,.405,.405,1.3,2.4,.529,2.3,4.1,6.4,0.9,0.4,0.7,1.4,3.6,8.0,2000
4744,96,Antonio Daniels,SG,24,SAS,68,1,17.6,2.4,5.1,.474,0.3,1.0,.333,2.1,4.1,.507,.506,1.1,1.5,.713,0.2,1.0,1.3,2.6,0.8,0.1,0.9,1.1,6.2,2000
4745,97,Kornél Dávid,SF,28,TOT,32,5,14.8,2.1,4.9,.427,0.0,0.1,.000,2.1,4.8,.435,.427,1.4,1.8,.804,0.8,1.7,2.5,0.5,0.5,0.1,1.0,1.8,5.6,2000
4746,97,Kornél Dávid,SF,28,CHI,26,5,17.0,2.4,5.7,.426,0.0,0.1,.000,2.4,5.6,.434,.426,1.6,2.0,.808,0.8,2.0,2.8,0.6,0.5,0.1,1.2,1.9,6.5,2000
4747,97,Kornél Dávid,SF,28,CLE,6,0,5.2,0.7,1.5,.444,0.0,0.0,,0.7,1.5,.444,.444,0.5,0.7,.750,0.7,0.7,1.3,0.2,0.7,0.2,0.3,1.2,1.8,2000
4748,98,Antonio Davis,C,31,TOR,79,78,31.4,4.0,9.0,.440,0.0,0.0,,4.0,9.0,.440,.440,3.6,4.7,.765,3.0,5.8,8.8,1.3,0.5,1.3,1.5,3.4,11.5,2000
4749,99,Baron Davis,PG,20,CHH,82,0,18.6,2.2,5.3,.420,0.3,1.4,.225,1.9,3.9,.488,.449,1.2,1.9,.634,0.6,1.4,2.0,3.8,1.2,0.2,1.7,2.5,5.9,2000
4750,100,Ben Davis,PF,27,PHO,5,0,4.4,0.4,1.2,.333,0.0,0.0,,0.4,1.2,.333,.333,0.0,0.0,,0.6,1.2,1.8,0.4,0.2,0.2,0.6,0.4,0.8,2000
4751,Rk,Player,Pos,Age,Tm,G,GS,MP,FG,FGA,FG%,3P,3PA,3P%,2P,2PA,2P%,eFG%,FT,FTA,FT%,ORB,DRB,TRB,AST,STL,BLK,TOV,PF,PTS,2000
4752,101,Dale Davis,C,30,IND,74,72,28.7,4.1,8.1,.502,0.0,0.0,,4.1,8.1,.502,.502,1.9,2.7,.685,3.5,6.4,9.9,0.9,0.7,1.3,1.2,2.7,10.0,2000
4753,102,Emanual Davis,PG,31,SEA,54,2,13.0,1.5,4.1,.364,0.6,1.9,.301,0.9,2.2,.419,.434,0.5,0.7,.684,0.3,1.6,1.9,1.3,0.7,0.1,0.8,1.3,4.0,2000
4754,103,Hubert Davis,PG,29,DAL,79,15,23.0,2.7,5.9,.468,1.0,2.1,.491,1.7,3.8,.455,.556,0.8,1.0,.870,0.2,1.5,1.7,1.8,0.3,0.0,0.9,1.4,7.4,2000
4755,104,Mark Davis,SF,26,GSW,23,7,20.2,2.4,6.0,.409,0.0,0.1,.000,2.4,5.9,.415,.409,1.3,2.0,.660,1.3,2.3,3.7,1.7,1.1,0.2,1.7,2.3,6.2,2000
4756,105,Ricky Davis,SG,20,CHH,48,4,11.9,2.0,3.9,.503,0.0,0.1,.000,2.0,3.8,.514,.503,0.8,1.1,.765,0.6,1.1,1.7,1.3,0.6,0.2,1.0,0.8,4.7,2000
4757,106,Todd Day,SG,30,PHO,58,1,16.2,2.2,5.7,.394,1.1,2.8,.388,1.1,2.8,.400,.491,1.2,1.9,.667,0.5,1.7,2.2,1.1,0.8,0.4,0.9,2.2,6.8,2000
4758,107,Andrew DeClercq,C,26,CLE,82,31,22.3,2.7,5.4,.508,0.0,0.0,,2.7,5.4,.508,.508,1.1,2.0,.588,1.9,3.5,5.4,0.7,0.8,0.8,1.3,3.4,6.6,2000
4759,108,Vinny Del Negro,PG,33,MIL,67,0,18.1,2.3,4.9,.471,0.1,0.4,.333,2.2,4.5,.482,.483,0.5,0.6,.897,0.1,1.5,1.6,2.4,0.5,0.0,0.7,1.2,5.2,2000
4760,109,Tony Delk,PG,26,SAC,46,1,14.8,2.6,6.1,.430,0.2,0.9,.225,2.4,5.2,.464,.446,1.0,1.3,.797,0.8,1.1,1.9,1.2,0.8,0.1,0.7,1.3,6.4,2000
4761,110,Derrick Dial,SG,24,SAS,8,0,11.9,2.1,5.8,.370,0.4,1.5,.250,1.8,4.3,.412,.402,0.4,0.6,.600,1.8,1.5,3.3,0.6,0.1,0.1,0.8,1.3,5.0,2000
4762,111,Michael Dickerson,SG,24,VAN,82,82,37.8,6.8,15.5,.436,1.5,3.5,.409,5.3,11.9,.444,.483,3.3,4.0,.830,1.0,2.5,3.4,2.5,1.4,0.5,2.0,2.8,18.2,2000
4763,112,Vlade Divac*,C,31,SAC,82,81,29.0,4.7,9.3,.503,0.1,0.3,.269,4.6,9.0,.511,.507,2.8,4.1,.691,2.1,5.9,8.0,3.0,1.3,1.3,2.3,3.1,12.3,2000
4764,113,Michael Doleac,C,22,ORL,81,29,16.5,3.0,6.6,.452,0.0,0.0,.500,3.0,6.6,.452,.453,1.0,1.2,.842,1.1,3.0,4.1,0.8,0.4,0.4,0.8,2.8,7.0,2000
4765,114,Sherman Douglas,PG,33,NJN,20,2,15.5,2.3,4.5,.500,0.3,0.8,.313,2.0,3.7,.541,.528,1.3,1.4,.893,0.7,0.8,1.5,1.7,0.9,0.0,1.2,1.3,6.0,2000
4766,115,Bryce Drew,PG,25,HOU,72,5,18.0,2.2,5.7,.383,0.8,2.3,.362,1.4,3.5,.396,.454,0.6,0.7,.849,0.3,1.1,1.4,2.3,0.6,0.0,0.9,1.1,5.8,2000
4767,116,Chris Dudley,C,34,NYK,47,3,9.8,0.5,1.4,.343,0.0,0.0,,0.5,1.4,.343,.343,0.2,0.6,.333,1.3,1.6,2.9,0.1,0.1,0.4,0.4,2.0,1.2,2000
4768,117,Tim Duncan*,PF,23,SAS,74,74,38.9,8.5,17.3,.490,0.0,0.1,.091,8.5,17.2,.494,.491,6.2,8.1,.761,3.5,8.9,12.4,3.2,0.9,2.2,3.3,2.8,23.2,2000
4769,118,Howard Eisley,PG,27,UTA,82,5,25.6,3.4,8.2,.418,0.7,2.0,.368,2.7,6.2,.434,.462,1.0,1.2,.824,0.3,1.8,2.1,4.2,0.7,0.1,1.6,2.7,8.6,2000
4770,119,Obinna Ekezie,PF,24,VAN,39,0,9.0,1.1,2.3,.466,0.0,0.0,,1.1,2.3,.466,.466,1.1,1.6,.672,0.9,1.5,2.4,0.2,0.2,0.1,0.7,1.6,3.2,2000
4771,120,Mario Elie,SF,36,SAS,79,79,28.1,2.5,5.8,.427,0.9,2.4,.398,1.5,3.4,.446,.508,1.6,1.9,.846,0.6,2.5,3.2,2.4,0.9,0.1,1.6,2.0,7.5,2000
4772,Rk,Player,Pos,Age,Tm,G,GS,MP,FG,FGA,FG%,3P,3PA,3P%,2P,2PA,2P%,eFG%,FT,FTA,FT%,ORB,DRB,TRB,AST,STL,BLK,TOV,PF,PTS,2000
4773,121,Sean Elliott,SF,31,SAS,19,19,20.6,2.0,5.6,.358,0.7,1.9,.351,1.3,3.6,.362,.420,1.3,1.7,.781,0.3,2.2,2.5,1.5,0.6,0.1,1.0,1.8,6.0,2000
4774,122,Dale Ellis,SG,39,TOT,42,5,13.4,1.6,3.8,.415,0.9,2.4,.370,0.7,1.4,.492,.531,0.2,0.3,.692,0.3,1.0,1.3,0.3,0.3,0.0,0.5,1.1,4.2,2000
4775,122,Dale Ellis,SG,39,MIL,18,0,18.0,2.6,5.6,.465,1.3,3.6,.354,1.3,2.0,.667,.579,0.3,0.5,.667,0.4,1.5,1.9,0.3,0.3,0.0,0.4,1.3,6.8,2000
4776,122,Dale Ellis,SG,39,CHH,24,5,10.0,0.8,2.4,.328,0.6,1.5,.400,0.2,1.0,.217,.448,0.1,0.2,.750,0.3,0.7,0.9,0.3,0.3,0.0,0.5,0.9,2.3,2000
4777,123,LaPhonso Ellis,PF,29,ATL,58,8,22.6,3.6,8.0,.450,0.1,0.4,.143,3.6,7.6,.465,.454,1.1,1.6,.695,1.7,3.3,5.0,1.0,0.6,0.4,0.9,2.3,8.4,2000
4778,124,Pervis Ellison,C,32,BOS,30,5,9.0,0.6,1.4,.442,0.0,0.0,,0.6,1.4,.442,.442,0.5,0.7,.714,1.0,1.3,2.2,0.4,0.3,0.3,0.4,2.2,1.8,2000
4779,125,Evan Eschmeyer,C,24,NJN,31,5,12.0,1.2,2.3,.528,0.0,0.0,,1.2,2.3,.528,.528,0.5,1.0,.500,1.3,2.2,3.5,0.7,0.3,0.7,0.7,2.7,2.9,2000
4780,126,Patrick Ewing*,C,37,NYK,62,62,32.8,5.8,12.5,.466,0.0,0.0,.000,5.8,12.5,.467,.466,3.3,4.6,.731,2.3,7.5,9.7,0.9,0.6,1.4,2.3,3.2,15.0,2000
4781,127,Tony Farmer,PF,30,GSW,74,9,16.2,1.7,4.2,.407,0.1,0.6,.182,1.6,3.6,.444,.420,2.7,3.6,.766,1.6,2.4,4.0,1.0,0.9,0.2,1.1,2.3,6.3,2000
4782,128,Jamie Feick,C,25,NJN,81,17,27.7,2.2,5.2,.428,0.0,0.0,1.000,2.2,5.2,.424,.431,1.2,1.6,.707,3.3,6.1,9.3,0.8,0.5,0.5,0.7,2.5,5.7,2000
4783,129,Danny Ferry,PF,33,CLE,63,3,21.0,3.0,6.0,.497,0.5,1.2,.440,2.5,4.8,.511,.541,0.8,0.9,.912,0.9,2.9,3.8,1.1,0.3,0.4,0.9,2.9,7.3,2000
4784,130,Michael Finley,SF,26,DAL,82,82,42.2,9.1,20.0,.457,1.2,3.0,.401,7.9,16.9,.467,.487,3.2,3.9,.820,1.5,4.8,6.3,5.3,1.3,0.4,2.4,2.1,22.6,2000
4785,131,Derek Fisher,PG,25,LAL,78,22,23.1,2.1,6.2,.346,0.7,2.1,.313,1.5,4.1,.363,.400,1.3,1.9,.724,0.3,1.6,1.8,2.8,1.0,0.0,1.0,1.9,6.3,2000
4786,132,Danny Fortson,PF,23,BOS,55,5,15.6,2.5,4.8,.528,0.0,0.0,,2.5,4.8,.528,.528,2.5,3.4,.735,2.6,4.1,6.7,0.5,0.4,0.1,1.2,3.3,7.6,2000
4787,133,Greg Foster,PF,31,SEA,60,5,12.0,1.5,3.7,.406,0.1,0.3,.200,1.5,3.5,.421,.413,0.3,0.5,.643,0.3,1.5,1.8,0.7,0.2,0.3,0.5,1.8,3.4,2000
4788,134,Jeff Foster,C,23,IND,19,0,4.5,0.7,1.2,.565,0.0,0.1,.000,0.7,1.2,.591,.565,0.9,1.3,.680,0.6,1.1,1.7,0.3,0.3,0.1,0.1,0.9,2.3,2000
4789,135,Rick Fox,SF,30,LAL,82,1,18.0,2.5,6.1,.414,0.7,2.2,.326,1.8,3.9,.464,.473,0.8,1.0,.808,0.8,1.6,2.4,1.7,0.6,0.3,1.1,2.5,6.5,2000
4790,136,Adonal Foyle,C,24,GSW,76,59,21.8,2.5,5.0,.508,0.0,0.0,,2.5,5.0,.508,.508,0.4,1.2,.378,2.3,3.3,5.6,0.6,0.3,1.8,0.9,2.9,5.5,2000
4791,137,Steve Francis,PG,22,HOU,77,77,36.1,6.5,14.5,.445,1.4,4.0,.345,5.1,10.5,.483,.493,3.7,4.7,.786,2.0,3.3,5.3,6.6,1.5,0.4,4.0,3.0,18.0,2000
4792,138,Todd Fuller,C,25,CHH,41,2,9.7,1.2,3.0,.418,0.0,0.0,,1.2,3.0,.418,.418,0.8,1.3,.604,0.9,1.8,2.7,0.1,0.2,0.2,0.7,1.1,3.3,2000
4793,139,Lawrence Funderburke,PF,29,SAC,75,1,13.7,2.5,4.7,.523,0.0,0.0,.000,2.5,4.7,.526,.523,1.5,2.2,.706,1.3,1.8,3.1,0.4,0.4,0.3,0.5,1.2,6.4,2000
4794,140,Kevin Garnett*,PF,23,MIN,81,81,40.0,9.4,18.8,.497,0.4,1.0,.370,9.0,17.8,.504,.507,3.8,5.0,.765,2.8,9.0,11.8,5.0,1.5,1.6,3.3,2.5,22.9,2000
4795,Rk,Player,Pos,Age,Tm,G,GS,MP,FG,FGA,FG%,3P,3PA,3P%,2P,2PA,2P%,eFG%,FT,FTA,FT%,ORB,DRB,TRB,AST,STL,BLK,TOV,PF,PTS,2000
4796,141,Dean Garrett,C,33,MIN,56,23,10.8,0.9,1.9,.444,0.0,0.0,,0.9,1.9,.444,.444,0.3,0.5,.692,0.7,1.8,2.5,0.3,0.1,0.7,0.4,1.7,2.0,2000
4797,142,Kiwane Lemorris Garris,SG,25,ORL,3,0,7.7,0.7,3.3,.200,0.0,0.3,.000,0.7,3.0,.222,.200,0.0,0.0,,0.0,0.3,0.3,0.7,0.0,0.0,0.3,0.0,1.3,2000
4798,143,Pat Garrity,SF,23,ORL,82,1,18.0,3.1,7.1,.441,1.0,2.4,.401,2.2,4.7,.461,.509,1.0,1.4,.721,0.5,2.0,2.6,0.7,0.4,0.2,1.0,2.4,8.2,2000
4799,144,Chris Gatling,PF,32,TOT,85,0,21.3,4.3,9.4,.455,0.2,0.8,.257,4.1,8.6,.474,.466,3.1,4.4,.713,1.8,4.1,5.9,0.8,1.0,0.3,2.0,2.9,11.9,2000
4800,144,Chris Gatling,PF,32,ORL,45,0,23.1,4.7,10.3,.455,0.2,0.5,.304,4.5,9.8,.462,.462,3.8,5.4,.698,2.0,4.6,6.6,0.9,1.1,0.2,2.3,3.2,13.3,2000
4801,144,Chris Gatling,PF,32,DEN,40,0,19.3,3.9,8.5,.456,0.3,1.2,.234,3.6,7.3,.491,.472,2.4,3.2,.742,1.6,3.6,5.1,0.8,0.9,0.3,1.6,2.6,10.4,2000
4802,145,Matt Geiger,C,30,PHI,65,20,21.6,4.0,9.1,.441,0.0,0.1,.000,4.0,9.0,.444,.441,1.7,2.2,.779,2.4,3.6,6.0,0.6,0.4,0.3,1.4,3.0,9.7,2000
4803,146,Devean George,SF,22,LAL,49,1,7.0,1.1,2.9,.389,0.3,1.0,.340,0.8,2.0,.412,.444,0.6,0.8,.659,0.6,0.9,1.5,0.2,0.2,0.1,0.4,1.1,3.2,2000
4804,147,Kendall Gill,SF,31,NJN,76,75,31.0,5.2,12.6,.414,0.3,1.0,.256,4.9,11.6,.428,.425,2.4,3.4,.710,1.1,2.6,3.7,2.8,1.8,0.5,1.2,2.8,13.1,2000
4805,148,Armen Gilliam,PF,35,UTA,50,0,15.6,2.7,6.1,.436,0.0,0.0,.000,2.7,6.1,.438,.436,1.3,1.7,.779,1.4,2.7,4.2,0.8,0.2,0.3,1.1,1.7,6.7,2000
4806,149,Dion Glover,SG,21,ATL,30,1,14.9,2.2,5.7,.386,0.4,1.5,.267,1.8,4.2,.429,.421,1.7,2.3,.729,0.5,0.8,1.3,0.9,0.5,0.1,0.9,0.9,6.5,2000
4807,150,Brian Grant,PF,27,POR,63,14,21.0,2.7,5.6,.491,0.0,0.0,.500,2.7,5.6,.491,.493,1.8,2.6,.675,1.9,3.5,5.5,1.0,0.5,0.4,1.3,2.6,7.3,2000
4808,151,Gary Grant,PG,34,POR,3,0,8.0,2.0,4.7,.429,0.0,0.0,,2.0,4.7,.429,.429,0.0,0.0,,0.0,1.0,1.0,0.3,0.3,0.0,0.7,1.0,4.0,2000
4809,152,Horace Grant,PF,34,SEA,76,76,35.4,3.5,7.9,.444,0.0,0.1,.000,3.5,7.8,.447,.444,1.1,1.5,.721,2.2,5.6,7.8,2.5,0.7,0.8,0.8,2.5,8.1,2000
4810,153,Devin Gray,SF,27,HOU,21,2,5.9,0.7,1.8,.405,0.0,0.0,,0.7,1.8,.405,.405,0.9,1.4,.655,0.5,0.7,1.2,0.2,0.2,0.1,0.2,1.0,2.3,2000
4811,154,A.C. Green,PF,36,LAL,82,82,23.5,2.1,4.7,.447,0.0,0.0,.250,2.1,4.7,.449,.448,0.8,1.2,.695,2.0,4.0,5.9,1.0,0.6,0.2,0.6,1.5,5.0,2000
4812,155,Adrian Griffin,SG,25,BOS,72,47,26.8,2.4,5.7,.424,0.2,0.8,.281,2.2,4.9,.447,.443,1.7,2.2,.753,1.8,3.4,5.2,2.5,1.6,0.2,1.3,3.1,6.7,2000
4813,156,Tom Gugliotta,PF,30,PHO,54,54,32.7,5.7,11.9,.481,0.0,0.1,.125,5.7,11.8,.485,.481,2.2,2.8,.775,2.6,5.3,7.9,2.3,1.5,0.6,2.0,2.8,13.7,2000
4814,157,Darvin Ham,SF,26,MIL,35,21,22.6,2.0,3.7,.555,0.0,0.0,.000,2.0,3.6,.559,.555,1.0,2.2,.449,2.4,2.5,4.9,1.2,0.8,0.8,0.8,2.9,5.1,2000
4815,158,Richard Hamilton,SG,21,WAS,71,12,19.3,3.6,8.5,.420,0.4,1.1,.364,3.2,7.4,.428,.443,1.5,1.9,.774,0.5,1.3,1.8,1.5,0.4,0.1,1.2,2.0,9.0,2000
4816,159,Thomas Hamilton,C,24,HOU,22,7,12.4,1.6,3.6,.443,0.0,0.0,,1.6,3.6,.443,.443,0.5,1.0,.522,1.4,2.7,4.1,0.7,0.2,0.6,1.3,1.1,3.7,2000
4817,160,Tom Hammonds,PF,32,MIN,56,0,6.6,0.8,1.7,.433,0.0,0.0,,0.8,1.7,.433,.433,0.6,1.0,.589,0.6,1.2,1.8,0.2,0.1,0.1,0.4,1.0,2.1,2000
4818,Rk,Player,Pos,Age,Tm,G,GS,MP,FG,FGA,FG%,3P,3PA,3P%,2P,2PA,2P%,eFG%,FT,FTA,FT%,ORB,DRB,TRB,AST,STL,BLK,TOV,PF,PTS,2000
4819,161,Anfernee Hardaway,SG,28,PHO,60,60,37.6,6.3,13.3,.474,0.6,1.7,.324,5.8,11.6,.496,.494,3.8,4.8,.790,1.5,4.3,5.8,5.3,1.6,0.6,2.6,2.7,16.9,2000
4820,162,Tim Hardaway*,PG,33,MIA,52,52,32.2,4.7,12.3,.386,1.8,4.9,.367,2.9,7.3,.398,.459,2.1,2.6,.827,0.5,2.4,2.9,7.4,0.9,0.1,2.3,2.2,13.4,2000
4821,163,Ron Harper,PG,36,LAL,80,78,25.5,2.7,6.6,.399,0.4,1.3,.311,2.2,5.3,.421,.430,1.3,1.8,.680,1.2,3.0,4.2,3.4,1.1,0.5,1.7,2.1,7.0,2000
4822,164,Matt Harpring,SF,23,ORL,4,0,15.8,1.0,4.3,.235,0.5,0.5,1.000,0.5,3.8,.133,.294,1.5,1.8,.857,1.3,1.8,3.0,2.0,1.3,0.3,0.3,1.8,4.0,2000
4823,165,Al Harrington,PF,19,IND,50,0,17.1,2.4,5.3,.458,0.2,0.7,.235,2.3,4.6,.491,.473,1.6,2.2,.703,0.9,2.2,3.2,0.8,0.5,0.2,1.3,2.6,6.6,2000
4824,166,Othella Harrington,PF,26,VAN,82,82,32.6,5.1,10.1,.506,0.0,0.0,.000,5.1,10.1,.507,.506,2.9,3.6,.792,2.4,4.5,6.9,1.2,0.4,0.7,2.6,3.5,13.1,2000
4825,167,Lucious Harris,SG,29,NJN,77,11,19.6,2.6,6.0,.428,0.5,1.5,.330,2.1,4.5,.460,.469,1.0,1.3,.798,0.7,1.7,2.4,1.3,0.8,0.1,0.5,1.3,6.7,2000
4826,168,Antonio Harvey,PF,29,POR,19,0,7.2,0.9,1.6,.567,0.0,0.0,,0.9,1.6,.567,.567,0.4,0.6,.583,0.4,1.3,1.7,0.3,0.1,0.3,0.6,1.1,2.2,2000
4827,169,Hersey Hawkins,SG,33,CHI,61,49,26.6,2.6,6.1,.424,0.9,2.3,.390,1.7,3.8,.444,.497,1.8,2.0,.899,0.5,2.4,2.9,2.2,1.2,0.2,1.6,2.4,7.9,2000
4828,170,Michael Hawkins,PG,27,CHH,12,0,3.0,0.3,1.1,.231,0.1,0.4,.200,0.2,0.7,.250,.269,0.1,0.2,.500,0.0,0.6,0.6,1.1,0.0,0.0,0.3,0.2,0.7,2000
4829,171,Alan Henderson,PF,27,ATL,82,82,33.8,5.2,11.3,.461,0.0,0.1,.100,5.2,11.2,.465,.462,2.7,4.1,.671,3.2,3.7,7.0,0.9,1.0,0.7,1.7,2.8,13.2,2000
4830,172,Cedric Henderson,SF,24,CLE,61,7,18.1,2.1,5.3,.396,0.0,0.2,.067,2.1,5.1,.412,.397,1.1,1.7,.663,0.6,1.7,2.3,0.9,0.6,0.3,1.1,1.6,5.4,2000
4831,173,Mark Hendrickson,PF,25,TOT,15,0,4.7,0.3,0.5,.625,0.0,0.0,,0.3,0.5,.625,.625,0.2,0.3,.750,0.2,0.7,0.9,0.4,0.1,0.1,0.2,0.5,0.9,2000
4832,173,Mark Hendrickson,PF,25,CLE,10,0,4.7,0.5,0.7,.714,0.0,0.0,,0.5,0.7,.714,.714,0.2,0.2,1.000,0.2,0.9,1.1,0.3,0.2,0.1,0.3,0.7,1.2,2000
4833,173,Mark Hendrickson,PF,25,NJN,5,0,4.8,0.0,0.2,.000,0.0,0.0,,0.0,0.2,.000,.000,0.2,0.4,.500,0.2,0.2,0.4,0.6,0.0,0.0,0.0,0.2,0.2,2000
4834,174,Chris Herren,PG,24,DEN,45,1,13.3,1.0,2.8,.363,0.5,1.5,.358,0.5,1.3,.368,.460,0.6,0.9,.675,0.3,0.9,1.2,2.5,0.3,0.0,0.9,1.6,3.1,2000
4835,175,Grant Hill*,SF,27,DET,74,74,37.5,9.4,19.2,.489,0.5,1.3,.347,8.9,17.9,.500,.501,6.5,8.2,.795,1.3,5.3,6.6,5.2,1.4,0.6,3.2,2.6,25.8,2000
4836,176,Tyrone Hill,PF,31,PHI,68,65,31.7,4.7,9.6,.485,0.0,0.0,.000,4.7,9.6,.485,.485,2.6,3.8,.691,3.2,6.0,9.2,0.8,0.9,0.4,1.8,3.6,12.0,2000
4837,177,Fred Hoiberg,SG,27,CHI,31,11,27.3,2.9,7.4,.387,1.0,3.0,.340,1.8,4.4,.419,.457,2.2,2.5,.908,0.2,3.3,3.5,2.7,1.3,0.1,1.4,2.1,9.0,2000
4838,178,Derek Hood,PF,23,CHH,2,0,2.0,0.0,1.5,.000,0.0,0.0,,0.0,1.5,.000,.000,0.0,0.0,,0.0,0.5,0.5,0.0,0.0,0.0,0.0,0.0,0.0,2000
4839,179,Jeff Hornacek,SG,36,UTA,77,77,27.7,4.6,9.5,.492,0.9,1.8,.478,3.8,7.7,.495,.537,2.2,2.3,.950,0.6,1.7,2.4,2.6,0.9,0.2,1.5,1.9,12.4,2000
4840,180,Robert Horry,PF,29,LAL,76,0,22.2,2.1,4.8,.438,0.4,1.2,.309,1.7,3.5,.483,.478,1.2,1.5,.788,1.8,3.0,4.8,1.6,1.1,1.1,1.0,2.5,5.7,2000
4841,Rk,Player,Pos,Age,Tm,G,GS,MP,FG,FGA,FG%,3P,3PA,3P%,2P,2PA,2P%,eFG%,FT,FTA,FT%,ORB,DRB,TRB,AST,STL,BLK,TOV,PF,PTS,2000
4842,181,Allan Houston,SG,28,NYK,82,82,38.6,7.5,15.5,.483,1.3,3.0,.436,6.2,12.5,.494,.525,3.4,4.1,.838,0.5,2.8,3.3,2.7,0.8,0.2,2.3,2.7,19.7,2000
4843,182,Juwan Howard,PF,26,WAS,82,82,35.5,6.2,13.5,.459,0.0,0.1,.000,6.2,13.4,.462,.459,2.5,3.4,.735,1.6,4.1,5.7,3.0,0.8,0.3,2.7,3.6,14.9,2000
4844,183,Troy Hudson,PG,23,LAC,62,38,25.7,3.3,8.7,.377,1.0,3.1,.311,2.3,5.6,.414,.433,1.2,1.5,.811,0.5,1.9,2.4,3.9,0.7,0.0,1.7,1.0,8.8,2000
4845,184,Larry Hughes,SG,21,TOT,82,37,28.3,5.6,14.0,.400,0.4,1.5,.232,5.2,12.5,.421,.413,3.4,4.6,.740,1.4,2.9,4.3,2.5,1.4,0.3,2.4,2.3,15.0,2000
4846,184,Larry Hughes,SG,21,PHI,50,5,20.4,3.8,9.2,.416,0.2,1.0,.216,3.6,8.2,.441,.428,2.1,2.8,.746,1.0,2.1,3.2,1.5,1.1,0.2,1.9,1.9,10.0,2000
4847,184,Larry Hughes,SG,21,GSW,32,32,40.8,8.3,21.4,.389,0.6,2.3,.243,7.8,19.1,.407,.402,5.4,7.3,.736,1.9,4.0,5.9,4.1,1.9,0.5,3.1,3.0,22.7,2000
4848,185,Rick Hughes,PF,26,DAL,21,0,10.7,1.7,3.4,.486,0.0,0.0,.000,1.7,3.4,.493,.486,0.6,1.2,.462,1.1,1.2,2.3,0.4,0.1,0.0,0.7,1.4,3.9,2000
4849,186,Lindsey Hunter,PG,29,DET,82,82,35.6,4.6,10.9,.425,2.0,4.7,.432,2.6,6.1,.419,.519,1.4,1.9,.760,0.4,2.6,3.0,4.0,1.6,0.3,1.8,2.6,12.7,2000
4850,187,Allen Iverson*,SG,24,PHI,70,70,40.8,10.4,24.8,.421,1.3,3.7,.341,9.1,21.0,.435,.446,6.3,8.9,.713,1.0,2.8,3.8,4.7,2.1,0.1,3.3,2.3,28.4,2000
4851,188,Bobby Jackson,PG,26,MIN,73,10,14.2,1.9,4.7,.405,0.2,0.6,.283,1.7,4.1,.423,.423,1.0,1.3,.776,0.7,1.4,2.1,2.4,0.7,0.1,0.8,1.6,5.1,2000
4852,189,Jaren Jackson,SG,32,SAS,81,12,20.9,2.3,6.0,.381,1.3,3.8,.353,1.0,2.2,.429,.492,0.4,0.6,.647,0.4,1.8,2.2,1.5,0.7,0.1,0.8,1.9,6.3,2000
4853,190,Jermaine Jackson,SG,23,DET,7,0,10.4,0.1,1.6,.091,0.0,0.1,.000,0.1,1.4,.100,.091,0.7,1.1,.625,0.1,1.4,1.6,0.6,0.4,0.0,1.0,1.0,1.0,2000
4854,191,Jim Jackson,SF,29,ATL,79,76,35.0,6.4,15.6,.411,1.5,3.8,.386,4.9,11.8,.418,.458,2.4,2.7,.877,1.3,3.7,5.0,2.9,0.7,0.1,2.3,2.1,16.7,2000
4855,192,Mark Jackson,PG,34,IND,81,81,27.0,3.0,7.0,.432,1.1,2.7,.403,1.9,4.3,.450,.510,1.0,1.2,.806,0.8,2.9,3.7,8.0,0.9,0.1,2.1,1.4,8.1,2000
4856,193,Randell Jackson,PF,24,DAL,1,0,1.0,0.0,0.0,,0.0,0.0,,0.0,0.0,,,0.0,0.0,,0.0,0.0,0.0,0.0,0.0,0.0,0.0,0.0,0.0,2000
4857,194,Sam Jacobson,PG,24,TOT,52,5,13.1,2.1,4.1,.509,0.2,0.5,.375,1.9,3.6,.527,.531,0.6,0.8,.732,0.5,0.9,1.4,0.6,0.6,0.1,0.6,2.2,4.9,2000
4858,194,Sam Jacobson,PG,24,LAL,3,0,6.0,1.7,3.0,.556,0.0,0.0,,1.7,3.0,.556,.556,0.0,0.7,.000,0.0,0.3,0.3,0.7,0.3,0.0,0.7,0.3,3.3,2000
4859,194,Sam Jacobson,PG,24,GSW,49,5,13.5,2.1,4.1,.507,0.2,0.5,.375,1.9,3.7,.525,.530,0.6,0.8,.769,0.5,0.9,1.4,0.6,0.6,0.1,0.6,2.3,5.0,2000
4860,195,Tim James,SF,23,MIA,4,0,5.8,1.3,3.5,.357,0.0,0.0,,1.3,3.5,.357,.357,0.3,0.8,.333,0.8,0.3,1.0,0.5,0.0,0.8,0.5,0.3,2.8,2000
4861,196,Antawn Jamison,SF,23,GSW,43,41,36.2,8.3,17.6,.471,0.0,0.2,.286,8.2,17.4,.473,.472,3.0,4.8,.611,4.0,4.3,8.3,2.1,0.7,0.3,2.6,2.7,19.6,2000
4862,197,Harold Jamison,PF,23,MIA,12,0,6.2,0.6,1.7,.350,0.0,0.0,,0.6,1.7,.350,.350,0.3,1.5,.222,1.3,0.4,1.8,0.3,0.2,0.1,0.3,1.4,1.5,2000
4863,198,Anthony Johnson,PG,25,TOT,56,6,11.4,1.1,2.9,.378,0.0,0.2,.182,1.1,2.7,.392,.384,0.5,0.7,.718,0.4,0.5,0.9,1.3,0.6,0.1,0.6,1.0,2.8,2000
4864,198,Anthony Johnson,PG,25,ATL,38,2,11.1,0.9,2.7,.350,0.0,0.2,.167,0.9,2.6,.361,.354,0.5,0.6,.792,0.4,0.6,1.0,1.6,0.6,0.1,0.6,1.1,2.4,2000
4865,198,Anthony Johnson,PG,25,ORL,18,4,11.9,1.4,3.4,.426,0.1,0.3,.200,1.4,3.1,.446,.434,0.5,0.8,.600,0.3,0.3,0.7,0.7,0.6,0.1,0.4,0.9,3.4,2000
4866,199,Avery Johnson,PG,34,SAS,82,82,31.4,4.9,10.4,.473,0.0,0.1,.111,4.9,10.3,.477,.474,1.4,1.9,.735,0.4,1.5,1.9,6.0,0.9,0.2,1.7,1.8,11.2,2000
4867,200,DeMarco Johnson,PF,24,NYK,5,0,7.4,0.6,1.8,.333,0.0,0.0,,0.6,1.8,.333,.333,0.0,0.0,,0.6,0.8,1.4,0.0,0.2,0.0,0.6,1.0,1.2,2000
4868,Rk,Player,Pos,Age,Tm,G,GS,MP,FG,FGA,FG%,3P,3PA,3P%,2P,2PA,2P%,eFG%,FT,FTA,FT%,ORB,DRB,TRB,AST,STL,BLK,TOV,PF,PTS,2000
4869,201,Ervin Johnson,C,32,MIL,80,74,26.6,1.8,3.5,.516,0.0,0.0,.000,1.8,3.5,.518,.516,1.2,2.0,.605,2.9,5.2,8.1,0.6,1.0,1.6,1.0,3.7,4.8,2000
4870,202,Kevin Johnson,PG,33,PHO,6,0,18.8,2.7,4.7,.571,0.2,0.2,1.000,2.5,4.5,.556,.589,1.2,1.2,1.000,0.0,2.7,2.7,4.0,0.3,0.0,1.2,1.0,6.7,2000
4871,203,Larry Johnson,PF,30,NYK,70,68,32.6,4.0,9.3,.433,0.8,2.5,.333,3.2,6.8,.469,.477,1.8,2.4,.766,1.2,4.2,5.4,2.5,0.6,0.1,1.3,2.9,10.7,2000
4872,204,Charles Jones,PG,24,LAC,56,0,11.8,1.2,3.6,.328,0.7,2.1,.331,0.5,1.5,.325,.425,0.3,0.4,.739,0.3,0.8,1.1,1.7,0.5,0.1,0.5,0.8,3.4,2000
4873,205,Damon Jones,PG,23,TOT,55,1,11.1,1.5,3.8,.385,0.7,2.1,.360,0.7,1.7,.415,.483,0.6,0.9,.667,0.2,0.8,1.0,1.7,0.3,0.0,0.7,0.6,4.2,2000
4874,205,Damon Jones,PG,23,GSW,13,1,15.1,1.9,4.2,.463,0.8,1.8,.478,1.1,2.4,.452,.565,0.5,0.7,.778,0.0,1.2,1.2,3.0,0.5,0.0,1.2,1.0,5.2,2000
4875,205,Damon Jones,PG,23,DAL,42,0,9.9,1.3,3.7,.357,0.7,2.2,.330,0.6,1.5,.397,.455,0.6,0.9,.641,0.3,0.6,0.9,1.4,0.3,0.0,0.6,0.5,3.9,2000
4876,206,Eddie Jones,SG,28,CHH,72,72,39.0,6.6,15.5,.427,1.8,4.7,.375,4.9,10.8,.450,.484,5.0,5.8,.864,1.1,3.6,4.8,4.2,2.7,0.7,2.2,2.4,20.1,2000
4877,207,Jumaine Jones,SF,20,PHI,33,0,4.2,0.7,1.8,.379,0.1,0.1,.500,0.6,1.6,.370,.397,0.3,0.5,.611,0.5,0.7,1.2,0.2,0.2,0.2,0.4,0.3,1.7,2000
4878,208,Popeye Jones,PF,29,DEN,40,1,8.3,1.1,2.6,.423,0.1,0.1,.667,1.1,2.5,.416,.433,0.4,0.5,.737,1.0,1.6,2.6,0.5,0.1,0.2,0.3,1.3,2.6,2000
4879,209,Reggie Jordan,PG,32,WAS,36,0,6.8,0.5,1.5,.321,0.0,0.0,.000,0.5,1.4,.327,.321,0.2,0.4,.538,0.4,0.7,1.1,0.9,0.3,0.1,0.5,0.8,1.1,2000
4880,210,Adam Keefe,C,29,UTA,62,3,9.7,0.9,2.1,.408,0.0,0.0,.000,0.9,2.1,.411,.408,0.5,0.6,.806,0.7,1.5,2.2,0.5,0.3,0.2,0.7,1.5,2.2,2000
4881,211,Shawn Kemp,C,30,CLE,82,82,30.4,5.9,14.1,.417,0.0,0.1,.333,5.9,14.1,.418,.418,6.0,7.7,.776,2.8,6.0,8.8,1.7,1.2,1.2,3.5,4.5,17.8,2000
4882,212,Steve Kerr,PG,34,SAS,32,0,8.4,1.0,2.3,.432,0.5,1.0,.516,0.5,1.3,.372,.541,0.3,0.3,.818,0.1,0.5,0.6,0.4,0.1,0.0,0.2,0.4,2.8,2000
4883,213,Jerome Kersey,SF,37,SAS,72,18,18.2,2.0,4.9,.412,0.0,0.1,.000,2.0,4.8,.423,.412,0.4,0.6,.707,0.8,2.3,3.1,1.0,0.9,0.7,0.7,2.2,4.5,2000
4884,214,Lari Ketner,PF,22,TOT,22,0,6.0,0.6,1.5,.406,0.0,0.0,,0.6,1.5,.406,.406,0.4,0.5,.667,0.5,1.0,1.5,0.0,0.2,0.1,0.5,0.9,1.5,2000
4885,214,Lari Ketner,PF,22,CHI,6,0,6.8,0.7,1.7,.400,0.0,0.0,,0.7,1.7,.400,.400,0.3,0.3,1.000,0.0,1.2,1.2,0.2,0.2,0.2,0.5,1.3,1.7,2000
4886,214,Lari Ketner,PF,22,CLE,16,0,5.7,0.6,1.4,.409,0.0,0.0,,0.6,1.4,.409,.409,0.4,0.6,.600,0.8,0.9,1.7,0.0,0.2,0.1,0.4,0.8,1.5,2000
4887,215,Jason Kidd*,PG,26,PHO,67,67,39.0,5.2,12.8,.409,0.8,2.5,.337,4.4,10.3,.427,.442,3.0,3.7,.829,1.4,5.8,7.2,10.1,2.0,0.4,3.4,2.2,14.3,2000
4888,216,Gerard King,SF,27,WAS,62,28,17.1,2.2,4.5,.502,0.0,0.0,,2.2,4.5,.502,.502,0.8,1.1,.742,1.4,2.7,4.0,0.8,0.5,0.2,0.7,2.1,5.3,2000
4889,217,Kerry Kittles,SG,25,NJN,62,61,30.6,4.9,11.3,.437,1.5,3.9,.400,3.4,7.4,.456,.506,1.6,2.0,.795,0.7,2.9,3.6,2.3,1.3,0.3,0.9,1.9,13.0,2000
4890,218,Joe Kleine,C,38,POR,7,0,4.4,0.6,1.6,.364,0.0,0.0,,0.6,1.6,.364,.364,0.4,0.4,1.000,0.0,0.9,0.9,0.3,0.1,0.0,0.3,1.0,1.6,2000
4891,219,Brevin Knight,PG,24,CLE,65,46,27.0,3.5,8.6,.412,0.0,0.2,.200,3.5,8.4,.416,.414,2.2,2.8,.761,0.6,2.4,3.0,7.0,1.6,0.3,2.4,2.8,9.3,2000
4892,220,Travis Knight,C,25,LAL,63,0,6.5,0.7,1.9,.390,0.0,0.0,,0.7,1.9,.390,.390,0.3,0.4,.607,0.7,1.3,2.0,0.4,0.1,0.4,0.4,1.4,1.7,2000
4893,Rk,Player,Pos,Age,Tm,G,GS,MP,FG,FGA,FG%,3P,3PA,3P%,2P,2PA,2P%,eFG%,FT,FTA,FT%,ORB,DRB,TRB,AST,STL,BLK,TOV,PF,PTS,2000
4894,221,Toni Kukoč*,SF,31,TOT,56,31,31.9,5.3,13.0,.408,0.8,3.0,.262,4.5,10.0,.452,.438,3.4,4.7,.725,1.3,3.5,4.9,4.7,1.4,0.5,2.6,2.0,14.8,2000
4895,221,Toni Kukoč*,SF,31,CHI,24,23,36.2,6.2,16.2,.381,0.8,3.3,.231,5.4,12.9,.419,.405,4.9,6.5,.761,1.5,3.9,5.4,5.2,1.8,0.8,3.1,2.1,18.0,2000
4896,221,Toni Kukoč*,SF,31,PHI,32,8,28.6,4.7,10.6,.438,0.8,2.8,.289,3.8,7.8,.492,.476,2.3,3.4,.673,1.2,3.3,4.5,4.4,1.0,0.3,2.2,1.9,12.4,2000
4897,222,Christian Laettner,C,30,DET,82,82,29.8,4.6,9.8,.473,0.1,0.3,.292,4.5,9.5,.479,.478,2.9,3.6,.812,2.1,4.6,6.7,2.3,1.0,0.5,2.3,4.0,12.2,2000
4898,223,Raef LaFrentz,C,23,DEN,81,80,30.1,4.8,10.9,.446,0.7,2.3,.328,4.1,8.6,.477,.480,2.0,2.9,.686,2.1,5.8,7.9,1.2,0.5,2.2,1.2,3.6,12.4,2000
4899,224,Andrew Lang,C,33,NYK,19,10,12.8,1.5,3.4,.438,0.0,0.0,,1.5,3.4,.438,.438,0.2,0.4,.429,0.8,2.3,3.2,0.2,0.4,0.3,0.3,1.6,3.1,2000
4900,225,Antonio Lang,SF,27,TOT,10,0,3.8,0.1,0.6,.167,0.0,0.0,,0.1,0.6,.167,.167,0.4,0.5,.800,0.0,0.5,0.5,0.2,0.4,0.1,0.2,0.8,0.6,2000
4901,225,Antonio Lang,SF,27,TOR,7,0,4.6,0.0,0.7,.000,0.0,0.0,,0.0,0.7,.000,.000,0.4,0.6,.750,0.0,0.7,0.7,0.1,0.6,0.1,0.3,1.0,0.4,2000
4902,225,Antonio Lang,SF,27,PHI,3,0,2.0,0.3,0.3,1.000,0.0,0.0,,0.3,0.3,1.000,1.000,0.3,0.3,1.000,0.0,0.0,0.0,0.3,0.0,0.0,0.0,0.3,1.0,2000
4903,226,Trajan Langdon,SG,23,CLE,10,0,14.5,1.5,4.0,.375,0.8,1.9,.421,0.7,2.1,.333,.475,1.1,1.1,1.000,0.4,1.1,1.5,1.1,0.5,0.0,0.6,1.6,4.9,2000
4904,227,Rusty LaRue,PG,26,CHI,4,1,32.3,3.8,10.8,.349,0.5,3.5,.143,3.3,7.3,.448,.372,1.3,1.8,.714,0.3,2.3,2.5,2.8,1.8,0.0,1.8,2.3,9.3,2000
4905,228,Tim Legler,SG,33,GSW,23,4,12.3,1.2,3.4,.359,0.3,0.9,.333,0.9,2.5,.368,.404,0.6,0.8,.778,0.2,0.8,1.0,1.0,0.2,0.0,0.3,1.4,3.3,2000
4906,229,Voshon Lenard,SG,26,MIA,53,13,27.1,4.3,10.6,.407,1.7,4.3,.390,2.6,6.3,.419,.487,1.6,2.0,.792,0.7,2.2,2.9,2.6,0.8,0.3,1.5,2.4,11.9,2000
4907,230,Quincy Lewis,SG,22,UTA,74,0,12.1,1.5,4.0,.372,0.3,0.9,.365,1.2,3.2,.374,.411,0.5,0.7,.731,0.6,0.9,1.5,0.5,0.3,0.2,0.6,2.1,3.8,2000
4908,231,Rashard Lewis,SF,20,SEA,82,8,19.2,3.4,6.9,.486,0.5,1.5,.333,2.9,5.4,.527,.521,1.0,1.5,.683,1.5,2.5,4.1,0.9,0.8,0.4,1.0,2.0,8.2,2000
4909,232,Randy Livingston,PG,24,PHO,79,15,13.7,2.0,4.7,.416,0.2,0.7,.345,1.7,4.0,.428,.441,0.7,0.8,.839,0.3,1.3,1.6,2.2,0.6,0.2,1.2,1.6,4.8,2000
4910,233,Grant Long,PF,33,VAN,42,1,21.9,1.8,4.0,.443,0.0,0.1,.000,1.8,3.9,.454,.443,1.3,1.7,.775,2.0,3.5,5.6,1.0,1.1,0.2,1.2,2.6,4.8,2000
4911,234,Luc Longley,C,31,PHO,72,68,19.7,2.6,5.5,.466,0.0,0.0,,2.6,5.5,.466,.466,1.1,1.3,.825,1.4,3.1,4.5,1.1,0.3,0.6,1.9,3.1,6.3,2000
4912,235,Felipe López,SG,25,VAN,65,0,12.0,1.7,4.0,.425,0.0,0.3,.167,1.7,3.7,.444,.431,1.0,1.7,.615,0.9,1.0,1.9,0.7,0.5,0.3,0.8,1.4,4.5,2000
4913,236,Tyronn Lue,PG,22,LAL,8,0,18.3,2.4,4.9,.487,0.5,1.0,.500,1.9,3.9,.484,.538,0.8,1.0,.750,0.3,1.3,1.5,2.1,0.4,0.0,1.1,2.1,6.0,2000
4914,237,George Lynch,SF,29,PHI,75,75,32.2,4.0,8.6,.461,0.2,0.5,.417,3.8,8.1,.464,.473,1.5,2.4,.617,2.9,4.9,7.8,1.8,1.6,0.5,1.6,3.1,9.6,2000
4915,238,Todd MacCulloch,C,24,PHI,56,6,9.4,1.6,2.9,.553,0.0,0.0,,1.6,2.9,.553,.553,0.5,1.0,.519,0.9,1.8,2.6,0.2,0.2,0.7,0.5,1.7,3.7,2000
4916,239,Sam Mack,SF,29,GSW,23,5,14.5,1.6,5.3,.303,0.9,2.8,.328,0.7,2.5,.276,.389,0.8,0.9,.950,0.3,1.4,1.7,1.0,0.8,0.0,0.8,2.0,5.0,2000
4917,240,Don MacLean,PF,30,PHO,16,0,8.9,1.1,3.1,.367,0.1,0.4,.333,1.0,2.7,.372,.388,0.3,0.4,.667,0.4,1.1,1.4,0.5,0.1,0.1,0.5,1.5,2.6,2000
4918,Rk,Player,Pos,Age,Tm,G,GS,MP,FG,FGA,FG%,3P,3PA,3P%,2P,2PA,2P%,eFG%,FT,FTA,FT%,ORB,DRB,TRB,AST,STL,BLK,TOV,PF,PTS,2000
4919,241,Corey Maggette,SF,20,ORL,77,5,17.8,2.9,6.1,.478,0.0,0.1,.182,2.9,5.9,.485,.480,2.5,3.4,.751,1.6,2.3,3.9,0.8,0.3,0.3,1.8,2.2,8.4,2000
4920,242,Dan Majerle,SG,34,MIA,69,69,33.4,2.5,6.1,.403,1.6,4.4,.362,0.9,1.7,.508,.533,0.8,1.0,.812,0.4,4.4,4.8,3.0,1.3,0.2,0.9,2.3,7.3,2000
4921,243,Karl Malone*,PF,36,UTA,82,82,35.9,9.2,18.0,.509,0.0,0.1,.250,9.1,17.9,.511,.510,7.2,9.0,.797,2.1,7.4,9.5,3.7,1.0,0.9,2.8,2.8,25.5,2000
4922,244,Matt Maloney,PG,28,CHI,51,12,23.0,2.2,6.2,.358,1.2,3.4,.356,1.0,2.8,.361,.456,0.7,0.9,.822,0.2,1.1,1.3,2.7,0.6,0.1,1.2,0.8,6.4,2000
4923,245,Danny Manning,PF,33,MIL,72,0,16.9,2.1,4.7,.440,0.0,0.1,.250,2.1,4.7,.442,.441,0.5,0.7,.654,0.7,2.2,2.9,1.0,0.9,0.4,0.8,2.5,4.6,2000
4924,246,Stephon Marbury,PG,22,NJN,74,74,38.9,7.7,17.8,.432,0.9,3.1,.283,6.8,14.6,.464,.457,5.9,7.2,.813,0.8,2.4,3.2,8.4,1.5,0.2,3.6,2.6,22.2,2000
4925,247,Shawn Marion,SF,21,PHO,51,38,24.7,4.4,9.2,.471,0.1,0.4,.182,4.3,8.8,.486,.476,1.4,1.7,.847,2.1,4.5,6.5,1.4,0.7,1.0,1.0,2.2,10.2,2000
4926,248,Sean Marks,PF,24,TOR,5,0,2.4,0.4,1.2,.333,0.0,0.2,.000,0.4,1.0,.400,.333,0.8,0.8,1.000,0.0,0.4,0.4,0.0,0.2,0.2,0.6,0.6,1.6,2000
4927,249,Donny Marshall,SF,27,CLE,6,0,6.5,0.5,1.8,.273,0.0,0.5,.000,0.5,1.3,.375,.273,0.8,1.0,.833,0.0,0.2,0.2,0.0,0.3,0.0,0.5,1.2,1.8,2000
4928,250,Donyell Marshall,PF,26,GSW,64,51,32.4,5.2,13.1,.394,0.8,2.2,.355,4.4,11.0,.402,.423,3.1,4.0,.780,3.0,7.0,10.0,2.6,1.1,1.1,1.9,2.8,14.2,2000
4929,251,Darrick Martin,PG,28,SAC,71,1,12.6,1.9,4.9,.380,0.5,1.7,.306,1.3,3.2,.420,.434,1.4,1.7,.824,0.1,0.5,0.6,1.7,0.4,0.0,0.9,1.3,5.7,2000
4930,252,Jamal Mashburn,SF,27,MIA,76,76,37.2,6.8,15.2,.445,1.5,3.7,.403,5.3,11.6,.458,.493,2.4,3.1,.778,0.8,4.2,5.0,3.9,1.0,0.2,2.4,2.8,17.5,2000
4931,253,Anthony Mason,SF,33,CHH,82,81,38.2,3.9,8.1,.480,0.0,0.0,.000,3.9,8.0,.480,.480,3.8,5.1,.746,1.8,6.8,8.5,4.5,0.9,0.4,2.0,2.7,11.6,2000
4932,254,Tony Massenburg,PF,32,HOU,10,0,10.9,1.6,3.6,.444,0.0,0.0,,1.6,3.6,.444,.444,1.4,1.6,.875,0.7,2.0,2.7,0.3,0.2,0.5,0.9,1.3,4.6,2000
4933,255,Vernon Maxwell,SG,34,SEA,47,0,21.0,3.6,10.4,.345,1.4,4.7,.300,2.2,5.7,.382,.413,2.3,3.1,.730,0.3,1.4,1.7,1.6,0.8,0.2,1.1,1.8,10.9,2000
4934,256,Walter McCarty,PF,25,BOS,61,5,14.4,1.3,3.8,.339,0.6,1.8,.309,0.7,2.0,.367,.413,0.6,0.9,.722,0.5,1.3,1.8,1.1,0.4,0.4,1.1,1.4,3.8,2000
4935,257,George McCloud,SF,32,DEN,78,11,27.2,3.4,8.2,.417,1.4,3.6,.378,2.0,4.6,.448,.501,1.9,2.3,.818,0.9,2.7,3.7,3.2,0.6,0.3,1.7,2.3,10.1,2000
4936,258,Jelani McCoy,C,22,SEA,58,2,12.9,1.8,3.1,.576,0.0,0.0,,1.8,3.1,.576,.576,0.8,1.6,.495,0.9,2.2,3.1,0.4,0.3,0.8,0.8,2.2,4.3,2000
4937,259,Antonio McDyess,PF,25,DEN,81,81,33.3,7.6,15.0,.507,0.0,0.0,.000,7.6,14.9,.508,.507,4.0,6.4,.626,2.9,5.6,8.5,2.0,0.9,1.7,2.8,3.9,19.1,2000
4938,260,Tracy McGrady*,SF,20,TOR,79,34,31.2,5.8,12.9,.451,0.2,0.8,.277,5.6,12.1,.463,.460,3.5,5.0,.707,2.4,4.0,6.3,3.3,1.1,1.9,2.0,2.5,15.4,2000
4939,Rk,Player,Pos,Age,Tm,G,GS,MP,FG,FGA,FG%,3P,3PA,3P%,2P,2PA,2P%,eFG%,FT,FTA,FT%,ORB,DRB,TRB,AST,STL,BLK,TOV,PF,PTS,2000
4940,261,Jim McIlvaine,C,27,NJN,66,53,15.9,1.0,2.3,.416,0.0,0.0,,1.0,2.3,.416,.416,0.4,0.8,.518,1.6,1.9,3.5,0.5,0.4,1.8,0.6,3.1,2.4,2000
4941,262,Jeff McInnis,PG,25,LAC,25,10,23.9,3.2,7.4,.430,0.3,0.8,.333,2.9,6.6,.442,.449,0.5,0.7,.765,0.7,2.2,2.9,3.6,0.6,0.1,1.1,2.2,7.2,2000
4942,263,Derrick McKey,SF,33,IND,32,0,19.8,1.3,3.4,.398,0.3,0.7,.435,1.0,2.7,.388,.444,1.3,1.8,.768,0.9,3.3,4.2,1.1,0.9,0.4,0.6,2.5,4.3,2000
4943,264,Aaron McKie,SG,27,PHI,82,14,23.8,3.0,7.2,.411,0.5,1.5,.364,2.4,5.8,.424,.449,1.5,1.8,.829,0.6,2.4,3.0,2.9,1.3,0.2,1.4,2.4,8.0,2000
4944,265,Roshown McLeod,SF,24,ATL,44,20,19.5,3.0,7.5,.395,0.0,0.3,.154,2.9,7.3,.404,.398,1.2,1.6,.771,0.9,2.2,3.1,1.2,0.4,0.1,1.3,1.9,7.2,2000
4945,266,Ron Mercer,SG,23,TOT,68,68,35.0,6.8,15.9,.426,0.2,0.7,.313,6.5,15.2,.431,.433,3.1,4.0,.789,0.9,2.7,3.7,2.3,1.1,0.3,2.2,2.2,16.9,2000
4946,266,Ron Mercer,SG,23,DEN,37,37,38.1,7.4,16.5,.444,0.4,1.1,.385,6.9,15.5,.449,.457,3.2,4.1,.788,0.8,3.3,4.1,2.8,0.9,0.4,2.4,2.0,18.3,2000
4947,266,Ron Mercer,SG,23,ORL,31,31,31.3,6.1,15.1,.402,0.0,0.3,.000,6.1,14.8,.410,.402,3.0,3.8,.790,1.1,2.0,3.2,1.7,1.4,0.3,2.1,2.5,15.2,2000
4948,267,Andre Miller,PG,23,CLE,82,36,25.5,4.1,9.2,.449,0.1,0.6,.204,4.0,8.6,.466,.456,2.8,3.6,.774,1.0,2.4,3.4,5.8,1.0,0.2,2.0,2.4,11.1,2000
4949,268,Anthony Miller,PF,28,HOU,35,14,13.6,1.5,2.8,.536,0.0,0.0,,1.5,2.8,.536,.536,0.7,1.5,.510,1.4,3.3,4.7,0.5,0.3,0.3,0.5,1.9,3.7,2000
4950,269,Brad Miller,C,23,CHH,55,4,17.5,2.5,5.3,.461,0.0,0.0,.000,2.5,5.3,.464,.461,2.8,3.5,.785,2.1,3.3,5.3,0.8,0.4,0.6,0.9,2.0,7.7,2000
4951,270,Oliver Miller,C,29,PHO,51,9,21.3,2.7,4.6,.588,0.0,0.0,,2.7,4.6,.588,.588,1.0,1.4,.671,1.7,3.4,5.1,1.3,0.8,1.6,1.5,2.6,6.3,2000
4952,271,Reggie Miller*,SG,34,IND,81,81,36.9,5.8,12.9,.448,2.0,5.0,.408,3.7,7.9,.473,.527,4.6,5.0,.919,0.6,2.3,3.0,2.3,1.0,0.3,1.6,1.6,18.1,2000
4953,272,Chris Mills,SF,30,GSW,20,11,32.5,6.2,14.6,.421,0.4,1.5,.267,5.8,13.1,.439,.435,3.4,4.2,.810,2.3,3.9,6.2,2.4,0.9,0.2,1.3,3.0,16.1,2000
4954,273,Terry Mills,PF,32,DET,82,78,22.5,2.6,6.0,.439,1.2,3.0,.393,1.5,3.0,.484,.536,0.3,0.4,.735,0.6,4.1,4.8,1.0,0.5,0.3,0.6,3.0,6.7,2000
4955,274,Jason Miskiri,PG,24,CHH,1,0,3.0,0.0,1.0,.000,0.0,1.0,.000,0.0,0.0,,.000,0.0,0.0,,0.0,0.0,0.0,1.0,0.0,0.0,0.0,2.0,0.0,2000
4956,275,Sam Mitchell,SF,36,MIN,66,24,18.6,2.5,5.7,.447,0.2,0.3,.435,2.4,5.3,.448,.460,1.2,1.4,.880,0.4,1.7,2.1,1.7,0.4,0.2,0.7,1.8,6.5,2000
4957,276,Cuttino Mobley,SG,24,HOU,81,8,30.8,5.4,12.5,.430,1.3,3.6,.356,4.1,8.9,.460,.481,3.7,4.4,.847,0.7,2.8,3.6,2.6,1.1,0.4,2.3,2.1,15.8,2000
4958,277,Nazr Mohammed,C,22,PHI,28,3,6.8,0.8,1.9,.389,0.0,0.0,,0.8,1.9,.389,.389,0.4,0.8,.545,0.6,1.2,1.8,0.1,0.1,0.4,0.6,1.0,1.9,2000
4959,278,Eric Montross,C,28,DET,51,0,6.5,0.3,1.1,.309,0.0,0.0,,0.3,1.1,.309,.309,0.1,0.2,.500,0.4,1.1,1.4,0.1,0.1,0.2,0.4,1.6,0.8,2000
4960,279,Mikki Moore,C,24,DET,29,0,16.8,3.0,4.8,.621,0.0,0.0,,3.0,4.8,.621,.621,1.9,2.3,.794,1.5,2.3,3.9,0.6,0.3,1.1,0.8,3.6,7.9,2000
4961,280,Alonzo Mourning*,C,29,MIA,79,78,34.8,8.3,15.0,.551,0.0,0.1,.000,8.3,14.9,.553,.551,5.2,7.4,.711,2.7,6.8,9.5,1.6,0.5,3.7,2.7,3.9,21.7,2000
4962,Rk,Player,Pos,Age,Tm,G,GS,MP,FG,FGA,FG%,3P,3PA,3P%,2P,2PA,2P%,eFG%,FT,FTA,FT%,ORB,DRB,TRB,AST,STL,BLK,TOV,PF,PTS,2000
4963,281,Chris Mullin*,SG,36,IND,47,2,12.4,1.7,4.0,.428,1.0,2.3,.409,0.7,1.6,.455,.548,0.8,0.9,.902,0.3,1.3,1.6,0.8,0.6,0.2,0.6,1.3,5.1,2000
4964,282,Eric Murdock,PG,31,LAC,40,15,17.3,2.0,5.1,.385,0.4,1.1,.381,1.6,4.1,.387,.424,1.3,2.0,.638,0.4,1.6,1.9,2.7,1.2,0.1,1.5,1.7,5.6,2000
4965,283,Gheorghe Mureșan,C,28,NJN,30,2,8.9,1.4,3.0,.456,0.0,0.0,,1.4,3.0,.456,.456,0.8,1.3,.605,0.8,1.5,2.3,0.3,0.0,0.4,0.5,1.7,3.5,2000
4966,284,Lamond Murray,SF,26,CLE,74,72,32.0,6.2,13.8,.451,0.7,1.9,.367,5.5,11.9,.465,.476,2.8,3.6,.761,1.7,4.0,5.7,1.8,1.4,0.5,2.5,2.8,15.9,2000
4967,285,Tracy Murray,SF,28,WAS,80,8,22.9,3.6,8.4,.433,1.4,3.3,.430,2.2,5.1,.435,.517,1.5,1.8,.851,0.8,2.6,3.4,0.9,0.6,0.3,1.1,2.3,10.2,2000
4968,286,Dikembe Mutombo*,C,33,ATL,82,82,36.4,3.9,7.0,.562,0.0,0.0,,3.9,7.0,.562,.562,3.6,5.1,.708,3.7,10.4,14.1,1.3,0.3,3.3,2.1,3.0,11.5,2000
4969,287,Steve Nash*,PG,25,DAL,56,27,27.4,3.1,6.5,.477,1.1,2.7,.403,2.0,3.8,.528,.559,1.3,1.5,.882,0.6,1.6,2.2,4.9,0.7,0.1,1.8,2.2,8.6,2000
4970,288,Tyrone Nesby,SG,24,LAC,73,39,31.7,5.0,12.5,.398,1.3,3.8,.335,3.7,8.7,.426,.449,2.1,2.6,.791,1.1,2.6,3.8,1.7,1.0,0.4,1.4,2.8,13.3,2000
4971,289,Rasho Nesterović,C,23,MIN,82,55,21.0,2.5,5.3,.476,0.0,0.0,.000,2.5,5.3,.478,.476,0.7,1.3,.573,1.6,3.0,4.6,1.1,0.3,1.0,0.9,3.2,5.7,2000
4972,290,Johnny Newman,SF,36,NJN,82,9,21.5,3.4,7.6,.446,0.9,2.3,.379,2.5,5.3,.476,.504,2.3,2.8,.838,0.5,1.4,1.9,0.8,0.6,0.1,1.1,2.5,10.0,2000
4973,291,Moochie Norris,PG,26,HOU,30,0,16.7,2.3,5.3,.434,0.4,1.0,.414,1.9,4.3,.438,.472,1.9,2.4,.781,0.5,1.7,2.3,3.1,0.8,0.0,1.0,1.1,6.9,2000
4974,292,Dirk Nowitzki,PF,21,DAL,82,81,35.8,6.3,13.6,.461,1.4,3.7,.379,4.9,9.9,.491,.513,3.5,4.2,.830,1.2,5.2,6.5,2.5,0.8,0.8,1.7,3.1,17.5,2000
4975,293,Jermaine O'Neal,C,21,POR,70,8,12.3,1.5,3.2,.486,0.0,0.0,.000,1.5,3.2,.489,.486,0.8,1.4,.582,1.4,1.9,3.3,0.3,0.2,0.8,0.7,1.8,3.9,2000
4976,294,Shaquille O'Neal*,C,27,LAL,79,79,40.0,12.1,21.1,.574,0.0,0.0,.000,12.1,21.1,.575,.574,5.5,10.4,.524,4.3,9.4,13.6,3.8,0.5,3.0,2.8,3.2,29.7,2000
4977,295,Charles Oakley,PF,36,TOR,80,80,30.4,2.9,7.0,.418,0.2,0.5,.341,2.8,6.5,.424,.430,0.8,1.1,.776,1.5,5.3,6.8,3.2,1.3,0.6,1.9,3.7,6.9,2000
4978,296,Lamar Odom,SF,20,LAC,76,70,36.4,5.9,13.5,.438,0.8,2.2,.360,5.1,11.3,.453,.467,4.0,5.5,.719,2.1,5.7,7.8,4.2,1.2,1.3,3.4,3.8,16.6,2000
4979,297,Hakeem Olajuwon*,C,37,HOU,44,28,23.8,4.4,9.6,.458,0.0,0.0,.000,4.4,9.5,.461,.458,1.6,2.5,.616,1.5,4.8,6.2,1.4,0.9,1.6,1.7,2.0,10.3,2000
4980,298,Kevin Ollie,PG,27,PHI,40,0,7.3,0.6,1.2,.449,0.0,0.0,,0.6,1.2,.449,.449,0.7,0.9,.757,0.1,0.7,0.8,1.2,0.3,0.0,0.3,0.7,1.8,2000
4981,299,Michael Olowokandi,C,24,LAC,80,77,31.2,4.1,9.5,.437,0.0,0.0,,4.1,9.5,.437,.437,1.5,2.4,.651,2.4,5.8,8.2,0.5,0.4,1.8,2.2,3.8,9.8,2000
4982,300,Greg Ostertag,C,26,UTA,81,3,19.8,1.5,3.3,.464,0.0,0.0,.000,1.5,3.3,.466,.464,1.5,2.3,.636,2.1,3.8,6.0,0.2,0.2,2.1,1.0,2.4,4.5,2000
4983,Rk,Player,Pos,Age,Tm,G,GS,MP,FG,FGA,FG%,3P,3PA,3P%,2P,2PA,2P%,eFG%,FT,FTA,FT%,ORB,DRB,TRB,AST,STL,BLK,TOV,PF,PTS,2000
4984,301,Bo Outlaw,PF,28,ORL,82,55,28.4,2.5,4.1,.602,0.0,0.0,.000,2.5,4.1,.607,.602,1.0,2.0,.506,2.5,3.9,6.4,3.0,1.4,1.8,1.6,2.5,6.0,2000
4985,302,Doug Overton,PG,30,BOS,48,0,9.0,1.3,3.2,.396,0.2,0.6,.357,1.1,2.6,.405,.429,0.4,0.4,.952,0.3,0.4,0.7,1.1,0.2,0.0,0.4,1.0,3.2,2000
4986,303,Billy Owens,PF-SF,30,TOT,62,11,21.0,2.4,5.8,.419,0.2,0.5,.324,2.2,5.2,.429,.434,1.0,1.7,.594,1.6,3.3,4.9,1.6,0.5,0.3,1.4,2.7,6.0,2000
4987,303,Billy Owens,PF,30,PHI,46,7,20.0,2.4,5.6,.434,0.2,0.6,.333,2.2,5.0,.446,.452,0.8,1.4,.594,1.4,2.8,4.2,1.3,0.6,0.3,1.3,2.6,5.9,2000
4988,303,Billy Owens,SF,30,GSW,16,4,24.1,2.4,6.3,.380,0.1,0.4,.286,2.3,5.8,.387,.390,1.6,2.6,.595,2.3,4.6,6.8,2.4,0.4,0.3,1.5,2.9,6.4,2000
4989,304,Robert Pack,PG,30,DAL,29,22,22.9,3.3,7.9,.417,0.1,0.4,.364,3.2,7.6,.420,.426,2.2,2.7,.808,0.2,1.2,1.4,5.8,1.1,0.1,2.6,1.5,8.9,2000
4990,305,Scott Padgett,PF,23,UTA,47,9,9.2,0.9,3.0,.314,0.3,0.9,.295,0.7,2.0,.323,.361,0.4,0.6,.704,0.5,1.4,1.9,0.5,0.3,0.2,0.5,1.2,2.6,2000
4991,306,Milt Palacio,PG,21,VAN,53,0,7.4,0.8,1.8,.439,0.0,0.0,.000,0.8,1.8,.448,.439,0.4,0.7,.595,0.3,0.6,1.0,0.9,0.4,0.0,0.8,0.6,2.0,2000
4992,307,Anthony Parker,SG,24,ORL,16,0,11.6,1.5,3.6,.421,0.1,0.9,.071,1.4,2.7,.535,.430,0.5,0.7,.727,0.3,1.4,1.7,0.6,0.5,0.3,0.7,0.8,3.6,2000
4993,308,Cherokee Parks,C,27,VAN,56,14,14.4,1.3,2.6,.497,0.0,0.0,.000,1.3,2.6,.500,.497,0.4,0.7,.649,1.0,2.3,3.3,0.6,0.5,0.8,0.5,2.1,3.0,2000
4994,309,Andrae Patterson,PF,24,MIN,5,0,4.0,0.6,0.8,.750,0.0,0.0,,0.6,0.8,.750,.750,0.0,0.0,,0.2,0.2,0.4,0.2,0.2,0.0,0.2,0.8,1.2,2000
4995,310,Ruben Patterson,SF,24,SEA,81,74,25.9,4.4,8.2,.536,0.1,0.3,.444,4.2,7.8,.539,.545,2.7,4.0,.692,2.7,2.7,5.4,1.6,1.2,0.5,1.8,2.3,11.6,2000
4996,311,Gary Payton*,PG,31,SEA,82,82,41.8,9.1,20.3,.448,2.2,6.3,.340,7.0,14.0,.497,.502,3.8,5.2,.735,1.2,5.2,6.5,8.9,1.9,0.2,2.7,2.2,24.2,2000
4997,312,Anthony Peeler,SG,30,MIN,82,22,25.3,3.9,8.8,.436,1.0,3.1,.333,2.8,5.7,.491,.494,1.1,1.3,.798,0.7,2.1,2.8,2.4,0.8,0.1,1.0,2.1,9.8,2000
4998,313,Will Perdue,C,34,CHI,67,15,15.1,0.9,2.5,.351,0.0,0.0,,0.9,2.5,.351,.351,0.7,1.6,.476,1.3,2.6,3.9,1.0,0.2,0.6,1.2,1.9,2.5,2000
4999,314,Sam Perkins,PF,38,IND,81,0,20.0,2.3,5.4,.417,1.1,2.7,.408,1.2,2.8,.426,.518,1.0,1.2,.825,0.8,2.8,3.6,0.8,0.4,0.4,0.8,1.7,6.6,2000
5000,315,Elliot Perry,PG,30,NJN,60,5,13.4,2.1,4.9,.435,0.2,0.7,.282,2.0,4.3,.459,.454,0.8,1.0,.806,0.2,0.8,1.0,2.3,0.7,0.0,1.0,0.8,5.3,2000
5001,316,Chuck Person,SF,35,SEA,37,0,9.2,1.0,3.3,.301,0.6,2.6,.253,0.4,0.8,.464,.398,0.1,0.2,.500,0.2,1.3,1.4,0.6,0.1,0.1,0.3,1.5,2.8,2000
5002,317,Wesley Person,SG,28,CLE,79,38,26.0,3.5,8.3,.428,1.3,3.2,.424,2.2,5.1,.431,.509,0.8,1.0,.792,0.6,2.8,3.4,1.8,0.5,0.2,0.8,1.5,9.2,2000
5003,318,Bobby Phills,SG,30,CHH,28,9,29.5,5.4,12.0,.454,1.1,3.3,.330,4.4,8.7,.500,.499,1.7,2.3,.723,0.6,1.9,2.5,2.8,1.5,0.3,1.7,2.6,13.6,2000
5004,319,Eric Piatkowski,SF,29,LAC,75,23,22.8,3.2,7.6,.415,1.2,3.2,.383,1.9,4.4,.439,.497,1.1,1.3,.850,1.0,2.0,3.0,1.1,0.6,0.2,0.8,1.9,8.7,2000
5005,320,Paul Pierce*,SF,22,BOS,73,72,35.4,6.7,15.1,.442,1.3,3.8,.343,5.3,11.2,.476,.486,4.9,6.2,.798,1.1,4.3,5.4,3.0,2.1,0.8,2.4,3.2,19.5,2000
5006,Rk,Player,Pos,Age,Tm,G,GS,MP,FG,FGA,FG%,3P,3PA,3P%,2P,2PA,2P%,eFG%,FT,FTA,FT%,ORB,DRB,TRB,AST,STL,BLK,TOV,PF,PTS,2000
5007,321,Scottie Pippen*,SF,34,POR,82,82,33.5,4.7,10.5,.451,1.0,3.2,.327,3.7,7.3,.506,.501,2.0,2.7,.717,1.4,4.9,6.3,5.0,1.4,0.5,2.5,2.5,12.5,2000
5008,322,Scot Pollard,C,24,SAC,76,5,17.6,2.0,3.7,.527,0.0,0.0,,2.0,3.7,.527,.527,1.5,2.1,.717,2.2,3.1,5.3,0.6,0.7,0.8,0.7,2.8,5.4,2000
5009,323,Olden Polynice,C,35,UTA,82,79,22.2,2.5,4.9,.510,0.0,0.0,.500,2.5,4.8,.510,.511,0.3,1.1,.311,2.0,3.5,5.5,0.5,0.4,1.0,0.9,3.2,5.3,2000
5010,324,Terry Porter,PG,36,SAS,68,8,23.7,3.0,6.8,.447,1.3,3.0,.435,1.7,3.8,.457,.544,2.0,2.5,.806,0.4,2.5,2.8,3.3,0.7,0.1,1.5,1.2,9.4,2000
5011,325,James Posey,SF,23,DEN,81,77,25.3,2.8,6.6,.429,1.0,2.7,.373,1.8,3.9,.468,.506,1.5,1.9,.800,1.0,2.9,3.9,1.8,1.2,0.4,1.2,2.6,8.2,2000
5012,326,Vitaly Potapenko,C,24,BOS,79,72,22.7,3.9,7.8,.499,0.0,0.0,.000,3.9,7.8,.500,.499,1.4,2.0,.681,2.3,4.0,6.3,1.0,0.5,0.4,1.8,3.0,9.2,2000
5013,327,Brent Price,PG,31,VAN,41,0,10.3,1.0,2.9,.345,0.6,1.7,.368,0.4,1.2,.314,.450,0.8,1.0,.872,0.2,0.7,0.9,1.7,0.4,0.0,1.1,1.5,3.4,2000
5014,328,Laron Profit,SG,22,WAS,33,1,6.8,0.6,1.8,.356,0.1,0.5,.176,0.5,1.3,.429,.381,0.1,0.3,.400,0.1,0.7,0.8,0.8,0.2,0.1,0.6,0.8,1.5,2000
5015,329,Aleksandar Radojević,C,23,TOR,3,0,8.0,0.7,2.3,.286,0.0,0.0,,0.7,2.3,.286,.286,1.0,2.0,.500,0.7,2.0,2.7,0.3,0.7,0.3,1.7,1.7,2.3,2000
5016,330,Theo Ratliff,PF,26,PHI,57,56,31.5,4.3,8.6,.503,0.0,0.0,,4.3,8.6,.503,.503,3.2,4.1,.771,2.5,5.2,7.6,0.6,0.6,3.0,1.9,3.2,11.9,2000
5017,331,Eldridge Recasner,PG,32,CHH,7,0,4.0,0.4,1.0,.429,0.1,0.6,.250,0.3,0.4,.667,.500,0.0,0.0,,0.0,0.6,0.6,0.7,0.0,0.0,0.0,0.1,1.0,2000
5018,332,Bryant Reeves,C,26,VAN,69,67,25.7,3.7,8.1,.448,0.0,0.1,.000,3.7,8.1,.452,.448,1.6,2.4,.648,1.8,3.8,5.7,1.2,0.5,0.6,1.7,3.6,8.9,2000
5019,333,Khalid Reeves,PG,27,CHI,3,0,16.0,1.0,4.0,.250,0.0,1.0,.000,1.0,3.0,.333,.250,1.7,1.7,1.000,0.7,0.7,1.3,4.3,0.7,0.0,2.0,2.7,3.7,2000
5020,334,Don Reid,PF,26,TOT,38,3,13.1,1.6,2.9,.536,0.0,0.0,,1.6,2.9,.536,.536,0.6,0.9,.706,0.8,1.9,2.7,0.3,0.6,0.8,0.6,3.1,3.8,2000
5021,334,Don Reid,PF,26,DET,21,3,7.9,0.8,1.6,.471,0.0,0.0,,0.8,1.6,.471,.471,0.1,0.3,.500,0.2,1.0,1.2,0.0,0.2,0.6,0.5,2.1,1.7,2000
5022,334,Don Reid,PF,26,WAS,17,0,19.6,2.6,4.6,.564,0.0,0.0,,2.6,4.6,.564,.564,1.2,1.6,.750,1.5,3.0,4.5,0.6,1.1,1.1,0.7,4.3,6.4,2000
5023,335,J.R. Reid,PF,31,MIL,34,7,17.7,1.6,3.7,.417,0.0,0.2,.143,1.5,3.5,.433,.421,1.3,1.6,.768,0.9,2.6,3.4,0.5,0.6,0.1,0.6,2.4,4.4,2000
5024,336,Rodrick Rhodes,SF,26,DAL,1,0,8.0,0.0,3.0,.000,0.0,0.0,,0.0,3.0,.000,.000,0.0,0.0,,1.0,0.0,1.0,0.0,2.0,0.0,2.0,0.0,0.0,2000
5025,337,Glen Rice,SF,32,LAL,80,80,31.6,5.3,12.3,.430,1.1,2.9,.367,4.2,9.4,.449,.472,4.3,5.0,.874,0.7,3.4,4.1,2.2,0.6,0.2,1.4,2.2,15.9,2000
5026,338,Mitch Richmond*,SG,34,WAS,74,69,32.4,6.0,14.2,.426,1.3,3.3,.386,4.8,10.9,.438,.470,4.0,4.6,.876,0.5,2.4,2.9,2.5,1.5,0.2,2.1,2.6,17.4,2000
5027,339,Isaiah Rider,SG,28,ATL,60,47,34.7,7.5,17.9,.419,0.9,3.0,.311,6.6,14.9,.441,.445,3.4,4.3,.785,1.1,3.3,4.3,3.7,0.7,0.1,2.8,2.2,19.3,2000
5028,340,Stanley Roberts,C,29,PHI,5,1,10.2,1.0,3.2,.313,0.0,0.2,.000,1.0,3.0,.333,.313,0.0,0.6,.000,1.2,1.8,3.0,0.6,0.2,0.2,0.4,3.0,2.0,2000
5029,Rk,Player,Pos,Age,Tm,G,GS,MP,FG,FGA,FG%,3P,3PA,3P%,2P,2PA,2P%,eFG%,FT,FTA,FT%,ORB,DRB,TRB,AST,STL,BLK,TOV,PF,PTS,2000
5030,341,Ryan Robertson,SG,23,SAC,1,0,25.0,2.0,6.0,.333,0.0,2.0,.000,2.0,4.0,.500,.333,1.0,1.0,1.000,0.0,0.0,0.0,0.0,0.0,0.0,0.0,0.0,5.0,2000
5031,342,Clifford Robinson,SF,33,PHO,80,67,35.5,6.6,14.3,.464,1.5,4.1,.370,5.1,10.2,.501,.517,3.7,4.8,.782,1.3,3.2,4.5,2.8,1.1,0.8,2.1,3.0,18.5,2000
5032,343,David Robinson*,C,34,SAS,80,80,32.0,6.6,12.9,.512,0.0,0.0,.000,6.6,12.9,.513,.512,4.6,6.4,.726,2.4,7.2,9.6,1.8,1.2,2.3,2.1,3.1,17.8,2000
5033,344,Eddie Robinson,SF,23,CHH,67,8,16.6,3.2,5.8,.549,0.0,0.1,.000,3.2,5.7,.555,.549,0.7,1.0,.734,0.8,1.9,2.7,0.5,0.7,0.4,0.6,1.0,7.0,2000
5034,345,Glenn Robinson,SF,27,MIL,81,81,35.9,8.5,18.0,.472,1.1,2.9,.363,7.5,15.1,.493,.502,2.8,3.5,.802,1.3,4.7,6.0,2.4,1.0,0.5,2.8,2.6,20.9,2000
5035,346,Dennis Rodman*,PF,38,DAL,12,12,32.4,1.0,2.6,.387,0.0,0.1,.000,1.0,2.5,.400,.387,0.8,1.2,.714,4.0,10.3,14.3,1.2,0.2,0.1,1.6,3.4,2.8,2000
5036,347,Carlos Rogers,C,28,HOU,53,15,20.8,3.2,6.1,.525,0.0,0.3,.071,3.2,5.8,.545,.526,1.5,2.6,.591,1.8,3.3,5.2,0.8,0.3,0.6,1.2,1.5,8.0,2000
5037,348,Rodney Rogers,PF,28,PHO,82,7,27.9,5.2,10.7,.486,1.4,3.2,.439,3.8,7.5,.506,.551,1.9,3.0,.639,1.7,3.8,5.5,2.1,1.1,0.6,2.0,3.5,13.8,2000
5038,349,Roy Rogers,PF,26,DEN,40,0,8.9,0.9,2.2,.398,0.0,0.0,.000,0.9,2.2,.402,.398,0.5,1.0,.463,0.8,1.2,2.0,0.2,0.1,1.0,0.3,0.9,2.2,2000
5039,350,Sean Rooks,C,30,DAL,71,13,14.1,1.7,4.0,.431,0.0,0.0,,1.7,4.0,.431,.431,0.9,1.3,.730,1.2,2.3,3.5,1.0,0.4,0.7,1.0,2.4,4.4,2000
5040,351,Jalen Rose,SF,27,IND,80,80,37.2,7.0,15.0,.471,1.0,2.5,.393,6.1,12.5,.486,.503,3.2,3.8,.827,0.5,4.3,4.8,4.0,1.1,0.6,2.4,2.9,18.2,2000
5041,352,Malik Rose,PF,25,SAS,74,3,18.1,2.4,5.2,.457,0.0,0.0,.333,2.4,5.2,.458,.458,1.9,2.7,.722,1.8,2.7,4.5,0.6,0.5,0.7,1.3,3.1,6.7,2000
5042,353,Michael Ruffin,PF,23,CHI,71,6,13.7,0.8,1.9,.420,0.0,0.0,,0.8,1.9,.420,.420,0.6,1.2,.489,1.6,1.9,3.5,0.6,0.4,0.4,0.8,2.4,2.2,2000
5043,354,Bryon Russell,SF,29,UTA,82,70,35.4,5.0,11.1,.446,1.3,3.3,.396,3.7,7.9,.467,.504,2.9,3.9,.750,1.2,4.0,5.2,1.9,1.6,0.3,1.2,3.1,14.1,2000
5044,355,Arvydas Sabonis*,C,35,POR,66,61,25.6,4.6,9.1,.505,0.1,0.3,.368,4.5,8.8,.509,.511,2.5,3.0,.843,1.5,6.3,7.8,1.8,0.7,1.2,1.5,2.8,11.8,2000
5045,356,John Salley,C,35,LAL,45,3,6.7,0.6,1.5,.362,0.0,0.0,,0.6,1.5,.362,.362,0.5,0.6,.750,0.4,1.0,1.4,0.6,0.2,0.3,0.4,1.5,1.6,2000
5046,357,Detlef Schrempf,SF,37,POR,77,6,21.6,2.4,5.6,.432,0.3,0.7,.404,2.2,4.9,.436,.456,2.3,2.8,.833,1.0,3.3,4.3,2.6,0.5,0.2,1.3,2.4,7.5,2000
5047,358,Dennis Scott,SF,31,VAN,66,0,19.1,1.9,5.0,.375,1.1,2.9,.376,0.8,2.2,.375,.482,0.7,0.9,.842,0.2,1.4,1.6,1.0,0.4,0.1,0.5,1.6,5.6,2000
5048,359,Malik Sealy,SF,29,MIN,82,61,29.2,4.5,9.5,.476,0.1,0.4,.286,4.4,9.1,.485,.482,2.2,2.7,.812,1.5,2.8,4.3,2.4,0.9,0.2,1.3,2.4,11.3,2000
5049,360,Brian Shaw,SG,33,LAL,74,2,16.9,1.7,4.4,.382,0.2,0.8,.310,1.4,3.6,.398,.410,0.6,0.7,.759,0.6,2.3,2.9,2.7,0.5,0.2,1.0,1.4,4.1,2000
5050,Rk,Player,Pos,Age,Tm,G,GS,MP,FG,FGA,FG%,3P,3PA,3P%,2P,2PA,2P%,eFG%,FT,FTA,FT%,ORB,DRB,TRB,AST,STL,BLK,TOV,PF,PTS,2000
5051,361,Dickey Simpkins,PF,27,CHI,69,48,23.9,1.6,4.0,.405,0.0,0.0,.000,1.6,4.0,.407,.405,0.9,1.7,.542,1.8,3.6,5.4,1.4,0.3,0.3,1.9,3.1,4.2,2000
5052,362,Brian Skinner,PF,23,LAC,33,9,23.5,2.1,4.1,.507,0.0,0.0,,2.1,4.1,.507,.507,1.3,2.0,.662,1.9,4.2,6.1,0.3,0.5,1.3,1.1,2.3,5.4,2000
5053,363,Joe Smith,C,24,MIN,78,9,25.3,3.7,8.0,.464,0.0,0.0,1.000,3.7,8.0,.463,.465,2.5,3.3,.756,2.4,3.8,6.2,1.1,0.6,1.1,1.5,3.9,9.9,2000
5054,364,Michael Smith,SF,27,WAS,46,46,24.9,2.3,4.2,.563,0.0,0.0,.000,2.3,4.2,.565,.563,1.6,2.2,.723,2.6,4.6,7.2,1.2,0.6,0.5,1.0,2.8,6.3,2000
5055,365,Steve Smith,SG,30,POR,82,81,32.8,5.1,11.0,.467,1.2,2.9,.398,4.0,8.0,.492,.520,3.5,4.1,.850,1.5,2.3,3.8,2.5,0.9,0.4,1.4,2.6,14.9,2000
5056,366,Rik Smits,C,33,IND,79,79,23.4,5.5,11.3,.484,0.0,0.0,.000,5.5,11.3,.485,.484,2.0,2.7,.739,1.2,3.9,5.1,1.1,0.3,1.3,1.4,3.2,12.9,2000
5057,367,Eric Snow,PG,26,PHI,82,80,35.0,3.1,7.3,.430,0.1,0.5,.244,3.0,6.7,.446,.440,1.5,2.2,.712,0.5,2.7,3.2,7.6,1.7,0.1,2.0,3.0,7.9,2000
5058,368,Felton Spencer,C,32,SAS,26,0,5.7,0.6,1.3,.455,0.0,0.0,,0.6,1.3,.455,.455,0.8,1.2,.667,0.6,0.9,1.5,0.1,0.2,0.3,0.3,1.2,1.9,2000
5059,369,Latrell Sprewell,SF,29,NYK,82,82,40.0,6.9,15.9,.435,0.5,1.5,.346,6.4,14.4,.445,.452,4.2,4.8,.866,0.6,3.7,4.3,4.0,1.3,0.3,2.8,2.2,18.6,2000
5060,370,Ryan Stack,PF,24,CLE,25,0,7.9,0.7,2.0,.333,0.0,0.0,.000,0.7,2.0,.340,.333,0.7,1.1,.667,0.6,1.2,1.8,0.2,0.2,0.4,0.7,1.9,2.1,2000
5061,371,Jerry Stackhouse,SG,25,DET,82,82,38.4,7.5,17.6,.428,1.0,3.5,.288,6.5,14.1,.462,.456,7.5,9.2,.815,1.4,2.4,3.8,4.5,1.3,0.4,3.8,2.3,23.6,2000
5062,372,John Starks,SG,34,TOT,37,30,32.2,5.5,14.6,.375,1.6,4.6,.345,3.9,10.0,.388,.429,1.4,1.6,.847,0.3,2.5,2.7,4.9,1.1,0.1,1.8,2.8,13.9,2000
5063,372,John Starks,SG,34,GSW,33,30,33.6,5.8,15.4,.378,1.7,4.9,.348,4.1,10.5,.392,.433,1.4,1.6,.833,0.3,2.5,2.8,5.2,1.1,0.1,1.9,2.8,14.7,2000
5064,372,John Starks,SG,34,CHI,4,0,20.5,2.8,8.5,.324,0.8,2.5,.300,2.0,6.0,.333,.368,1.3,1.3,1.000,0.0,2.5,2.5,2.8,1.3,0.3,0.8,2.3,7.5,2000
5065,373,Vladimir Stepania,C,23,SEA,30,1,6.7,1.0,2.6,.367,0.0,0.2,.000,1.0,2.4,.397,.367,0.6,1.2,.472,0.7,0.9,1.6,0.1,0.3,0.4,0.7,1.5,2.5,2000
5066,374,Joe Stephens,SF,27,VAN,13,0,13.9,1.5,3.9,.373,0.0,0.6,.000,1.5,3.3,.442,.373,0.2,0.3,.750,1.0,1.8,2.8,0.8,0.5,0.2,0.5,0.7,3.2,2000
5067,375,Michael Stewart,C,24,TOR,42,1,9.3,0.5,1.3,.377,0.0,0.0,,0.5,1.3,.377,.377,0.4,0.8,.563,0.8,1.5,2.2,0.1,0.1,0.5,0.4,1.9,1.4,2000
5068,376,Bryant Stith,SG,29,DEN,45,6,15.4,1.9,4.2,.455,0.4,1.2,.304,1.5,3.0,.519,.500,1.4,1.7,.831,0.5,1.4,1.9,1.4,0.4,0.3,0.7,1.2,5.6,2000
5069,377,John Stockton*,PG,37,UTA,82,82,29.7,4.4,8.8,.501,0.5,1.5,.355,3.9,7.4,.530,.530,2.7,3.1,.860,0.5,2.1,2.6,8.6,1.7,0.2,2.2,2.3,12.1,2000
5070,378,Peja Stojaković,SF,22,SAC,74,11,23.6,4.3,9.7,.448,1.4,3.6,.375,3.0,6.1,.491,.517,1.8,2.1,.882,1.0,2.7,3.7,1.4,0.7,0.1,1.2,1.3,11.9,2000
5071,379,Damon Stoudamire,PG,26,POR,78,78,30.4,4.9,11.5,.432,1.0,2.7,.377,3.9,8.7,.449,.477,1.6,1.9,.841,0.8,2.3,3.1,5.2,1.0,0.0,1.9,2.2,12.5,2000
5072,380,Erick Strickland,SG,26,DAL,68,67,29.8,4.6,10.7,.433,1.1,2.7,.392,3.6,8.0,.447,.483,2.4,2.9,.831,1.0,3.7,4.8,3.1,1.5,0.2,1.5,2.8,12.8,2000
5073,Rk,Player,Pos,Age,Tm,G,GS,MP,FG,FGA,FG%,3P,3PA,3P%,2P,2PA,2P%,eFG%,FT,FTA,FT%,ORB,DRB,TRB,AST,STL,BLK,TOV,PF,PTS,2000
5074,381,Mark Strickland,SF,29,MIA,58,5,11.4,2.1,3.9,.545,0.0,0.0,,2.1,3.9,.545,.545,0.7,1.0,.714,0.8,1.7,2.4,0.4,0.3,0.3,0.4,1.2,4.9,2000
5075,382,Rod Strickland,PG,33,WAS,69,67,31.7,4.7,11.0,.429,0.0,0.3,.048,4.7,10.7,.440,.430,3.1,4.4,.702,1.1,2.7,3.8,7.5,1.4,0.3,2.7,2.1,12.6,2000
5076,383,Derek Strong,PF,31,ORL,20,0,7.4,1.1,2.4,.438,0.1,0.2,.250,1.0,2.2,.455,.448,0.6,0.7,.786,0.6,1.7,2.2,0.2,0.3,0.1,0.6,0.8,2.7,2000
5077,384,Bruno Šundov,C,19,DAL,14,0,4.4,0.9,2.2,.387,0.0,0.0,,0.9,2.2,.387,.387,0.1,0.1,1.000,0.4,0.5,0.9,0.1,0.1,0.1,0.3,1.1,1.9,2000
5078,385,Bob Sura,SG,26,CLE,73,45,30.4,4.9,11.2,.437,1.7,4.5,.367,3.2,6.6,.484,.512,2.4,3.4,.697,0.7,3.3,3.9,3.9,1.2,0.3,2.0,2.8,13.8,2000
5079,386,Wally Szczerbiak,SF,22,MIN,73,53,29.7,4.7,9.2,.511,0.4,1.1,.359,4.3,8.1,.531,.532,1.8,2.2,.826,1.2,2.5,3.7,2.8,0.8,0.3,1.1,2.4,11.6,2000
5080,387,Žan Tabak,C,29,IND,18,0,6.3,0.9,1.9,.471,0.0,0.0,,0.9,1.9,.471,.471,0.3,0.4,.625,0.9,0.9,1.8,0.2,0.2,0.5,0.6,0.7,2.1,2000
5081,388,Johnny Taylor,SF,25,TOT,6,0,5.7,0.8,2.3,.357,0.2,0.2,1.000,0.7,2.2,.308,.393,0.0,0.0,,0.3,0.7,1.0,0.2,0.2,0.2,0.3,0.8,1.8,2000
5082,388,Johnny Taylor,SF,25,DEN,1,0,5.0,0.0,2.0,.000,0.0,0.0,,0.0,2.0,.000,.000,0.0,0.0,,0.0,1.0,1.0,0.0,0.0,0.0,0.0,1.0,0.0,2000
5083,388,Johnny Taylor,SF,25,ORL,5,0,5.8,1.0,2.4,.417,0.2,0.2,1.000,0.8,2.2,.364,.458,0.0,0.0,,0.4,0.6,1.0,0.2,0.2,0.2,0.4,0.8,2.2,2000
5084,389,Maurice Taylor,PF,23,LAC,62,60,35.9,7.4,15.9,.464,0.0,0.1,.125,7.4,15.8,.466,.464,2.3,3.2,.711,1.5,4.9,6.5,1.6,0.8,0.8,2.7,3.5,17.1,2000
5085,390,Jason Terry,PG,22,ATL,81,27,23.3,3.1,7.4,.415,0.6,1.9,.293,2.5,5.5,.458,.453,1.4,1.7,.807,0.3,1.8,2.0,4.3,1.1,0.1,1.9,1.6,8.1,2000
5086,391,Jamel Thomas,SF,26,TOT,7,0,6.6,1.1,2.6,.444,0.0,0.4,.000,1.1,2.1,.533,.444,0.1,0.1,1.000,0.1,0.6,0.7,0.9,0.1,0.0,0.7,0.3,2.4,2000
5087,391,Jamel Thomas,SF,26,BOS,3,0,6.3,1.7,3.3,.500,0.0,0.3,.000,1.7,3.0,.556,.500,0.3,0.3,1.000,0.0,0.7,0.7,0.7,0.0,0.0,0.3,0.0,3.7,2000
5088,391,Jamel Thomas,SF,26,GSW,4,0,6.8,0.8,2.0,.375,0.0,0.5,.000,0.8,1.5,.500,.375,0.0,0.0,,0.3,0.5,0.8,1.0,0.3,0.0,1.0,0.5,1.5,2000
5089,392,John Thomas,C,24,TOR,55,6,8.7,0.9,1.9,.458,0.0,0.0,.000,0.9,1.9,.462,.458,0.3,0.7,.390,0.7,0.7,1.4,0.2,0.2,0.3,0.3,1.9,2.1,2000
5090,393,Kenny Thomas,PF,22,HOU,72,29,25.0,2.9,7.4,.399,0.4,1.7,.262,2.5,5.7,.440,.429,1.9,2.9,.660,2.0,4.0,6.1,1.6,0.8,0.3,1.6,2.3,8.3,2000
5091,394,Kurt Thomas,PF,27,NYK,80,21,24.6,3.4,6.7,.505,0.0,0.0,.333,3.4,6.7,.506,.506,1.3,1.6,.781,1.8,4.5,6.3,1.0,0.6,0.5,1.3,3.5,8.0,2000
5092,395,Tim Thomas,SF,22,MIL,80,1,26.2,4.3,9.4,.461,0.8,2.3,.346,3.6,7.1,.497,.503,2.4,3.0,.774,1.3,2.9,4.2,1.4,0.7,0.4,1.6,2.8,11.8,2000
5093,396,Otis Thorpe,PF,37,MIA,51,1,15.2,2.5,4.8,.514,0.0,0.1,.000,2.5,4.7,.521,.514,0.6,0.9,.604,1.1,2.2,3.3,0.6,0.5,0.2,1.2,2.7,5.5,2000
5094,397,Robert Traylor,PF,22,MIL,44,16,10.2,1.3,2.8,.475,0.0,0.1,.000,1.3,2.7,.492,.475,0.9,1.5,.603,1.1,1.5,2.6,0.5,0.6,0.6,0.6,1.8,3.6,2000
5095,398,Gary Trent,SF,25,DAL,11,11,27.4,6.4,12.9,.493,0.0,0.2,.000,6.4,12.7,.500,.493,1.0,1.9,.524,1.8,2.9,4.7,2.0,0.7,0.3,2.3,2.5,13.7,2000
5096,399,Mirsad Türkcan,PF,23,TOT,17,0,5.3,0.8,2.2,.368,0.0,0.4,.000,0.8,1.9,.438,.368,0.3,0.5,.625,0.8,1.2,1.9,0.3,0.2,0.1,0.5,0.8,1.9,2000
5097,399,Mirsad Türkcan,PF,23,NYK,7,0,3.6,0.3,1.4,.200,0.0,0.3,.000,0.3,1.1,.250,.200,0.0,0.0,,0.3,1.1,1.4,0.1,0.3,0.0,0.1,0.6,0.6,2000
5098,399,Mirsad Türkcan,PF,23,MIL,10,0,6.5,1.2,2.8,.429,0.0,0.4,.000,1.2,2.4,.500,.429,0.5,0.8,.625,1.1,1.2,2.3,0.4,0.1,0.1,0.7,1.0,2.9,2000
5099,400,Wayne Turner,PG,23,BOS,3,0,13.7,0.3,2.0,.167,0.0,0.0,,0.3,2.0,.167,.167,0.7,2.0,.333,0.3,0.7,1.0,1.7,0.0,0.0,1.0,1.3,1.3,2000
5100,Rk,Player,Pos,Age,Tm,G,GS,MP,FG,FGA,FG%,3P,3PA,3P%,2P,2PA,2P%,eFG%,FT,FTA,FT%,ORB,DRB,TRB,AST,STL,BLK,TOV,PF,PTS,2000
5101,401,Nick Van Exel,PG,28,DEN,79,79,37.3,6.0,15.4,.390,1.7,5.1,.332,4.3,10.3,.419,.445,2.5,3.0,.817,0.4,3.5,3.9,9.0,0.9,0.1,2.8,1.9,16.1,2000
5102,402,Keith Van Horn,PF,24,NJN,80,80,34.8,7.0,15.7,.445,1.1,2.9,.368,5.9,12.9,.462,.478,4.2,4.9,.847,2.5,6.0,8.5,2.0,0.8,0.8,3.1,3.2,19.2,2000
5103,403,Jacque Vaughn,PG,24,UTA,78,0,11.3,1.4,3.4,.416,0.2,0.4,.412,1.2,2.9,.417,.443,0.7,1.0,.750,0.1,0.7,0.8,1.6,0.4,0.0,1.0,1.2,3.7,2000
5104,404,Loy Vaught,PF,31,DET,43,0,6.8,0.7,2.1,.360,0.0,0.1,.000,0.7,2.0,.372,.360,0.3,0.4,.688,0.6,1.5,2.1,0.3,0.1,0.1,0.3,1.0,1.7,2000
5105,405,Fred Vinson,SG,29,SEA,8,0,5.0,0.6,2.1,.294,0.3,0.9,.286,0.4,1.3,.300,.353,0.1,0.3,.500,0.0,0.1,0.1,0.0,0.4,0.0,0.5,0.3,1.6,2000
5106,406,Antoine Walker,PF,23,BOS,82,82,36.6,7.9,18.4,.430,0.9,3.5,.256,7.0,14.9,.471,.455,3.8,5.4,.699,2.4,5.5,8.0,3.7,1.4,0.4,3.2,3.2,20.5,2000
5107,407,Samaki Walker,PF,23,SAS,71,7,13.8,1.9,4.3,.449,0.0,0.0,,1.9,4.3,.449,.449,1.2,1.8,.683,1.1,2.7,3.8,0.5,0.1,0.5,0.9,1.5,5.1,2000
5108,408,Ben Wallace*,PF,25,ORL,81,81,24.2,2.1,4.1,.503,0.0,0.0,,2.1,4.1,.503,.503,0.7,1.4,.474,2.6,5.6,8.2,0.8,0.9,1.6,0.8,2.0,4.8,2000
5109,409,John Wallace,SF,25,NYK,60,0,13.3,2.6,5.5,.467,0.0,0.1,.000,2.6,5.5,.471,.467,1.4,1.7,.804,0.7,1.6,2.3,0.4,0.2,0.2,1.1,1.7,6.5,2000
5110,410,Rasheed Wallace,PF,25,POR,81,77,35.1,6.7,12.9,.519,0.1,0.6,.160,6.6,12.3,.537,.522,2.9,4.1,.704,1.6,5.4,7.0,1.8,1.1,1.3,1.9,2.7,16.4,2000
5111,411,Rex Walters,PG,29,MIA,33,0,11.8,1.2,2.8,.418,0.2,0.6,.250,1.0,2.2,.465,.445,0.4,0.5,.750,0.2,0.8,1.1,2.0,0.2,0.0,0.9,1.3,2.8,2000
5112,412,Charlie Ward,PG,29,NYK,72,69,27.6,2.6,6.2,.423,1.4,3.7,.386,1.2,2.5,.475,.537,0.7,0.8,.828,0.3,2.9,3.2,4.2,1.3,0.2,1.4,2.4,7.3,2000
5113,413,Clarence Weatherspoon,PF,29,MIA,78,2,20.7,2.8,5.4,.513,0.0,0.0,,2.8,5.4,.513,.513,1.7,2.3,.738,1.6,4.1,5.8,1.2,0.7,0.6,1.3,2.1,7.2,2000
5114,414,Chris Webber*,PF,26,SAC,75,75,38.4,10.0,20.6,.483,0.4,1.3,.284,9.6,19.4,.496,.492,4.1,5.5,.751,2.5,8.0,10.5,4.6,1.6,1.7,2.9,3.5,24.5,2000
5115,415,Bonzi Wells,SF,23,POR,66,0,17.6,3.6,7.3,.492,0.3,0.8,.377,3.3,6.5,.506,.513,1.3,2.0,.682,1.2,1.6,2.8,1.5,1.0,0.2,1.5,2.3,8.8,2000
5116,416,Bill Wennington,C,36,SAC,7,0,8.1,0.9,2.7,.316,0.0,0.0,,0.9,2.7,.316,.316,0.3,0.3,1.000,0.7,2.0,2.7,0.1,0.3,0.3,0.1,1.9,2.0,2000
5117,417,David Wesley,PG,29,CHH,82,82,33.7,5.0,11.6,.426,1.1,3.0,.355,3.9,8.6,.451,.472,2.6,3.4,.778,0.5,2.3,2.7,5.6,1.3,0.1,1.9,2.3,13.6,2000
5118,418,Doug West,SG,32,VAN,38,0,15.3,1.6,3.8,.407,0.0,0.1,.000,1.6,3.7,.415,.407,0.9,1.1,.850,0.5,1.4,1.9,1.1,0.3,0.2,0.5,2.1,4.0,2000
5119,419,Mark West,C,39,PHO,22,2,5.8,0.2,0.5,.417,0.0,0.0,,0.2,0.5,.417,.417,0.2,0.4,.625,0.3,1.1,1.4,0.1,0.1,0.2,0.3,1.0,0.7,2000
5120,420,Jahidi White,C,23,WAS,80,59,19.2,2.9,5.6,.507,0.0,0.0,,2.9,5.6,.507,.507,1.4,2.6,.536,2.5,4.4,6.9,0.2,0.4,1.0,1.2,2.9,7.1,2000
5121,Rk,Player,Pos,Age,Tm,G,GS,MP,FG,FGA,FG%,3P,3PA,3P%,2P,2PA,2P%,eFG%,FT,FTA,FT%,ORB,DRB,TRB,AST,STL,BLK,TOV,PF,PTS,2000
5122,421,Chris Whitney,PG,28,WAS,82,15,19.8,2.6,6.4,.417,1.2,3.1,.376,1.5,3.2,.455,.509,1.4,1.6,.848,0.2,1.4,1.6,3.8,0.7,0.1,1.3,2.0,7.8,2000
5123,422,Aaron Williams,PF,28,WAS,81,0,19.1,2.9,5.6,.522,0.0,0.0,.000,2.9,5.5,.526,.522,1.8,2.5,.726,2.0,3.1,5.0,0.7,0.5,1.1,1.0,2.9,7.6,2000
5124,423,Alvin Williams,PG,25,TOR,55,28,14.2,2.1,5.2,.397,0.3,1.0,.291,1.8,4.2,.422,.425,0.9,1.2,.738,0.5,1.1,1.5,2.3,0.6,0.2,0.9,1.4,5.3,2000
5125,424,Eric Williams,SF,27,BOS,68,17,20.3,2.4,5.7,.427,0.4,1.1,.347,2.1,4.6,.446,.460,2.0,2.5,.793,0.8,1.5,2.3,1.4,0.6,0.2,1.0,2.4,7.2,2000
5126,425,Jason Williams,PG,24,SAC,81,81,34.1,4.5,12.0,.373,1.8,6.2,.287,2.7,5.8,.466,.448,1.6,2.1,.753,0.3,2.6,2.8,7.3,1.4,0.1,3.7,1.7,12.3,2000
5127,426,Jerome Williams,PF,26,DET,82,1,25.6,3.1,5.6,.564,0.0,0.0,.000,3.1,5.5,.567,.564,2.1,3.5,.616,3.4,6.2,9.6,0.8,1.2,0.3,1.3,2.4,8.4,2000
5128,427,Lorenzo Williams,PF,30,WAS,8,0,9.5,0.9,1.1,.778,0.0,0.0,,0.9,1.1,.778,.778,0.0,0.0,,1.5,1.6,3.1,0.1,0.4,0.8,0.4,1.6,1.8,2000
5129,428,Monty Williams,SF,28,ORL,75,23,20.0,3.5,7.2,.489,0.0,0.1,.400,3.5,7.1,.490,.491,1.6,2.2,.741,1.3,2.1,3.3,1.4,0.6,0.2,1.5,2.5,8.7,2000
5130,429,Scott Williams,C,31,MIL,68,46,21.9,3.1,6.3,.500,0.0,0.0,,3.1,6.3,.500,.500,1.4,1.9,.729,2.6,4.0,6.6,0.4,0.6,1.0,1.0,3.4,7.6,2000
5131,430,Shammond Williams,PG,24,SEA,43,5,12.0,2.0,5.2,.373,0.6,1.9,.296,1.4,3.3,.417,.427,0.8,1.2,.647,0.3,0.9,1.2,1.8,0.4,0.0,0.9,0.9,5.2,2000
5132,431,Walt Williams,SF,29,HOU,76,66,24.5,4.1,9.0,.458,1.3,3.4,.391,2.8,5.5,.500,.533,1.3,1.6,.821,0.9,3.1,4.0,2.1,0.6,0.6,1.5,2.5,10.9,2000
5133,432,Corliss Williamson,SF,26,SAC,76,76,22.5,4.1,8.2,.500,0.0,0.0,,4.1,8.2,.500,.500,2.1,2.8,.769,1.6,2.2,3.8,1.1,0.5,0.3,1.4,2.5,10.3,2000
5134,433,Kevin Willis,PF,37,TOR,79,1,21.3,3.0,7.2,.415,0.0,0.0,.333,3.0,7.2,.415,.416,1.7,2.1,.799,2.5,3.6,6.1,0.6,0.5,0.6,1.2,3.2,7.6,2000
5135,434,Dedric Willoughby,PG,25,CHI,25,1,20.3,2.4,7.2,.341,1.2,3.9,.296,1.3,3.2,.395,.422,1.6,2.0,.765,0.4,1.6,2.0,2.6,0.9,0.1,1.5,1.3,7.6,2000
5136,435,David Wingate,SG,36,NYK,7,0,4.6,0.1,1.3,.111,0.0,0.0,,0.1,1.3,.111,.111,0.0,0.0,,0.1,0.1,0.3,0.4,0.1,0.3,0.3,1.0,0.3,2000
5137,436,Haywoode Workman,PG,34,TOT,36,2,9.7,0.9,2.5,.344,0.4,1.2,.326,0.5,1.3,.362,.422,0.3,0.4,.667,0.0,0.7,0.7,1.7,0.6,0.0,0.5,1.0,2.4,2000
5138,436,Haywoode Workman,PG,34,MIL,23,1,10.8,1.0,2.7,.371,0.5,1.3,.379,0.5,1.4,.364,.460,0.4,0.6,.692,0.0,0.7,0.7,1.9,0.5,0.0,0.6,1.0,2.9,2000
5139,436,Haywoode Workman,PG,34,TOR,13,1,7.8,0.6,2.2,.286,0.2,1.1,.214,0.4,1.1,.357,.339,0.1,0.2,.500,0.0,0.7,0.7,1.3,0.7,0.0,0.3,1.1,1.5,2000
5140,437,Metta World Peace,SF,20,CHI,72,63,31.1,4.3,10.5,.407,0.8,2.7,.314,3.5,7.9,.438,.447,2.6,3.9,.674,0.9,3.4,4.3,2.8,1.7,0.5,2.3,2.2,12.0,2000
5141,438,Lorenzen Wright,C,24,ATL,75,0,16.1,2.4,4.8,.499,0.0,0.0,.333,2.4,4.8,.500,.500,1.2,1.8,.644,1.6,2.5,4.1,0.3,0.4,0.5,0.9,2.7,6.0,2000
5142,439,Tim Young,C,23,GSW,25,0,5.5,0.5,1.6,.333,0.0,0.0,,0.5,1.6,.333,.333,1.1,1.4,.778,0.5,0.9,1.4,0.2,0.1,0.0,0.4,0.7,2.2,2000
5143,1,Mahmoud Abdul-Rauf,PG,31,VAN,41,0,11.9,2.9,6.0,.488,0.1,0.3,.286,2.8,5.7,.500,.496,0.5,0.7,.759,0.1,0.5,0.6,1.9,0.2,0.0,0.6,1.2,6.5,2001
5144,2,Tariq Abdul-Wahad,SG,26,DEN,29,12,14.5,1.5,3.8,.387,0.1,0.3,.400,1.3,3.5,.386,.405,0.7,1.2,.583,0.5,1.6,2.0,0.8,0.5,0.4,1.2,1.9,3.8,2001
5145,3,Shareef Abdur-Rahim,SF,24,VAN,81,81,40.0,7.5,15.8,.472,0.1,0.8,.188,7.3,15.0,.487,.477,5.5,6.6,.834,2.2,6.9,9.1,3.1,1.1,1.0,2.9,2.9,20.5,2001
5146,4,Cory Alexander,PG,27,ORL,26,0,8.7,0.7,2.2,.321,0.2,0.6,.250,0.5,1.5,.350,.357,0.5,0.7,.667,0.0,1.0,1.0,1.4,0.6,0.0,1.0,1.1,2.0,2001
5147,5,Courtney Alexander,PG,23,TOT,65,24,21.3,3.7,8.8,.417,0.3,0.7,.370,3.4,8.1,.421,.432,1.9,2.3,.820,0.6,1.6,2.2,1.0,0.7,0.1,1.2,2.1,9.5,2001
5148,5,Courtney Alexander,PG,23,DAL,38,6,12.4,1.6,4.7,.348,0.1,0.3,.300,1.6,4.4,.351,.357,0.9,1.2,.733,0.5,1.1,1.7,0.6,0.4,0.1,0.6,2.0,4.2,2001
5149,5,Courtney Alexander,PG,23,WAS,27,18,33.7,6.6,14.6,.448,0.5,1.3,.389,6.0,13.3,.454,.466,3.3,3.9,.857,0.8,2.1,3.0,1.5,1.1,0.1,2.0,2.3,17.0,2001
5150,6,Ray Allen*,SG,25,MIL,82,82,38.2,7.7,16.0,.480,2.5,5.7,.433,5.2,10.3,.506,.557,4.2,4.8,.888,1.2,4.0,5.2,4.6,1.5,0.2,2.5,2.3,22.0,2001
5151,7,Rafer Alston,PG,24,MIL,37,2,7.8,0.8,2.3,.357,0.2,0.8,.267,0.6,1.5,.407,.405,0.2,0.4,.692,0.1,0.7,0.8,1.8,0.4,0.0,0.5,0.7,2.1,2001
5152,8,John Amaechi,C,30,ORL,82,36,20.9,2.9,7.2,.400,0.0,0.1,.000,2.9,7.1,.405,.400,2.1,3.4,.631,0.9,2.3,3.3,0.9,0.3,0.4,1.5,2.1,7.9,2001
5153,9,Derek Anderson,SG,26,SAS,82,82,34.9,5.0,12.1,.416,1.2,3.1,.399,3.8,9.0,.422,.467,4.2,4.9,.851,0.9,3.5,4.4,3.7,1.5,0.2,2.0,2.3,15.5,2001
5154,10,Kenny Anderson,PG,30,BOS,33,28,25.7,2.7,6.9,.388,0.3,1.0,.333,2.3,5.9,.397,.412,1.8,2.2,.831,0.5,1.7,2.2,4.1,1.3,0.1,1.6,1.9,7.5,2001
5155,11,Nick Anderson,SG,33,SAC,21,0,8.0,0.7,2.7,.246,0.5,1.9,.256,0.2,0.9,.222,.333,0.0,0.0,,0.1,1.0,1.2,0.6,0.5,0.2,0.3,0.6,1.8,2001
5156,12,Shandon Anderson,SG,27,HOU,82,82,29.2,3.2,7.2,.446,0.6,2.1,.271,2.6,5.1,.517,.485,1.7,2.3,.734,0.9,3.2,4.1,2.3,1.0,0.5,1.6,2.5,8.7,2001
5157,13,Greg Anthony,PG,33,POR,58,0,14.8,1.7,4.4,.383,1.1,2.7,.409,0.6,1.6,.340,.512,0.4,0.6,.657,0.4,0.7,1.1,1.4,0.7,0.1,0.7,1.1,4.9,2001
5158,14,Darrell Armstrong,PG,32,ORL,75,75,36.9,5.5,13.4,.412,1.9,5.4,.355,3.6,8.0,.451,.484,2.9,3.3,.884,1.3,3.3,4.6,7.0,1.8,0.2,2.7,2.1,15.9,2001
5159,15,Chucky Atkins,PG,26,DET,81,75,29.2,4.7,11.8,.399,1.5,4.2,.357,3.2,7.6,.423,.463,1.1,1.6,.692,0.3,1.8,2.1,4.1,0.8,0.1,1.8,2.3,12.0,2001
5160,16,Stacey Augmon,SG,32,POR,66,23,17.9,1.9,4.0,.477,0.0,0.1,.000,1.9,4.0,.485,.477,0.9,1.3,.655,0.9,1.5,2.4,1.5,0.7,0.3,0.7,1.6,4.7,2001
5161,17,Isaac Austin,C,31,VAN,52,16,16.3,1.8,5.2,.356,0.1,0.5,.250,1.7,4.7,.366,.367,0.5,0.8,.700,1.0,3.3,4.3,1.1,0.4,0.4,1.0,1.8,4.3,2001
5162,18,William Avery,PG,21,MIN,55,0,8.4,1.0,2.6,.382,0.3,1.1,.271,0.7,1.5,.459,.438,0.5,0.7,.778,0.1,0.4,0.5,1.4,0.2,0.1,0.8,0.9,2.8,2001
5163,19,Dalibor Bagarić,C,20,CHI,35,0,7.4,0.5,1.9,.262,0.0,0.0,.000,0.5,1.8,.266,.262,0.4,0.8,.464,0.6,1.0,1.6,0.3,0.3,0.5,0.6,1.3,1.3,2001
5164,20,Vin Baker,PF,29,SEA,76,27,28.0,4.6,10.8,.422,0.0,0.2,.063,4.6,10.6,.429,.423,3.1,4.2,.723,2.4,3.3,5.7,1.2,0.5,1.0,2.1,3.5,12.2,2001
5165,21,Erick Barkley,PG,22,POR,8,0,4.8,1.0,2.8,.364,0.4,1.0,.375,0.6,1.8,.357,.432,0.0,0.0,,0.0,0.4,0.4,0.8,0.3,0.0,0.6,0.3,2.4,2001
5166,22,Dana Barros,PG,33,DET,60,0,18.0,3.1,6.9,.444,0.7,1.8,.419,2.3,5.1,.453,.498,1.1,1.3,.850,0.1,1.5,1.6,1.8,0.5,0.0,1.0,1.1,8.0,2001
5167,23,Brent Barry,SG,29,SEA,67,20,26.5,3.0,6.0,.494,1.6,3.4,.476,1.3,2.6,.517,.630,1.3,1.5,.816,0.5,2.7,3.1,3.4,1.2,0.2,1.3,1.9,8.8,2001
5168,24,Jon Barry,SG,31,SAC,62,2,16.3,1.7,4.1,.404,0.7,2.1,.348,0.9,2.0,.463,.494,1.0,1.2,.877,0.3,1.3,1.5,2.1,0.5,0.1,0.9,1.1,5.1,2001
5169,25,Tony Battie,C,24,BOS,40,25,21.1,2.7,5.0,.537,0.0,0.1,.000,2.7,5.0,.545,.537,1.1,1.7,.638,1.8,4.0,5.8,0.4,0.7,1.5,0.9,3.2,6.5,2001
5170,26,Raja Bell,SG,24,PHI,5,0,6.0,0.4,1.4,.286,0.2,0.6,.333,0.2,0.8,.250,.357,0.0,0.0,,0.0,0.2,0.2,0.0,0.2,0.0,0.4,0.2,1.0,2001
5171,27,Jonathan Bender,SF,20,IND,59,7,9.7,1.1,3.2,.355,0.2,0.7,.268,0.9,2.5,.379,.384,0.8,1.2,.735,0.2,1.0,1.3,0.5,0.1,0.5,0.7,1.2,3.3,2001
5172,28,Corey Benjamin,PG,22,CHI,65,5,13.2,1.8,4.6,.381,0.3,1.2,.259,1.4,3.4,.425,.416,0.9,1.3,.675,0.6,1.0,1.5,1.1,0.4,0.2,1.0,2.0,4.7,2001
5173,29,David Benoit,SF,32,UTA,49,2,9.1,1.4,3.0,.483,0.1,0.3,.385,1.3,2.7,.493,.500,0.6,0.8,.795,0.4,1.2,1.7,0.4,0.1,0.1,0.6,1.5,3.6,2001
5174,30,Travis Best,PG,28,IND,77,21,31.9,4.5,10.2,.440,0.5,1.3,.381,4.0,9.0,.449,.464,2.4,2.9,.827,0.5,2.4,2.9,6.1,1.4,0.1,1.6,3.2,11.9,2001
5175,31,Mike Bibby,PG,22,VAN,82,82,38.9,6.4,14.1,.454,1.3,3.5,.379,5.1,10.6,.478,.500,1.7,2.3,.761,0.6,3.1,3.7,8.4,1.3,0.1,3.0,1.8,15.9,2001
5176,32,Chauncey Billups,SG,24,MIN,77,33,23.2,3.2,7.6,.422,0.9,2.5,.376,2.3,5.1,.445,.485,1.9,2.2,.842,0.4,1.6,2.1,3.4,0.7,0.1,1.4,2.3,9.3,2001
5177,33,Mookie Blaylock,PG,33,GSW,69,59,34.1,4.6,11.6,.396,1.1,3.3,.324,3.5,8.3,.424,.441,0.8,1.1,.697,1.0,2.9,3.9,6.7,2.4,0.3,1.9,1.9,11.0,2001
5178,34,Corie Blount,PF,32,TOT,68,6,19.2,1.9,4.3,.442,0.0,0.1,.250,1.9,4.2,.448,.446,0.8,1.2,.614,2.7,3.2,5.9,0.9,0.6,0.3,1.1,2.4,4.6,2001
5179,34,Corie Blount,PF,32,PHO,30,6,12.9,0.8,1.6,.489,0.0,0.0,,0.8,1.6,.489,.489,0.3,0.5,.533,1.2,1.7,2.8,0.3,0.4,0.2,0.6,2.5,1.8,2001
5180,34,Corie Blount,PF,32,GSW,38,0,24.2,2.8,6.5,.433,0.1,0.2,.250,2.8,6.3,.439,.437,1.1,1.8,.632,3.8,4.4,8.3,1.3,0.8,0.4,1.4,2.4,6.8,2001
5181,35,Mark Blount,C,25,BOS,64,50,17.2,1.6,3.1,.505,0.0,0.0,,1.6,3.1,.505,.505,0.7,1.0,.697,1.5,2.1,3.6,0.5,0.6,1.2,1.0,2.9,3.9,2001
5182,36,Muggsy Bogues,PG,36,TOR,3,0,11.3,0.0,0.7,.000,0.0,0.3,.000,0.0,0.3,.000,.000,0.0,0.0,,0.0,1.0,1.0,1.7,0.7,0.0,1.3,1.0,0.0,2001
5183,37,Etdrick Bohannon,PF,27,CLE,6,0,3.2,0.3,0.7,.500,0.0,0.0,,0.3,0.7,.500,.500,0.7,0.7,1.000,0.5,0.7,1.2,0.0,0.0,0.3,0.2,0.7,1.3,2001
5184,38,Calvin Booth,C,24,TOT,55,29,17.0,2.2,4.6,.476,0.0,0.0,,2.2,4.6,.476,.476,1.0,1.4,.679,1.4,3.1,4.5,0.8,0.5,2.0,1.0,2.7,5.3,2001
5185,38,Calvin Booth,C,24,WAS,40,22,16.0,1.9,4.2,.440,0.0,0.0,,1.9,4.2,.440,.440,0.8,1.1,.733,1.3,3.0,4.4,0.6,0.4,2.0,0.9,2.3,4.5,2001
5186,38,Calvin Booth,C,24,DAL,15,7,19.5,3.1,5.6,.548,0.0,0.0,,3.1,5.6,.548,.548,1.3,2.2,.606,1.6,3.2,4.8,1.3,0.8,2.0,1.1,3.7,7.5,2001
5187,39,Cal Bowdler,SF,23,ATL,44,0,8.5,1.2,2.6,.465,0.0,0.1,.200,1.2,2.5,.477,.469,0.8,0.9,.825,0.7,1.1,1.8,0.1,0.2,0.5,0.3,1.0,3.2,2001
5188,40,Bruce Bowen,SF,29,MIA,82,72,32.7,2.6,7.1,.363,1.3,3.7,.336,1.3,3.3,.394,.452,1.2,2.0,.609,0.5,2.4,3.0,1.6,1.0,0.6,0.9,3.3,7.6,2001
5189,Rk,Player,Pos,Age,Tm,G,GS,MP,FG,FGA,FG%,3P,3PA,3P%,2P,2PA,2P%,eFG%,FT,FTA,FT%,ORB,DRB,TRB,AST,STL,BLK,TOV,PF,PTS,2001
5190,41,Ryan Bowen,SF,25,DEN,57,0,12.2,1.4,2.5,.556,0.1,0.2,.364,1.3,2.3,.571,.569,0.5,0.8,.614,1.1,0.9,2.0,0.5,0.6,0.2,0.4,1.7,3.4,2001
5191,42,Ira Bowman,PG,27,ATL,3,0,6.3,0.0,0.7,.000,0.0,0.0,,0.0,0.7,.000,.000,0.0,0.0,,0.3,0.3,0.7,2.3,0.0,0.0,0.3,0.0,0.0,2001
5192,43,Earl Boykins,PG,24,LAC,10,0,14.9,2.5,6.3,.397,0.1,0.8,.125,2.4,5.5,.436,.405,1.4,1.7,.824,0.4,0.7,1.1,3.2,0.5,0.0,0.9,0.9,6.5,2001
5193,44,Shawn Bradley,C,28,DAL,82,35,24.4,2.7,5.5,.490,0.0,0.1,.167,2.7,5.4,.494,.491,1.7,2.2,.787,2.0,5.5,7.4,0.5,0.4,2.8,1.1,3.1,7.1,2001
5194,45,Elton Brand,PF,21,CHI,74,74,39.3,7.8,16.4,.476,0.0,0.0,.000,7.8,16.4,.477,.476,4.5,6.4,.708,3.9,6.2,10.1,3.2,1.0,1.6,3.0,3.3,20.1,2001
5195,46,Terrell Brandon,PG,30,MIN,78,78,36.2,6.6,14.5,.451,0.4,1.2,.363,6.1,13.4,.458,.465,2.5,2.9,.871,0.8,3.1,3.8,7.5,2.1,0.3,2.0,1.8,16.0,2001
5196,47,Chucky Brown,SF,32,TOT,26,2,13.0,1.5,3.7,.421,0.0,0.1,.000,1.5,3.5,.435,.421,0.8,1.3,.647,0.3,1.8,2.1,0.4,0.3,0.3,0.3,1.4,3.9,2001
5197,47,Chucky Brown,SF,32,GSW,6,0,12.3,1.5,3.3,.450,0.0,0.3,.000,1.5,3.0,.500,.450,1.0,1.7,.600,0.5,2.5,3.0,0.8,0.5,0.2,0.3,1.7,4.0,2001
5198,47,Chucky Brown,SF,32,CLE,20,2,13.3,1.6,3.8,.413,0.0,0.1,.000,1.6,3.7,.419,.413,0.8,1.2,.667,0.3,1.6,1.8,0.3,0.3,0.3,0.3,1.4,3.9,2001
5199,48,Dee Brown,PG,32,ORL,7,0,22.1,2.3,6.3,.364,1.7,4.6,.375,0.6,1.7,.333,.500,0.6,0.7,.800,0.0,1.6,1.6,1.7,0.6,0.0,1.0,1.4,6.9,2001
5200,49,P.J. Brown,C,31,CHH,80,79,35.1,3.1,7.0,.444,0.0,0.1,.000,3.1,7.0,.447,.444,2.2,2.6,.852,3.2,6.1,9.3,1.6,1.0,1.2,1.4,3.3,8.5,2001
5201,50,Randy Brown,PG,32,BOS,54,35,22.9,1.9,4.4,.422,0.0,0.1,.000,1.9,4.3,.427,.422,0.4,0.7,.575,0.4,1.4,1.8,2.9,1.1,0.2,1.0,2.4,4.1,2001
5202,51,Rick Brunson,PG,28,TOT,22,0,9.5,0.8,2.5,.333,0.1,0.6,.143,0.7,1.8,.400,.352,0.4,0.7,.533,0.2,0.7,1.0,1.4,0.4,0.0,0.8,1.0,2.1,2001
5203,51,Rick Brunson,PG,28,BOS,7,0,20.3,1.4,5.0,.286,0.3,1.6,.182,1.1,3.4,.333,.314,0.6,1.3,.444,0.3,1.0,1.3,3.4,1.0,0.1,1.3,2.3,3.7,2001
5204,51,Rick Brunson,PG,28,NYK,15,0,4.4,0.5,1.3,.421,0.0,0.2,.000,0.5,1.1,.500,.421,0.3,0.4,.667,0.2,0.6,0.8,0.5,0.1,0.0,0.5,0.3,1.3,2001
5205,52,Kobe Bryant*,SG,22,LAL,68,68,40.9,10.3,22.2,.464,0.9,2.9,.305,9.4,19.3,.489,.484,7.0,8.2,.853,1.5,4.3,5.9,5.0,1.7,0.6,3.2,3.3,28.5,2001
5206,53,Mark Bryant,PF,35,DAL,18,1,5.6,0.4,1.1,.400,0.0,0.0,,0.4,1.1,.400,.400,0.2,0.3,.600,0.2,0.9,1.2,0.2,0.1,0.1,0.3,1.6,1.1,2001
5207,54,Greg Buckner,SG,24,DAL,37,9,22.2,2.3,5.2,.438,0.1,0.2,.286,2.2,5.0,.443,.443,1.6,2.2,.728,1.6,2.6,4.2,1.3,0.9,0.2,0.7,3.2,6.2,2001
5208,55,Jud Buechler,SF,32,DET,57,3,12.9,1.3,2.9,.463,0.6,1.4,.416,0.8,1.5,.506,.561,0.2,0.2,.750,0.4,1.3,1.6,0.7,0.4,0.2,0.4,1.5,3.4,2001
5209,56,Rodney Buford,SF,23,PHI,47,0,12.2,2.2,5.1,.432,0.3,0.8,.421,1.9,4.3,.433,.465,0.5,0.6,.828,0.3,1.2,1.6,0.4,0.4,0.1,0.6,1.4,5.3,2001
5210,57,Matt Bullard,PF,33,HOU,61,5,16.4,2.1,5.0,.423,1.4,3.5,.404,0.7,1.5,.467,.564,0.2,0.2,.714,0.4,1.8,2.1,0.7,0.2,0.1,0.2,1.2,5.8,2001
5211,58,Scott Burrell,SF,30,CHH,4,0,10.3,1.8,3.8,.467,0.5,1.5,.333,1.3,2.3,.556,.533,0.3,1.0,.250,0.3,0.5,0.8,0.3,0.8,0.0,0.0,2.0,4.3,2001
5212,59,Jason Caffey,PF,27,MIL,70,33,20.9,2.6,5.2,.488,0.0,0.0,,2.6,5.2,.488,.488,2.0,3.0,.673,1.9,3.1,5.0,0.8,0.5,0.4,1.1,2.6,7.1,2001
5213,60,Marcus Camby,C,26,NYK,63,63,33.8,4.8,9.2,.524,0.0,0.1,.125,4.8,9.1,.530,.525,2.4,3.6,.667,3.1,8.4,11.5,0.8,1.0,2.2,1.0,3.3,12.0,2001
5214,Rk,Player,Pos,Age,Tm,G,GS,MP,FG,FGA,FG%,3P,3PA,3P%,2P,2PA,2P%,eFG%,FT,FTA,FT%,ORB,DRB,TRB,AST,STL,BLK,TOV,PF,PTS,2001
5215,61,Elden Campbell,PF,32,CHH,78,78,30.0,4.7,10.7,.440,0.0,0.1,.000,4.7,10.6,.443,.440,3.7,5.2,.709,2.0,5.8,7.8,1.3,0.8,1.8,1.8,3.6,13.1,2001
5216,62,Brian Cardinal,PF,23,DET,15,0,8.4,0.7,2.1,.323,0.0,0.3,.000,0.7,1.7,.385,.323,0.7,1.2,.611,0.5,1.0,1.5,0.2,0.5,0.1,0.6,1.8,2.1,2001
5217,63,Chris Carr,SG,26,BOS,35,0,8.8,1.5,3.2,.473,0.5,1.1,.459,1.0,2.1,.480,.549,1.3,1.7,.767,0.3,0.9,1.3,0.3,0.1,0.1,0.5,1.3,4.8,2001
5218,64,Anthony Carter,PG,25,MIA,72,6,22.6,2.7,6.7,.406,0.1,0.6,.150,2.6,6.1,.430,.413,0.9,1.4,.631,0.6,1.9,2.5,3.7,1.0,0.1,1.7,2.1,6.4,2001
5219,65,Vince Carter,SF,24,TOR,75,75,39.7,10.2,22.1,.460,2.2,5.3,.408,8.0,16.8,.477,.509,5.1,6.7,.765,2.3,3.2,5.5,3.9,1.5,1.1,2.2,2.7,27.6,2001
5220,66,Sam Cassell,PG,31,MIL,76,75,35.6,7.1,14.9,.474,0.4,1.3,.306,6.7,13.6,.490,.488,3.6,4.3,.858,0.6,3.2,3.8,7.6,1.2,0.1,2.9,2.8,18.2,2001
5221,67,Kelvin Cato,C,26,HOU,35,13,17.8,1.8,3.2,.577,0.0,0.0,,1.8,3.2,.577,.577,1.1,1.6,.649,1.3,2.7,4.0,0.3,0.4,0.9,0.7,2.5,4.7,2001
5222,68,Duane Causwell,C,32,MIA,31,14,12.4,1.0,2.7,.376,0.0,0.0,,1.0,2.7,.376,.376,0.4,0.8,.480,0.7,1.9,2.7,0.2,0.3,0.6,0.7,2.2,2.5,2001
5223,69,Cedric Ceballos,SF,31,TOT,40,0,14.0,2.5,5.7,.441,0.6,1.8,.301,2.0,3.9,.506,.489,0.9,1.1,.860,0.9,1.8,2.7,0.5,0.4,0.2,0.8,1.5,6.5,2001
5224,69,Cedric Ceballos,SF,31,DET,13,0,12.8,2.2,5.5,.394,0.8,3.1,.275,1.3,2.4,.548,.472,0.6,0.8,.800,0.5,1.5,2.0,0.5,0.5,0.2,0.7,1.5,5.8,2001
5225,69,Cedric Ceballos,SF,31,MIA,27,0,14.6,2.7,5.9,.462,0.4,1.2,.333,2.3,4.6,.496,.497,1.1,1.2,.879,1.0,2.0,3.0,0.5,0.4,0.1,0.9,1.6,6.9,2001
5226,70,Calbert Cheaney,SG,29,DEN,9,5,17.0,1.1,3.3,.333,0.0,0.0,,1.1,3.3,.333,.333,0.1,0.2,.500,0.6,1.7,2.2,1.0,0.4,0.2,0.6,1.6,2.3,2001
5227,71,Chris Childs,PG,33,TOT,77,5,24.1,1.8,4.4,.403,0.4,1.4,.302,1.3,3.0,.450,.451,0.8,0.9,.845,0.3,2.3,2.6,4.6,0.8,0.2,2.0,3.1,4.7,2001
5228,71,Chris Childs,PG,33,NYK,51,5,25.7,1.8,4.4,.419,0.4,1.3,.313,1.4,3.1,.462,.464,0.8,0.9,.848,0.3,2.4,2.7,4.6,0.7,0.1,1.9,3.1,4.8,2001
5229,71,Chris Childs,PG,33,TOR,26,0,21.2,1.6,4.3,.372,0.5,1.6,.286,1.2,2.7,.423,.425,0.8,1.0,.840,0.4,2.1,2.5,4.6,0.8,0.3,2.2,3.2,4.5,2001
5230,72,Doug Christie,SG,30,SAC,81,81,36.3,3.8,9.7,.395,1.2,3.1,.376,2.7,6.6,.403,.454,3.5,3.9,.897,1.2,3.2,4.4,3.6,2.3,0.6,1.9,2.8,12.3,2001
5231,73,Keon Clark,PF,25,TOT,81,3,21.2,3.1,6.4,.480,0.0,0.0,.000,3.1,6.4,.481,.480,1.8,3.0,.592,1.7,3.7,5.4,0.9,0.4,1.9,1.1,3.0,7.9,2001
5232,73,Keon Clark,PF,25,DEN,35,3,21.5,2.3,5.7,.412,0.0,0.0,,2.3,5.7,.412,.412,1.8,3.0,.600,1.7,3.7,5.3,1.0,0.5,1.3,1.4,2.9,6.5,2001
5233,73,Keon Clark,PF,25,TOR,46,0,21.0,3.6,7.0,.522,0.0,0.0,.000,3.6,6.9,.524,.522,1.7,2.9,.585,1.7,3.7,5.4,0.8,0.3,2.4,0.9,3.1,9.0,2001
5234,74,Mateen Cleaves,PG,23,DET,78,8,16.3,2.1,5.1,.400,0.1,0.2,.294,2.0,4.9,.405,.406,1.2,1.8,.708,0.3,1.4,1.7,2.7,0.6,0.0,1.8,2.0,5.4,2001
5235,75,John Coker,C,29,GSW,6,0,5.3,0.2,1.3,.125,0.0,0.0,,0.2,1.3,.125,.125,0.0,0.0,,0.5,0.3,0.8,0.3,0.2,0.0,0.3,0.7,0.3,2001
5236,76,Derrick Coleman,PF,33,CHH,34,3,20.1,2.9,7.5,.380,0.6,1.5,.392,2.3,6.0,.377,.420,1.9,2.7,.685,1.4,4.1,5.4,1.1,0.3,0.6,1.2,1.6,8.1,2001
5237,77,Bimbo Coles,PG,32,CLE,47,0,17.1,1.9,5.1,.381,0.0,0.3,.125,1.9,4.7,.399,.385,1.0,1.2,.857,0.2,0.8,1.0,2.9,0.6,0.1,1.3,1.9,4.9,2001
5238,78,Jason Collier,C,23,HOU,23,0,9.7,1.2,3.1,.380,0.0,0.0,.000,1.2,3.0,.386,.380,0.7,1.0,.708,0.5,1.1,1.6,0.3,0.1,0.1,0.5,1.2,3.1,2001
5239,79,Sean Colson,PG,25,TOT,13,0,3.4,0.5,1.8,.250,0.1,0.4,.200,0.4,1.5,.263,.271,0.2,0.3,.500,0.2,0.3,0.5,0.8,0.1,0.0,0.2,0.5,1.2,2001
5240,79,Sean Colson,PG,25,ATL,3,0,4.7,0.0,1.7,.000,0.0,0.3,.000,0.0,1.3,.000,.000,0.0,0.0,,0.0,1.0,1.0,1.0,0.0,0.0,0.7,0.0,0.0,2001
5241,79,Sean Colson,PG,25,HOU,10,0,3.0,0.6,1.9,.316,0.1,0.4,.250,0.5,1.5,.333,.342,0.2,0.4,.500,0.2,0.1,0.3,0.7,0.1,0.0,0.0,0.6,1.5,2001
5242,80,Tyrone Corbin,SF,38,TOR,15,1,7.8,0.6,2.5,.237,0.0,0.3,.000,0.6,2.2,.273,.237,0.1,0.3,.500,0.2,0.7,0.9,0.3,0.1,0.0,0.2,1.2,1.3,2001
5243,Rk,Player,Pos,Age,Tm,G,GS,MP,FG,FGA,FG%,3P,3PA,3P%,2P,2PA,2P%,eFG%,FT,FTA,FT%,ORB,DRB,TRB,AST,STL,BLK,TOV,PF,PTS,2001
5244,81,Chris Crawford,PF,25,ATL,47,22,19.2,2.6,5.7,.452,0.1,0.5,.273,2.5,5.3,.468,.463,1.4,1.8,.819,0.6,1.7,2.3,0.8,0.4,0.3,1.3,2.5,6.8,2001
5245,82,Jamal Crawford,PG,20,CHI,61,8,17.2,1.8,5.0,.352,0.7,1.9,.350,1.1,3.1,.353,.419,0.4,0.6,.794,0.1,1.3,1.5,2.3,0.7,0.2,1.4,1.1,4.6,2001
5246,83,Austin Croshere,PF,25,IND,81,23,23.1,3.4,8.7,.394,0.9,2.6,.338,2.5,6.1,.417,.444,2.5,2.9,.866,1.5,3.3,4.8,1.1,0.4,0.6,1.7,2.2,10.1,2001
5247,84,John Crotty,PG,31,UTA,31,0,8.5,0.7,2.1,.338,0.1,0.2,.571,0.6,1.9,.310,.369,0.5,0.6,.895,0.4,0.5,0.9,1.1,0.2,0.0,0.6,1.0,2.1,2001
5248,85,Vonteego Cummings,PG,24,GSW,66,11,22.7,2.7,7.8,.344,0.7,2.2,.336,2.0,5.7,.348,.391,1.2,1.8,.681,0.7,1.4,2.1,3.4,1.0,0.2,1.4,2.4,7.3,2001
5249,86,Bill Curley,PF,28,TOT,20,2,9.6,1.3,2.4,.532,0.1,0.1,.500,1.2,2.3,.533,.543,0.6,1.0,.632,1.1,0.8,1.9,0.2,0.4,0.5,0.8,2.3,3.2,2001
5250,86,Bill Curley,PF,28,DAL,5,0,3.0,0.2,0.8,.250,0.0,0.2,.000,0.2,0.6,.333,.250,0.2,0.8,.250,0.0,0.0,0.0,0.0,0.2,0.2,0.4,0.8,0.6,2001
5251,86,Bill Curley,PF,28,GSW,15,2,11.8,1.6,2.9,.558,0.1,0.1,1.000,1.5,2.8,.548,.570,0.7,1.0,.733,1.4,1.1,2.5,0.2,0.4,0.5,0.9,2.7,4.0,2001
5252,87,Dell Curry,SG,36,TOR,71,1,13.5,2.3,5.4,.424,0.9,2.0,.428,1.4,3.3,.422,.505,0.6,0.7,.843,0.2,1.0,1.2,1.1,0.4,0.1,0.5,0.9,6.0,2001
5253,88,Michael Curry,SG,32,DET,68,58,21.8,2.1,4.7,.455,0.1,0.1,.444,2.1,4.6,.455,.461,0.9,1.1,.849,0.3,1.5,1.8,1.9,0.4,0.0,0.9,2.5,5.2,2001
5254,89,Erick Dampier,C,25,GSW,43,26,24.1,2.9,7.3,.401,0.0,0.0,.000,2.9,7.3,.404,.401,1.6,2.9,.532,2.3,3.6,5.8,1.4,0.4,1.3,1.9,2.9,7.4,2001
5255,90,Antonio Daniels,PG,25,SAS,79,23,26.1,3.5,7.4,.468,0.9,2.3,.404,2.5,5.1,.496,.531,1.5,2.0,.776,0.3,1.7,2.1,3.8,0.8,0.2,1.4,1.5,9.4,2001
5256,91,Kornél Dávid,SF,29,TOT,27,0,7.7,0.9,1.9,.490,0.0,0.0,,0.9,1.9,.490,.490,0.4,0.5,.923,0.6,1.4,1.9,0.3,0.2,0.1,0.4,1.0,2.3,2001
5257,91,Kornél Dávid,SF,29,TOR,17,0,8.2,0.9,1.7,.517,0.0,0.0,,0.9,1.7,.517,.517,0.7,0.8,.923,0.5,1.4,1.9,0.2,0.1,0.2,0.4,1.2,2.5,2001
5258,91,Kornél Dávid,SF,29,DET,10,0,6.9,1.0,2.2,.455,0.0,0.0,,1.0,2.2,.455,.455,0.0,0.0,,0.6,1.3,1.9,0.3,0.4,0.1,0.4,0.8,2.0,2001
5259,92,Antonio Davis,C,32,TOR,78,77,35.0,4.8,11.1,.433,0.0,0.0,.000,4.8,11.1,.434,.433,4.1,5.4,.754,3.5,6.6,10.1,1.4,0.3,1.9,1.7,2.9,13.7,2001
5260,93,Baron Davis,PG,21,CHH,82,82,38.9,5.0,11.7,.427,1.0,3.3,.310,4.0,8.3,.474,.472,2.8,4.1,.677,1.6,3.4,5.0,7.3,2.1,0.4,2.8,3.3,13.8,2001
5261,94,Dale Davis,C,31,POR,81,43,26.7,3.0,6.0,.497,0.0,0.0,.000,3.0,6.0,.501,.497,1.2,1.9,.632,2.9,4.6,7.5,1.3,0.5,0.9,0.8,2.5,7.2,2001
5262,95,Emanual Davis,SG,32,SEA,62,39,20.8,2.1,5.1,.418,0.8,2.0,.394,1.3,3.1,.435,.497,0.7,0.9,.818,0.5,2.0,2.5,2.2,1.0,0.2,1.2,1.6,5.8,2001
5263,96,Hubert Davis,PG,30,TOT,66,18,25.6,3.0,6.6,.453,1.2,2.6,.456,1.8,4.0,.450,.543,0.8,0.9,.871,0.4,1.7,2.1,1.7,0.5,0.0,1.2,1.8,7.9,2001
5264,96,Hubert Davis,PG,30,DAL,51,7,24.7,2.7,6.2,.443,1.1,2.6,.436,1.6,3.5,.448,.535,0.7,0.8,.854,0.4,1.8,2.1,1.2,0.6,0.0,1.1,1.8,7.3,2001
5265,96,Hubert Davis,PG,30,WAS,15,11,28.7,3.8,7.9,.479,1.3,2.5,.526,2.5,5.4,.457,.563,1.3,1.4,.905,0.7,1.3,2.0,3.3,0.4,0.0,1.7,1.9,10.2,2001
5266,97,Ricky Davis,SG,21,MIA,7,0,10.0,1.7,4.1,.414,0.1,0.1,1.000,1.6,4.0,.393,.431,1.0,1.1,.875,0.1,0.9,1.0,1.6,0.7,0.3,0.7,1.0,4.6,2001
5267,98,Terry Davis,PF,33,DEN,19,1,12.0,0.6,1.3,.480,0.0,0.0,,0.6,1.3,.480,.480,0.5,1.2,.409,1.3,1.5,2.8,0.4,0.1,0.1,0.3,1.8,1.7,2001
5268,99,Todd Day,SG,31,MIN,31,0,11.1,1.4,3.8,.373,0.8,2.2,.377,0.6,1.6,.367,.483,0.6,0.7,.783,0.3,0.9,1.2,0.9,0.3,0.2,0.8,1.7,4.3,2001
5269,100,Andrew DeClercq,C,27,ORL,67,51,13.5,1.6,2.9,.554,0.0,0.0,,1.6,2.9,.554,.554,0.7,1.2,.573,1.4,2.2,3.5,0.5,0.6,0.5,0.8,3.0,3.9,2001
5270,Rk,Player,Pos,Age,Tm,G,GS,MP,FG,FGA,FG%,3P,3PA,3P%,2P,2PA,2P%,eFG%,FT,FTA,FT%,ORB,DRB,TRB,AST,STL,BLK,TOV,PF,PTS,2001
5271,101,Vinny Del Negro,PG,34,TOT,65,1,14.2,1.6,3.6,.453,0.0,0.2,.077,1.6,3.4,.475,.455,0.6,0.7,.932,0.2,1.1,1.3,1.9,0.4,0.0,0.5,1.2,3.9,2001
5272,101,Vinny Del Negro,PG,34,GSW,29,1,13.7,1.0,3.1,.333,0.0,0.3,.111,1.0,2.8,.358,.339,0.6,0.6,1.000,0.1,0.9,1.1,2.1,0.2,0.0,0.5,1.2,2.7,2001
5273,101,Vinny Del Negro,PG,34,PHO,36,0,14.6,2.1,4.0,.528,0.0,0.1,.000,2.1,3.9,.543,.528,0.7,0.8,.893,0.2,1.2,1.4,1.8,0.6,0.1,0.5,1.2,4.9,2001
5274,102,Tony Delk,SG,27,PHO,82,11,27.9,4.7,11.3,.415,0.7,2.0,.321,4.0,9.2,.436,.444,2.3,2.9,.787,0.9,2.3,3.2,2.0,0.9,0.2,1.2,2.1,12.3,2001
5275,103,Derrick Dial,SG,25,SAS,33,0,6.3,1.1,2.5,.434,0.1,0.3,.200,1.0,2.2,.466,.446,0.4,0.6,.571,0.4,0.8,1.2,0.6,0.1,0.2,0.4,0.7,2.6,2001
5276,104,Michael Dickerson,SG,25,VAN,70,69,37.4,6.1,14.6,.417,1.2,3.3,.374,4.8,11.3,.429,.459,2.9,3.9,.763,1.0,2.3,3.3,3.3,0.9,0.4,2.3,3.0,16.3,2001
5277,105,Vlade Divac*,C,32,SAC,81,81,29.9,4.5,9.3,.482,0.0,0.2,.286,4.4,9.1,.486,.485,3.0,4.3,.691,2.6,5.8,8.3,2.9,1.1,1.1,2.4,3.0,12.0,2001
5278,106,Michael Doleac,C,23,ORL,77,21,18.2,2.9,6.8,.417,0.0,0.0,.000,2.9,6.8,.420,.417,0.6,0.8,.847,0.9,2.6,3.5,0.8,0.5,0.5,0.8,3.1,6.4,2001
5279,107,Keyon Dooling,PG,20,LAC,76,1,16.3,1.9,4.8,.409,0.4,1.1,.350,1.6,3.7,.426,.448,1.6,2.4,.698,0.1,1.1,1.2,2.3,0.5,0.1,1.2,1.4,5.9,2001
5280,108,Sherman Douglas,PG,34,NJN,59,7,18.5,2.1,5.1,.403,0.1,0.7,.200,1.9,4.5,.433,.416,1.5,1.9,.748,0.4,0.9,1.3,2.4,0.6,0.1,1.3,1.6,5.7,2001
5281,109,Bryce Drew,PG,26,CHI,48,41,27.2,2.6,6.8,.379,0.8,2.2,.381,1.8,4.6,.378,.440,0.3,0.4,.737,0.3,1.2,1.4,3.9,0.7,0.1,1.4,2.1,6.3,2001
5282,110,Chris Dudley,C,35,PHO,53,33,11.6,0.5,1.4,.397,0.0,0.0,,0.5,1.4,.397,.397,0.3,0.7,.389,1.2,2.2,3.5,0.3,0.3,0.5,0.5,2.1,1.4,2001
5283,111,Tim Duncan*,PF,24,SAS,82,82,38.7,8.6,17.1,.499,0.1,0.3,.259,8.5,16.8,.504,.502,5.0,8.1,.618,3.2,9.0,12.2,3.0,0.9,2.3,3.0,3.0,22.2,2001
5284,112,Tyus Edney,PG,27,IND,24,0,11.0,1.5,3.8,.385,0.0,0.3,.167,1.4,3.5,.400,.390,1.5,1.6,.897,0.2,0.8,1.0,2.3,0.7,0.0,1.0,0.7,4.4,2001
5285,113,Kevin Edwards,SG,35,VAN,46,5,13.8,1.2,3.7,.329,0.1,0.4,.263,1.1,3.3,.338,.344,0.9,1.2,.811,0.5,1.3,1.8,1.1,0.6,0.2,0.8,1.0,3.5,2001
5286,114,Howard Eisley,SG,28,DAL,82,40,29.6,3.2,8.2,.393,1.3,3.3,.398,1.9,5.0,.389,.472,1.3,1.5,.825,0.3,2.1,2.4,3.6,1.2,0.1,1.2,2.7,9.0,2001
5287,115,Obinna Ekezie,PF,25,TOT,33,0,8.5,1.0,2.5,.395,0.0,0.0,,1.0,2.5,.395,.395,1.1,1.6,.698,0.9,1.4,2.4,0.3,0.2,0.2,0.4,1.5,3.1,2001
5288,115,Obinna Ekezie,PF,25,WAS,29,0,9.4,1.1,2.7,.416,0.0,0.0,,1.1,2.7,.416,.416,1.3,1.8,.698,1.1,1.6,2.6,0.3,0.2,0.2,0.5,1.6,3.5,2001
5289,115,Obinna Ekezie,PF,25,DAL,4,0,2.0,0.0,1.0,.000,0.0,0.0,,0.0,1.0,.000,.000,0.0,0.0,,0.0,0.5,0.5,0.0,0.0,0.0,0.0,0.5,0.0,2001
5290,116,Khalid El-Amin,PG,21,CHI,50,14,18.7,2.3,6.2,.370,0.6,1.7,.333,1.7,4.5,.383,.415,1.1,1.4,.778,0.4,1.2,1.6,2.9,1.0,0.0,1.1,2.0,6.3,2001
5291,117,Mario Elie,SG,37,PHO,68,67,22.1,1.5,3.6,.423,0.5,1.5,.360,1.0,2.1,.466,.496,0.8,1.0,.797,0.6,1.7,2.3,1.9,0.9,0.2,0.9,1.6,4.4,2001
5292,118,Sean Elliott,SF,32,SAS,52,34,23.6,2.8,6.5,.434,1.1,2.5,.426,1.8,4.0,.438,.515,1.2,1.6,.714,0.3,2.9,3.3,1.6,0.4,0.5,1.0,1.5,7.9,2001
5293,119,LaPhonso Ellis,PF,30,MIN,82,5,23.8,3.6,7.8,.464,0.1,0.3,.318,3.5,7.6,.469,.470,2.1,2.6,.790,2.4,3.6,6.0,1.1,0.8,0.9,1.3,3.5,9.4,2001
5294,120,Pervis Ellison,C,33,SEA,9,0,4.4,0.2,0.8,.286,0.0,0.0,,0.2,0.8,.286,.286,0.2,0.2,1.000,0.2,1.1,1.3,0.3,0.0,0.2,0.3,1.4,0.7,2001
5295,Rk,Player,Pos,Age,Tm,G,GS,MP,FG,FGA,FG%,3P,3PA,3P%,2P,2PA,2P%,eFG%,FT,FTA,FT%,ORB,DRB,TRB,AST,STL,BLK,TOV,PF,PTS,2001
5296,121,Evan Eschmeyer,C,25,NJN,74,51,18.0,1.2,2.7,.460,0.0,0.0,,1.2,2.7,.460,.460,0.9,1.4,.657,1.8,3.1,4.9,0.5,0.6,0.8,0.7,3.0,3.4,2001
5297,122,Patrick Ewing*,C,38,SEA,79,79,26.7,3.7,8.7,.430,0.0,0.0,.000,3.7,8.6,.431,.430,2.2,3.2,.685,1.6,5.8,7.4,1.2,0.7,1.2,1.9,2.9,9.6,2001
5298,123,Jamie Feick,C,26,NJN,6,0,24.8,1.3,3.8,.348,0.0,0.0,,1.3,3.8,.348,.348,1.0,2.0,.500,2.0,7.3,9.3,0.8,1.3,0.5,1.2,2.5,3.7,2001
5299,124,Danny Ferry,SF,34,SAS,80,29,21.1,2.2,4.7,.475,0.9,2.0,.449,1.4,2.7,.493,.568,0.3,0.4,.733,0.7,2.1,2.8,0.9,0.4,0.3,0.6,2.1,5.6,2001
5300,125,Michael Finley,SF,27,DAL,82,82,42.0,8.7,18.9,.458,1.1,3.2,.346,7.6,15.7,.481,.487,3.1,4.0,.775,1.3,3.9,5.2,4.4,1.4,0.4,2.3,2.1,21.5,2001
5301,126,Derek Fisher,PG,26,LAL,20,20,35.5,3.9,9.4,.412,1.3,3.2,.397,2.6,6.2,.419,.479,2.5,3.1,.806,0.3,2.7,3.0,4.4,2.0,0.1,1.5,2.5,11.5,2001
5302,127,Marcus Fizer,PF,22,CHI,72,13,21.9,3.9,9.0,.430,0.1,0.5,.256,3.7,8.4,.442,.438,1.6,2.2,.727,1.1,3.3,4.3,1.1,0.4,0.3,1.7,2.4,9.5,2001
5303,128,Danny Fortson,PF,24,GSW,6,6,33.8,4.8,8.3,.580,0.0,0.0,,4.8,8.3,.580,.580,7.0,9.0,.778,4.8,11.5,16.3,0.8,0.3,0.0,1.7,3.7,16.7,2001
5304,129,Greg Foster,C,32,LAL,62,8,7.3,0.9,2.1,.421,0.0,0.1,.333,0.9,2.0,.427,.432,0.2,0.2,.714,0.5,1.3,1.8,0.5,0.1,0.2,0.4,1.2,2.0,2001
5305,130,Jeff Foster,C,24,IND,71,9,16.2,1.4,3.0,.469,0.0,0.1,.286,1.4,2.9,.476,.474,0.7,1.3,.516,2.0,3.5,5.5,0.5,0.5,0.4,0.7,2.1,3.5,2001
5306,131,Rick Fox,SF,31,LAL,82,77,27.9,3.5,7.9,.444,1.4,3.7,.393,2.1,4.2,.488,.536,1.2,1.5,.779,1.0,3.0,4.0,3.2,0.9,0.4,1.7,2.7,9.6,2001
5307,132,Adonal Foyle,C,25,GSW,58,37,25.1,2.7,6.5,.416,0.0,0.0,,2.7,6.5,.416,.416,0.5,1.2,.441,2.7,4.3,7.0,0.8,0.5,2.7,1.4,2.3,5.9,2001
5308,133,Steve Francis,PG,23,HOU,80,79,39.9,6.9,15.2,.451,1.7,4.2,.396,5.2,11.0,.472,.506,4.5,5.5,.817,2.4,4.5,6.9,6.5,1.8,0.4,3.3,3.4,19.9,2001
5309,134,Todd Fuller,C,26,MIA,10,0,7.7,1.0,3.5,.286,0.0,0.0,,1.0,3.5,.286,.286,0.8,0.8,1.000,0.7,1.1,1.8,0.1,0.3,0.2,0.3,1.0,2.8,2001
5310,135,Lawrence Funderburke,PF,30,SAC,59,2,11.8,2.0,4.1,.496,0.0,0.0,,2.0,4.1,.496,.496,0.8,1.3,.623,1.3,2.1,3.3,0.3,0.2,0.2,0.5,0.7,4.9,2001
5311,136,Rubén Garcés,PF,27,TOT,13,0,5.6,0.5,1.7,.318,0.0,0.0,,0.5,1.7,.318,.318,0.2,0.6,.250,1.2,1.0,2.2,0.4,0.2,0.2,0.4,1.1,1.2,2001
5312,136,Rubén Garcés,PF,27,PHO,10,0,6.2,0.7,1.5,.467,0.0,0.0,,0.7,1.5,.467,.467,0.2,0.8,.250,1.2,1.0,2.2,0.4,0.2,0.1,0.5,1.4,1.6,2001
5313,136,Rubén Garcés,PF,27,GSW,3,0,3.7,0.0,2.3,.000,0.0,0.0,,0.0,2.3,.000,.000,0.0,0.0,,1.3,1.0,2.3,0.3,0.3,0.3,0.0,0.0,0.0,2001
5314,137,Chris Garner,PG,25,GSW,8,0,18.6,0.9,4.6,.189,0.0,0.9,.000,0.9,3.8,.233,.189,0.6,0.8,.833,0.3,1.3,1.5,2.3,0.9,0.1,1.1,2.3,2.4,2001
5315,138,Kevin Garnett*,PF,24,MIN,81,81,39.5,8.7,18.2,.477,0.2,0.8,.288,8.5,17.4,.486,.484,4.4,5.8,.764,2.7,8.7,11.4,5.0,1.4,1.8,2.8,2.5,22.0,2001
5316,139,Dean Garrett,C,34,MIN,70,21,11.9,1.1,2.2,.481,0.0,0.0,,1.1,2.2,.481,.481,0.4,0.6,.692,0.9,2.2,3.1,0.3,0.4,0.7,0.4,1.3,2.5,2001
5317,140,Pat Garrity,SF,24,ORL,76,1,20.8,2.9,7.6,.387,1.3,2.9,.433,1.7,4.6,.358,.471,1.1,1.3,.867,0.7,2.1,2.8,0.7,0.5,0.2,0.9,3.2,8.3,2001
5318,Rk,Player,Pos,Age,Tm,G,GS,MP,FG,FGA,FG%,3P,3PA,3P%,2P,2PA,2P%,eFG%,FT,FTA,FT%,ORB,DRB,TRB,AST,STL,BLK,TOV,PF,PTS,2001
5319,141,Chris Gatling,PF,33,CLE,74,6,22.6,4.4,9.9,.449,0.4,1.2,.304,4.1,8.7,.470,.468,2.1,3.1,.684,1.3,3.9,5.3,0.8,0.7,0.4,1.6,2.5,11.4,2001
5320,142,Matt Geiger,C,31,PHI,35,4,15.5,2.5,6.4,.393,0.0,0.1,.000,2.5,6.3,.396,.393,1.1,1.5,.685,1.4,2.5,4.0,0.4,0.3,0.2,0.7,2.1,6.1,2001
5321,143,Devean George,SF,23,LAL,59,1,10.1,1.1,3.5,.309,0.3,1.2,.221,0.8,2.4,.353,.345,0.7,0.9,.709,0.6,1.3,1.9,0.3,0.3,0.3,0.6,1.5,3.1,2001
5322,144,Eddie Gill,PG,22,NJN,8,0,19.0,2.0,5.1,.390,0.4,1.1,.333,1.6,4.0,.406,.427,0.5,0.6,.800,0.0,1.1,1.1,3.0,0.5,0.1,1.3,1.1,4.9,2001
5323,145,Kendall Gill,SG,32,NJN,31,26,28.8,3.5,10.4,.331,0.1,0.5,.286,3.3,10.0,.333,.337,2.1,2.9,.722,1.0,3.2,4.2,2.8,1.5,0.2,1.5,2.1,9.1,2001
5324,146,Dion Glover,SG,22,ATL,57,7,16.3,2.5,5.9,.420,0.2,0.8,.196,2.3,5.1,.455,.433,0.8,1.2,.681,0.7,1.6,2.3,1.2,0.9,0.2,0.9,1.6,5.9,2001
5325,147,Anthony Goldwire,PG,29,DEN,20,0,10.1,1.5,4.0,.375,0.5,1.7,.265,1.1,2.3,.457,.431,0.7,0.9,.765,0.1,0.6,0.6,1.7,0.5,0.0,0.8,0.7,4.1,2001
5326,148,Steve Goodrich,PF,24,CHI,12,0,11.1,0.6,1.5,.389,0.1,0.3,.333,0.5,1.3,.400,.417,0.3,0.6,.571,0.6,1.2,1.8,0.5,0.2,0.1,0.7,1.2,1.6,2001
5327,149,Brian Grant,C,28,MIA,82,79,33.8,5.9,12.3,.479,0.0,0.0,.000,5.9,12.3,.480,.479,3.4,4.3,.797,2.6,6.1,8.8,1.2,0.7,0.9,2.1,3.6,15.2,2001
5328,150,Gary Grant,PG,35,POR,4,0,4.3,1.3,1.8,.714,0.0,0.0,,1.3,1.8,.714,.714,0.0,0.0,,0.0,0.0,0.0,0.3,0.0,0.0,0.0,0.3,2.5,2001
5329,151,Horace Grant,PF,35,LAL,77,77,31.0,3.4,7.4,.462,0.0,0.0,.000,3.4,7.4,.465,.462,1.7,2.2,.775,2.9,4.2,7.1,1.6,0.7,0.8,0.6,2.4,8.5,2001
5330,152,A.C. Green,PF,37,MIA,82,1,17.2,1.8,4.0,.444,0.0,0.1,.000,1.8,3.9,.453,.444,1.0,1.4,.712,1.3,2.5,3.8,0.5,0.4,0.1,0.5,1.5,4.5,2001
5331,153,Adrian Griffin,SF,26,BOS,44,0,8.6,0.8,2.2,.340,0.2,0.6,.346,0.5,1.6,.338,.387,0.4,0.5,.750,0.6,1.4,2.0,0.6,0.4,0.1,0.4,1.0,2.1,2001
5332,154,Tom Gugliotta,PF,31,PHO,57,2,20.3,2.6,6.7,.392,0.1,0.2,.250,2.6,6.5,.397,.396,1.1,1.4,.792,1.3,3.1,4.5,1.0,0.8,0.4,0.9,1.9,6.4,2001
5333,155,A.J. Guyton,PG,22,CHI,33,8,19.1,2.4,5.8,.406,0.8,2.1,.391,1.5,3.7,.415,.477,0.5,0.5,.833,0.3,0.8,1.1,1.9,0.3,0.2,0.7,1.1,6.0,2001
5334,156,Darvin Ham,SF,27,MIL,29,13,18.6,1.3,2.8,.488,0.1,0.1,.667,1.3,2.7,.481,.500,1.0,1.7,.592,1.9,2.2,4.2,0.9,0.6,0.7,1.1,2.9,3.8,2001
5335,157,Richard Hamilton,SF,22,WAS,78,42,32.3,7.0,16.0,.438,0.5,1.9,.274,6.5,14.1,.460,.454,3.6,4.1,.868,1.0,2.1,3.1,2.9,1.0,0.1,2.6,2.6,18.1,2001
5336,158,Zendon Hamilton,C,25,LAC,3,0,6.3,0.7,3.0,.222,0.0,0.0,,0.7,3.0,.222,.222,1.7,2.7,.625,1.0,1.7,2.7,0.0,0.0,0.0,0.7,1.3,3.0,2001
5337,159,Tom Hammonds,PF,33,MIN,7,0,4.3,0.4,1.4,.300,0.0,0.0,,0.4,1.4,.300,.300,0.1,0.3,.500,0.3,0.3,0.6,0.1,0.0,0.0,0.4,1.1,1.0,2001
5338,160,Anfernee Hardaway,SG,29,PHO,4,4,28.0,3.8,9.0,.417,0.5,2.0,.250,3.3,7.0,.464,.444,1.8,2.8,.636,1.3,3.3,4.5,3.8,1.5,0.3,0.8,1.5,9.8,2001
5339,Rk,Player,Pos,Age,Tm,G,GS,MP,FG,FGA,FG%,3P,3PA,3P%,2P,2PA,2P%,eFG%,FT,FTA,FT%,ORB,DRB,TRB,AST,STL,BLK,TOV,PF,PTS,2001
5340,161,Tim Hardaway*,PG,34,MIA,77,77,33.9,5.3,13.5,.392,2.5,6.7,.366,2.8,6.8,.417,.482,1.9,2.4,.801,0.3,2.3,2.6,6.3,1.2,0.1,2.5,2.0,14.9,2001
5341,162,Ron Harper,PG,37,LAL,47,46,24.2,2.7,5.8,.469,0.4,1.5,.264,2.3,4.2,.543,.504,0.7,1.0,.708,1.0,2.6,3.5,2.4,0.8,0.5,1.3,1.5,6.5,2001
5342,163,Matt Harpring,SG,24,CLE,56,55,28.8,4.3,9.4,.454,0.2,0.9,.250,4.0,8.4,.477,.467,2.4,2.9,.812,1.6,2.7,4.3,1.8,0.8,0.3,1.6,2.9,11.1,2001
5343,164,Al Harrington,PF,20,IND,78,38,24.3,3.1,7.0,.444,0.0,0.1,.143,3.1,6.9,.448,.445,1.3,2.0,.656,1.5,3.4,4.9,1.7,0.8,0.2,1.9,2.9,7.5,2001
5344,165,Othella Harrington,C,27,TOT,74,45,24.5,3.3,6.9,.487,0.0,0.0,.000,3.3,6.8,.490,.487,2.3,3.0,.763,1.9,3.4,5.2,0.8,0.5,0.6,2.0,3.2,9.0,2001
5345,165,Othella Harrington,C,27,VAN,44,40,28.8,4.1,8.8,.466,0.0,0.1,.000,4.1,8.7,.470,.466,2.7,3.5,.779,2.3,4.3,6.6,0.8,0.4,0.6,2.4,3.1,10.9,2001
5346,165,Othella Harrington,C,27,NYK,30,5,18.3,2.2,4.0,.554,0.0,0.0,,2.2,4.0,.554,.554,1.7,2.3,.729,1.2,2.1,3.3,0.7,0.5,0.6,1.4,3.4,6.2,2001
5347,166,Lucious Harris,SG,30,NJN,73,50,28.4,3.6,8.5,.425,0.6,1.8,.348,3.0,6.7,.445,.462,1.5,1.9,.770,1.0,3.0,3.9,1.8,1.0,0.2,0.9,1.7,9.4,2001
5348,167,Jason Hart,PG,22,MIL,1,0,10.0,1.0,1.0,1.000,0.0,0.0,,1.0,1.0,1.000,1.000,0.0,0.0,,0.0,0.0,0.0,1.0,0.0,0.0,2.0,0.0,2.0,2001
5349,168,Antonio Harvey,PF,30,POR,12,0,6.0,1.1,2.3,.464,0.0,0.0,,1.1,2.3,.464,.464,0.4,0.5,.833,0.4,0.8,1.2,0.3,0.1,0.5,0.3,0.8,2.6,2001
5350,169,Donnell Harvey,PF,20,DAL,18,0,3.6,0.4,0.8,.571,0.0,0.0,,0.4,0.8,.571,.571,0.3,0.9,.375,0.3,0.8,1.1,0.1,0.2,0.1,0.4,0.8,1.2,2001
5351,170,Hersey Hawkins,SG,34,CHH,59,0,11.5,0.9,2.3,.409,0.3,0.8,.370,0.7,1.5,.429,.471,0.9,1.1,.857,0.3,1.1,1.4,1.2,0.6,0.2,0.3,0.8,3.1,2001
5352,171,Michael Hawkins,PG,28,CLE,10,0,7.6,0.3,0.9,.333,0.2,0.4,.500,0.1,0.5,.200,.444,0.0,0.0,,0.2,0.3,0.5,1.3,0.2,0.0,0.6,1.3,0.8,2001
5353,172,Alan Henderson,PF,28,ATL,73,42,24.8,4.1,9.2,.444,0.0,0.0,.000,4.1,9.2,.445,.444,2.4,3.7,.638,2.5,3.1,5.6,0.7,0.7,0.4,1.7,2.2,10.5,2001
5354,173,Cedric Henderson,SF,25,CLE,55,10,17.5,1.9,4.8,.389,0.0,0.1,.125,1.8,4.6,.398,.391,0.5,0.8,.652,0.3,1.3,1.6,1.4,0.5,0.4,1.1,1.8,4.3,2001
5355,174,Chris Herren,PG,25,BOS,25,7,16.3,1.2,3.8,.302,0.6,2.2,.291,0.5,1.6,.317,.385,0.4,0.5,.750,0.2,0.7,0.8,2.2,0.6,0.0,0.8,1.7,3.3,2001
5356,175,Grant Hill*,SF,28,ORL,4,4,33.3,4.8,10.8,.442,0.3,0.3,1.000,4.5,10.5,.429,.453,4.0,6.5,.615,2.0,4.3,6.3,6.3,1.3,0.5,2.8,2.3,13.8,2001
5357,176,Tyrone Hill,PF,32,PHI,76,75,31.1,3.7,7.7,.474,0.0,0.0,.000,3.7,7.7,.474,.474,2.3,3.6,.630,3.1,5.9,9.0,0.6,0.5,0.4,1.7,3.2,9.6,2001
5358,177,Fred Hoiberg,SG,28,CHI,74,37,30.4,2.9,6.7,.438,1.4,3.4,.412,1.5,3.3,.465,.542,1.8,2.1,.866,0.3,3.9,4.2,3.6,1.3,0.2,1.0,2.1,9.1,2001
5359,178,Robert Horry,PF,30,LAL,79,1,20.1,1.9,4.8,.387,0.7,2.0,.346,1.2,2.8,.415,.458,0.7,1.1,.711,1.2,2.6,3.7,1.6,0.7,0.7,1.0,2.7,5.2,2001
5360,179,Eddie House,PG,22,MIA,50,0,11.0,2.1,4.9,.421,0.4,1.1,.345,1.7,3.8,.443,.460,0.5,0.7,.686,0.1,0.7,0.8,1.0,0.3,0.0,0.7,1.2,5.0,2001
5361,180,Allan Houston,SG,29,NYK,78,78,36.6,6.9,15.5,.449,1.2,3.2,.381,5.7,12.3,.467,.488,3.6,3.9,.909,0.3,3.4,3.6,2.2,0.7,0.1,2.1,2.4,18.7,2001
5362,Rk,Player,Pos,Age,Tm,G,GS,MP,FG,FGA,FG%,3P,3PA,3P%,2P,2PA,2P%,eFG%,FT,FTA,FT%,ORB,DRB,TRB,AST,STL,BLK,TOV,PF,PTS,2001
5363,181,Juwan Howard,PF,27,TOT,81,81,36.7,7.2,15.0,.479,0.0,0.0,.000,7.2,15.0,.480,.479,3.7,4.7,.773,2.1,5.0,7.1,2.8,0.9,0.5,3.0,3.6,18.0,2001
5364,181,Juwan Howard,PF,27,WAS,54,54,36.7,7.3,15.3,.474,0.0,0.0,,7.3,15.3,.474,.474,3.6,4.7,.770,2.2,4.8,7.0,2.9,0.9,0.4,3.1,3.4,18.2,2001
5365,181,Juwan Howard,PF,27,DAL,27,27,36.8,7.1,14.5,.488,0.0,0.1,.000,7.1,14.4,.492,.488,3.7,4.7,.780,1.9,5.3,7.1,2.6,1.1,0.6,2.7,3.9,17.8,2001
5366,182,Troy Hudson,PG,24,ORL,75,7,13.4,1.7,5.0,.336,0.3,1.5,.202,1.4,3.5,.392,.366,1.1,1.4,.817,0.5,0.9,1.4,2.2,0.5,0.0,1.2,1.1,4.8,2001
5367,183,Larry Hughes,SG,22,GSW,50,45,36.9,6.2,16.1,.383,0.3,1.5,.187,5.9,14.6,.403,.391,3.9,5.0,.766,1.5,4.0,5.5,4.5,1.9,0.6,3.0,2.9,16.5,2001
5368,184,Lindsey Hunter,PG,30,MIL,82,5,24.4,3.6,9.5,.381,1.9,5.0,.373,1.8,4.6,.388,.478,0.9,1.2,.802,0.4,1.7,2.1,2.7,1.2,0.1,0.8,2.1,10.1,2001
5369,185,Zydrunas Ilgauskas,C,25,CLE,24,24,25.7,4.8,9.8,.487,0.0,0.1,.000,4.8,9.7,.491,.487,2.2,3.3,.679,2.7,4.0,6.7,0.8,0.6,1.5,2.5,3.3,11.7,2001
5370,186,Allen Iverson*,SG,25,PHI,71,71,42.0,10.7,25.5,.420,1.4,4.3,.320,9.4,21.2,.441,.447,8.2,10.1,.814,0.7,3.1,3.8,4.6,2.5,0.3,3.3,2.1,31.1,2001
5371,187,Bobby Jackson,PG,27,SAC,79,7,20.9,2.9,6.7,.439,0.5,1.3,.375,2.4,5.3,.455,.476,0.8,1.1,.739,0.9,2.2,3.1,2.0,1.1,0.1,1.3,1.8,7.2,2001
5372,188,Jaren Jackson,SG,33,SAS,16,0,7.1,1.0,2.5,.400,0.4,1.1,.389,0.6,1.4,.409,.488,0.0,0.1,.000,0.1,0.7,0.8,0.4,0.3,0.0,0.2,0.8,2.4,2001
5373,189,Jim Jackson,SF,30,TOT,56,40,30.2,4.3,11.3,.378,0.5,1.4,.325,3.8,9.9,.386,.399,2.5,3.0,.822,0.9,3.1,4.0,2.9,0.9,0.2,2.3,2.5,11.5,2001
5374,189,Jim Jackson,SF,30,ATL,17,14,32.4,4.5,12.8,.355,0.9,2.2,.421,3.6,10.5,.341,.392,4.3,5.0,.859,1.0,3.6,4.6,2.9,1.1,0.2,2.8,2.5,14.3,2001
5375,189,Jim Jackson,SF,30,CLE,39,26,29.2,4.2,10.6,.390,0.3,1.1,.238,3.9,9.6,.408,.402,1.7,2.2,.786,0.9,2.8,3.7,2.9,0.9,0.2,2.1,2.5,10.3,2001
5376,190,Marc Jackson,C,26,GSW,48,35,29.4,4.9,10.6,.467,0.1,0.5,.217,4.8,10.1,.478,.471,3.2,4.0,.802,2.5,5.0,7.5,1.2,0.7,0.6,1.9,2.9,13.2,2001
5377,191,Mark Jackson,PG,35,TOT,83,82,31.2,2.9,7.0,.419,0.8,2.5,.338,2.1,4.5,.463,.479,0.9,1.1,.785,0.8,2.9,3.7,8.0,1.0,0.1,2.1,1.7,7.6,2001
5378,191,Mark Jackson,PG,35,TOR,54,54,33.4,3.1,7.5,.422,1.1,3.1,.345,2.1,4.4,.475,.493,1.2,1.4,.842,0.8,2.6,3.4,9.2,1.2,0.1,2.2,1.5,8.5,2001
5379,191,Mark Jackson,PG,35,NYK,29,28,27.1,2.6,6.2,.411,0.4,1.4,.310,2.1,4.8,.442,.447,0.3,0.6,.529,0.7,3.4,4.1,5.6,0.7,0.0,2.0,1.9,5.9,2001
5380,192,Stephen Jackson,SF,22,NJN,77,40,21.6,3.2,7.4,.425,0.7,2.0,.335,2.5,5.4,.458,.470,1.3,1.8,.719,0.5,2.2,2.7,1.8,1.1,0.2,1.7,2.2,8.2,2001
5381,193,Sam Jacobson,PG,25,MIN,14,0,4.2,0.6,1.3,.500,0.0,0.0,,0.6,1.3,.500,.500,0.1,0.2,.667,0.2,0.2,0.4,0.3,0.2,0.0,0.0,1.4,1.4,2001
5382,194,Tim James,SF,24,CHH,30,0,6.6,0.5,1.7,.308,0.0,0.1,.333,0.5,1.6,.306,.317,0.4,0.5,.857,0.5,0.7,1.2,0.3,0.1,0.2,0.3,0.9,1.5,2001
5383,195,Antawn Jamison,SF,24,GSW,82,82,41.4,9.8,22.1,.442,0.8,2.5,.302,9.0,19.6,.459,.459,4.7,6.5,.715,3.4,5.3,8.7,2.0,1.4,0.3,2.4,2.7,24.9,2001
5384,196,Anthony Johnson,PG,26,TOT,53,0,9.6,1.0,2.9,.349,0.0,0.1,.200,1.0,2.8,.354,.352,0.4,0.6,.697,0.2,0.6,0.8,1.5,0.4,0.1,0.6,1.2,2.5,2001
5385,196,Anthony Johnson,PG,26,ATL,25,0,11.2,1.0,2.8,.366,0.0,0.1,.000,1.0,2.7,.382,.366,0.5,0.7,.706,0.1,0.8,0.9,1.4,0.7,0.2,0.8,1.6,2.6,2001
5386,196,Anthony Johnson,PG,26,CLE,28,0,8.3,1.0,2.9,.333,0.0,0.1,.500,0.9,2.8,.329,.340,0.4,0.6,.688,0.3,0.5,0.8,1.6,0.2,0.0,0.5,0.8,2.4,2001
5387,197,Avery Johnson,PG,35,SAS,55,20,23.5,2.4,5.5,.447,0.0,0.1,.167,2.4,5.3,.452,.448,0.7,1.1,.683,0.4,1.2,1.5,4.3,0.6,0.1,1.1,1.6,5.6,2001
5388,198,DerMarr Johnson,SF,20,ATL,78,21,16.8,1.9,5.0,.374,0.5,1.6,.323,1.3,3.4,.399,.427,0.8,1.1,.736,0.7,1.6,2.3,0.8,0.6,0.4,1.2,1.7,5.1,2001
5389,199,Ervin Johnson,C,33,MIL,82,19,24.2,1.3,2.4,.545,0.0,0.0,,1.3,2.4,.545,.545,0.6,1.1,.538,2.5,5.0,7.5,0.5,0.5,1.2,0.6,3.1,3.2,2001
5390,200,Larry Johnson,PF,31,NYK,65,65,32.4,3.8,9.2,.411,0.8,2.5,.313,3.0,6.7,.448,.454,1.6,2.0,.797,1.4,4.2,5.6,2.0,0.6,0.4,1.5,3.2,9.9,2001
5391,Rk,Player,Pos,Age,Tm,G,GS,MP,FG,FGA,FG%,3P,3PA,3P%,2P,2PA,2P%,eFG%,FT,FTA,FT%,ORB,DRB,TRB,AST,STL,BLK,TOV,PF,PTS,2001
5392,201,Damon Jones,PG,24,VAN,71,10,19.9,2.4,5.9,.409,1.2,3.3,.364,1.2,2.6,.465,.510,0.5,0.7,.712,0.2,1.5,1.7,3.2,0.5,0.0,1.1,0.8,6.5,2001
5393,202,Eddie Jones,SG,29,MIA,63,58,36.2,6.2,13.8,.445,1.4,3.8,.378,4.7,10.0,.471,.497,3.6,4.3,.844,1.2,3.4,4.6,2.7,1.7,0.9,2.1,2.9,17.4,2001
5394,203,Jumaine Jones,SF,21,PHI,65,0,13.3,1.9,4.2,.444,0.3,0.9,.333,1.6,3.3,.474,.480,0.6,0.8,.755,1.0,1.9,2.9,0.5,0.5,0.2,0.6,1.0,4.7,2001
5395,204,Popeye Jones,PF,30,WAS,45,1,14.2,1.3,3.4,.392,0.0,0.1,.167,1.3,3.3,.401,.395,0.9,1.2,.745,1.8,3.0,4.9,0.7,0.4,0.2,0.5,2.1,3.6,2001
5396,205,Garth Joseph,C,27,TOT,4,0,4.0,0.3,1.3,.200,0.0,0.0,,0.3,1.3,.200,.200,0.0,0.5,.000,0.5,0.0,0.5,0.3,0.0,0.3,0.5,0.3,0.5,2001
5397,205,Garth Joseph,C,27,TOR,2,0,4.0,0.5,1.0,.500,0.0,0.0,,0.5,1.0,.500,.500,0.0,0.0,,1.0,0.0,1.0,0.5,0.0,0.0,0.5,0.5,1.0,2001
5398,205,Garth Joseph,C,27,DEN,2,0,4.0,0.0,1.5,.000,0.0,0.0,,0.0,1.5,.000,.000,0.0,1.0,.000,0.0,0.0,0.0,0.0,0.0,0.5,0.5,0.0,0.0,2001
5399,206,Adam Keefe,PF,30,GSW,67,13,12.5,1.0,2.4,.403,0.0,0.0,.333,0.9,2.3,.404,.406,0.6,0.9,.619,1.3,1.8,3.1,0.5,0.4,0.3,0.6,1.5,2.5,2001
5400,207,Shawn Kemp,PF,31,POR,68,3,15.9,2.5,6.1,.407,0.1,0.2,.364,2.4,5.9,.408,.412,1.5,1.9,.771,0.9,2.9,3.8,1.0,0.7,0.3,1.5,2.7,6.5,2001
5401,208,Steve Kerr,PG,35,SAS,55,1,11.8,1.2,2.9,.421,0.6,1.4,.429,0.6,1.5,.415,.525,0.3,0.3,.933,0.1,0.5,0.6,1.0,0.3,0.0,0.4,0.5,3.3,2001
5402,209,Jerome Kersey,SF,38,MIL,22,2,11.0,1.5,3.1,.464,0.0,0.0,.000,1.5,3.1,.471,.464,0.4,0.7,.500,0.4,1.7,2.0,0.7,0.6,0.4,0.3,1.6,3.3,2001
5403,210,Lari Ketner,PF,23,IND,3,0,2.3,0.0,0.0,,0.0,0.0,,0.0,0.0,,,0.0,0.0,,0.0,0.0,0.0,0.3,0.0,0.0,0.7,0.0,0.0,2001
5404,211,Jason Kidd*,PG,27,PHO,77,76,39.8,5.9,14.2,.411,0.9,3.0,.297,5.0,11.2,.442,.443,4.3,5.2,.814,1.2,5.2,6.4,9.8,2.2,0.3,3.7,2.2,16.9,2001
5405,212,Gerard King,SF,28,WAS,45,3,15.7,2.0,3.9,.511,0.0,0.0,,2.0,3.9,.511,.511,0.8,1.0,.800,0.9,2.0,2.9,0.7,0.3,0.2,1.0,2.1,4.8,2001
5406,213,Brevin Knight,PG,25,TOT,53,43,27.5,2.6,7.0,.375,0.0,0.2,.100,2.6,6.8,.382,.376,1.0,1.2,.818,0.4,2.7,3.2,5.9,1.9,0.1,1.7,2.9,6.3,2001
5407,213,Brevin Knight,PG,25,CLE,6,0,15.5,0.3,2.5,.133,0.0,0.0,,0.3,2.5,.133,.133,0.8,1.0,.833,0.2,1.0,1.2,4.2,1.0,0.2,1.2,2.8,1.5,2001
5408,213,Brevin Knight,PG,25,ATL,47,43,29.0,2.9,7.6,.385,0.0,0.2,.100,2.9,7.4,.393,.386,1.0,1.3,.817,0.5,3.0,3.4,6.1,2.0,0.1,1.8,2.9,6.9,2001
5409,214,Travis Knight,C,26,NYK,45,0,5.7,0.2,1.2,.189,0.0,0.0,.000,0.2,1.2,.192,.189,0.2,0.4,.500,0.4,0.8,1.2,0.1,0.1,0.2,0.2,1.0,0.6,2001
5410,215,Toni Kukoč*,SF,32,TOT,65,19,24.6,4.2,9.0,.473,1.1,2.4,.446,3.2,6.5,.482,.533,1.6,2.5,.631,1.0,3.0,4.0,3.1,0.7,0.2,1.7,1.5,11.1,2001
5411,215,Toni Kukoč*,SF,32,PHI,48,5,20.4,3.1,6.9,.458,0.7,1.6,.410,2.5,5.3,.472,.506,1.1,1.8,.591,1.0,2.4,3.4,1.9,0.7,0.1,1.3,1.3,8.0,2001
5412,215,Toni Kukoč*,SF,32,ATL,17,14,36.4,7.3,14.8,.492,2.2,4.6,.481,5.1,10.2,.497,.567,2.9,4.2,.681,1.1,4.6,5.7,6.2,0.8,0.3,3.0,2.1,19.7,2001
5413,216,Christian Laettner,C-PF,31,TOT,78,48,21.3,3.6,7.1,.503,0.1,0.2,.308,3.5,6.9,.507,.506,2.2,2.6,.833,1.5,3.2,4.7,1.6,0.9,0.6,1.8,3.1,9.3,2001
5414,216,Christian Laettner,C,31,DAL,53,35,17.5,3.1,6.1,.511,0.0,0.1,.333,3.1,6.0,.513,.512,1.3,1.5,.817,1.4,2.6,4.0,1.3,0.8,0.5,1.3,3.0,7.5,2001
5415,216,Christian Laettner,PF,31,WAS,25,13,29.3,4.5,9.1,.491,0.1,0.4,.300,4.4,8.7,.500,.498,4.1,4.9,.844,1.7,4.4,6.1,2.3,1.2,0.8,2.7,3.3,13.2,2001
5416,217,Raef LaFrentz,C,24,DEN,78,74,31.5,5.0,10.4,.477,0.7,1.8,.367,4.3,8.6,.499,.508,2.3,3.4,.698,2.2,5.6,7.8,1.4,0.5,2.6,1.2,3.7,12.9,2001
5417,218,Trajan Langdon,SG,24,CLE,65,5,17.2,2.1,4.8,.431,0.8,1.9,.411,1.3,2.9,.444,.513,1.0,1.2,.895,0.2,1.2,1.4,1.2,0.6,0.1,0.8,1.8,6.0,2001
5418,219,Dan Langhi,SF,23,HOU,33,0,7.3,1.1,3.0,.374,0.0,0.0,.000,1.1,3.0,.378,.374,0.5,0.9,.552,0.4,0.8,1.2,0.1,0.2,0.0,0.2,0.5,2.7,2001
5419,220,Voshon Lenard,SG,27,DEN,80,58,29.1,4.2,10.6,.397,1.8,4.8,.385,2.4,5.8,.407,.484,1.9,2.4,.797,0.6,2.3,2.9,2.4,0.8,0.2,1.3,2.1,12.2,2001
5420,Rk,Player,Pos,Age,Tm,G,GS,MP,FG,FGA,FG%,3P,3PA,3P%,2P,2PA,2P%,eFG%,FT,FTA,FT%,ORB,DRB,TRB,AST,STL,BLK,TOV,PF,PTS,2001
5421,221,Quincy Lewis,SF,23,UTA,35,2,11.5,1.4,3.5,.407,0.3,0.7,.360,1.2,2.8,.418,.443,0.4,0.6,.714,0.4,0.9,1.3,0.5,0.3,0.3,0.5,2.2,3.5,2001
5422,222,Rashard Lewis,PF,21,SEA,78,78,34.9,5.5,11.4,.480,1.6,3.7,.432,3.9,7.7,.503,.550,2.3,2.7,.826,1.8,5.1,6.9,1.6,1.2,0.6,1.7,2.4,14.8,2001
5423,223,Randy Livingston,PG,25,GSW,2,0,3.5,0.0,1.0,.000,0.0,0.5,.000,0.0,0.5,.000,.000,0.0,0.0,,0.0,0.5,0.5,0.5,0.0,0.0,0.0,0.0,0.0,2001
5424,224,Art Long,PF,28,SAC,9,0,2.2,0.0,0.4,.000,0.0,0.0,,0.0,0.4,.000,.000,0.0,0.2,.000,0.2,0.7,0.9,0.1,0.0,0.3,0.2,0.6,0.0,2001
5425,225,Grant Long,PF,34,VAN,66,27,22.8,2.1,4.8,.439,0.1,0.2,.267,2.1,4.6,.447,.445,1.7,2.4,.713,1.2,3.0,4.2,1.3,1.1,0.2,0.9,2.4,6.0,2001
5426,226,Luc Longley,C,32,NYK,25,2,12.0,0.7,2.2,.333,0.0,0.0,,0.7,2.2,.333,.333,0.5,0.7,.765,1.0,1.6,2.6,0.3,0.1,0.4,0.9,2.0,2.0,2001
5427,227,Felipe López,SG-PG,26,TOT,70,48,22.4,3.0,6.8,.441,0.3,0.7,.365,2.7,6.1,.451,.461,1.6,2.2,.699,0.8,2.6,3.3,1.5,0.9,0.4,1.2,2.2,7.9,2001
5428,227,Felipe López,SG,26,WAS,47,38,23.6,3.0,6.9,.436,0.1,0.6,.207,2.9,6.3,.458,.445,1.9,2.6,.732,0.6,2.8,3.4,1.6,0.9,0.4,1.2,2.3,8.1,2001
5429,227,Felipe López,PG,26,MIN,23,10,19.9,3.0,6.6,.454,0.6,1.0,.565,2.4,5.6,.434,.497,0.8,1.4,.576,1.1,2.1,3.2,1.5,0.9,0.5,1.2,2.0,7.4,2001
5430,228,Tyronn Lue,PG,23,LAL,38,1,12.3,1.3,3.1,.427,0.3,0.9,.324,1.0,2.2,.470,.474,0.5,0.6,.792,0.1,0.7,0.8,1.2,0.5,0.0,0.7,1.4,3.4,2001
5431,229,George Lynch,SF,30,PHI,82,80,32.3,3.3,7.5,.445,0.2,0.7,.263,3.2,6.8,.463,.457,1.5,2.1,.719,2.4,4.8,7.2,1.7,1.2,0.4,1.3,2.7,8.4,2001
5432,230,Todd MacCulloch,C,25,PHI,63,3,9.5,1.7,2.9,.589,0.0,0.0,,1.7,2.9,.589,.589,0.7,1.0,.636,1.1,1.6,2.7,0.2,0.1,0.3,0.4,1.5,4.1,2001
5433,231,Don MacLean,SF,31,MIA,8,1,9.5,1.3,2.5,.500,0.3,0.3,1.000,1.0,2.3,.444,.550,1.1,1.5,.750,0.9,1.4,2.3,0.5,0.6,0.1,1.3,1.1,3.9,2001
5434,232,Mark Madsen,PF,25,LAL,70,3,9.2,0.8,1.6,.487,0.0,0.0,1.000,0.8,1.6,.482,.491,0.4,0.5,.703,1.1,1.1,2.2,0.3,0.1,0.1,0.4,1.6,2.0,2001
5435,233,Corey Maggette,SF,21,LAC,69,9,19.7,3.3,7.1,.462,0.2,0.8,.304,3.0,6.2,.483,.479,3.2,4.2,.774,1.3,2.9,4.2,1.2,0.5,0.1,1.5,2.0,10.0,2001
5436,234,Jamaal Magloire,C,22,CHH,74,0,14.8,1.6,3.7,.450,0.0,0.0,.000,1.6,3.6,.454,.450,1.3,2.0,.655,1.4,2.6,4.0,0.4,0.2,1.1,0.8,1.9,4.6,2001
5437,235,Dan Majerle,SG,35,MIA,53,19,24.6,1.6,4.9,.336,1.1,3.4,.315,0.6,1.5,.385,.446,0.7,0.8,.818,0.4,2.8,3.1,1.7,1.0,0.3,0.7,1.8,5.0,2001
5438,236,Karl Malone*,PF,37,UTA,81,81,35.7,8.3,16.6,.498,0.0,0.1,.400,8.2,16.5,.499,.499,6.6,8.3,.793,1.4,6.9,8.3,4.5,1.1,0.8,3.0,2.7,23.2,2001
5439,237,Matt Maloney,PG,29,ATL,55,27,25.5,2.7,6.3,.420,0.9,2.6,.359,1.7,3.7,.461,.493,0.5,0.6,.765,0.3,1.9,2.1,2.8,1.0,0.1,1.3,1.7,6.7,2001
5440,238,Danny Manning,PF,34,UTA,82,0,15.9,3.0,6.1,.494,0.1,0.3,.250,2.9,5.8,.508,.501,1.2,1.7,.729,0.8,1.8,2.6,1.1,0.6,0.4,1.2,2.7,7.4,2001
5441,239,Stephon Marbury,PG,23,NJN,67,67,38.2,8.4,19.1,.441,1.6,5.0,.328,6.8,14.1,.481,.484,5.4,6.8,.790,0.8,2.3,3.1,7.6,1.2,0.1,2.9,2.2,23.9,2001
5442,240,Shawn Marion,SF,22,PHO,79,79,36.2,7.1,14.7,.480,0.3,1.0,.256,6.8,13.6,.497,.489,3.0,3.7,.810,2.8,7.9,10.7,2.0,1.7,1.4,1.6,2.7,17.3,2001
5443,Rk,Player,Pos,Age,Tm,G,GS,MP,FG,FGA,FG%,3P,3PA,3P%,2P,2PA,2P%,eFG%,FT,FTA,FT%,ORB,DRB,TRB,AST,STL,BLK,TOV,PF,PTS,2001
5444,241,Donyell Marshall,SF,27,UTA,81,49,28.7,5.3,10.5,.503,0.5,1.6,.320,4.8,8.9,.535,.527,2.5,3.4,.751,2.1,4.9,7.0,1.6,1.0,1.0,1.6,2.4,13.6,2001
5445,242,Darrick Martin,PG,29,SAC,31,0,5.7,0.9,2.5,.382,0.5,0.9,.519,0.5,1.6,.306,.474,1.0,1.1,.886,0.1,0.5,0.5,0.5,0.2,0.0,0.3,0.9,3.3,2001
5446,243,Kenyon Martin,PF,23,NJN,68,68,33.4,5.1,11.4,.445,0.0,0.2,.091,5.1,11.3,.450,.446,1.8,2.8,.630,2.0,5.4,7.4,1.9,1.1,1.7,2.0,4.1,12.0,2001
5447,244,Jamal Mashburn,SF,28,CHH,76,76,39.3,7.5,18.3,.413,1.4,3.8,.356,6.2,14.5,.428,.450,3.7,4.8,.766,1.2,6.4,7.6,5.4,1.1,0.2,2.8,2.4,20.1,2001
5448,245,Anthony Mason,PF,34,MIA,80,80,40.7,5.8,11.9,.482,0.0,0.0,,5.8,11.9,.482,.482,4.6,5.9,.781,2.1,7.5,9.6,3.1,1.0,0.3,2.2,2.9,16.1,2001
5449,246,Desmond Mason,SF,23,SEA,78,14,19.5,2.4,5.6,.431,0.2,0.9,.269,2.2,4.8,.460,.451,0.9,1.2,.736,0.9,2.3,3.2,0.8,0.5,0.3,0.7,1.9,5.9,2001
5450,247,Tony Massenburg,PF,33,VAN,52,20,15.8,1.8,3.8,.462,0.0,0.0,,1.8,3.8,.462,.462,0.9,1.3,.700,1.4,2.6,4.0,0.2,0.2,0.5,0.9,2.3,4.5,2001
5451,248,Vernon Maxwell,PG,35,TOT,43,6,15.3,1.7,5.2,.327,0.8,2.6,.306,0.9,2.6,.348,.404,0.5,0.7,.656,0.1,1.4,1.5,1.1,0.5,0.1,0.8,1.5,4.7,2001
5452,248,Vernon Maxwell,PG,35,PHI,24,6,15.6,1.8,5.2,.336,0.9,2.7,.328,0.9,2.5,.344,.420,0.6,0.9,.682,0.1,1.4,1.5,1.2,0.5,0.0,0.8,1.4,5.0,2001
5453,248,Vernon Maxwell,PG,35,DAL,19,0,15.0,1.6,5.2,.316,0.7,2.5,.277,0.9,2.7,.353,.383,0.3,0.5,.600,0.1,1.5,1.5,1.1,0.5,0.2,0.9,1.6,4.3,2001
5454,249,Walter McCarty,PF,26,BOS,60,3,8.0,0.8,2.1,.357,0.3,0.9,.339,0.4,1.2,.371,.433,0.4,0.5,.786,0.4,1.0,1.4,0.7,0.2,0.1,0.3,1.4,2.2,2001
5455,250,Dan McClintock,C,23,DEN,6,1,9.7,1.5,3.0,.500,0.0,0.0,,1.5,3.0,.500,.500,0.0,0.8,.000,1.7,1.2,2.8,0.2,0.0,0.3,0.5,1.8,3.0,2001
5456,251,George McCloud,SF,33,DEN,76,8,26.4,3.3,8.6,.382,1.0,3.1,.329,2.3,5.5,.411,.440,2.0,2.4,.840,0.7,2.2,2.9,3.7,0.7,0.4,1.5,2.2,9.6,2001
5457,252,Jelani McCoy,C,23,SEA,70,44,16.3,2.0,3.8,.523,0.0,0.0,,2.0,3.8,.523,.523,0.6,1.3,.441,1.3,2.3,3.6,0.8,0.3,0.7,1.1,2.0,4.5,2001
5458,253,Antonio McDyess,PF,26,DEN,70,70,36.5,8.2,16.6,.495,0.0,0.0,,8.2,16.6,.495,.495,4.3,6.2,.700,3.4,8.6,12.1,2.1,0.6,1.5,2.3,3.1,20.8,2001
5459,254,Tracy McGrady*,SG,21,ORL,77,77,40.1,10.2,22.4,.457,0.8,2.2,.355,9.5,20.2,.468,.474,5.6,7.6,.733,2.5,5.0,7.5,4.6,1.5,1.5,2.6,2.1,26.8,2001
5460,255,Jim McIlvaine,C,28,NJN,18,3,10.7,0.6,1.6,.357,0.0,0.0,,0.6,1.6,.357,.357,0.4,0.7,.667,0.4,1.5,1.9,0.2,0.4,0.8,0.5,1.9,1.6,2001
5461,256,Jeff McInnis,PG,26,LAC,81,81,35.0,5.3,11.5,.463,0.6,1.8,.361,4.7,9.7,.482,.491,1.6,2.0,.807,0.5,2.2,2.7,5.5,0.9,0.1,1.4,2.5,12.9,2001
5462,257,Derrick McKey,SF,34,IND,66,20,15.0,0.9,2.1,.441,0.1,0.3,.200,0.8,1.8,.483,.456,0.3,0.4,.778,0.7,1.9,2.7,1.1,0.7,0.2,0.7,2.1,2.2,2001
5463,258,Aaron McKie,SG,28,PHI,76,33,31.5,4.4,9.4,.473,0.7,2.2,.312,3.8,7.2,.524,.511,2.0,2.6,.768,0.4,3.7,4.1,5.0,1.4,0.1,2.7,2.3,11.6,2001
5464,259,Roshown McLeod,SF,25,TOT,35,25,26.3,4.1,9.5,.437,0.1,0.6,.091,4.1,8.9,.461,.440,1.3,1.5,.882,1.1,2.3,3.4,1.7,0.7,0.2,1.7,2.6,9.6,2001
5465,259,Roshown McLeod,SF,25,ATL,34,25,26.7,4.2,9.7,.436,0.1,0.6,.095,4.2,9.1,.460,.439,1.3,1.5,.882,1.1,2.4,3.5,1.7,0.7,0.2,1.7,2.6,9.9,2001
5466,259,Roshown McLeod,SF,25,PHI,1,0,15.0,1.0,2.0,.500,0.0,1.0,.000,1.0,1.0,1.000,.500,0.0,0.0,,1.0,1.0,2.0,0.0,0.0,0.0,1.0,2.0,2.0,2001
5467,260,Paul McPherson,PG,22,TOT,55,0,10.8,2.0,3.9,.505,0.0,0.2,.167,1.9,3.7,.525,.509,0.8,1.1,.724,0.7,0.7,1.4,0.7,0.5,0.1,0.9,1.5,4.8,2001
5468,260,Paul McPherson,PG,22,PHO,33,0,9.3,1.4,2.9,.490,0.0,0.2,.000,1.4,2.7,.522,.490,0.5,0.7,.750,0.6,0.8,1.5,0.5,0.4,0.1,0.7,1.5,3.4,2001
5469,260,Paul McPherson,PG,22,GSW,22,0,13.0,2.8,5.5,.517,0.1,0.3,.333,2.7,5.2,.526,.525,1.1,1.5,.706,0.9,0.5,1.4,1.0,0.6,0.0,1.1,1.5,6.8,2001
5470,Rk,Player,Pos,Age,Tm,G,GS,MP,FG,FGA,FG%,3P,3PA,3P%,2P,2PA,2P%,eFG%,FT,FTA,FT%,ORB,DRB,TRB,AST,STL,BLK,TOV,PF,PTS,2001
5471,261,Stanislav Medvedenko,PF,21,LAL,7,0,5.6,1.7,3.6,.480,0.1,0.1,1.000,1.6,3.4,.458,.500,1.0,1.7,.583,0.1,1.1,1.3,0.3,0.1,0.1,0.4,1.3,4.6,2001
5472,262,Ron Mercer,SG,24,CHI,61,61,41.6,8.2,18.4,.446,0.2,0.8,.304,8.0,17.6,.452,.452,3.1,3.7,.825,1.2,2.7,3.9,3.3,1.3,0.4,2.1,2.4,19.7,2001
5473,263,Chris Mihm,C,21,CLE,59,43,19.8,2.9,6.6,.442,0.0,0.0,.000,2.9,6.6,.444,.442,1.7,2.1,.794,1.8,2.9,4.7,0.3,0.3,0.9,1.4,2.6,7.6,2001
5474,264,Darius Miles,SF,19,LAC,81,21,26.3,3.9,7.8,.505,0.0,0.2,.053,3.9,7.5,.519,.506,1.5,2.9,.521,1.6,4.3,5.9,1.2,0.6,1.5,1.8,2.4,9.4,2001
5475,265,Andre Miller,PG,24,CLE,82,82,34.7,5.5,12.2,.452,0.2,0.8,.266,5.3,11.4,.465,.461,4.6,5.5,.833,1.1,3.2,4.4,8.0,1.5,0.3,3.2,2.8,15.8,2001
5476,266,Anthony Miller,PF,29,TOT,4,0,2.8,0.3,0.5,.500,0.0,0.0,,0.3,0.5,.500,.500,0.0,0.0,,0.0,0.5,0.5,0.0,0.0,0.0,0.3,0.3,0.5,2001
5477,266,Anthony Miller,PF,29,ATL,2,0,3.0,0.5,1.0,.500,0.0,0.0,,0.5,1.0,.500,.500,0.0,0.0,,0.0,1.0,1.0,0.0,0.0,0.0,0.5,0.0,1.0,2001
5478,266,Anthony Miller,PF,29,HOU,1,0,3.0,0.0,0.0,,0.0,0.0,,0.0,0.0,,,0.0,0.0,,0.0,0.0,0.0,0.0,0.0,0.0,0.0,1.0,0.0,2001
5479,266,Anthony Miller,PF,29,PHI,1,0,2.0,0.0,0.0,,0.0,0.0,,0.0,0.0,,,0.0,0.0,,0.0,0.0,0.0,0.0,0.0,0.0,0.0,0.0,0.0,2001
5480,267,Brad Miller,C,24,CHI,57,45,25.2,2.9,6.8,.435,0.0,0.1,.200,2.9,6.7,.438,.437,2.9,4.0,.743,2.5,4.8,7.4,1.9,0.6,0.7,1.3,3.1,8.9,2001
5481,268,Mike Miller,SF,20,ORL,82,62,29.1,4.5,10.3,.436,1.8,4.4,.407,2.7,5.9,.457,.523,1.1,1.6,.711,0.8,3.2,4.0,1.7,0.6,0.2,1.2,2.4,11.9,2001
5482,269,Reggie Miller*,SG,35,IND,81,81,39.3,6.4,14.5,.440,2.1,5.7,.366,4.3,8.8,.487,.512,4.0,4.3,.928,0.5,3.0,3.5,3.2,1.0,0.2,1.6,2.0,18.9,2001
5483,270,Chris Mills,SF,31,GSW,15,8,32.9,4.7,12.7,.372,0.5,1.7,.280,4.3,11.1,.386,.390,2.1,2.4,.861,1.6,4.6,6.2,1.2,0.6,0.3,1.3,2.9,12.0,2001
5484,271,Terry Mills,PF,33,IND,14,0,8.1,0.8,2.4,.324,0.2,1.2,.176,0.6,1.2,.471,.368,0.0,0.0,,0.3,1.2,1.5,0.4,0.2,0.1,0.7,1.4,1.8,2001
5485,272,Sam Mitchell,SF,37,MIN,82,4,12.0,1.4,3.5,.408,0.1,0.5,.209,1.3,3.0,.443,.424,0.5,0.7,.727,0.3,1.2,1.5,0.7,0.3,0.1,0.4,1.4,3.5,2001
5486,273,Cuttino Mobley,SG,25,HOU,79,49,38.0,6.7,15.4,.434,1.1,3.2,.357,5.5,12.2,.454,.471,5.0,6.0,.831,1.1,4.0,5.0,2.5,1.1,0.3,2.1,2.1,19.5,2001
5487,274,Nazr Mohammed,C,23,TOT,58,22,15.7,3.0,6.4,.477,0.0,0.0,.000,3.0,6.3,.478,.477,1.5,2.2,.706,2.0,3.3,5.3,0.3,0.5,0.6,1.1,1.9,7.6,2001
5488,274,Nazr Mohammed,C,23,PHI,30,3,6.5,1.4,2.9,.466,0.0,0.0,,1.4,2.9,.466,.466,0.5,0.9,.500,0.6,1.2,1.8,0.1,0.2,0.2,0.3,1.3,3.2,2001
5489,274,Nazr Mohammed,C,23,ATL,28,19,25.6,4.8,10.0,.480,0.0,0.0,.000,4.8,10.0,.482,.480,2.7,3.5,.765,3.5,5.5,9.0,0.6,0.8,1.0,2.0,2.6,12.3,2001
5490,275,Jérôme Moïso,C,22,BOS,24,0,5.6,0.5,1.3,.400,0.0,0.0,.000,0.5,1.2,.414,.400,0.5,1.1,.423,0.5,1.3,1.8,0.1,0.1,0.2,0.8,1.2,1.5,2001
5491,276,Eric Montross,C,29,TOT,54,21,12.0,1.0,2.6,.406,0.0,0.0,,1.0,2.6,.406,.406,0.1,0.6,.258,1.0,2.2,3.2,0.4,0.2,0.5,0.8,2.1,2.2,2001
5492,276,Eric Montross,C,29,DET,42,20,13.5,1.2,2.9,.413,0.0,0.0,,1.2,2.9,.413,.413,0.2,0.6,.269,1.0,2.4,3.4,0.4,0.2,0.5,0.9,2.4,2.5,2001
5493,276,Eric Montross,C,29,TOR,12,1,6.8,0.5,1.4,.353,0.0,0.0,,0.5,1.4,.353,.353,0.1,0.4,.200,0.8,1.7,2.4,0.3,0.3,0.3,0.3,1.3,1.1,2001
5494,277,Mikki Moore,C,25,DET,81,2,14.2,1.6,3.3,.493,0.0,0.0,.000,1.6,3.3,.494,.493,1.2,1.6,.731,1.5,2.4,3.9,0.4,0.3,0.8,0.9,2.5,4.4,2001
5495,278,Hanno Möttölä,SF,24,ATL,73,3,13.5,1.7,3.8,.444,0.0,0.0,.000,1.7,3.8,.449,.444,1.0,1.2,.811,0.7,1.7,2.4,0.3,0.2,0.1,0.9,2.2,4.4,2001
5496,279,Alonzo Mourning*,C,30,MIA,13,3,23.5,5.6,10.8,.518,0.0,0.1,.000,5.6,10.8,.521,.518,2.4,4.2,.564,2.7,5.1,7.8,0.9,0.3,2.4,2.2,1.8,13.6,2001
5497,280,Chris Mullin*,SF,37,GSW,20,8,18.7,1.8,5.3,.340,1.0,2.6,.365,0.9,2.7,.315,.429,1.2,1.4,.857,0.5,1.6,2.1,1.0,0.8,0.5,1.0,1.4,5.8,2001
5498,Rk,Player,Pos,Age,Tm,G,GS,MP,FG,FGA,FG%,3P,3PA,3P%,2P,2PA,2P%,eFG%,FT,FTA,FT%,ORB,DRB,TRB,AST,STL,BLK,TOV,PF,PTS,2001
5499,281,Lamond Murray,SF,27,CLE,78,46,28.5,5.0,11.9,.423,0.8,2.1,.370,4.2,9.7,.434,.456,2.0,2.7,.735,1.3,3.0,4.4,1.6,1.1,0.3,1.8,2.2,12.8,2001
5500,282,Tracy Murray,SF,29,TOT,51,1,11.5,1.8,4.9,.379,0.7,2.0,.350,1.1,2.8,.400,.452,0.6,0.8,.786,0.4,1.2,1.6,0.5,0.2,0.1,0.5,1.0,5.0,2001
5501,282,Tracy Murray,SF,29,DEN,13,0,10.4,1.3,4.2,.309,0.5,1.8,.304,0.8,2.5,.313,.373,0.7,0.8,.900,0.3,1.4,1.7,0.7,0.3,0.1,0.5,0.6,3.8,2001
5502,282,Tracy Murray,SF,29,TOR,38,1,11.9,2.0,5.1,.399,0.8,2.1,.363,1.3,3.0,.425,.474,0.6,0.8,.750,0.5,1.1,1.6,0.4,0.2,0.2,0.5,1.2,5.4,2001
5503,283,Dikembe Mutombo*,C,34,TOT,75,75,34.5,3.6,7.4,.484,0.0,0.0,,3.6,7.4,.484,.484,2.8,3.9,.725,4.1,9.4,13.5,1.0,0.4,2.7,1.9,2.7,10.0,2001
5504,283,Dikembe Mutombo*,C,34,ATL,49,49,35.0,3.4,7.2,.477,0.0,0.0,,3.4,7.2,.477,.477,2.2,3.1,.695,3.8,10.3,14.1,1.1,0.4,2.8,1.9,2.8,9.1,2001
5505,283,Dikembe Mutombo*,C,34,PHI,26,26,33.7,3.8,7.8,.495,0.0,0.0,,3.8,7.8,.495,.495,4.0,5.3,.759,4.6,7.8,12.4,0.8,0.3,2.5,2.0,2.5,11.7,2001
5506,284,Mamadou N'Diaye,C,25,TOR,3,0,3.3,0.3,1.3,.250,0.0,0.0,,0.3,1.3,.250,.250,0.7,0.7,1.000,0.3,0.3,0.7,0.0,0.0,0.0,0.0,1.0,1.3,2001
5507,285,Lee Nailon,SF,25,CHH,42,0,11.2,1.6,3.2,.485,0.0,0.0,.000,1.6,3.2,.489,.485,0.8,1.0,.744,0.7,1.5,2.2,0.6,0.2,0.1,0.6,1.4,3.9,2001
5508,286,Eduardo Nájera,PF,24,DAL,40,4,10.8,1.5,2.8,.523,0.0,0.1,.333,1.4,2.7,.528,.527,0.4,0.8,.424,1.0,1.4,2.4,0.7,0.3,0.2,0.4,1.2,3.3,2001
5509,287,Steve Nash*,PG,26,DAL,70,70,34.1,5.5,11.3,.487,1.3,3.1,.406,4.2,8.2,.518,.544,3.3,3.7,.895,0.7,2.5,3.2,7.3,1.0,0.1,2.9,2.3,15.6,2001
5510,288,Tyrone Nesby,SF-SG,25,TOT,62,34,25.1,3.0,8.5,.357,0.8,2.9,.272,2.3,5.6,.400,.403,1.4,1.7,.802,0.8,2.0,2.8,1.2,0.8,0.3,1.0,2.5,8.3,2001
5511,288,Tyrone Nesby,SG,25,LAC,14,12,23.8,2.9,8.8,.325,0.7,3.3,.217,2.1,5.5,.390,.366,1.3,1.6,.783,1.1,1.9,3.0,0.8,0.7,0.3,0.7,2.0,7.7,2001
5512,288,Tyrone Nesby,SF,25,WAS,48,22,25.5,3.1,8.5,.366,0.8,2.8,.291,2.3,5.7,.403,.414,1.4,1.7,.807,0.7,2.0,2.7,1.4,0.9,0.3,1.1,2.6,8.4,2001
5513,289,Rasho Nesterović,C,24,MIN,73,39,16.9,2.0,4.4,.461,0.0,0.0,.000,2.0,4.4,.462,.461,0.5,0.9,.523,1.4,2.6,3.9,0.6,0.3,0.9,0.8,2.6,4.5,2001
5514,290,Ira Newble,SF,26,SAS,27,6,6.8,0.8,2.0,.382,0.1,0.3,.444,0.6,1.7,.370,.418,0.3,0.6,.500,0.5,0.8,1.3,0.2,0.1,0.1,0.3,0.7,2.0,2001
5515,291,Johnny Newman,SG,37,NJN,82,17,25.0,3.5,8.5,.419,0.7,2.1,.335,2.8,6.3,.447,.461,3.1,3.6,.855,0.4,1.7,2.1,1.4,0.8,0.1,1.3,2.8,10.9,2001
5516,292,Moochie Norris,PG,27,HOU,82,6,20.2,2.2,5.0,.446,0.3,1.1,.281,1.9,4.0,.491,.476,1.8,2.4,.778,0.5,1.9,2.4,3.5,0.8,0.0,1.3,1.0,6.6,2001
5517,293,Dirk Nowitzki,PF,22,DAL,82,82,38.1,7.2,15.2,.474,1.8,4.8,.387,5.4,10.5,.513,.534,5.5,6.6,.838,1.5,7.7,9.2,2.1,1.0,1.2,1.9,3.0,21.8,2001
5518,294,Jermaine O'Neal,C,22,IND,81,80,32.6,5.0,10.7,.465,0.0,0.1,.000,5.0,10.7,.468,.465,2.9,4.8,.601,3.1,6.7,9.8,1.2,0.6,2.8,2.0,3.5,12.9,2001
5519,295,Shaquille O'Neal*,C,28,LAL,74,74,39.5,11.0,19.2,.572,0.0,0.0,.000,11.0,19.2,.573,.572,6.7,13.1,.513,3.9,8.8,12.7,3.7,0.6,2.8,2.9,3.5,28.7,2001
5520,296,Charles Oakley,PF,37,TOR,78,77,35.5,3.9,10.1,.388,0.1,0.6,.224,3.8,9.4,.399,.395,1.6,1.9,.836,1.8,7.7,9.5,3.4,1.0,0.6,1.8,3.3,9.6,2001
5521,297,Lamar Odom,PF,21,LAC,76,74,37.3,6.3,13.8,.460,1.1,3.3,.316,5.3,10.4,.506,.498,3.4,5.1,.679,1.4,6.3,7.8,5.2,1.0,1.6,3.5,3.1,17.2,2001
5522,298,Hakeem Olajuwon*,C,38,HOU,58,55,26.6,4.9,9.8,.498,0.0,0.0,.000,4.9,9.8,.499,.498,2.1,3.4,.621,2.1,5.3,7.4,1.2,1.2,1.5,1.4,2.4,11.9,2001
5523,299,Kevin Ollie,PG,28,TOT,70,4,13.2,1.1,2.7,.396,0.0,0.0,.333,1.1,2.7,.397,.398,0.9,1.3,.708,0.2,1.1,1.4,2.1,0.4,0.0,0.7,1.2,3.1,2001
5524,299,Kevin Ollie,PG,28,NJN,19,0,8.5,0.3,1.4,.185,0.0,0.0,,0.3,1.4,.185,.185,0.6,1.0,.632,0.2,1.1,1.2,1.3,0.3,0.0,0.5,0.7,1.2,2001
5525,299,Kevin Ollie,PG,28,PHI,51,4,15.0,1.4,3.2,.430,0.0,0.1,.333,1.4,3.2,.432,.433,1.0,1.4,.729,0.3,1.2,1.4,2.4,0.5,0.0,0.8,1.4,3.8,2001
5526,300,Michael Olowokandi,C,25,LAC,82,82,25.9,3.8,8.6,.435,0.0,0.0,,3.8,8.6,.435,.435,1.0,1.9,.545,2.0,4.4,6.4,0.6,0.4,1.3,2.1,3.0,8.5,2001
5527,Rk,Player,Pos,Age,Tm,G,GS,MP,FG,FGA,FG%,3P,3PA,3P%,2P,2PA,2P%,eFG%,FT,FTA,FT%,ORB,DRB,TRB,AST,STL,BLK,TOV,PF,PTS,2001
5528,301,Greg Ostertag,C,27,UTA,81,3,18.4,1.7,3.5,.495,0.0,0.0,.500,1.7,3.4,.495,.496,1.0,1.9,.556,2.0,3.1,5.1,0.3,0.3,1.8,0.8,2.7,4.5,2001
5529,302,Bo Outlaw,PF,29,ORL,80,69,31.7,2.8,4.6,.614,0.0,0.0,.500,2.8,4.6,.615,.615,1.6,2.8,.573,2.6,5.1,7.7,2.8,1.3,1.7,1.8,3.0,7.3,2001
5530,303,Doug Overton,PG,31,TOT,21,10,22.6,2.5,6.6,.374,0.5,1.7,.306,2.0,4.9,.398,.414,0.5,0.8,.625,0.2,1.7,1.9,3.4,0.4,0.0,1.5,1.8,6.0,2001
5531,303,Doug Overton,PG,31,BOS,7,1,20.6,2.1,6.3,.341,0.1,0.6,.250,2.0,5.7,.350,.352,1.0,1.6,.636,0.4,1.7,2.1,2.7,0.6,0.0,1.9,2.1,5.4,2001
5532,303,Doug Overton,PG,31,CHH,2,0,7.5,1.0,1.0,1.000,0.0,0.0,,1.0,1.0,1.000,1.000,0.0,0.0,,0.0,0.0,0.0,0.0,0.5,0.0,1.5,1.0,2.0,2001
5533,303,Doug Overton,PG,31,NJN,12,9,26.3,2.9,7.8,.376,0.8,2.7,.313,2.1,5.1,.410,.430,0.3,0.4,.600,0.1,1.9,2.0,4.4,0.3,0.0,1.3,1.7,6.9,2001
5534,304,Billy Owens,PF,31,DET,45,14,17.6,2.0,5.1,.383,0.1,0.4,.150,1.9,4.7,.405,.389,0.4,0.9,.475,1.9,2.7,4.6,1.2,0.7,0.3,0.9,2.1,4.4,2001
5535,305,Olumide Oyedeji,C,19,SEA,30,1,7.4,0.6,1.2,.486,0.0,0.0,,0.6,1.2,.486,.486,0.3,0.4,.750,0.8,1.4,2.2,0.1,0.2,0.3,0.4,1.3,1.5,2001
5536,306,Robert Pack,PG,31,DEN,74,11,17.0,2.4,5.8,.425,0.2,0.4,.387,2.3,5.3,.428,.439,1.4,1.9,.766,0.4,1.4,1.9,4.0,0.9,0.0,1.8,1.5,6.5,2001
5537,307,Scott Padgett,PF,24,UTA,27,0,4.7,0.7,1.6,.419,0.2,0.3,.556,0.5,1.3,.382,.477,0.6,0.7,.750,0.7,0.7,1.4,0.2,0.2,0.1,0.4,0.8,2.1,2001
5538,308,Milt Palacio,PG,22,BOS,58,6,19.7,2.2,4.6,.472,0.2,0.6,.333,2.0,4.0,.494,.494,1.3,1.6,.848,0.4,1.3,1.8,2.6,0.8,0.0,1.4,1.4,5.9,2001
5539,309,Andy Panko,SF,23,ATL,1,0,1.0,0.0,0.0,,0.0,0.0,,0.0,0.0,,,0.0,0.0,,0.0,0.0,0.0,0.0,0.0,0.0,0.0,0.0,0.0,2001
5540,310,Cherokee Parks,C,28,TOT,65,31,16.2,2.1,4.2,.489,0.0,0.1,.000,2.1,4.1,.500,.489,0.5,0.7,.705,1.1,2.4,3.5,0.7,0.4,0.6,0.6,1.9,4.6,2001
5541,310,Cherokee Parks,C,28,WAS,13,0,13.7,1.4,2.9,.474,0.0,0.0,,1.4,2.9,.474,.474,0.9,1.3,.706,1.0,2.1,3.1,0.5,0.5,0.8,0.8,1.5,3.7,2001
5542,310,Cherokee Parks,C,28,LAC,52,31,16.8,2.2,4.5,.492,0.0,0.1,.000,2.2,4.4,.504,.492,0.4,0.5,.704,1.1,2.5,3.6,0.8,0.4,0.5,0.6,2.0,4.8,2001
5543,311,Ruben Patterson,SF,25,SEA,76,22,27.1,4.9,9.9,.494,0.0,0.5,.056,4.8,9.4,.516,.495,3.2,4.8,.681,2.4,2.6,5.0,2.1,1.4,0.6,2.0,2.3,13.0,2001
5544,312,Gary Payton*,PG,32,SEA,79,79,41.1,9.2,20.1,.456,1.3,3.4,.375,7.9,16.7,.472,.488,3.4,4.5,.766,0.9,3.6,4.6,8.1,1.6,0.3,2.6,2.3,23.1,2001
5545,313,Anthony Peeler,SG,31,MIN,75,41,28.3,4.1,9.8,.421,1.3,3.4,.391,2.8,6.3,.437,.489,1.0,1.2,.862,0.6,2.0,2.6,2.6,1.2,0.2,1.4,2.2,10.5,2001
5546,314,Mike Penberthy,PG,26,LAL,53,0,16.1,1.7,4.2,.414,1.0,2.6,.396,0.7,1.6,.446,.538,0.5,0.6,.903,0.2,1.0,1.2,1.3,0.4,0.0,0.6,1.1,5.0,2001
5547,315,Will Perdue,C,35,POR,13,0,4.5,0.5,0.7,.667,0.0,0.0,,0.5,0.7,.667,.667,0.2,0.3,.500,0.5,0.9,1.4,0.2,0.2,0.2,0.0,0.6,1.1,2001
5548,316,Sam Perkins,PF,39,IND,64,41,15.6,1.3,3.5,.381,0.6,1.7,.345,0.8,1.8,.414,.465,0.5,0.6,.842,0.5,2.1,2.6,0.6,0.5,0.3,0.3,1.0,3.8,2001
5549,317,Elliot Perry,PG,31,TOT,49,6,10.2,1.3,2.9,.464,0.0,0.1,.200,1.3,2.8,.474,.468,0.3,0.4,.727,0.2,0.8,0.9,1.6,0.4,0.0,0.8,0.6,3.0,2001
5550,317,Elliot Perry,PG,31,ORL,6,0,6.5,0.8,1.8,.455,0.0,0.2,.000,0.8,1.7,.500,.455,0.0,0.0,,0.2,0.5,0.7,0.8,0.5,0.0,1.0,0.2,1.7,2001
5551,317,Elliot Perry,PG,31,PHO,43,6,10.7,1.4,3.0,.465,0.0,0.1,.250,1.4,2.9,.472,.469,0.4,0.5,.727,0.2,0.8,1.0,1.7,0.4,0.0,0.7,0.7,3.2,2001
5552,318,Wesley Person,SG,29,CLE,44,22,21.8,2.9,6.6,.438,0.8,1.9,.405,2.1,4.7,.452,.497,0.5,0.7,.800,0.3,2.7,3.0,1.5,0.6,0.3,0.9,1.4,7.1,2001
5553,319,Morris Peterson,SG,23,TOR,80,49,22.6,3.6,8.4,.431,0.8,2.1,.382,2.8,6.4,.447,.478,1.3,1.8,.717,1.4,1.8,3.2,1.3,0.8,0.3,1.0,2.1,9.3,2001
5554,320,Eric Piatkowski,SG,30,LAC,81,40,26.5,3.6,8.3,.433,1.5,3.7,.404,2.1,4.6,.456,.522,2.0,2.2,.873,0.7,2.3,3.0,1.2,0.6,0.2,0.9,1.5,10.6,2001
5555,Rk,Player,Pos,Age,Tm,G,GS,MP,FG,FGA,FG%,3P,3PA,3P%,2P,2PA,2P%,eFG%,FT,FTA,FT%,ORB,DRB,TRB,AST,STL,BLK,TOV,PF,PTS,2001
5556,321,Paul Pierce*,SF,23,BOS,82,82,38.0,8.4,18.5,.454,1.8,4.7,.383,6.6,13.8,.478,.503,6.7,9.0,.745,1.1,5.2,6.4,3.1,1.7,0.8,3.2,3.1,25.3,2001
5557,322,Scottie Pippen*,SF,35,POR,64,60,33.3,4.2,9.3,.451,1.0,2.9,.344,3.2,6.4,.500,.505,1.9,2.5,.739,1.1,4.1,5.2,4.6,1.5,0.5,2.4,2.5,11.3,2001
5558,323,Scot Pollard,C,25,SAC,77,8,21.5,2.4,5.1,.468,0.0,0.0,.000,2.4,5.1,.471,.468,1.7,2.2,.749,2.2,3.8,6.0,0.6,0.6,1.3,0.9,2.7,6.5,2001
5559,324,Olden Polynice,C,36,UTA,81,79,20.0,2.5,5.1,.496,0.0,0.0,.000,2.5,5.1,.498,.496,0.2,0.8,.262,1.9,2.7,4.7,0.4,0.3,1.0,1.0,3.0,5.3,2001
5560,325,Mark Pope,PF,28,MIL,63,45,15.0,1.0,2.3,.437,0.1,0.4,.208,0.9,1.9,.483,.454,0.3,0.6,.629,0.9,1.4,2.3,0.6,0.3,0.4,0.3,2.2,2.4,2001
5561,326,Chris Porter,SF,22,GSW,51,35,22.5,3.4,8.7,.389,0.0,0.1,.000,3.4,8.6,.393,.389,1.8,2.8,.667,1.7,2.0,3.7,1.2,0.9,0.1,1.2,2.2,8.6,2001
5562,327,Terry Porter,PG,37,SAS,80,42,21.0,2.5,5.5,.448,1.1,2.6,.424,1.4,2.9,.468,.547,1.2,1.5,.793,0.3,2.2,2.5,3.1,0.7,0.1,1.3,1.1,7.2,2001
5563,328,James Posey,SF,24,DEN,82,82,27.5,3.0,7.2,.412,0.8,2.6,.300,2.2,4.5,.477,.467,1.4,1.7,.816,1.5,3.7,5.3,2.0,1.1,0.5,1.2,2.8,8.1,2001
5564,329,Lavor Postell,SG,22,NYK,26,0,6.5,0.7,2.1,.315,0.1,0.4,.273,0.5,1.7,.326,.343,0.8,1.0,.815,0.3,0.7,1.0,0.2,0.2,0.1,0.7,0.5,2.3,2001
5565,330,Vitaly Potapenko,C,25,BOS,82,7,23.2,3.0,6.4,.476,0.0,0.0,,3.0,6.4,.476,.476,1.4,1.9,.728,2.5,3.5,6.0,0.8,0.6,0.3,1.3,2.8,7.5,2001
5566,331,Brent Price,PG,32,VAN,6,0,5.0,0.5,1.8,.273,0.2,0.7,.250,0.3,1.2,.286,.318,1.0,1.2,.857,0.2,0.5,0.7,0.8,0.3,0.0,0.7,1.3,2.2,2001
5567,332,Laron Profit,PG,23,WAS,35,12,17.3,1.6,4.1,.394,0.2,0.7,.269,1.4,3.3,.422,.419,0.9,1.3,.733,0.5,1.3,1.8,2.5,1.0,0.3,1.3,1.2,4.3,2001
5568,333,Joel Przybilla,C,21,MIL,33,13,8.2,0.4,1.1,.343,0.0,0.0,,0.4,1.1,.343,.343,0.1,0.3,.273,0.9,1.3,2.2,0.1,0.1,0.9,0.4,1.7,0.8,2001
5569,334,Theo Ratliff,C,27,PHI,50,50,36.0,4.6,9.1,.499,0.0,0.0,,4.6,9.1,.499,.499,3.3,4.3,.760,2.5,5.8,8.3,1.2,0.6,3.7,2.5,3.3,12.4,2001
5570,335,Eldridge Recasner,PG,33,CHH,43,0,9.4,0.9,2.7,.333,0.3,0.9,.333,0.6,1.7,.333,.390,0.3,0.4,.778,0.3,0.9,1.2,0.9,0.1,0.0,0.6,0.7,2.4,2001
5571,336,Michael Redd,SG,21,MIL,6,0,5.8,0.8,3.2,.263,0.0,0.5,.000,0.8,2.7,.313,.263,0.5,1.0,.500,0.5,0.2,0.7,0.2,0.2,0.0,0.2,0.3,2.2,2001
5572,337,Bryant Reeves,C,27,VAN,75,48,24.4,3.4,7.4,.460,0.0,0.1,.250,3.4,7.3,.462,.461,1.5,1.9,.796,1.8,4.3,6.0,1.1,0.6,0.7,1.2,3.2,8.3,2001
5573,338,Don Reid,PF,27,ORL,65,7,11.8,1.3,2.2,.566,0.0,0.0,,1.3,2.2,.566,.566,0.7,1.2,.613,1.3,2.4,3.7,0.3,0.4,0.8,0.7,2.9,3.2,2001
5574,339,J.R. Reid,PF,32,CLE,6,0,6.5,0.3,0.8,.400,0.0,0.0,,0.3,0.8,.400,.400,1.0,1.3,.750,0.8,0.5,1.3,0.2,0.3,0.2,0.2,0.7,1.7,2001
5575,340,Glen Rice,SF,33,NYK,75,25,29.5,4.4,10.0,.440,1.1,2.8,.389,3.3,7.2,.460,.495,2.1,2.4,.852,0.8,3.3,4.1,1.2,0.5,0.2,1.3,2.4,12.0,2001
5576,Rk,Player,Pos,Age,Tm,G,GS,MP,FG,FGA,FG%,3P,3PA,3P%,2P,2PA,2P%,eFG%,FT,FTA,FT%,ORB,DRB,TRB,AST,STL,BLK,TOV,PF,PTS,2001
5577,341,Quentin Richardson,SG,20,LAC,76,28,17.9,3.1,6.9,.442,0.7,2.0,.331,2.4,4.9,.487,.490,1.3,2.1,.627,1.4,2.0,3.4,0.8,0.6,0.1,0.8,1.3,8.1,2001
5578,342,Mitch Richmond*,SG,35,WAS,37,30,32.9,5.5,13.6,.407,1.2,3.6,.338,4.3,10.0,.431,.451,3.9,4.3,.894,0.4,2.5,2.9,3.0,1.2,0.2,2.3,2.3,16.2,2001
5579,343,Isaiah Rider,SG,29,LAL,67,6,18.0,3.0,7.0,.426,0.5,1.4,.370,2.5,5.7,.439,.462,1.1,1.2,.855,0.7,1.7,2.3,1.7,0.4,0.1,1.5,1.6,7.6,2001
5580,344,Terrance Roberson,SF,24,CHH,3,0,4.3,0.0,0.7,.000,0.0,0.3,.000,0.0,0.3,.000,.000,0.0,0.0,,0.0,0.3,0.3,0.3,0.0,0.0,0.7,1.0,0.0,2001
5581,345,Clifford Robinson,PF,34,PHO,82,82,33.5,6.1,14.5,.422,1.1,3.0,.361,5.0,11.4,.439,.460,3.1,4.4,.709,1.3,2.8,4.1,2.9,1.1,1.0,2.3,3.1,16.4,2001
5582,346,David Robinson*,C,35,SAS,80,80,29.6,5.0,10.3,.486,0.0,0.0,.000,5.0,10.3,.487,.486,4.4,5.9,.747,2.6,6.0,8.6,1.5,1.0,2.5,1.5,2.7,14.4,2001
5583,347,Eddie Robinson,SF,24,CHH,67,6,17.9,3.2,6.1,.531,0.0,0.1,.500,3.2,6.0,.531,.533,1.0,1.3,.727,0.9,2.1,3.0,0.9,0.7,0.5,0.6,1.0,7.4,2001
5584,348,Glenn Robinson,SF,28,MIL,76,74,37.0,9.0,19.2,.468,0.7,2.4,.299,8.3,16.8,.493,.487,3.3,4.0,.820,1.6,5.3,6.9,3.3,1.1,0.8,2.9,2.5,22.0,2001
5585,349,Jamal Robinson,SF,27,MIA,6,0,12.0,0.5,3.7,.136,0.0,0.3,.000,0.5,3.3,.150,.136,0.0,0.0,,0.5,1.3,1.8,0.3,1.0,0.0,0.5,1.2,1.0,2001
5586,350,James Robinson,PG,30,ORL,6,0,8.3,0.7,1.8,.364,0.3,0.8,.400,0.3,1.0,.333,.455,0.0,0.0,,0.0,1.3,1.3,0.0,0.7,0.2,0.7,0.8,1.7,2001
5587,351,Larry Robinson,PG-SG,33,TOT,34,1,18.6,2.0,5.4,.364,1.3,3.4,.379,0.7,2.0,.338,.484,0.6,0.7,.875,0.7,1.9,2.6,1.1,0.8,0.1,0.7,1.4,5.9,2001
5588,351,Larry Robinson,SG,33,CLE,1,0,1.0,0.0,0.0,,0.0,0.0,,0.0,0.0,,,0.0,0.0,,0.0,0.0,0.0,0.0,0.0,0.0,1.0,0.0,0.0,2001
5589,351,Larry Robinson,PG,33,ATL,33,1,19.1,2.0,5.6,.364,1.3,3.5,.379,0.7,2.1,.338,.484,0.6,0.7,.875,0.7,1.9,2.6,1.1,0.8,0.1,0.7,1.4,6.0,2001
5590,352,Carlos Rogers,C,29,HOU,39,0,13.9,1.9,2.8,.682,0.0,0.0,.000,1.9,2.8,.688,.682,0.7,1.3,.558,1.2,2.3,3.6,0.2,0.3,0.5,0.4,0.8,4.6,2001
5591,353,Rodney Rogers,SF,29,PHO,82,3,26.6,4.6,10.7,.430,0.7,2.3,.296,3.9,8.4,.467,.462,2.3,3.0,.761,1.1,3.2,4.4,2.2,1.2,0.6,1.9,3.3,12.2,2001
5592,354,Sean Rooks,C,31,LAC,82,0,18.9,2.1,4.8,.428,0.0,0.0,.500,2.0,4.8,.427,.429,1.3,1.7,.748,1.1,2.6,3.7,0.9,0.4,0.8,0.9,2.4,5.4,2001
5593,355,Jalen Rose,SF,28,IND,72,72,40.9,7.9,17.3,.457,0.8,2.4,.339,7.1,14.8,.476,.480,4.0,4.8,.828,0.5,4.5,5.0,6.0,0.9,0.6,2.9,3.2,20.5,2001
5594,356,Malik Rose,PF,26,SAS,57,9,21.4,2.8,6.5,.435,0.1,0.3,.176,2.8,6.2,.447,.439,2.0,2.8,.713,1.7,3.7,5.4,0.8,1.0,0.7,1.3,2.6,7.7,2001
5595,357,Michael Ruffin,PF,24,CHI,45,16,19.5,0.9,2.0,.444,0.0,0.0,,0.9,2.0,.444,.444,0.9,1.7,.506,2.2,3.6,5.8,0.9,0.7,0.8,1.0,2.9,2.6,2001
5596,358,Bryon Russell,SF,30,UTA,78,46,31.7,3.9,9.0,.440,1.2,2.9,.413,2.7,6.0,.453,.508,2.8,3.7,.779,1.2,3.0,4.2,2.1,1.2,0.3,1.4,2.9,12.0,2001
5597,359,Arvydas Sabonis*,C,36,POR,61,42,21.3,4.0,8.5,.479,0.0,0.2,.067,4.0,8.2,.491,.480,2.0,2.6,.776,0.8,4.6,5.4,1.5,0.7,1.0,1.4,2.2,10.1,2001
5598,360,Soumaila Samake,C,22,NJN,34,0,6.6,0.5,1.4,.375,0.0,0.0,,0.5,1.4,.375,.375,0.3,0.7,.417,0.6,0.9,1.6,0.0,0.1,0.4,0.1,0.7,1.4,2001
5599,Rk,Player,Pos,Age,Tm,G,GS,MP,FG,FGA,FG%,3P,3PA,3P%,2P,2PA,2P%,eFG%,FT,FTA,FT%,ORB,DRB,TRB,AST,STL,BLK,TOV,PF,PTS,2001
5600,361,Pepe Sánchez,PG,23,TOT,29,0,5.2,0.3,1.0,.321,0.0,0.0,.000,0.3,0.9,.333,.321,0.1,0.1,1.000,0.1,0.4,0.5,1.4,0.4,0.0,0.2,0.7,0.7,2001
5601,361,Pepe Sánchez,PG,23,ATL,5,0,6.8,0.0,1.4,.000,0.0,0.0,,0.0,1.4,.000,.000,0.0,0.0,,0.2,0.0,0.2,1.0,0.4,0.0,0.6,0.6,0.0,2001
5602,361,Pepe Sánchez,PG,23,PHI,24,0,4.8,0.4,0.9,.429,0.0,0.0,.000,0.4,0.8,.450,.429,0.1,0.1,1.000,0.1,0.5,0.6,1.5,0.4,0.0,0.1,0.8,0.8,2001
5603,362,Daniel Santiago,C,24,PHO,54,2,10.8,1.2,2.5,.478,0.0,0.0,,1.2,2.5,.478,.478,0.8,1.1,.689,0.6,1.2,1.9,0.2,0.3,0.4,0.9,1.9,3.1,2001
5604,363,Detlef Schrempf,SF,38,POR,26,0,15.3,1.5,3.7,.411,0.1,0.3,.375,1.4,3.3,.414,.426,0.9,1.0,.852,0.7,2.3,3.0,1.7,0.3,0.1,1.1,1.7,4.0,2001
5605,364,Shawnelle Scott,C,28,SAS,27,1,5.3,0.6,1.5,.415,0.0,0.0,,0.6,1.5,.415,.415,0.3,0.8,.409,0.9,1.0,1.9,0.1,0.2,0.2,0.4,0.9,1.6,2001
5606,365,Brian Shaw,SG,34,LAL,80,28,22.9,2.1,5.1,.399,0.5,1.7,.311,1.5,3.5,.442,.450,0.6,0.8,.797,0.6,3.2,3.8,3.2,0.6,0.3,1.2,2.0,5.3,2001
5607,366,Brian Skinner,PF,24,LAC,39,23,15.0,1.6,4.1,.398,0.0,0.0,,1.6,4.1,.398,.398,0.8,1.5,.542,1.4,2.9,4.3,0.5,0.4,0.3,0.8,1.6,4.1,2001
5608,367,Reggie Slater,PF,30,MIN,55,16,12.5,1.6,3.2,.514,0.0,0.0,,1.6,3.2,.514,.514,1.3,2.0,.673,1.4,2.0,3.4,0.5,0.3,0.2,0.8,2.3,4.6,2001
5609,368,Jabari Smith,C,23,SAC,9,0,7.3,1.2,2.4,.500,0.0,0.0,,1.2,2.4,.500,.500,0.4,0.7,.667,0.1,0.8,0.9,0.7,0.4,0.0,0.3,0.8,2.9,2001
5610,369,Joe Smith,PF,25,DET,69,59,28.1,4.5,11.1,.403,0.0,0.1,.000,4.5,11.0,.405,.403,3.3,4.2,.805,2.3,4.8,7.1,1.1,0.7,0.7,1.3,3.7,12.3,2001
5611,370,Michael Smith,PF,28,WAS,79,29,20.4,1.3,2.8,.486,0.0,0.0,.000,1.3,2.7,.488,.486,1.1,1.9,.578,2.2,4.9,7.1,1.3,0.7,0.5,0.8,2.0,3.8,2001
5612,371,Mike Smith,SF,24,WAS,17,0,10.6,1.1,3.5,.322,0.2,1.1,.167,0.9,2.4,.390,.347,0.6,0.9,.625,0.6,0.7,1.3,0.6,0.3,0.2,0.4,0.5,3.0,2001
5613,372,Steve Smith,SG,31,POR,81,36,31.4,4.4,9.7,.456,1.0,2.8,.339,3.5,6.9,.504,.505,3.8,4.3,.890,1.1,2.3,3.4,2.6,0.6,0.3,1.7,2.5,13.6,2001
5614,373,Tony Smith,SG,32,ATL,6,0,13.0,1.3,3.8,.348,0.0,0.3,.000,1.3,3.5,.381,.348,0.2,0.3,.500,0.3,0.2,0.5,1.7,1.2,0.0,1.5,2.0,2.8,2001
5615,374,Eric Snow,PG,27,PHI,50,50,34.8,3.6,8.7,.418,0.1,0.4,.263,3.5,8.3,.425,.424,2.4,3.1,.792,0.5,2.8,3.3,7.4,1.5,0.1,2.5,2.5,9.8,2001
5616,375,Felton Spencer,C,33,NYK,18,0,6.3,0.7,1.1,.600,0.0,0.0,,0.7,1.1,.600,.600,0.8,1.4,.600,0.9,1.1,1.9,0.1,0.1,0.1,0.6,1.3,2.2,2001
5617,376,Latrell Sprewell,SF,30,NYK,77,77,39.2,6.8,15.8,.430,0.5,1.8,.304,6.3,14.1,.446,.447,3.6,4.6,.783,0.6,3.9,4.5,3.5,1.4,0.4,2.8,2.1,17.7,2001
5618,377,Jerry Stackhouse,SG,26,DET,80,80,40.2,9.7,24.1,.402,2.1,5.9,.351,7.6,18.2,.418,.445,8.3,10.1,.822,1.2,2.7,3.9,5.1,1.2,0.7,4.1,2.0,29.8,2001
5619,378,John Starks,SG,35,UTA,75,64,28.3,3.6,9.1,.398,0.9,2.4,.352,2.8,6.7,.415,.445,1.2,1.5,.802,0.4,1.7,2.1,2.4,1.0,0.1,1.3,2.9,9.3,2001
5620,379,Vladimir Stepania,C,24,NJN,29,0,9.7,1.0,3.0,.318,0.0,0.1,.250,0.9,2.9,.321,.324,0.9,1.2,.735,1.2,2.6,3.8,0.6,0.3,0.4,0.7,1.6,2.8,2001
5621,380,DeShawn Stevenson,SG,19,UTA,40,2,7.3,0.8,2.3,.341,0.0,0.3,.083,0.8,2.0,.380,.346,0.7,1.0,.684,0.2,0.5,0.7,0.5,0.3,0.1,0.7,0.7,2.2,2001
5622,Rk,Player,Pos,Age,Tm,G,GS,MP,FG,FGA,FG%,3P,3PA,3P%,2P,2PA,2P%,eFG%,FT,FTA,FT%,ORB,DRB,TRB,AST,STL,BLK,TOV,PF,PTS,2001
5623,381,Michael Stewart,C,25,TOR,26,0,4.7,0.4,1.3,.324,0.0,0.0,,0.4,1.3,.324,.324,0.4,0.7,.611,0.6,0.5,1.1,0.1,0.2,0.1,0.2,0.7,1.3,2001
5624,382,Bryant Stith,SG,30,BOS,78,74,32.1,3.1,7.8,.401,1.2,3.1,.376,2.0,4.7,.417,.475,2.2,2.7,.845,0.8,2.8,3.6,2.2,1.2,0.2,1.2,2.3,9.7,2001
5625,383,John Stockton*,PG,38,UTA,82,82,29.2,4.0,7.9,.504,0.7,1.6,.462,3.3,6.3,.514,.551,2.8,3.4,.817,0.7,2.1,2.8,8.7,1.6,0.3,2.5,2.4,11.5,2001
5626,384,Peja Stojaković,SF,23,SAC,75,75,38.7,7.5,15.9,.470,1.9,4.8,.400,5.5,11.1,.501,.531,3.6,4.2,.856,1.2,4.5,5.8,2.2,1.2,0.2,1.9,1.9,20.4,2001
5627,385,Damon Stoudamire,PG,27,POR,82,82,32.4,5.0,11.4,.434,1.0,2.7,.374,4.0,8.7,.453,.478,2.1,2.5,.831,0.8,2.9,3.7,5.7,1.3,0.1,2.3,2.5,13.0,2001
5628,386,Erick Strickland,PG,27,TOT,50,0,16.6,1.6,5.3,.303,0.6,1.9,.316,1.0,3.4,.297,.360,1.4,1.6,.861,0.4,2.2,2.6,1.9,0.9,0.0,1.0,1.8,5.2,2001
5629,386,Erick Strickland,PG,27,NYK,28,0,15.0,1.4,4.7,.305,0.6,1.7,.340,0.9,3.0,.286,.366,0.9,1.0,.857,0.3,1.5,1.9,1.0,0.8,0.0,0.8,1.6,4.3,2001
5630,386,Erick Strickland,PG,27,VAN,22,0,18.6,1.9,6.2,.301,0.6,2.2,.292,1.2,4.0,.307,.353,2.0,2.3,.863,0.4,3.0,3.5,3.0,1.0,0.0,1.2,1.9,6.4,2001
5631,387,Mark Strickland,SF,30,TOT,55,2,13.1,1.9,4.3,.431,0.0,0.0,.500,1.9,4.3,.430,.433,0.8,1.3,.643,1.0,1.9,2.9,0.4,0.3,0.4,0.6,1.3,4.6,2001
5632,387,Mark Strickland,SF,30,DEN,46,2,11.2,1.8,4.0,.443,0.0,0.0,.000,1.8,4.0,.446,.443,0.8,1.3,.627,0.9,1.7,2.6,0.4,0.3,0.4,0.5,1.3,4.4,2001
5633,387,Mark Strickland,SF,30,NJN,9,0,22.4,2.3,6.0,.389,0.1,0.1,1.000,2.2,5.9,.377,.398,0.9,1.2,.727,1.2,3.3,4.6,0.8,0.4,0.3,1.1,1.6,5.7,2001
5634,388,Rod Strickland,PG,34,TOT,54,28,25.4,3.4,7.9,.424,0.1,0.3,.235,3.3,7.6,.432,.429,2.4,3.2,.751,0.7,1.9,2.6,5.6,1.0,0.1,2.0,1.4,9.2,2001
5635,388,Rod Strickland,PG,34,WAS,33,28,30.9,4.3,10.0,.426,0.1,0.5,.250,4.2,9.5,.435,.432,3.5,4.5,.782,0.8,2.4,3.2,7.0,1.3,0.1,2.5,1.7,12.2,2001
5636,388,Rod Strickland,PG,34,POR,21,0,16.7,2.0,4.7,.418,0.0,0.0,.000,2.0,4.6,.423,.418,0.7,1.2,.577,0.5,1.1,1.7,3.4,0.5,0.0,1.1,1.0,4.6,2001
5637,389,Derek Strong,PF,32,LAC,28,8,17.5,1.6,4.2,.385,0.0,0.0,.000,1.6,4.1,.388,.385,1.0,1.3,.757,1.2,2.6,3.9,0.3,0.5,0.0,0.8,1.1,4.2,2001
5638,390,Bruno Šundov,C,20,IND,11,4,10.9,1.8,3.7,.488,0.0,0.4,.000,1.8,3.4,.541,.488,0.3,0.5,.600,0.4,1.7,2.1,0.2,0.2,0.4,0.3,1.9,3.9,2001
5639,391,Bob Sura,SG,27,GSW,53,42,31.8,3.8,9.8,.390,0.9,3.2,.273,2.9,6.5,.448,.435,2.5,3.6,.714,1.0,3.3,4.3,4.6,1.0,0.2,3.0,2.4,11.1,2001
5640,392,Stromile Swift,PF,21,VAN,80,6,16.4,1.9,4.2,.451,0.0,0.1,.000,1.9,4.2,.457,.451,1.1,1.8,.603,1.4,2.2,3.6,0.4,0.8,1.0,0.8,2.0,4.9,2001
5641,393,Wally Szczerbiak,SF,23,MIN,82,82,34.8,5.7,11.2,.510,0.3,0.9,.338,5.4,10.3,.526,.524,2.2,2.5,.870,1.6,3.8,5.5,3.2,0.7,0.4,1.7,2.8,14.0,2001
5642,394,Žan Tabak,C,30,IND,55,14,14.1,1.8,3.4,.527,0.0,0.0,,1.8,3.4,.527,.527,0.4,0.9,.426,1.2,2.7,3.9,0.6,0.2,0.5,1.0,2.3,3.9,2001
5643,395,Dragan Tarlać,C,27,CHI,43,12,13.9,0.9,2.3,.394,0.0,0.0,,0.9,2.3,.394,.394,0.6,0.8,.758,0.9,2.0,2.8,0.7,0.2,0.4,0.9,2.2,2.4,2001
5644,396,Maurice Taylor,SF,24,HOU,69,69,28.6,5.7,11.6,.489,0.0,0.1,.000,5.7,11.5,.492,.489,1.7,2.3,.735,1.6,3.9,5.5,1.5,0.4,0.6,1.8,3.0,13.0,2001
5645,397,Jason Terry,SG,23,ATL,82,77,37.7,7.3,16.7,.436,1.5,3.8,.395,5.8,12.8,.448,.481,3.7,4.4,.846,0.5,2.8,3.3,4.9,1.3,0.1,2.9,2.5,19.7,2001
5646,398,Jamel Thomas,SF,27,NJN,5,0,11.2,1.2,3.8,.316,0.2,0.6,.333,1.0,3.2,.313,.342,0.0,0.0,,0.8,1.0,1.8,0.0,0.6,0.0,1.2,1.2,2.6,2001
5647,399,Kenny Thomas,PF,23,HOU,74,21,24.6,2.8,6.3,.443,0.3,1.2,.272,2.4,5.0,.485,.470,1.2,1.7,.722,1.6,4.0,5.6,1.0,0.5,0.6,1.6,2.4,7.1,2001
5648,400,Kurt Thomas,PF,28,NYK,77,29,27.6,4.1,8.0,.511,0.0,0.0,.333,4.1,7.9,.512,.512,2.2,2.7,.814,2.2,4.5,6.7,0.8,0.8,0.9,1.3,3.7,10.4,2001
5649,Rk,Player,Pos,Age,Tm,G,GS,MP,FG,FGA,FG%,3P,3PA,3P%,2P,2PA,2P%,eFG%,FT,FTA,FT%,ORB,DRB,TRB,AST,STL,BLK,TOV,PF,PTS,2001
5650,401,Tim Thomas,PF,23,MIL,76,16,27.4,4.3,10.0,.430,1.4,3.4,.412,2.9,6.6,.440,.501,2.6,3.3,.771,1.0,3.1,4.1,1.8,1.0,0.6,1.5,2.6,12.6,2001
5651,402,Otis Thorpe,PF,38,CHH,49,4,13.2,1.2,2.7,.450,0.0,0.0,,1.2,2.7,.450,.450,0.4,0.5,.833,1.0,1.9,3.0,0.6,0.2,0.1,0.7,2.2,2.8,2001
5652,403,Robert Traylor,C,23,CLE,70,7,17.3,2.3,4.6,.497,0.0,0.0,.000,2.3,4.6,.500,.497,1.1,2.0,.567,1.8,2.5,4.3,0.9,0.7,1.1,1.4,2.9,5.7,2001
5653,404,Gary Trent,PF,26,DAL,33,4,9.7,1.7,3.9,.438,0.0,0.0,.000,1.7,3.9,.442,.438,0.6,1.1,.528,1.2,1.6,2.8,0.3,0.4,0.2,0.7,1.6,4.0,2001
5654,405,Jake Tsakalidis,C,21,PHO,57,39,16.6,1.8,3.8,.470,0.0,0.0,,1.8,3.8,.470,.470,0.9,1.6,.593,1.5,2.8,4.2,0.3,0.2,1.0,1.2,2.4,4.5,2001
5655,406,Hedo Türkoğlu,SF,21,SAC,74,7,16.8,1.9,4.5,.412,0.4,1.2,.326,1.5,3.4,.442,.454,1.2,1.5,.777,0.7,2.2,2.8,0.9,0.7,0.3,0.7,1.9,5.3,2001
5656,407,Nick Van Exel,PG,29,DEN,71,70,37.9,6.5,15.7,.414,1.9,5.0,.377,4.6,10.6,.431,.474,2.9,3.5,.819,0.6,2.8,3.4,8.5,0.9,0.3,2.3,1.5,17.7,2001
5657,408,Keith Van Horn,SF,25,NJN,49,47,35.4,6.3,14.4,.435,1.3,3.5,.382,5.0,11.0,.452,.481,3.1,3.8,.806,1.6,5.5,7.1,1.7,0.8,0.4,2.1,3.1,17.0,2001
5658,409,David Vanterpool,PG,27,WAS,22,0,18.7,2.1,5.0,.418,0.0,0.3,.000,2.1,4.7,.442,.418,1.4,2.3,.600,0.7,1.0,1.7,3.0,1.0,0.1,1.7,2.0,5.5,2001
5659,410,Jacque Vaughn,PG,25,UTA,82,0,19.8,2.1,4.8,.433,0.4,1.0,.385,1.7,3.8,.444,.471,1.6,2.0,.780,0.2,1.6,1.8,3.9,0.6,0.0,1.6,1.8,6.1,2001
5660,411,Loy Vaught,PF,32,TOT,51,1,10.8,1.6,3.3,.473,0.0,0.0,,1.6,3.3,.473,.473,0.2,0.2,.800,1.0,2.4,3.4,0.5,0.4,0.1,0.5,1.5,3.3,2001
5661,411,Loy Vaught,PF,32,DAL,37,1,10.6,1.5,3.3,.455,0.0,0.0,,1.5,3.3,.455,.455,0.1,0.2,.667,0.9,2.4,3.3,0.4,0.4,0.1,0.5,1.6,3.1,2001
5662,411,Loy Vaught,PF,32,WAS,14,0,11.2,1.8,3.4,.521,0.0,0.0,,1.8,3.4,.521,.521,0.3,0.3,1.000,1.1,2.4,3.6,0.5,0.4,0.1,0.6,0.9,3.9,2001
5663,412,Jake Voskuhl,C,23,CHI,16,2,8.9,0.7,1.6,.440,0.0,0.0,,0.7,1.6,.440,.440,0.5,0.9,.571,0.8,1.4,2.1,0.3,0.3,0.4,0.8,2.4,1.9,2001
5664,413,Antoine Walker,PF,24,BOS,81,81,41.9,8.8,21.2,.413,2.7,7.4,.367,6.0,13.8,.439,.478,3.1,4.3,.716,1.9,7.0,8.9,5.5,1.7,0.6,3.7,3.1,23.4,2001
5665,414,Samaki Walker,PF,24,SAS,61,1,15.8,2.0,4.1,.480,0.0,0.0,.333,2.0,4.1,.482,.482,1.3,2.0,.629,1.1,2.9,4.0,0.5,0.2,0.7,1.1,1.7,5.3,2001
5666,415,Ben Wallace*,C,26,DET,80,80,34.5,2.7,5.5,.490,0.0,0.1,.250,2.7,5.4,.492,.491,1.0,3.0,.336,3.8,9.4,13.2,1.5,1.3,2.3,1.5,2.4,6.4,2001
5667,416,John Wallace,SF,26,DET,40,0,13.2,2.5,5.9,.424,0.1,0.4,.133,2.5,5.5,.443,.428,0.9,1.1,.778,0.6,1.5,2.1,0.6,0.3,0.4,0.9,1.8,5.9,2001
5668,417,Rasheed Wallace,PF,26,POR,77,75,38.2,7.7,15.3,.501,0.7,2.1,.321,7.0,13.2,.530,.523,3.2,4.2,.766,1.9,5.9,7.8,2.8,1.2,1.8,2.1,2.7,19.2,2001
5669,418,Charlie Ward,PG,30,NYK,61,33,24.5,2.5,6.1,.416,1.1,2.9,.383,1.4,3.2,.444,.505,0.9,1.1,.800,0.5,2.1,2.6,4.5,1.1,0.2,1.8,2.2,7.1,2001
5670,419,Clarence Weatherspoon,PF,30,CLE,82,82,33.8,4.2,8.4,.501,0.0,0.0,,4.2,8.4,.501,.501,2.8,3.5,.790,2.7,7.0,9.7,1.3,1.0,1.3,1.4,2.1,11.3,2001
5671,420,Chris Webber*,PF,27,SAC,70,70,40.5,11.2,23.4,.481,0.0,0.4,.071,11.2,23.0,.488,.481,4.6,6.6,.703,2.6,8.5,11.1,4.2,1.3,1.7,2.8,3.2,27.1,2001
5672,Rk,Player,Pos,Age,Tm,G,GS,MP,FG,FGA,FG%,3P,3PA,3P%,2P,2PA,2P%,eFG%,FT,FTA,FT%,ORB,DRB,TRB,AST,STL,BLK,TOV,PF,PTS,2001
5673,421,Bonzi Wells,SF,24,POR,75,46,26.6,5.2,9.7,.533,0.2,0.7,.340,4.9,9.0,.547,.545,2.1,3.2,.663,1.6,3.3,4.9,2.8,1.3,0.3,2.3,2.7,12.7,2001
5674,422,David Wesley,SG,30,CHH,82,82,37.9,6.4,15.1,.422,1.2,3.1,.376,5.2,12.0,.434,.461,3.3,4.1,.799,0.8,2.0,2.7,4.4,1.6,0.2,2.1,2.7,17.2,2001
5675,423,Doug West,SG,33,VAN,15,6,11.4,0.7,2.5,.289,0.0,0.1,.000,0.7,2.4,.306,.289,0.4,0.5,.857,0.3,0.7,1.0,0.9,0.2,0.3,0.3,1.4,1.9,2001
5676,424,Jahidi White,C,24,WAS,68,56,23.7,3.0,6.0,.498,0.0,0.0,.000,3.0,6.0,.499,.498,2.6,4.6,.567,2.6,5.0,7.7,0.3,0.5,1.6,2.0,3.1,8.6,2001
5677,425,Chris Whitney,PG,29,WAS,59,31,26.0,3.1,8.0,.387,1.6,4.2,.375,1.5,3.8,.401,.486,1.7,1.9,.894,0.2,1.6,1.8,4.2,0.9,0.1,1.7,2.5,9.5,2001
5678,426,Aaron Williams,PF,29,NJN,82,25,28.5,3.6,7.9,.457,0.0,0.0,.000,3.6,7.9,.458,.457,3.0,3.8,.787,2.6,4.6,7.2,1.1,0.7,1.4,1.6,3.9,10.2,2001
5679,427,Alvin Williams,SG,26,TOR,82,34,29.2,4.0,9.4,.430,0.4,1.3,.306,3.6,8.0,.451,.452,1.3,1.8,.752,0.6,2.0,2.6,5.0,1.5,0.3,1.3,2.1,9.8,2001
5680,428,Eric Williams,SF,28,BOS,81,11,21.5,2.0,5.5,.362,0.6,1.7,.331,1.4,3.8,.375,.413,2.0,2.9,.714,0.8,1.8,2.6,1.4,0.8,0.2,0.9,2.2,6.6,2001
5681,429,Jason Williams,PG,25,SAC,77,77,29.7,3.6,9.0,.407,1.3,4.0,.315,2.4,4.9,.483,.478,0.8,1.0,.789,0.2,2.2,2.4,5.4,1.2,0.1,2.1,1.5,9.4,2001
5682,430,Jerome Williams,PF,27,TOT,59,2,20.0,2.3,5.0,.463,0.0,0.1,.000,2.3,4.9,.467,.463,1.7,2.3,.741,2.3,4.2,6.5,0.8,1.0,0.3,1.1,2.1,6.3,2001
5683,430,Jerome Williams,PF,27,DET,33,2,24.4,2.7,6.1,.438,0.0,0.1,.000,2.7,6.0,.442,.438,2.0,2.7,.722,3.0,5.5,8.4,1.0,1.2,0.3,1.4,2.5,7.3,2001
5684,430,Jerome Williams,PF,27,TOR,26,0,14.5,1.8,3.6,.516,0.0,0.0,.000,1.8,3.5,.522,.516,1.3,1.7,.778,1.3,2.7,4.0,0.5,0.7,0.4,0.6,1.7,5.0,2001
5685,431,Monty Williams,SF,29,ORL,82,0,14.8,2.0,4.4,.445,0.0,0.2,.077,2.0,4.3,.459,.446,1.0,1.6,.639,1.0,1.9,3.0,1.0,0.4,0.2,1.0,1.7,5.0,2001
5686,432,Scott Williams,C,32,MIL,66,31,19.3,2.6,5.5,.474,0.0,0.1,.250,2.6,5.4,.476,.475,0.9,1.1,.857,1.5,4.0,5.5,0.5,0.7,0.5,0.6,2.7,6.1,2001
5687,433,Shammond Williams,PG,25,SEA,69,6,17.9,2.3,5.3,.438,0.9,1.9,.459,1.4,3.4,.426,.520,1.2,1.4,.875,0.5,1.4,1.9,2.8,0.4,0.1,1.2,1.2,6.8,2001
5688,434,Walt Williams,SF,30,HOU,72,31,22.0,2.8,7.1,.394,1.4,3.4,.395,1.4,3.7,.392,.489,1.3,1.8,.770,0.4,3.0,3.4,1.3,0.4,0.4,1.0,2.1,8.3,2001
5689,435,Corliss Williamson,SF,27,TOT,69,40,24.4,4.7,9.4,.502,0.0,0.0,.000,4.7,9.3,.504,.502,2.2,3.4,.637,1.6,3.1,4.7,0.9,0.7,0.3,1.6,2.7,11.6,2001
5690,435,Corliss Williamson,SF,27,TOR,42,31,21.1,3.6,7.7,.471,0.0,0.0,.000,3.6,7.7,.474,.471,2.0,3.1,.646,1.4,2.3,3.6,0.8,0.4,0.3,1.5,2.3,9.3,2001
5691,435,Corliss Williamson,SF,27,DET,27,9,29.6,6.4,11.9,.534,0.0,0.0,,6.4,11.9,.534,.534,2.5,4.0,.626,2.0,4.3,6.2,1.0,1.3,0.3,1.7,3.2,15.2,2001
5692,436,Kevin Willis,C,38,TOT,78,22,23.5,3.9,8.8,.441,0.0,0.1,.167,3.9,8.8,.443,.441,1.4,1.9,.769,2.3,4.6,6.8,0.6,0.7,0.7,1.1,2.8,9.3,2001
5693,436,Kevin Willis,C,38,TOR,35,9,22.0,3.5,7.7,.461,0.0,0.1,.000,3.5,7.6,.464,.461,1.7,2.3,.753,1.9,4.4,6.4,0.6,0.5,0.6,1.1,2.2,8.8,2001
5694,436,Kevin Willis,C,38,DEN,43,13,24.6,4.2,9.8,.428,0.0,0.1,.250,4.2,9.7,.429,.429,1.2,1.5,.788,2.5,4.7,7.2,0.7,0.9,0.7,1.1,3.2,9.6,2001
5695,437,David Wingate,SG,37,SEA,1,0,9.0,3.0,3.0,1.000,0.0,0.0,,3.0,3.0,1.000,1.000,0.0,0.0,,0.0,0.0,0.0,2.0,0.0,0.0,0.0,1.0,6.0,2001
5696,438,Rubén Wolkowyski,PF,27,SEA,34,1,9.0,0.7,2.3,.316,0.0,0.1,.000,0.7,2.3,.325,.316,0.7,1.0,.735,0.4,1.0,1.4,0.1,0.2,0.5,0.4,1.1,2.2,2001
5697,439,Metta World Peace,SF,21,CHI,76,74,31.1,4.3,10.7,.401,0.6,1.9,.291,3.7,8.8,.426,.428,2.8,3.7,.750,0.8,3.1,3.9,3.0,2.0,0.6,2.1,3.3,11.9,2001
5698,440,Lorenzen Wright,C,25,ATL,71,46,28.0,5.1,11.4,.448,0.0,0.0,.000,5.1,11.4,.449,.448,2.2,3.0,.718,2.5,5.0,7.5,1.2,0.6,0.9,1.8,3.3,12.4,2001
5699,Rk,Player,Pos,Age,Tm,G,GS,MP,FG,FGA,FG%,3P,3PA,3P%,2P,2PA,2P%,eFG%,FT,FTA,FT%,ORB,DRB,TRB,AST,STL,BLK,TOV,PF,PTS,2001
5700,441,Wang Zhizhi,C,23,DAL,5,0,7.6,1.6,3.8,.421,0.0,0.4,.000,1.6,3.4,.471,.421,1.6,2.0,.800,0.2,1.2,1.4,0.0,0.0,0.0,0.2,1.6,4.8,2001
5701,1,Tariq Abdul-Wahad,SG,27,TOT,24,12,18.4,2.3,6.1,.374,0.0,0.1,.500,2.3,6.0,.372,.378,1.0,1.4,.727,1.7,1.8,3.5,1.0,0.8,0.4,1.1,2.3,5.6,2002
5702,1,Tariq Abdul-Wahad,SG,27,DEN,20,12,20.9,2.8,7.3,.379,0.1,0.1,.500,2.7,7.2,.378,.383,1.2,1.6,.750,2.0,2.0,3.9,1.1,0.9,0.5,1.2,2.6,6.8,2002
5703,1,Tariq Abdul-Wahad,SG,27,DAL,4,0,6.0,0.0,0.5,.000,0.0,0.0,,0.0,0.5,.000,.000,0.0,0.3,.000,0.5,1.0,1.5,0.5,0.5,0.3,0.8,1.3,0.0,2002
5704,2,Shareef Abdur-Rahim,PF,25,ATL,77,77,38.7,7.8,16.8,.461,0.3,0.9,.300,7.5,15.9,.470,.469,5.4,6.8,.801,2.6,6.5,9.0,3.1,1.3,1.1,3.2,2.8,21.2,2002
5705,3,Courtney Alexander,SG,24,WAS,56,28,23.7,4.0,8.5,.470,0.1,0.3,.278,3.9,8.1,.478,.476,1.8,2.2,.810,0.8,1.9,2.6,1.5,0.6,0.1,1.1,2.0,9.8,2002
5706,4,Victor Alexander,C,32,DET,15,0,6.5,1.2,3.4,.353,0.0,0.1,.000,1.2,3.3,.367,.353,0.3,0.5,.500,0.5,1.5,1.9,0.4,0.0,0.1,0.3,0.4,2.7,2002
5707,5,Malik Allen,PF,23,MIA,12,2,13.4,1.8,4.3,.431,0.0,0.1,.000,1.8,4.2,.440,.431,0.7,0.8,.800,1.3,1.9,3.2,0.4,0.3,0.7,0.2,1.3,4.3,2002
5708,6,Ray Allen*,SG,26,MIL,69,67,36.6,7.7,16.6,.462,3.3,7.7,.434,4.4,9.0,.485,.561,3.1,3.6,.873,1.2,3.3,4.5,3.9,1.3,0.3,2.3,2.3,21.8,2002
5709,7,Rafer Alston,PG,25,MIL,50,7,12.0,1.3,3.8,.346,0.5,1.4,.380,0.8,2.4,.325,.416,0.4,0.6,.621,0.2,1.2,1.4,2.9,0.6,0.0,0.8,0.8,3.5,2002
5710,8,John Amaechi,PF,31,UTA,54,0,10.9,1.0,3.1,.325,0.0,0.0,,1.0,3.1,.325,.325,1.2,1.9,.638,1.0,1.1,2.0,0.5,0.1,0.2,1.0,1.2,3.2,2002
5711,9,Chris Andersen,C,23,DEN,24,1,10.9,1.0,3.1,.338,0.0,0.2,.000,1.0,2.9,.357,.338,0.9,1.2,.786,1.6,1.6,3.2,0.3,0.3,1.2,0.5,1.5,3.0,2002
5712,10,Derek Anderson,SG,27,POR,70,27,26.6,3.5,8.7,.404,1.2,3.3,.373,2.3,5.5,.422,.473,2.5,3.0,.856,0.7,2.0,2.7,3.1,1.0,0.1,1.2,1.6,10.8,2002
5713,11,Kenny Anderson,PG,31,BOS,76,76,32.0,4.1,9.4,.436,0.1,0.4,.273,4.0,9.0,.444,.442,1.3,1.7,.742,0.8,2.9,3.6,5.3,1.9,0.1,1.6,2.8,9.6,2002
5714,12,Nick Anderson,SG,34,MEM,15,0,14.6,1.4,5.1,.276,0.9,3.2,.271,0.5,1.9,.286,.362,0.3,0.6,.556,0.1,2.1,2.2,0.9,0.4,0.4,0.9,1.1,4.0,2002
5715,13,Shandon Anderson,SG,28,NYK,82,6,19.5,1.8,4.5,.399,0.5,1.7,.277,1.3,2.8,.474,.452,0.9,1.3,.692,0.7,2.3,3.0,0.9,0.6,0.2,1.2,1.6,5.0,2002
5716,14,Greg Anthony,PG,34,TOT,60,38,25.2,3.1,7.9,.385,0.8,2.7,.294,2.3,5.2,.433,.436,1.0,1.5,.659,0.4,1.8,2.2,4.7,1.3,0.1,1.6,1.9,7.9,2002
5717,14,Greg Anthony,PG,34,CHI,36,35,26.7,3.1,8.0,.394,0.8,2.5,.322,2.3,5.5,.426,.444,1.3,1.9,.671,0.4,2.0,2.4,5.6,1.4,0.1,1.6,2.0,8.4,2002
5718,14,Greg Anthony,PG,34,MIL,24,3,23.0,2.9,7.8,.372,0.8,3.0,.260,2.1,4.8,.443,.423,0.5,0.9,.619,0.3,1.6,1.8,3.3,1.2,0.0,1.5,1.8,7.2,2002
5719,15,Gilbert Arenas,PG,20,GSW,47,30,24.6,3.7,8.2,.453,0.8,2.4,.345,2.9,5.8,.498,.504,2.6,3.4,.775,0.9,1.9,2.8,3.7,1.5,0.2,2.1,2.4,10.9,2002
5720,16,Brandon Armstrong,SG,21,NJN,35,0,5.6,0.8,2.4,.318,0.1,0.5,.294,0.6,1.9,.324,.347,0.1,0.3,.500,0.3,0.2,0.5,0.2,0.2,0.0,0.2,0.7,1.8,2002
5721,17,Darrell Armstrong,PG,33,ORL,82,79,33.3,4.2,10.1,.419,1.7,4.9,.349,2.5,5.2,.484,.503,2.2,2.5,.888,1.0,2.9,3.9,5.5,1.9,0.1,2.1,2.0,12.4,2002
5722,18,Carlos Arroyo,PG,22,TOT,37,1,10.0,1.3,3.0,.441,0.0,0.1,.000,1.3,2.9,.450,.441,0.4,0.5,.722,0.3,0.8,1.1,1.9,0.3,0.0,0.6,0.8,3.0,2002
5723,18,Carlos Arroyo,PG,22,TOR,17,0,5.6,0.8,1.7,.448,0.0,0.0,,0.8,1.7,.448,.448,0.2,0.4,.667,0.2,0.5,0.7,1.2,0.4,0.0,0.7,0.7,1.8,2002
5724,18,Carlos Arroyo,PG,22,DEN,20,1,13.8,1.8,4.1,.439,0.0,0.1,.000,1.8,4.0,.450,.439,0.5,0.6,.750,0.5,1.0,1.4,2.5,0.3,0.1,0.6,0.9,4.1,2002
5725,19,Chucky Atkins,PG,27,DET,79,62,28.9,4.7,10.0,.466,1.7,4.3,.411,2.9,5.7,.507,.553,1.1,1.5,.692,0.4,1.6,2.0,3.3,0.9,0.1,1.6,2.2,12.1,2002
5726,20,Stacey Augmon,SG,33,CHH,77,3,17.1,1.8,4.3,.427,0.0,0.0,.000,1.8,4.2,.431,.427,1.0,1.3,.762,0.8,2.2,2.9,1.3,0.7,0.2,0.7,1.5,4.6,2002
5727,21,Isaac Austin,C,32,MEM,21,8,14.6,1.7,4.4,.391,0.0,0.1,.000,1.7,4.2,.404,.391,0.2,0.2,1.000,0.5,2.9,3.4,0.6,0.4,0.2,0.5,1.7,3.6,2002
5728,22,William Avery,PG,22,MIN,28,0,9.2,0.9,3.2,.289,0.2,1.3,.171,0.7,2.0,.364,.322,0.5,0.7,.684,0.1,0.7,0.9,1.3,0.3,0.0,0.7,0.6,2.5,2002
5729,23,Dalibor Bagarić,C,21,CHI,50,0,12.8,1.4,3.6,.404,0.0,0.0,.000,1.4,3.5,.407,.404,0.8,1.4,.586,1.1,2.1,3.2,0.5,0.3,0.5,0.9,2.2,3.7,2002
5730,24,Vin Baker,C,30,SEA,55,41,31.1,5.7,11.8,.485,0.0,0.1,.125,5.7,11.7,.490,.486,2.6,4.1,.633,3.1,3.3,6.4,1.3,0.4,0.7,2.3,3.6,14.1,2002
5731,25,Erick Barkley,PG,23,POR,19,4,12.0,1.3,3.6,.353,0.1,0.4,.143,1.2,3.2,.377,.360,0.5,0.5,.900,0.3,0.7,0.9,1.8,0.9,0.1,0.6,1.5,3.1,2002
5732,26,Dana Barros,PG,34,DET,29,20,20.1,2.6,6.6,.385,0.8,2.4,.338,1.7,4.2,.413,.448,0.7,0.9,.778,0.0,1.9,2.0,2.7,0.5,0.1,1.1,1.3,6.7,2002
5733,27,Brent Barry,SG,30,SEA,81,81,37.5,5.0,9.8,.508,2.0,4.8,.424,2.9,5.0,.588,.611,2.4,2.9,.846,0.7,4.7,5.4,5.3,1.8,0.5,2.0,2.2,14.4,2002
5734,28,Jon Barry,SG,32,DET,82,6,24.2,3.1,6.4,.489,1.5,3.1,.469,1.6,3.2,.508,.604,1.3,1.4,.931,0.5,2.3,2.9,3.3,1.1,0.2,1.4,1.6,9.0,2002
5735,29,Mengke Bateer,C,26,DEN,27,10,15.1,2.0,4.9,.402,0.1,0.4,.333,1.8,4.4,.408,.417,1.1,1.4,.784,1.2,2.4,3.6,0.8,0.4,0.2,1.2,3.5,5.1,2002
5736,30,Tony Battie,C,25,BOS,74,73,24.6,2.9,5.3,.541,0.0,0.0,.000,2.9,5.2,.544,.541,1.2,1.8,.677,2.5,4.0,6.5,0.5,0.8,0.9,0.7,3.0,6.9,2002
5737,31,Shane Battier,SF,23,MEM,78,78,39.7,5.3,12.3,.429,1.3,3.5,.373,4.0,8.8,.451,.482,2.5,3.6,.700,2.3,3.1,5.4,2.8,1.6,1.0,2.0,2.8,14.4,2002
5738,32,Charlie Bell,SG,22,TOT,7,0,6.3,0.4,1.6,.273,0.0,0.9,.000,0.4,0.7,.600,.273,0.3,0.3,1.000,0.3,0.4,0.7,0.3,0.0,0.0,0.7,0.4,1.1,2002
5739,32,Charlie Bell,SG,22,PHO,5,0,8.4,0.6,2.2,.273,0.0,1.2,.000,0.6,1.0,.600,.273,0.4,0.4,1.000,0.4,0.4,0.8,0.4,0.0,0.0,1.0,0.6,1.6,2002
5740,32,Charlie Bell,SG,22,DAL,2,0,1.0,0.0,0.0,,0.0,0.0,,0.0,0.0,,,0.0,0.0,,0.0,0.5,0.5,0.0,0.0,0.0,0.0,0.0,0.0,2002
5741,33,Raja Bell,SG,25,PHI,74,12,12.0,1.4,3.2,.429,0.2,0.6,.273,1.2,2.6,.464,.454,0.5,0.6,.750,0.4,1.1,1.5,1.0,0.3,0.1,0.6,1.5,3.4,2002
5742,34,Jonathan Bender,SF,21,IND,78,17,21.1,2.5,5.9,.430,0.6,1.6,.360,2.0,4.3,.457,.479,1.8,2.3,.773,0.8,2.3,3.1,0.8,0.2,0.6,1.2,1.9,7.4,2002
5743,35,Travis Best,PG,29,TOT,74,21,23.6,3.1,7.0,.440,0.3,0.8,.356,2.8,6.2,.451,.460,1.4,1.6,.897,0.3,1.8,2.0,4.4,1.2,0.1,1.3,2.3,7.9,2002
5744,35,Travis Best,PG,29,IND,44,3,21.7,2.6,6.0,.439,0.3,0.8,.382,2.3,5.2,.448,.464,1.3,1.5,.877,0.2,1.4,1.6,4.0,1.3,0.1,1.3,2.3,6.9,2002
5745,35,Travis Best,PG,29,CHI,30,18,26.4,3.7,8.5,.441,0.3,0.8,.320,3.5,7.6,.454,.457,1.6,1.7,.922,0.3,2.4,2.7,5.0,1.1,0.0,1.3,2.4,9.3,2002
5746,36,Mike Bibby,PG,23,SAC,80,80,33.2,5.6,12.3,.453,0.6,1.7,.370,4.9,10.6,.466,.479,1.9,2.4,.803,0.5,2.3,2.8,5.0,1.1,0.2,1.7,1.7,13.7,2002
5747,37,Chauncey Billups,PG,25,MIN,82,54,28.7,4.2,10.0,.423,1.5,3.8,.394,2.7,6.2,.441,.498,2.5,2.9,.885,0.4,2.3,2.8,5.5,0.8,0.2,1.7,2.1,12.5,2002
5748,38,Mookie Blaylock,PG,34,GSW,35,0,17.1,1.4,4.2,.342,0.4,1.2,.357,1.0,3.0,.337,.394,0.1,0.2,.500,0.2,1.3,1.5,3.3,0.7,0.1,1.1,0.6,3.4,2002
5749,39,Corie Blount,PF,33,PHI,72,21,19.8,1.6,3.5,.458,0.0,0.0,.000,1.6,3.5,.460,.458,0.4,0.6,.644,2.1,3.0,5.1,0.6,0.7,0.4,0.7,2.4,3.6,2002
5750,40,Mark Blount,C,26,BOS,44,0,9.4,0.7,1.7,.421,0.0,0.0,,0.7,1.7,.421,.421,0.7,0.8,.811,0.6,1.3,1.9,0.2,0.4,0.4,0.5,1.3,2.1,2002
5751,Rk,Player,Pos,Age,Tm,G,GS,MP,FG,FGA,FG%,3P,3PA,3P%,2P,2PA,2P%,eFG%,FT,FTA,FT%,ORB,DRB,TRB,AST,STL,BLK,TOV,PF,PTS,2002
5752,41,Calvin Booth,C,25,SEA,15,15,18.6,2.3,5.5,.427,0.0,0.0,,2.3,5.5,.427,.427,1.5,1.6,.958,1.3,2.3,3.6,1.1,0.4,0.9,1.1,3.1,6.2,2002
5753,42,Ruben Boumtje-Boumtje,C,23,POR,33,1,7.4,0.4,1.0,.406,0.0,0.0,,0.4,1.0,.406,.406,0.4,0.8,.520,0.6,1.0,1.7,0.1,0.1,0.5,0.4,1.2,1.2,2002
5754,43,Cal Bowdler,PF,24,ATL,52,0,11.3,1.2,3.3,.351,0.0,0.1,.200,1.2,3.3,.355,.353,0.8,0.9,.830,0.7,1.4,2.1,0.2,0.3,0.3,0.2,1.2,3.1,2002
5755,44,Bruce Bowen,SF,30,SAS,59,59,28.8,2.6,6.7,.389,0.9,2.5,.378,1.7,4.2,.396,.460,0.8,1.6,.479,0.7,2.0,2.7,1.5,1.1,0.4,1.1,2.0,7.0,2002
5756,45,Ryan Bowen,SF,26,DEN,75,21,22.5,2.0,4.1,.479,0.0,0.2,.083,1.9,3.9,.495,.480,0.9,1.2,.750,1.8,2.2,4.0,0.7,1.0,0.5,0.5,2.3,4.9,2002
5757,46,Ira Bowman,SG,28,PHI,3,0,9.7,1.7,2.3,.714,0.0,0.3,.000,1.7,2.0,.833,.714,0.0,0.0,,0.0,0.3,0.3,0.3,0.7,0.0,0.0,1.0,3.3,2002
5758,47,Earl Boykins,PG,25,LAC,68,2,11.2,1.6,4.0,.400,0.2,0.6,.310,1.4,3.4,.416,.424,0.7,0.9,.770,0.4,0.4,0.8,2.1,0.3,0.0,0.6,0.6,4.1,2002
5759,48,Michael Bradley,PF,22,TOR,26,0,4.5,0.5,1.0,.520,0.0,0.1,.000,0.5,0.9,.565,.520,0.2,0.3,.500,0.3,0.7,0.9,0.1,0.0,0.2,0.2,0.4,1.2,2002
5760,49,Shawn Bradley,C,29,DAL,53,16,14.3,1.5,3.1,.479,0.0,0.0,.000,1.5,3.1,.481,.479,1.1,1.2,.922,1.0,2.3,3.3,0.4,0.5,1.2,0.5,2.4,4.1,2002
5761,50,Elton Brand,PF,22,LAC,80,80,37.8,6.7,12.6,.527,0.0,0.0,,6.7,12.6,.527,.527,4.9,6.6,.742,5.0,6.6,11.6,2.4,1.0,2.0,2.2,3.2,18.2,2002
5762,51,Terrell Brandon,PG,31,MIN,32,28,30.1,4.8,11.4,.425,0.1,0.7,.174,4.7,10.7,.442,.430,2.6,2.6,.988,0.5,2.4,2.9,8.3,1.6,0.2,1.3,1.5,12.4,2002
5763,52,Jamison Brewer,SG,21,IND,13,0,3.3,0.2,0.4,.400,0.0,0.1,.000,0.2,0.3,.500,.400,0.0,0.0,,0.2,0.5,0.6,0.7,0.2,0.0,0.2,0.2,0.3,2002
5764,53,Primož Brezec,C,22,IND,22,4,7.3,0.6,1.3,.483,0.0,0.0,,0.6,1.3,.483,.483,0.7,1.1,.600,0.7,0.5,1.3,0.3,0.0,0.3,0.3,1.3,2.0,2002
5765,54,Chucky Brown,SF,33,SAC,18,0,5.1,0.6,1.5,.370,0.0,0.0,,0.6,1.5,.370,.370,0.1,0.1,.500,0.6,1.3,1.8,0.3,0.1,0.2,0.3,0.7,1.2,2002
5766,55,Damone Brown,SF,22,PHI,17,0,3.9,0.5,1.2,.381,0.0,0.1,.000,0.5,1.2,.400,.381,0.4,0.5,.875,0.1,0.1,0.2,0.1,0.1,0.1,0.5,0.6,1.4,2002
5767,56,Dee Brown,PG,33,ORL,7,0,9.3,0.4,2.9,.150,0.1,1.7,.083,0.3,1.1,.250,.175,0.0,0.0,,0.0,1.3,1.3,0.3,0.4,0.1,0.6,0.6,1.0,2002
5768,57,Ernest Brown,C,22,MIA,3,0,7.0,0.3,2.0,.167,0.0,0.0,,0.3,2.0,.167,.167,0.3,1.3,.250,0.3,1.7,2.0,0.0,0.0,0.3,1.0,1.3,1.0,2002
5769,58,Kedrick Brown,SF,20,BOS,29,5,8.4,0.8,2.4,.329,0.2,0.9,.185,0.6,1.5,.419,.364,0.4,0.7,.600,0.4,1.3,1.7,0.5,0.6,0.2,0.2,0.6,2.2,2002
5770,59,Kwame Brown,PF,19,WAS,57,3,14.3,1.6,4.3,.387,0.0,0.0,.000,1.6,4.2,.388,.387,1.2,1.7,.707,1.1,2.4,3.5,0.8,0.3,0.5,0.8,1.8,4.5,2002
5771,60,P.J. Brown,C,32,CHH,80,80,32.0,3.1,6.6,.474,0.0,0.0,,3.1,6.6,.474,.474,2.1,2.5,.858,3.4,6.4,9.8,1.3,0.7,1.0,1.1,2.8,8.4,2002
5772,Rk,Player,Pos,Age,Tm,G,GS,MP,FG,FGA,FG%,3P,3PA,3P%,2P,2PA,2P%,eFG%,FT,FTA,FT%,ORB,DRB,TRB,AST,STL,BLK,TOV,PF,PTS,2002
5773,61,Randy Brown,PG,33,BOS,1,0,6.0,0.0,1.0,.000,0.0,0.0,,0.0,1.0,.000,.000,0.0,0.0,,0.0,0.0,0.0,2.0,0.0,1.0,0.0,1.0,0.0,2002
5774,62,Tierre Brown,SG,22,HOU,40,1,10.1,1.2,2.9,.426,0.1,0.3,.333,1.1,2.6,.437,.443,0.5,0.7,.750,0.3,0.8,1.1,1.8,0.5,0.1,1.0,0.7,3.1,2002
5775,63,Rick Brunson,PG,29,POR,59,2,8.8,0.8,1.9,.398,0.1,0.2,.545,0.7,1.7,.382,.425,0.5,0.7,.707,0.4,0.8,1.2,1.9,0.4,0.0,0.8,0.9,2.1,2002
5776,64,Kobe Bryant*,SG,23,LAL,80,80,38.3,9.4,20.0,.469,0.4,1.7,.250,9.0,18.3,.489,.479,6.1,7.4,.829,1.4,4.1,5.5,5.5,1.5,0.4,2.8,2.9,25.2,2002
5777,65,Mark Bryant,PF,36,SAS,30,3,6.9,0.8,1.8,.455,0.0,0.0,,0.8,1.8,.455,.455,0.2,0.3,.750,0.8,0.6,1.5,0.3,0.2,0.1,0.2,1.3,1.9,2002
5778,66,Greg Buckner,SG,25,DAL,44,16,20.1,2.4,4.5,.525,0.1,0.4,.313,2.3,4.1,.544,.538,0.9,1.3,.690,1.5,2.4,3.9,1.1,0.7,0.4,0.6,2.8,5.8,2002
5779,67,Jud Buechler,SF,33,TOT,66,2,10.4,0.7,1.8,.373,0.3,0.9,.350,0.3,0.9,.397,.462,0.0,0.1,.500,0.4,1.3,1.8,0.5,0.3,0.1,0.2,0.8,1.7,2002
5780,67,Jud Buechler,SF,33,PHO,6,0,9.0,0.3,1.0,.333,0.3,1.0,.333,0.0,0.0,,.500,0.0,0.0,,0.3,1.0,1.3,0.5,0.2,0.0,0.2,1.2,1.0,2002
5781,67,Jud Buechler,SF,33,ORL,60,2,10.5,0.7,1.9,.375,0.3,0.9,.352,0.4,1.0,.397,.460,0.0,0.1,.500,0.5,1.4,1.8,0.5,0.3,0.1,0.2,0.8,1.8,2002
5782,68,Rodney Buford,SG,24,MEM,63,21,28.1,4.1,9.4,.435,0.3,1.1,.243,3.8,8.3,.461,.449,0.9,1.3,.725,0.8,3.5,4.3,1.1,0.7,0.2,1.0,1.7,9.4,2002
5783,69,Matt Bullard,PF,34,CHH,31,0,11.3,1.3,3.7,.339,0.5,1.8,.281,0.7,1.9,.397,.409,0.4,0.4,.917,0.3,1.2,1.5,0.5,0.1,0.1,0.4,0.9,3.4,2002
5784,70,Mitchell Butler,SG,31,POR,11,0,8.2,0.9,2.1,.435,0.1,0.3,.333,0.8,1.8,.450,.457,0.7,1.1,.667,0.5,0.7,1.3,0.5,0.0,0.1,0.5,0.9,2.6,2002
5785,71,Jason Caffey,PF,28,MIL,23,0,12.3,1.6,3.1,.500,0.0,0.0,.000,1.6,3.1,.507,.500,1.2,1.9,.628,1.0,1.1,2.2,0.5,0.2,0.2,0.8,1.7,4.3,2002
5786,72,Marcus Camby,C,27,NYK,29,29,34.7,4.5,10.0,.448,0.0,0.0,.000,4.5,10.0,.450,.448,2.1,3.4,.626,3.1,8.0,11.1,1.1,1.2,1.7,1.4,3.7,11.1,2002
5787,73,Elden Campbell,PF,33,CHH,77,74,28.0,5.0,10.3,.484,0.0,0.0,.000,5.0,10.3,.485,.484,4.0,5.0,.797,1.7,5.2,6.9,1.3,0.8,1.8,1.8,3.4,13.9,2002
5788,74,Brian Cardinal,PF,24,DET,8,0,5.4,0.8,1.6,.462,0.4,0.9,.429,0.4,0.8,.500,.577,0.3,0.3,1.000,0.3,0.5,0.8,0.3,0.1,0.0,0.0,0.6,2.1,2002
5789,75,Anthony Carter,PG,26,MIA,46,18,22.8,1.9,5.7,.342,0.0,0.4,.053,1.9,5.2,.365,.344,0.4,0.8,.528,0.4,2.1,2.5,4.7,1.1,0.1,1.6,1.8,4.3,2002
5790,76,Vince Carter,SG,25,TOR,60,60,39.8,9.3,21.8,.428,2.0,5.2,.387,7.3,16.6,.441,.474,4.1,5.1,.798,2.3,2.9,5.2,4.0,1.6,0.7,2.6,3.2,24.7,2002
5791,77,Sam Cassell,PG,32,MIL,74,73,35.2,7.5,16.2,.463,1.0,2.8,.348,6.5,13.4,.486,.492,3.8,4.4,.860,0.7,3.5,4.2,6.7,1.2,0.2,2.4,2.8,19.7,2002
5792,78,Kelvin Cato,C,27,HOU,75,73,25.6,2.5,4.3,.583,0.0,0.0,.000,2.5,4.3,.585,.583,1.5,2.6,.582,2.3,4.7,7.0,0.4,0.5,1.3,0.7,2.8,6.6,2002
5793,79,Tyson Chandler,C,19,CHI,71,31,19.6,2.1,4.3,.497,0.0,0.0,,2.1,4.3,.497,.497,1.9,3.1,.604,1.6,3.2,4.8,0.8,0.4,1.3,1.4,2.5,6.1,2002
5794,80,Calbert Cheaney,SG,30,DEN,68,47,24.0,3.3,6.9,.481,0.0,0.1,.000,3.3,6.8,.485,.481,0.7,1.0,.687,0.8,2.7,3.5,1.6,0.5,0.3,1.0,2.3,7.3,2002
5795,Rk,Player,Pos,Age,Tm,G,GS,MP,FG,FGA,FG%,3P,3PA,3P%,2P,2PA,2P%,eFG%,FT,FTA,FT%,ORB,DRB,TRB,AST,STL,BLK,TOV,PF,PTS,2002
5796,81,Chris Childs,PG,34,TOR,69,4,22.8,1.4,4.3,.328,0.5,1.7,.275,0.9,2.6,.364,.383,0.8,1.0,.817,0.3,2.0,2.2,5.1,0.8,0.1,1.8,2.6,4.1,2002
5797,82,Doug Christie,SG,31,SAC,81,81,34.5,4.2,9.1,.460,1.1,3.2,.352,3.1,5.9,.518,.521,2.5,3.0,.851,0.9,3.7,4.6,4.2,2.0,0.3,2.0,2.6,12.0,2002
5798,83,Keon Clark,C,26,TOR,81,31,27.0,4.7,9.6,.490,0.0,0.1,.000,4.7,9.5,.494,.490,1.9,2.8,.674,2.2,5.2,7.4,1.1,0.7,1.5,1.7,3.2,11.3,2002
5799,84,Speedy Claxton,PG,23,PHI,67,18,22.8,2.7,6.7,.400,0.1,0.5,.121,2.6,6.3,.422,.405,1.7,2.0,.838,0.7,1.7,2.4,3.0,1.4,0.1,1.4,2.2,7.2,2002
5800,85,Mateen Cleaves,PG,24,SAC,32,0,4.8,0.9,2.1,.441,0.1,0.3,.250,0.9,1.9,.467,.456,0.3,0.3,.889,0.0,0.2,0.3,0.8,0.2,0.0,0.8,0.3,2.2,2002
5801,86,Derrick Coleman,PF,34,PHI,58,58,35.9,5.7,12.7,.450,0.5,1.4,.337,5.2,11.2,.465,.469,3.2,3.9,.815,2.9,5.9,8.8,1.7,0.7,0.9,2.1,2.7,15.1,2002
5802,87,Bimbo Coles,PG,33,CLE,47,1,14.7,1.2,3.1,.384,0.1,0.4,.200,1.1,2.7,.413,.397,0.7,0.8,.892,0.3,0.9,1.2,2.3,0.3,0.1,0.7,1.3,3.2,2002
5803,88,Jason Collier,C,24,HOU,25,2,14.6,1.6,3.8,.432,0.0,0.0,.000,1.6,3.8,.436,.432,1.0,1.3,.750,1.2,2.0,3.3,0.4,0.2,0.2,0.5,1.6,4.2,2002
5804,89,Jarron Collins,C,23,UTA,70,68,20.6,2.3,4.9,.461,0.0,0.0,.000,2.3,4.9,.462,.461,1.9,2.6,.740,2.0,2.3,4.2,0.8,0.4,0.3,0.8,3.3,6.4,2002
5805,90,Jason Collins,C,23,NJN,77,9,18.3,1.5,3.6,.421,0.0,0.0,.500,1.5,3.6,.420,.423,1.5,2.1,.701,1.7,2.2,3.9,1.1,0.4,0.6,0.9,2.2,4.5,2002
5806,91,Chris Crawford,PF,26,ATL,7,4,18.7,3.0,6.4,.467,0.0,0.1,.000,3.0,6.3,.477,.467,1.6,2.1,.733,1.3,2.3,3.6,0.7,0.3,0.7,1.4,3.0,7.6,2002
5807,92,Jamal Crawford,PG,21,CHI,23,6,20.9,3.9,8.1,.476,1.1,2.5,.448,2.7,5.6,.488,.545,0.4,0.6,.769,0.2,1.3,1.5,2.4,0.8,0.2,1.4,0.8,9.3,2002
5808,93,Joe Crispin,PG,22,TOT,21,0,7.4,1.2,3.2,.382,0.7,1.9,.385,0.5,1.4,.379,.493,0.6,0.6,.923,0.1,0.4,0.5,1.2,0.2,0.0,0.5,0.5,3.8,2002
5809,93,Joe Crispin,PG,22,LAL,6,0,4.5,0.5,2.0,.250,0.0,0.7,.000,0.5,1.3,.375,.250,0.7,0.8,.800,0.0,0.2,0.2,0.3,0.2,0.0,0.2,0.3,1.7,2002
5810,93,Joe Crispin,PG,22,PHO,15,0,8.6,1.5,3.7,.411,1.0,2.3,.429,0.5,1.4,.381,.545,0.5,0.5,1.000,0.1,0.5,0.7,1.6,0.3,0.0,0.6,0.5,4.6,2002
5811,94,Austin Croshere,PF,26,IND,76,1,16.9,2.4,5.9,.413,0.6,1.9,.338,1.8,4.0,.449,.468,1.3,1.5,.851,1.0,2.9,3.9,1.0,0.3,0.4,0.9,1.4,6.8,2002
5812,95,John Crotty,PG,32,UTA,41,0,19.6,2.4,5.1,.471,0.8,1.7,.449,1.6,3.4,.482,.546,1.4,1.6,.864,0.4,1.4,1.8,3.4,0.5,0.0,1.2,1.9,6.9,2002
5813,96,Vonteego Cummings,PG,25,PHI,58,1,8.6,1.3,3.2,.417,0.2,0.8,.261,1.1,2.4,.468,.449,0.4,0.6,.750,0.2,0.7,0.9,1.0,0.3,0.1,0.6,0.9,3.3,2002
5814,97,Dell Curry,SG,37,TOR,56,4,15.8,2.5,6.2,.406,0.8,2.3,.344,1.7,3.9,.444,.471,0.6,0.7,.892,0.4,1.0,1.4,1.1,0.4,0.1,0.7,0.9,6.4,2002
5815,98,Eddy Curry,C,19,CHI,72,31,16.0,2.6,5.2,.501,0.0,0.0,,2.6,5.2,.501,.501,1.5,2.2,.656,1.5,2.2,3.8,0.3,0.2,0.7,1.0,2.4,6.7,2002
5816,99,Michael Curry,SG,33,DET,82,75,23.3,1.5,3.4,.453,0.1,0.3,.269,1.4,3.0,.472,.466,0.9,1.1,.791,0.2,1.9,2.0,1.5,0.6,0.1,0.7,2.5,4.0,2002
5817,100,Samuel Dalembert,C,20,PHI,34,0,5.2,0.6,1.5,.440,0.0,0.0,,0.6,1.5,.440,.440,0.2,0.5,.389,0.7,1.3,2.0,0.1,0.2,0.4,0.4,0.9,1.5,2002
5818,Rk,Player,Pos,Age,Tm,G,GS,MP,FG,FGA,FG%,3P,3PA,3P%,2P,2PA,2P%,eFG%,FT,FTA,FT%,ORB,DRB,TRB,AST,STL,BLK,TOV,PF,PTS,2002
5819,101,Erick Dampier,C,26,GSW,73,46,23.8,2.9,6.6,.435,0.0,0.0,,2.9,6.6,.435,.435,1.9,2.9,.645,2.3,3.0,5.3,1.2,0.2,2.3,2.1,3.2,7.6,2002
5820,102,Antonio Daniels,SG,26,SAS,82,13,26.5,3.3,7.5,.440,0.7,2.4,.291,2.6,5.1,.510,.486,1.9,2.6,.752,0.3,1.9,2.1,2.8,0.6,0.1,0.9,1.3,9.2,2002
5821,103,Antonio Davis,PF,33,TOR,77,77,38.7,5.3,12.5,.426,0.0,0.0,.000,5.3,12.5,.426,.426,3.8,4.6,.818,3.3,6.3,9.6,2.0,0.7,1.1,2.1,2.9,14.5,2002
5822,104,Baron Davis,PG,22,CHH,82,82,40.5,6.8,16.4,.417,2.1,5.8,.356,4.7,10.5,.451,.480,2.4,4.1,.580,1.1,3.1,4.3,8.5,2.1,0.6,3.0,2.9,18.1,2002
5823,105,Dale Davis,C,32,POR,78,77,31.4,3.8,7.4,.510,0.0,0.0,,3.8,7.4,.510,.510,1.9,2.7,.708,3.4,5.5,8.8,1.2,0.8,1.1,0.8,2.5,9.5,2002
5824,106,Emanual Davis,PG,33,ATL,28,20,27.6,2.5,7.1,.354,1.0,3.0,.341,1.5,4.0,.363,.427,0.6,0.6,.889,0.7,2.0,2.6,2.4,1.0,0.2,1.9,2.4,6.6,2002
5825,107,Hubert Davis,SG,31,WAS,51,17,24.1,2.9,6.4,.448,1.1,2.5,.452,1.7,3.9,.445,.535,0.3,0.4,.762,0.1,1.4,1.5,2.1,0.5,0.1,0.9,1.1,7.2,2002
5826,108,Ricky Davis,SF,22,CLE,82,8,23.8,4.6,9.5,.481,0.1,0.4,.314,4.5,9.1,.489,.488,2.4,3.0,.790,0.8,2.2,3.0,2.2,0.8,0.3,1.8,1.8,11.7,2002
5827,109,Andrew DeClercq,C,28,ORL,61,14,10.4,1.1,2.4,.450,0.0,0.0,,1.1,2.4,.450,.450,0.5,0.8,.560,1.2,1.5,2.7,0.4,0.4,0.4,0.6,2.1,2.7,2002
5828,110,Vinny Del Negro,PG,35,PHO,2,0,3.0,0.5,2.0,.250,0.0,0.0,,0.5,2.0,.250,.250,0.0,0.0,,0.0,0.0,0.0,1.0,0.0,0.0,0.0,0.0,1.0,2002
5829,111,Tony Delk,SG,28,TOT,63,17,23.0,3.6,9.3,.384,1.1,3.4,.313,2.5,5.9,.425,.441,1.2,1.5,.804,0.9,2.3,3.2,2.1,0.8,0.2,0.9,1.6,9.5,2002
5830,111,Tony Delk,SG,28,PHO,41,1,21.4,4.0,10.1,.399,1.1,3.6,.320,2.9,6.6,.442,.456,1.4,1.6,.836,0.9,2.1,3.0,2.0,0.8,0.1,1.0,1.5,10.6,2002
5831,111,Tony Delk,SG,28,BOS,22,16,25.9,2.7,7.8,.349,0.9,3.0,.299,1.8,4.8,.381,.407,1.0,1.4,.733,0.9,2.7,3.6,2.3,1.0,0.3,0.9,1.7,7.4,2002
5832,112,Derrick Dial,SG,26,TOT,32,0,9.3,1.3,3.8,.342,0.0,0.3,.091,1.3,3.4,.367,.346,0.6,0.8,.750,0.4,1.3,1.8,1.1,0.3,0.1,0.5,0.4,3.2,2002
5833,112,Derrick Dial,SG,26,NJN,25,0,10.0,1.2,3.8,.319,0.0,0.3,.000,1.2,3.5,.345,.319,0.5,0.7,.722,0.5,1.3,1.8,1.2,0.3,0.2,0.5,0.5,2.9,2002
5834,112,Derrick Dial,SG,26,TOR,7,0,7.1,1.6,3.7,.423,0.1,0.6,.250,1.4,3.1,.455,.442,0.7,0.9,.833,0.3,1.3,1.6,0.6,0.3,0.0,0.4,0.1,4.0,2002
5835,113,Michael Dickerson,SG,26,MEM,4,4,31.0,3.8,12.0,.313,2.0,5.3,.381,1.8,6.8,.259,.396,1.3,1.5,.833,0.8,2.3,3.0,2.3,0.8,0.3,2.0,3.0,10.8,2002
5836,114,DeSagana Diop,C,20,CLE,18,1,6.1,0.7,1.6,.414,0.0,0.0,,0.7,1.6,.414,.414,0.1,0.3,.200,0.3,0.7,0.9,0.3,0.1,0.6,0.7,1.1,1.4,2002
5837,115,Vlade Divac*,C,33,SAC,80,80,30.3,4.2,9.0,.472,0.0,0.2,.231,4.2,8.8,.477,.474,2.6,4.3,.615,2.6,5.8,8.4,3.7,1.0,1.2,2.0,2.9,11.1,2002
5838,116,Michael Doleac,C,24,CLE,42,15,16.8,1.9,4.5,.417,0.0,0.0,,1.9,4.5,.417,.417,0.9,1.1,.826,1.1,2.9,4.0,0.6,0.4,0.3,0.9,2.3,4.6,2002
5839,117,Keyon Dooling,PG,21,LAC,14,0,11.1,1.6,4.1,.386,0.3,1.0,.286,1.3,3.1,.419,.421,0.7,0.9,.833,0.0,0.2,0.2,0.9,0.3,0.2,0.7,1.4,4.1,2002
5840,118,Bryce Drew,PG,27,CHH,61,0,12.7,1.3,3.0,.429,0.5,1.2,.425,0.8,1.8,.431,.514,0.4,0.5,.793,0.2,1.0,1.2,1.7,0.5,0.0,0.5,0.8,3.4,2002
5841,119,Predrag Drobnjak,C,26,SEA,64,12,18.3,3.0,6.5,.461,0.0,0.0,.000,3.0,6.4,.464,.461,0.9,1.1,.753,1.2,2.3,3.4,0.8,0.3,0.5,0.8,1.7,6.8,2002
5842,120,Chris Dudley,C,36,POR,43,2,7.6,0.5,1.2,.400,0.0,0.0,.000,0.5,1.1,.417,.400,0.2,0.3,.533,0.6,1.2,1.9,0.3,0.1,0.3,0.3,1.0,1.1,2002
5843,Rk,Player,Pos,Age,Tm,G,GS,MP,FG,FGA,FG%,3P,3PA,3P%,2P,2PA,2P%,eFG%,FT,FTA,FT%,ORB,DRB,TRB,AST,STL,BLK,TOV,PF,PTS,2002
5844,121,Tim Duncan*,PF,25,SAS,82,82,40.6,9.3,18.3,.508,0.0,0.1,.100,9.3,18.2,.511,.508,6.8,8.5,.799,3.3,9.4,12.7,3.7,0.7,2.5,3.2,2.6,25.5,2002
5845,122,Howard Eisley,PG,29,NYK,39,0,15.6,1.5,4.5,.337,0.4,1.5,.241,1.2,3.0,.385,.377,1.0,1.3,.796,0.2,1.0,1.3,2.6,0.6,0.1,1.4,1.4,4.4,2002
5846,123,Obinna Ekezie,PF,26,LAC,29,1,5.2,0.4,1.3,.333,0.0,0.0,,0.4,1.3,.333,.333,1.0,1.4,.700,0.4,0.8,1.2,0.1,0.1,0.2,0.3,0.6,1.9,2002
5847,124,LaPhonso Ellis,SF,31,MIA,66,14,25.5,2.9,6.8,.418,0.6,1.9,.306,2.3,5.0,.460,.460,0.8,1.3,.631,1.6,2.7,4.3,0.8,0.5,0.6,1.1,3.0,7.1,2002
5848,125,Evan Eschmeyer,C,26,DAL,31,6,9.6,0.7,1.6,.420,0.0,0.0,,0.7,1.6,.420,.420,0.6,1.1,.606,1.1,2.0,3.2,0.3,0.3,0.3,0.5,1.9,2.0,2002
5849,126,Maurice Evans,SG,23,MIN,10,0,4.5,0.9,1.9,.474,0.0,0.3,.000,0.9,1.6,.563,.474,0.3,0.4,.750,0.3,0.1,0.4,0.4,0.0,0.0,0.2,0.9,2.1,2002
5850,127,Patrick Ewing*,C,39,ORL,65,4,13.9,2.3,5.1,.444,0.0,0.0,.000,2.3,5.1,.446,.444,1.4,2.1,.701,0.9,3.1,4.0,0.5,0.3,0.7,1.0,2.0,6.0,2002
5851,128,Danny Ferry,SF,35,SAS,50,2,16.0,1.5,3.5,.429,0.9,2.0,.434,0.7,1.6,.423,.551,0.7,0.7,.944,0.3,1.5,1.8,1.0,0.3,0.2,0.4,1.4,4.6,2002
5852,129,Michael Finley,SF,28,DAL,69,69,39.9,8.2,17.8,.463,1.1,3.2,.339,7.1,14.6,.491,.494,3.0,3.6,.837,1.3,3.9,5.2,3.3,0.9,0.4,1.7,2.1,20.6,2002
5853,130,Derek Fisher,PG,27,LAL,70,35,28.2,3.9,9.5,.411,2.1,5.0,.413,1.9,4.5,.410,.520,1.3,1.6,.847,0.2,1.9,2.1,2.6,0.9,0.1,0.9,1.7,11.2,2002
5854,131,Marcus Fizer,PF,23,CHI,76,20,25.8,4.9,11.2,.438,0.1,0.5,.171,4.8,10.6,.451,.442,2.5,3.7,.668,1.7,3.9,5.6,1.6,0.6,0.3,1.7,2.4,12.3,2002
5855,132,Isaac Fontaine,SG,26,MEM,6,0,12.5,0.5,2.3,.214,0.2,0.8,.200,0.3,1.5,.222,.250,0.7,1.0,.667,0.0,0.8,0.8,0.7,0.0,0.0,0.7,1.0,1.8,2002
5856,133,Alton Ford,PF,20,PHO,53,0,8.5,1.2,2.2,.517,0.0,0.0,,1.2,2.2,.517,.517,0.8,1.1,.737,0.6,1.4,2.0,0.1,0.1,0.1,0.6,1.9,3.1,2002
5857,134,Joseph Forte,SG,20,BOS,8,0,4.9,0.1,1.5,.083,0.0,0.4,.000,0.1,1.1,.111,.083,0.5,0.5,1.000,0.1,0.6,0.8,0.8,0.3,0.0,0.4,0.1,0.8,2002
5858,135,Danny Fortson,PF,25,GSW,77,76,28.8,4.0,9.4,.428,0.0,0.1,.250,4.0,9.3,.429,.429,3.2,4.0,.795,3.8,7.9,11.7,1.6,0.6,0.2,2.1,3.3,11.2,2002
5859,136,Greg Foster,PF,33,MIL,6,0,4.0,0.3,1.5,.222,0.0,0.7,.000,0.3,0.8,.400,.222,0.5,0.7,.750,0.0,1.3,1.3,0.2,0.0,0.0,0.0,0.7,1.2,2002
5860,137,Jeff Foster,C,25,IND,82,48,21.8,2.2,4.8,.449,0.0,0.2,.133,2.1,4.6,.462,.452,1.4,2.2,.610,2.5,4.3,6.8,0.9,0.9,0.5,1.0,2.8,5.7,2002
5861,138,Antonis Fotsis,PF,20,MEM,28,1,11.4,1.5,3.7,.404,0.3,0.8,.304,1.3,2.9,.432,.438,0.6,0.7,.850,0.9,1.3,2.2,0.4,0.3,0.4,0.8,0.8,3.9,2002
5862,139,Tremaine Fowlkes,SF,25,LAC,22,17,15.6,1.1,2.9,.391,0.0,0.0,,1.1,2.9,.391,.391,1.1,1.4,.774,1.5,1.5,2.9,0.8,0.5,0.0,0.6,1.8,3.4,2002
5863,140,Rick Fox,SF,32,LAL,82,82,27.9,3.1,7.4,.421,0.8,2.5,.313,2.3,4.8,.479,.475,0.9,1.0,.824,1.1,3.6,4.7,3.5,0.8,0.3,1.6,3.0,7.9,2002
5864,Rk,Player,Pos,Age,Tm,G,GS,MP,FG,FGA,FG%,3P,3PA,3P%,2P,2PA,2P%,eFG%,FT,FTA,FT%,ORB,DRB,TRB,AST,STL,BLK,TOV,PF,PTS,2002
5865,141,Adonal Foyle,C,26,GSW,79,36,18.8,2.2,4.9,.444,0.0,0.0,,2.2,4.9,.444,.444,0.5,1.2,.398,1.9,3.0,4.9,0.5,0.5,2.1,1.0,2.3,4.8,2002
5866,142,Steve Francis,PG,24,HOU,57,56,41.1,7.4,17.7,.417,1.2,3.7,.324,6.2,14.0,.442,.451,5.7,7.4,.773,1.8,5.2,7.0,6.4,1.2,0.4,3.9,3.0,21.6,2002
5867,143,Lawrence Funderburke,PF,31,SAC,56,1,12.9,2.1,4.4,.469,0.0,0.1,.000,2.1,4.3,.475,.469,0.6,1.0,.607,1.4,2.2,3.5,0.6,0.2,0.3,0.6,1.2,4.7,2002
5868,144,Kevin Garnett*,PF,25,MIN,81,81,39.2,8.1,17.3,.470,0.5,1.4,.319,7.7,15.9,.484,.484,4.4,5.5,.801,3.0,9.1,12.1,5.2,1.2,1.6,2.8,2.3,21.2,2002
5869,145,Dean Garrett,C,35,TOT,34,0,5.4,0.5,1.6,.327,0.0,0.0,,0.5,1.6,.327,.327,0.0,0.1,.000,0.5,1.2,1.7,0.1,0.2,0.3,0.3,0.9,1.1,2002
5870,145,Dean Garrett,C,35,MIN,29,0,5.2,0.5,1.4,.350,0.0,0.0,,0.5,1.4,.350,.350,0.0,0.1,.000,0.4,1.2,1.6,0.1,0.2,0.3,0.2,0.9,1.0,2002
5871,145,Dean Garrett,C,35,GSW,5,0,6.2,0.8,3.0,.267,0.0,0.0,,0.8,3.0,.267,.267,0.0,0.0,,0.6,1.4,2.0,0.2,0.4,0.2,0.6,1.2,1.6,2002
5872,146,Pat Garrity,PF,25,ORL,80,43,30.1,4.1,9.6,.426,2.1,5.0,.427,2.0,4.6,.426,.537,0.8,0.9,.836,1.0,3.3,4.2,1.2,0.8,0.4,0.9,2.9,11.1,2002
5873,147,Pau Gasol,PF,21,MEM,82,79,36.7,6.7,13.0,.518,0.0,0.1,.200,6.7,12.9,.519,.518,4.1,5.8,.709,2.9,6.0,8.9,2.7,0.5,2.1,2.7,2.4,17.6,2002
5874,148,Chris Gatling,PF,34,MIA,54,1,15.0,2.4,5.4,.447,0.0,0.1,.125,2.4,5.3,.456,.449,1.5,2.2,.701,1.3,2.5,3.8,0.5,0.3,0.2,1.1,2.0,6.4,2002
5875,149,Matt Geiger,C,32,PHI,4,0,9.0,0.3,2.0,.125,0.0,0.0,,0.3,2.0,.125,.125,0.3,0.5,.500,0.8,0.8,1.5,0.0,0.0,0.5,0.5,0.5,0.8,2002
5876,150,Devean George,SF,24,LAL,82,1,21.5,2.6,6.4,.411,0.8,2.2,.371,1.8,4.2,.432,.474,1.0,1.5,.675,1.0,2.7,3.7,1.4,0.9,0.5,0.8,2.3,7.1,2002
5877,151,Eddie Gill,PG,23,MEM,23,5,16.7,1.7,4.0,.424,0.3,1.0,.318,1.4,3.0,.457,.462,1.3,1.7,.795,0.3,0.9,1.2,2.1,0.5,0.1,1.5,1.7,5.0,2002
5878,152,Kendall Gill,SG,33,MIA,65,49,21.7,2.5,6.5,.384,0.1,0.7,.136,2.4,5.8,.413,.391,0.6,1.0,.677,0.4,2.4,2.8,1.5,0.7,0.1,0.8,2.2,5.7,2002
5879,153,Dion Glover,SG,23,ATL,55,25,21.0,3.5,8.3,.421,0.5,1.7,.330,2.9,6.6,.444,.454,1.4,1.9,.757,0.7,2.4,3.1,1.5,0.8,0.3,1.4,1.6,8.9,2002
5880,154,Steve Goodrich,SF,25,NJN,9,0,5.6,0.2,1.1,.200,0.0,0.0,,0.2,1.1,.200,.200,0.1,0.2,.500,0.1,0.4,0.6,0.6,0.1,0.2,0.3,1.1,0.6,2002
5881,155,Brian Grant,PF,29,MIA,72,72,31.3,4.0,8.5,.469,0.0,0.0,.000,4.0,8.4,.470,.469,1.4,1.7,.849,2.3,5.7,8.0,1.9,0.7,0.4,1.7,3.3,9.3,2002
5882,156,Horace Grant,C,36,ORL,76,76,29.1,3.5,6.8,.513,0.0,0.0,,3.5,6.8,.513,.513,1.1,1.5,.721,2.1,4.2,6.3,1.4,0.8,0.6,0.7,1.6,8.0,2002
5883,157,Adrian Griffin,SG,27,DAL,58,34,23.8,3.1,6.2,.499,0.3,0.9,.296,2.8,5.3,.534,.521,0.7,0.8,.837,1.2,2.8,3.9,1.8,1.3,0.2,0.7,2.4,7.2,2002
5884,158,Eddie Griffin,PF,19,HOU,73,24,26.0,3.3,9.1,.366,1.2,3.7,.330,2.1,5.4,.392,.434,0.9,1.2,.744,1.6,4.1,5.7,0.7,0.2,1.8,0.6,1.6,8.8,2002
5885,159,Tom Gugliotta,PF,32,PHO,44,40,25.7,2.9,6.8,.422,0.1,0.2,.333,2.8,6.6,.425,.427,0.6,0.8,.757,1.3,3.7,5.0,1.8,0.9,0.7,1.4,2.6,6.5,2002
5886,160,A.J. Guyton,PG,23,CHI,45,6,13.5,2.0,5.4,.361,1.0,2.7,.374,0.9,2.7,.347,.455,0.5,0.6,.815,0.3,0.7,1.0,1.8,0.2,0.2,0.8,0.5,5.4,2002
5887,Rk,Player,Pos,Age,Tm,G,GS,MP,FG,FGA,FG%,3P,3PA,3P%,2P,2PA,2P%,eFG%,FT,FTA,FT%,ORB,DRB,TRB,AST,STL,BLK,TOV,PF,PTS,2002
5888,161,Darvin Ham,SF,28,MIL,70,2,17.3,1.7,3.0,.569,0.0,0.1,.143,1.7,2.9,.583,.571,0.9,1.8,.504,1.3,1.6,2.9,1.0,0.4,0.5,1.2,2.5,4.3,2002
5889,162,Richard Hamilton,SG,23,WAS,63,57,35.0,7.5,17.2,.435,0.3,0.7,.381,7.2,16.5,.438,.443,4.8,5.3,.890,1.2,2.3,3.4,2.7,0.6,0.2,2.1,2.2,20.0,2002
5890,163,Tang Hamilton,SF,23,MIA,9,2,10.9,1.1,2.1,.526,0.0,0.1,.000,1.1,2.0,.556,.526,0.0,0.1,.000,0.7,1.3,2.0,0.6,0.4,0.0,0.2,1.1,2.2,2002
5891,164,Zendon Hamilton,PF,26,DEN,54,15,15.7,1.9,4.5,.420,0.0,0.0,,1.9,4.5,.420,.420,2.2,3.4,.652,2.0,2.6,4.7,0.3,0.4,0.3,1.1,1.9,6.0,2002
5892,165,Anfernee Hardaway,SG,30,PHO,80,55,30.8,4.9,11.6,.418,0.3,1.0,.277,4.6,10.6,.432,.430,2.0,2.4,.810,1.2,3.2,4.4,4.1,1.5,0.4,2.4,2.3,12.0,2002
5893,166,Tim Hardaway*,PG,35,TOT,68,16,23.5,3.3,9.1,.365,1.8,5.2,.347,1.5,3.9,.387,.464,1.1,1.4,.794,0.2,1.6,1.8,4.1,0.8,0.1,1.6,1.6,9.6,2002
5894,166,Tim Hardaway*,PG,35,DAL,54,2,23.6,3.3,9.1,.362,1.8,5.2,.341,1.6,4.0,.391,.459,1.2,1.4,.833,0.2,1.6,1.8,3.7,0.7,0.1,1.4,1.6,9.6,2002
5895,166,Tim Hardaway*,PG,35,DEN,14,14,23.2,3.4,9.0,.373,2.0,5.4,.373,1.4,3.6,.373,.484,0.9,1.4,.632,0.1,1.9,1.9,5.5,1.2,0.1,2.7,1.8,9.6,2002
5896,167,Matt Harpring,SF,25,PHI,81,81,31.4,4.8,10.3,.461,0.3,0.9,.304,4.5,9.5,.475,.473,2.0,2.7,.743,2.5,4.6,7.1,1.3,0.9,0.1,1.6,2.5,11.8,2002
5897,168,Al Harrington,PF,21,IND,44,1,29.8,5.2,11.0,.475,0.0,0.1,.333,5.2,10.9,.476,.476,2.6,3.3,.799,2.2,4.1,6.3,1.2,0.9,0.5,1.8,3.8,13.1,2002
5898,169,Othella Harrington,PF,28,NYK,77,4,20.3,3.1,5.8,.527,0.0,0.0,.000,3.1,5.8,.529,.527,1.6,2.2,.709,1.6,2.9,4.5,0.5,0.4,0.5,1.2,3.2,7.7,2002
5899,170,Lucious Harris,SG,31,NJN,74,0,21.0,3.4,7.3,.464,0.6,1.6,.373,2.8,5.7,.489,.505,1.8,2.1,.842,0.7,2.1,2.8,1.6,0.7,0.1,0.8,1.3,9.1,2002
5900,171,Jason Hart,PG,23,SAS,10,0,9.2,1.0,1.9,.526,0.0,0.2,.000,1.0,1.7,.588,.526,0.6,0.6,1.000,0.4,0.9,1.3,1.2,0.7,0.1,0.8,1.6,2.6,2002
5901,172,Antonio Harvey,PF,31,SEA,5,3,9.4,0.8,2.4,.333,0.0,0.0,,0.8,2.4,.333,.333,0.2,0.4,.500,1.0,0.8,1.8,1.0,0.2,0.6,0.6,1.6,1.8,2002
5902,173,Donnell Harvey,PF,21,TOT,47,4,17.9,2.3,4.6,.498,0.0,0.0,,2.3,4.6,.498,.498,1.1,1.9,.600,1.7,3.1,4.8,0.8,0.4,0.5,0.7,2.4,5.7,2002
5903,173,Donnell Harvey,PF,21,DAL,18,0,9.0,0.8,1.4,.538,0.0,0.0,,0.8,1.4,.538,.538,0.6,1.2,.455,0.7,1.9,2.6,0.3,0.2,0.3,0.4,1.5,2.1,2002
5904,173,Donnell Harvey,PF,21,DEN,29,4,23.4,3.2,6.6,.492,0.0,0.0,,3.2,6.6,.492,.492,1.5,2.3,.647,2.3,3.9,6.2,1.1,0.6,0.7,0.9,3.0,8.0,2002
5905,174,Trenton Hassell,SG,22,CHI,78,47,28.7,3.4,8.1,.425,0.8,2.1,.364,2.7,5.9,.447,.473,1.1,1.5,.763,0.8,2.4,3.3,2.2,0.7,0.6,1.3,2.4,8.7,2002
5906,175,Kirk Haston,PF,22,CHH,15,0,5.1,0.7,2.6,.282,0.0,0.2,.000,0.7,2.4,.306,.282,0.3,0.5,.500,0.3,1.0,1.3,0.3,0.0,0.1,0.2,0.6,1.7,2002
5907,176,Brendan Haywood,C,22,WAS,62,2,20.4,1.8,3.6,.493,0.0,0.0,,1.8,3.6,.493,.493,1.6,2.6,.606,2.3,2.9,5.2,0.5,0.3,1.5,0.8,2.5,5.1,2002
5908,177,Alan Henderson,PF,29,ATL,26,1,16.2,2.3,4.5,.509,0.0,0.0,1.000,2.2,4.4,.504,.513,0.9,1.7,.533,1.2,2.5,3.7,0.4,0.4,0.6,0.8,1.5,5.5,2002
5909,178,Cedric Henderson,SF,26,GSW,12,0,5.8,1.3,2.6,.484,0.2,0.3,.500,1.1,2.3,.481,.516,0.3,0.6,.571,0.1,0.2,0.3,0.3,0.5,0.2,0.7,0.3,3.0,2002
5910,179,Grant Hill*,SF,29,ORL,14,14,36.6,5.9,13.9,.426,0.0,0.1,.000,5.9,13.8,.430,.426,4.9,5.7,.863,2.1,6.9,8.9,4.6,0.6,0.3,2.6,2.9,16.8,2002
5911,180,Tyrone Hill,PF,33,CLE,26,26,31.2,2.7,7.0,.390,0.0,0.0,.000,2.7,7.0,.392,.390,2.6,4.0,.650,3.0,7.5,10.5,0.9,0.7,0.5,1.8,3.9,8.0,2002
5912,Rk,Player,Pos,Age,Tm,G,GS,MP,FG,FGA,FG%,3P,3PA,3P%,2P,2PA,2P%,eFG%,FT,FTA,FT%,ORB,DRB,TRB,AST,STL,BLK,TOV,PF,PTS,2002
5913,181,Fred Hoiberg,SG,29,CHI,79,8,17.8,1.5,3.7,.416,0.3,1.2,.261,1.2,2.5,.487,.457,1.0,1.2,.840,0.2,2.4,2.7,1.7,0.8,0.1,0.4,1.1,4.4,2002
5914,182,Robert Horry,PF,31,LAL,81,23,26.4,2.3,5.7,.398,0.9,2.5,.374,1.3,3.2,.416,.480,1.3,1.7,.783,1.6,4.3,5.9,2.9,1.0,1.1,1.1,2.6,6.8,2002
5915,183,Eddie House,PG,23,MIA,64,3,19.2,3.3,8.2,.399,0.8,2.5,.344,2.4,5.7,.422,.450,0.7,0.8,.857,0.3,1.5,1.7,1.9,0.7,0.1,1.3,1.5,8.0,2002
5916,184,Allan Houston,SG,30,NYK,77,77,37.8,7.4,16.9,.437,1.8,4.5,.393,5.6,12.4,.452,.489,3.8,4.4,.870,0.5,2.8,3.3,2.5,0.7,0.1,2.2,2.4,20.4,2002
5917,185,Juwan Howard,PF,28,TOT,81,72,32.5,5.7,12.4,.460,0.0,0.0,.000,5.7,12.4,.461,.460,3.2,4.2,.761,2.8,4.8,7.6,2.1,0.6,0.6,1.9,3.3,14.6,2002
5918,185,Juwan Howard,PF,28,DAL,53,44,31.3,5.1,11.0,.462,0.0,0.0,.000,5.1,11.0,.462,.462,2.7,3.6,.754,2.6,4.8,7.4,1.8,0.5,0.6,1.5,3.2,12.9,2002
5919,185,Juwan Howard,PF,28,DEN,28,28,34.9,6.9,15.0,.457,0.0,0.0,.000,6.9,15.0,.458,.457,4.2,5.4,.770,3.0,4.9,7.9,2.7,0.6,0.6,2.6,3.4,17.9,2002
5920,186,Troy Hudson,PG,25,ORL,81,4,22.9,4.4,10.1,.434,0.8,2.3,.353,3.6,7.8,.459,.475,2.2,2.5,.876,0.4,1.4,1.8,3.1,0.7,0.1,2.0,1.5,11.7,2002
5921,187,Larry Hughes,SG,23,GSW,73,56,28.1,4.7,11.1,.423,0.2,1.3,.194,4.5,9.8,.453,.435,2.6,3.5,.737,1.1,2.2,3.4,4.3,1.5,0.3,2.3,2.1,12.3,2002
5922,188,Lindsey Hunter,PG,31,LAL,82,47,19.7,2.3,6.0,.382,1.0,2.5,.380,1.3,3.4,.383,.462,0.2,0.5,.500,0.2,1.3,1.5,1.6,0.8,0.2,0.7,1.5,5.8,2002
5923,189,Steven Hunter,C,20,ORL,53,21,9.7,1.3,2.8,.456,0.0,0.0,,1.3,2.8,.456,.456,1.0,1.8,.585,0.8,1.1,1.8,0.1,0.1,0.8,0.3,1.5,3.6,2002
5924,190,Zydrunas Ilgauskas,C,26,CLE,62,23,21.4,3.9,9.1,.425,0.0,0.1,.000,3.9,9.1,.429,.425,3.4,4.5,.754,2.2,3.2,5.4,1.1,0.3,1.4,1.5,3.0,11.1,2002
5925,191,Allen Iverson*,SG,26,PHI,60,59,43.7,11.1,27.8,.398,1.3,4.5,.291,9.8,23.4,.419,.422,7.9,9.8,.812,0.7,3.8,4.5,5.5,2.8,0.2,4.0,1.7,31.4,2002
5926,192,Bobby Jackson,PG,28,SAC,81,3,21.6,4.1,9.3,.443,1.0,2.7,.361,3.1,6.6,.477,.495,1.8,2.3,.810,1.0,2.1,3.1,2.0,0.9,0.1,1.1,1.8,11.1,2002
5927,193,Jaren Jackson,SG,34,ORL,9,0,16.0,1.7,4.1,.405,0.8,2.2,.350,0.9,1.9,.471,.500,0.2,0.4,.500,0.1,1.8,1.9,0.9,0.6,0.0,0.9,1.4,4.3,2002
5928,194,Jermaine Jackson,SG,25,TOR,24,0,11.7,0.8,1.8,.476,0.0,0.1,.500,0.8,1.7,.475,.488,0.7,1.0,.667,0.1,1.0,1.1,2.4,0.4,0.0,0.6,1.0,2.4,2002
5929,195,Jim Jackson,SF,31,MIA,55,19,33.2,4.3,9.8,.442,0.7,1.5,.469,3.6,8.3,.438,.478,1.4,1.6,.862,1.0,4.3,5.3,2.5,0.8,0.3,1.9,2.6,10.7,2002
5930,196,Marc Jackson,C,27,TOT,39,0,12.7,1.5,4.2,.366,0.0,0.0,.000,1.5,4.2,.368,.366,1.7,2.1,.825,1.2,2.1,3.3,0.4,0.3,0.2,0.8,1.8,4.8,2002
5931,196,Marc Jackson,C,27,GSW,17,0,9.9,1.3,3.8,.338,0.0,0.0,,1.3,3.8,.338,.338,2.4,2.8,.833,1.0,1.5,2.5,0.4,0.3,0.2,0.7,1.5,4.9,2002
5932,196,Marc Jackson,C,27,MIN,22,0,14.8,1.7,4.5,.384,0.0,0.0,.000,1.7,4.5,.388,.384,1.2,1.5,.813,1.4,2.5,3.9,0.3,0.3,0.1,0.8,2.0,4.6,2002
5933,197,Mark Jackson,PG,36,NYK,82,82,28.9,3.2,7.2,.439,1.0,2.4,.405,2.2,4.8,.456,.506,1.1,1.3,.791,0.7,3.1,3.8,7.4,0.9,0.0,1.8,2.0,8.4,2002
5934,198,Stephen Jackson,SF,23,SAS,23,1,9.9,1.5,4.0,.374,0.4,1.6,.250,1.1,2.4,.455,.423,0.5,0.7,.706,0.1,1.0,1.1,0.5,0.7,0.1,1.0,1.3,3.9,2002
5935,199,Jerome James,C,26,SEA,56,40,16.9,2.4,4.9,.491,0.0,0.0,,2.4,4.9,.491,.491,0.5,1.1,.500,1.6,2.6,4.1,0.4,0.4,1.5,1.3,3.1,5.3,2002
5936,200,Mike James,PG,26,MIA,15,0,7.9,1.0,2.9,.349,0.5,1.4,.381,0.5,1.5,.318,.442,0.3,0.5,.571,0.1,0.8,0.9,1.3,0.4,0.1,0.9,1.1,2.8,2002
5937,Rk,Player,Pos,Age,Tm,G,GS,MP,FG,FGA,FG%,3P,3PA,3P%,2P,2PA,2P%,eFG%,FT,FTA,FT%,ORB,DRB,TRB,AST,STL,BLK,TOV,PF,PTS,2002
5938,201,Tim James,SF,25,PHI,9,0,4.6,0.6,1.4,.385,0.0,0.0,,0.6,1.4,.385,.385,0.2,0.7,.333,0.6,0.2,0.8,0.1,0.0,0.1,0.3,0.6,1.3,2002
5939,202,Antawn Jamison,SF,25,GSW,82,82,37.0,7.5,16.8,.447,0.8,2.6,.324,6.7,14.2,.469,.471,3.9,5.4,.734,2.6,4.2,6.8,2.0,0.9,0.5,2.0,2.3,19.7,2002
5940,203,Harold Jamison,PF,25,LAC,25,2,7.0,0.9,1.7,.512,0.0,0.0,,0.9,1.7,.512,.512,0.4,0.6,.667,1.0,0.6,1.6,0.2,0.2,0.0,0.2,0.9,2.2,2002
5941,204,Richard Jefferson,SF,21,NJN,79,9,24.3,3.4,7.5,.457,0.2,0.7,.232,3.3,6.8,.480,.468,2.4,3.4,.713,1.1,2.6,3.7,1.8,0.8,0.6,1.4,2.7,9.4,2002
5942,205,Anthony Johnson,SG,27,NJN,34,0,10.8,1.1,2.6,.411,0.1,0.4,.333,1.0,2.3,.423,.433,0.5,0.7,.640,0.3,0.6,0.9,1.4,0.9,0.0,0.6,0.9,2.8,2002
5943,206,Avery Johnson,PG,36,TOT,68,13,19.9,3.0,6.4,.479,0.0,0.1,.000,3.0,6.3,.485,.479,1.8,2.4,.742,0.2,0.8,1.0,4.2,0.6,0.1,1.1,1.3,7.9,2002
5944,206,Avery Johnson,PG,36,DEN,51,13,23.5,3.6,7.5,.486,0.0,0.1,.000,3.6,7.4,.492,.486,2.1,2.9,.747,0.3,1.0,1.3,5.1,0.7,0.2,1.3,1.4,9.4,2002
5945,206,Avery Johnson,PG,36,DAL,17,0,8.9,1.2,2.9,.429,0.0,0.0,,1.2,2.9,.429,.429,0.7,1.0,.706,0.0,0.3,0.3,1.6,0.3,0.1,0.5,1.0,3.2,2002
5946,207,DerMarr Johnson,SF,21,ATL,72,46,24.0,3.0,7.5,.396,1.2,3.4,.360,1.7,4.1,.427,.479,1.2,1.5,.810,0.8,2.6,3.4,1.1,0.9,0.8,1.4,2.3,8.4,2002
5947,208,Ervin Johnson,C,34,MIL,81,9,20.5,1.1,2.4,.461,0.0,0.0,.000,1.1,2.4,.464,.461,0.4,0.8,.455,1.8,4.0,5.8,0.3,0.5,1.0,0.6,2.7,2.6,2002
5948,209,Joe Johnson,SG,20,TOT,77,60,24.9,3.3,7.6,.430,0.5,1.7,.292,2.8,5.9,.469,.462,0.5,0.7,.774,1.0,2.4,3.3,2.3,0.8,0.3,0.9,1.5,7.5,2002
5949,209,Joe Johnson,SG,20,BOS,48,33,20.9,2.7,6.2,.439,0.5,1.8,.273,2.2,4.3,.510,.480,0.4,0.5,.769,0.8,2.1,2.9,1.5,0.7,0.2,0.6,1.2,6.3,2002
5950,209,Joe Johnson,SG,20,PHO,29,27,31.5,4.2,9.9,.420,0.5,1.4,.333,3.7,8.5,.435,.444,0.7,0.9,.778,1.2,2.9,4.1,3.6,0.9,0.4,1.5,1.9,9.6,2002
5951,210,Alvin Jones,C,23,PHI,23,2,5.5,0.3,0.9,.400,0.0,0.0,,0.3,0.9,.400,.400,0.4,0.9,.500,0.6,1.0,1.6,0.1,0.1,0.4,0.5,1.5,1.1,2002
5952,211,Damon Jones,PG,25,DET,67,0,16.2,1.7,4.2,.401,1.0,2.8,.371,0.7,1.5,.459,.523,0.6,0.9,.729,0.2,1.3,1.5,2.1,0.3,0.0,0.9,1.2,5.1,2002
5953,212,Eddie Jones,SG,30,MIA,81,81,39.0,6.4,14.8,.432,1.8,4.7,.390,4.5,10.1,.451,.494,3.7,4.4,.837,0.8,3.9,4.7,3.2,1.4,1.0,1.8,3.2,18.3,2002
5954,213,Jumaine Jones,PF,22,CLE,81,36,26.4,3.5,7.9,.448,0.6,2.1,.310,2.9,5.8,.498,.489,0.6,0.8,.662,1.5,4.5,6.0,1.4,0.9,0.6,1.0,2.3,8.3,2002
5955,214,Popeye Jones,PF,31,WAS,79,40,24.3,2.8,6.4,.437,0.1,0.1,.364,2.8,6.3,.439,.441,1.3,1.6,.815,2.9,4.4,7.3,1.6,0.6,0.2,1.1,2.6,7.0,2002
5956,215,Michael Jordan*,SF,38,WAS,60,53,34.9,9.2,22.1,.416,0.2,0.9,.189,9.0,21.2,.426,.420,4.4,5.6,.790,0.8,4.8,5.7,5.2,1.4,0.4,2.7,2.0,22.9,2002
5957,216,Shawn Kemp,PF,32,POR,75,5,16.4,2.3,5.4,.430,0.0,0.1,.000,2.3,5.4,.434,.430,1.4,1.7,.794,1.2,2.6,3.8,0.7,0.6,0.4,1.1,2.5,6.1,2002
5958,217,Steve Kerr,PG,36,POR,65,0,11.9,1.6,3.3,.470,0.4,1.0,.394,1.2,2.3,.503,.530,0.6,0.6,.975,0.1,0.8,0.9,1.0,0.2,0.0,0.4,0.8,4.1,2002
5959,218,Jason Kidd*,PG,28,NJN,82,82,37.3,5.4,13.9,.391,1.4,4.4,.321,4.0,9.4,.424,.442,2.5,3.0,.814,1.6,5.7,7.3,9.9,2.1,0.2,3.5,1.7,14.7,2002
5960,219,Andrei Kirilenko,SF,20,UTA,82,40,26.2,3.5,7.7,.450,0.3,1.2,.250,3.2,6.5,.488,.470,3.5,4.5,.768,1.8,3.1,4.9,1.1,1.4,1.9,1.3,1.9,10.7,2002
5961,220,Kerry Kittles,SG,27,NJN,82,82,31.7,5.3,11.5,.466,1.2,3.0,.405,4.1,8.5,.487,.518,1.6,2.1,.744,0.8,2.5,3.4,2.6,1.6,0.4,1.3,1.3,13.4,2002
5962,Rk,Player,Pos,Age,Tm,G,GS,MP,FG,FGA,FG%,3P,3PA,3P%,2P,2PA,2P%,eFG%,FT,FTA,FT%,ORB,DRB,TRB,AST,STL,BLK,TOV,PF,PTS,2002
5963,221,Brevin Knight,PG,26,MEM,53,11,21.7,2.7,6.3,.422,0.0,0.2,.250,2.6,6.2,.426,.425,1.6,2.2,.757,0.2,1.8,2.1,5.7,1.5,0.1,2.1,2.5,7.0,2002
5964,222,Travis Knight,C,27,NYK,49,0,8.8,0.8,2.3,.363,0.0,0.0,,0.8,2.3,.363,.363,0.3,0.4,.762,1.0,1.1,2.1,0.2,0.2,0.2,0.6,1.9,2.0,2002
5965,223,Toni Kukoč*,SF,33,ATL,59,9,25.3,3.6,8.5,.419,0.9,2.9,.310,2.7,5.6,.474,.471,1.8,2.6,.712,0.7,3.0,3.7,3.6,0.8,0.3,1.9,1.5,9.9,2002
5966,224,Christian Laettner,PF,32,WAS,57,48,25.3,2.9,6.4,.464,0.0,0.2,.200,2.9,6.2,.472,.467,1.2,1.3,.868,1.3,4.0,5.3,2.6,1.1,0.4,1.5,2.3,7.1,2002
5967,225,Raef LaFrentz,C,25,TOT,78,76,31.5,5.4,11.8,.458,1.3,3.4,.388,4.1,8.4,.486,.514,1.3,1.9,.695,2.3,5.2,7.4,1.1,0.7,2.7,1.2,3.6,13.5,2002
5968,225,Raef LaFrentz,C,25,DEN,51,51,32.7,6.0,12.9,.466,1.5,3.4,.434,4.5,9.5,.477,.523,1.4,2.1,.667,2.3,5.1,7.4,1.2,0.6,3.0,1.2,3.4,14.9,2002
5969,225,Raef LaFrentz,C,25,DAL,27,25,29.1,4.2,9.7,.437,1.1,3.5,.305,3.1,6.1,.512,.492,1.3,1.7,.761,2.2,5.2,7.4,1.1,0.9,2.2,1.3,4.0,10.8,2002
5970,226,Trajan Langdon,SG,25,CLE,44,0,10.8,1.6,4.0,.398,0.6,1.7,.365,1.0,2.3,.422,.474,1.0,1.0,.913,0.3,1.0,1.3,1.4,0.3,0.1,0.9,1.1,4.8,2002
5971,227,Dan Langhi,SF,24,HOU,34,8,12.8,1.4,3.7,.392,0.0,0.1,.250,1.4,3.6,.397,.396,0.2,0.3,.727,0.6,1.3,2.0,0.4,0.2,0.1,0.3,0.7,3.1,2002
5972,228,Rusty LaRue,PG,28,UTA,33,0,16.4,2.2,5.6,.395,0.5,1.5,.340,1.7,4.1,.415,.441,0.9,1.1,.857,0.3,1.2,1.5,2.2,0.5,0.2,1.3,1.8,5.8,2002
5973,229,Voshon Lenard,SG,28,DEN,71,19,23.5,4.4,10.8,.410,1.3,3.4,.371,3.2,7.5,.427,.467,1.3,1.7,.783,0.5,2.0,2.6,1.8,0.8,0.4,1.3,1.5,11.5,2002
5974,230,Quincy Lewis,SG,24,UTA,36,19,13.6,1.8,4.0,.448,0.1,0.5,.167,1.7,3.5,.488,.458,0.4,0.6,.650,0.3,0.9,1.2,1.0,0.6,0.3,0.9,2.5,4.0,2002
5975,231,Rashard Lewis,SF,22,SEA,71,70,36.4,6.4,13.7,.468,1.7,4.5,.389,4.7,9.2,.506,.531,2.3,2.8,.810,2.0,5.1,7.0,1.7,1.5,0.6,1.4,2.5,16.8,2002
5976,232,Randy Livingston,PG,26,SEA,13,0,13.5,1.2,4.2,.278,0.1,0.6,.125,1.1,3.5,.304,.287,0.8,0.8,.909,0.7,1.2,1.9,2.0,0.7,0.2,0.2,0.8,3.2,2002
5977,233,Art Long,PF,29,SEA,63,27,15.7,1.9,3.9,.492,0.0,0.0,,1.9,3.9,.492,.492,0.7,1.3,.529,1.7,2.3,4.0,0.7,0.3,0.4,1.0,2.9,4.5,2002
5978,234,Grant Long,PF,35,MEM,66,56,28.3,2.5,5.8,.426,0.0,0.3,.176,2.4,5.6,.438,.430,1.3,1.9,.699,0.5,3.0,3.5,2.1,1.0,0.2,1.6,1.9,6.3,2002
5979,235,Felipe López,SG,27,MIN,67,0,8.7,0.9,2.3,.378,0.2,0.5,.424,0.7,1.8,.366,.423,0.6,0.8,.673,0.4,0.8,1.2,0.6,0.3,0.0,0.5,1.1,2.5,2002
5980,236,Tyronn Lue,PG,24,WAS,71,0,20.5,3.1,7.3,.427,0.9,2.0,.447,2.2,5.3,.420,.488,0.7,0.9,.762,0.2,1.5,1.7,3.5,0.7,0.0,1.4,1.7,7.8,2002
5981,237,George Lynch,SF,31,CHH,45,18,19.8,1.6,4.4,.369,0.0,0.1,.167,1.6,4.3,.375,.371,0.6,0.9,.625,1.6,2.6,4.1,1.2,0.9,0.3,0.9,1.7,3.8,2002
5982,238,Todd MacCulloch,C,26,NJN,62,61,24.2,4.0,7.5,.531,0.0,0.0,,4.0,7.5,.531,.531,1.8,2.6,.671,2.5,3.6,6.1,1.3,0.4,1.4,1.1,2.9,9.7,2002
5983,239,Sam Mack,SF,31,MIA,12,1,13.3,1.2,4.1,.286,0.6,2.3,.250,0.6,1.8,.333,.357,0.4,0.6,.714,0.2,1.0,1.2,0.3,0.4,0.1,0.6,1.4,3.3,2002
5984,240,Mark Madsen,PF,26,LAL,59,5,11.0,1.1,2.5,.452,0.0,0.0,.000,1.1,2.4,.458,.452,0.6,0.9,.648,1.5,1.2,2.7,0.7,0.3,0.2,0.4,1.8,2.8,2002
5985,Rk,Player,Pos,Age,Tm,G,GS,MP,FG,FGA,FG%,3P,3PA,3P%,2P,2PA,2P%,eFG%,FT,FTA,FT%,ORB,DRB,TRB,AST,STL,BLK,TOV,PF,PTS,2002
5986,241,Corey Maggette,SG,22,LAC,63,52,25.6,3.7,8.4,.443,0.7,2.2,.331,3.0,6.2,.483,.487,3.2,4.0,.801,0.9,2.8,3.7,1.8,0.7,0.3,1.8,2.5,11.4,2002
5987,242,Jamaal Magloire,C,23,CHH,82,8,18.9,2.8,5.0,.551,0.0,0.0,.000,2.8,5.0,.552,.551,3.0,4.1,.730,1.9,3.8,5.6,0.4,0.3,1.0,1.4,2.5,8.5,2002
5988,243,Dan Majerle,SG,36,PHO,65,1,18.2,1.5,4.4,.343,1.2,3.6,.336,0.3,0.8,.370,.479,0.4,0.6,.590,0.4,2.3,2.7,1.4,0.7,0.2,0.5,1.6,4.6,2002
5989,244,Karl Malone*,PF,38,UTA,80,80,38.0,7.9,17.5,.454,0.1,0.3,.360,7.8,17.2,.456,.457,6.4,8.0,.797,1.8,6.8,8.6,4.3,1.9,0.7,3.3,2.9,22.4,2002
5990,245,Danny Manning,PF,35,DAL,41,10,13.5,1.7,3.6,.477,0.0,0.2,.143,1.7,3.5,.493,.480,0.5,0.8,.667,0.6,2.0,2.6,0.7,0.5,0.5,0.6,2.0,4.0,2002
5991,246,Stephon Marbury,PG,24,PHO,82,80,38.9,7.6,17.2,.442,0.9,3.0,.286,6.8,14.2,.476,.467,4.3,5.5,.781,0.9,2.3,3.2,8.1,0.9,0.2,3.5,2.3,20.4,2002
5992,247,Shawn Marion,SF,23,PHO,81,81,38.4,8.1,17.2,.469,0.6,1.5,.393,7.5,15.7,.476,.486,2.4,2.8,.845,2.6,7.3,9.9,2.0,1.8,1.1,1.8,2.6,19.1,2002
5993,248,Sean Marks,C,26,MIA,21,6,15.2,1.8,4.2,.432,0.0,0.0,,1.8,4.2,.432,.432,1.0,1.6,.588,0.9,2.7,3.6,0.4,0.2,0.5,0.9,1.9,4.6,2002
5994,249,Donny Marshall,SF,29,NJN,20,0,5.9,0.4,1.5,.276,0.1,0.2,.500,0.3,1.3,.240,.310,0.6,0.9,.667,0.4,0.7,1.1,0.3,0.2,0.0,0.1,0.7,1.5,2002
5995,250,Donyell Marshall,SF,28,UTA,58,42,30.2,5.9,11.4,.519,0.2,0.7,.310,5.7,10.7,.533,.529,2.8,3.9,.708,2.7,4.9,7.6,1.7,0.9,1.2,2.1,2.6,14.8,2002
5996,251,Darrick Martin,PG,30,DAL,3,0,7.3,0.0,3.3,.000,0.0,0.7,.000,0.0,2.7,.000,.000,0.3,0.7,.500,0.0,0.3,0.3,1.0,0.7,0.0,0.3,1.3,0.3,2002
5997,252,Kenyon Martin,PF,24,NJN,73,73,34.3,6.1,13.2,.463,0.2,0.9,.224,5.9,12.3,.480,.470,2.5,3.7,.678,1.5,3.8,5.3,2.6,1.2,1.7,2.4,3.6,14.9,2002
5998,253,Jamal Mashburn,SF,29,CHH,40,40,40.0,7.6,18.6,.407,1.0,2.8,.366,6.6,15.8,.415,.435,5.3,6.0,.876,0.8,5.3,6.1,4.3,1.1,0.2,2.8,2.0,21.5,2002
5999,254,Anthony Mason,PF,35,MIL,82,82,38.3,3.9,7.6,.505,0.0,0.0,1.000,3.8,7.6,.504,.506,1.9,2.7,.697,1.5,6.4,7.9,4.2,0.7,0.3,1.6,2.3,9.6,2002
6000,255,Desmond Mason,SF,24,SEA,75,20,32.3,4.8,10.3,.464,0.2,0.8,.271,4.5,9.5,.480,.475,2.7,3.2,.848,1.2,3.5,4.7,1.4,0.9,0.4,1.4,2.3,12.4,2002
6001,256,Tony Massenburg,PF,34,MEM,73,31,17.1,2.2,4.8,.456,0.0,0.0,1.000,2.2,4.8,.454,.457,1.2,1.6,.718,1.4,3.1,4.4,0.4,0.4,0.4,0.9,2.4,5.5,2002
6002,257,Walter McCarty,PF,27,BOS,56,0,12.8,1.4,3.2,.444,0.7,1.8,.394,0.7,1.4,.506,.553,0.2,0.3,.684,0.6,1.7,2.3,0.7,0.3,0.1,0.4,1.5,3.8,2002
6003,258,Amal McCaskill,C,28,SAS,27,0,5.7,0.7,1.8,.408,0.0,0.0,,0.7,1.8,.408,.408,0.4,1.0,.462,0.6,0.7,1.3,0.1,0.2,0.4,0.5,0.9,1.9,2002
6004,259,George McCloud,SF,34,DEN,69,26,26.5,3.0,8.3,.358,0.9,3.2,.270,2.1,5.1,.412,.410,1.9,2.4,.810,1.0,2.7,3.6,3.0,0.8,0.3,2.1,2.5,8.8,2002
6005,260,Jelani McCoy,C,24,LAL,21,0,5.0,0.6,1.0,.571,0.0,0.0,,0.6,1.0,.571,.571,0.1,0.4,.250,0.4,0.8,1.2,0.3,0.0,0.2,0.4,0.7,1.2,2002
6006,Rk,Player,Pos,Age,Tm,G,GS,MP,FG,FGA,FG%,3P,3PA,3P%,2P,2PA,2P%,eFG%,FT,FTA,FT%,ORB,DRB,TRB,AST,STL,BLK,TOV,PF,PTS,2002
6007,261,Antonio McDyess,PF,27,DEN,10,10,23.6,4.3,7.5,.573,0.0,0.0,,4.3,7.5,.573,.573,2.7,3.3,.818,1.8,3.7,5.5,1.8,1.0,0.8,2.0,2.0,11.3,2002
6008,262,Tracy McGrady*,SG,22,ORL,76,76,38.3,9.4,20.9,.451,1.4,3.7,.364,8.1,17.1,.470,.483,5.5,7.3,.748,2.0,5.9,7.9,5.3,1.6,1.0,2.5,1.8,25.6,2002
6009,263,Jeff McInnis,PG,27,LAC,81,80,37.4,5.7,13.8,.413,0.9,2.9,.321,4.8,11.0,.437,.446,2.3,2.7,.836,0.6,2.1,2.6,6.2,0.8,0.1,1.8,2.5,14.6,2002
6010,264,Derrick McKey,SF,35,PHI,41,1,19.1,1.3,3.0,.426,0.1,0.3,.417,1.1,2.7,.427,.447,0.2,0.3,.714,1.2,1.9,3.1,1.1,1.0,0.1,0.5,2.2,2.9,2002
6011,265,Aaron McKie,SG,29,PHI,48,16,30.6,4.6,10.2,.449,1.1,2.7,.398,3.5,7.5,.467,.501,2.0,2.5,.787,0.5,3.5,4.0,3.7,1.2,0.3,1.9,1.5,12.2,2002
6012,266,Stanislav Medvedenko,C,22,LAL,71,6,10.3,2.0,4.3,.477,0.0,0.1,.000,2.0,4.2,.483,.477,0.6,0.9,.661,1.2,1.0,2.2,0.6,0.4,0.2,0.6,1.7,4.7,2002
6013,267,Ron Mercer,SG,25,TOT,53,41,32.4,5.9,14.8,.397,0.3,1.2,.290,5.5,13.6,.406,.408,1.8,2.2,.798,0.9,2.4,3.4,2.4,0.6,0.2,1.7,2.0,13.9,2002
6014,267,Ron Mercer,SG,25,CHI,40,40,37.6,7.2,17.9,.399,0.4,1.4,.298,6.7,16.5,.408,.411,2.1,2.7,.778,1.1,2.8,3.9,3.0,0.8,0.3,2.0,2.2,16.8,2002
6015,267,Ron Mercer,SG,25,IND,13,1,16.4,1.9,5.2,.373,0.1,0.4,.200,1.8,4.8,.387,.381,0.8,0.8,1.000,0.5,1.3,1.8,0.8,0.2,0.2,0.7,1.7,4.8,2002
6016,268,Chris Mihm,C,22,CLE,74,60,22.4,3.0,7.1,.420,0.0,0.1,.429,2.9,7.0,.420,.423,1.7,2.4,.693,1.8,3.5,5.3,0.3,0.2,1.2,1.3,3.5,7.7,2002
6017,269,Darius Miles,SF,20,LAC,82,6,27.2,3.8,7.8,.481,0.0,0.2,.158,3.7,7.6,.491,.484,1.9,3.1,.620,1.3,4.2,5.5,2.2,0.9,1.3,2.0,2.2,9.5,2002
6018,270,Andre Miller,PG,25,CLE,81,81,37.3,5.9,12.9,.454,0.3,1.1,.253,5.6,11.8,.472,.464,4.5,5.5,.817,1.3,3.3,4.7,10.9,1.6,0.4,3.0,2.8,16.5,2002
6019,271,Brad Miller,C,25,TOT,76,75,29.8,4.8,9.6,.499,0.0,0.1,.429,4.8,9.6,.500,.501,3.9,5.0,.775,3.3,4.9,8.2,2.0,1.0,0.5,1.5,3.2,13.6,2002
6020,271,Brad Miller,C,25,CHI,48,47,29.0,4.3,9.4,.460,0.0,0.1,.500,4.3,9.3,.460,.462,4.0,5.3,.751,3.7,4.7,8.4,2.1,1.1,0.6,1.5,3.3,12.7,2002
6021,271,Brad Miller,C,25,IND,28,28,31.1,5.6,10.0,.562,0.0,0.1,.333,5.6,9.9,.565,.564,3.8,4.6,.823,2.7,5.1,7.9,1.8,0.9,0.4,1.5,3.1,15.1,2002
6022,272,Mike Miller,SF,21,ORL,63,53,33.7,5.6,12.7,.438,1.8,4.8,.383,3.7,7.9,.471,.510,2.2,2.9,.762,0.8,3.6,4.3,3.1,0.7,0.4,1.7,2.3,15.2,2002
6023,273,Reggie Miller*,SG,36,IND,79,79,36.6,5.2,11.6,.453,2.3,5.6,.406,3.0,5.9,.498,.552,3.7,4.1,.911,0.3,2.5,2.8,3.2,1.1,0.1,1.5,1.8,16.5,2002
6024,274,Chris Mills,SF,32,GSW,66,0,18.7,2.7,6.5,.417,0.7,1.9,.378,2.0,4.5,.433,.473,1.3,1.6,.794,0.8,2.1,2.9,1.1,0.5,0.2,0.8,1.8,7.4,2002
6025,275,Sam Mitchell,SF,38,MIN,74,10,9.8,1.3,3.1,.432,0.1,0.5,.286,1.2,2.6,.458,.454,0.5,0.7,.776,0.2,0.9,1.1,0.6,0.2,0.1,0.4,1.1,3.3,2002
6026,276,Cuttino Mobley,SG,26,HOU,74,74,42.1,8.0,18.4,.438,2.0,5.1,.395,6.0,13.3,.455,.493,3.6,4.2,.850,0.9,3.2,4.1,2.5,1.5,0.5,2.4,2.6,21.7,2002
6027,277,Nazr Mohammed,C,24,ATL,82,73,26.4,4.0,8.7,.461,0.0,0.0,.000,4.0,8.7,.462,.461,1.7,2.7,.617,3.0,5.0,7.9,0.4,0.8,0.7,1.4,3.1,9.7,2002
6028,278,Jérôme Moïso,C,23,CHH,15,0,5.1,0.5,1.3,.400,0.0,0.0,,0.5,1.3,.400,.400,0.0,0.0,,0.3,1.4,1.7,0.3,0.2,0.1,0.5,0.8,1.1,2002
6029,279,Eric Montross,C,30,TOR,49,24,13.4,1.1,2.7,.402,0.0,0.0,.000,1.1,2.7,.405,.402,0.2,0.6,.323,0.7,2.1,2.9,0.3,0.2,0.5,0.5,1.9,2.4,2002
6030,280,Mikki Moore,C,26,DET,30,0,7.2,1.0,2.0,.475,0.0,0.1,.500,0.9,2.0,.475,.484,0.7,0.9,.769,0.7,1.0,1.8,0.4,0.2,0.3,0.5,1.2,2.6,2002
6031,Rk,Player,Pos,Age,Tm,G,GS,MP,FG,FGA,FG%,3P,3PA,3P%,2P,2PA,2P%,eFG%,FT,FTA,FT%,ORB,DRB,TRB,AST,STL,BLK,TOV,PF,PTS,2002
6032,281,Terence Morris,SF,23,HOU,68,12,16.3,1.6,4.3,.384,0.2,1.1,.192,1.4,3.1,.455,.410,0.3,0.4,.643,1.1,2.0,3.1,0.9,0.3,0.4,0.7,1.1,3.8,2002
6033,282,Hanno Möttölä,C,25,ATL,82,14,16.7,2.1,4.7,.440,0.0,0.2,.077,2.0,4.5,.453,.441,0.7,0.9,.750,1.0,2.3,3.3,0.6,0.2,0.2,0.9,2.1,4.8,2002
6034,283,Alonzo Mourning*,C,31,MIA,75,74,32.7,6.0,11.5,.516,0.0,0.0,.333,5.9,11.5,.517,.517,3.8,5.7,.657,2.4,6.0,8.4,1.2,0.4,2.5,2.4,3.4,15.7,2002
6035,284,Troy Murphy,PF,21,GSW,82,4,17.7,2.2,5.2,.421,0.0,0.1,.333,2.1,5.0,.423,.424,1.5,1.9,.776,1.2,2.7,3.9,0.9,0.4,0.3,1.0,2.6,5.9,2002
6036,285,Lamond Murray,SF,28,CLE,71,68,32.6,6.1,13.9,.436,1.4,3.4,.424,4.6,10.5,.440,.487,3.0,3.7,.817,1.1,4.1,5.2,2.2,1.0,0.6,2.0,2.1,16.6,2002
6037,286,Tracy Murray,SF,30,TOR,40,3,11.8,2.1,5.2,.411,1.0,2.6,.385,1.1,2.6,.437,.507,0.4,0.5,.810,0.5,0.9,1.3,0.5,0.3,0.2,0.6,1.0,5.7,2002
6038,287,Dikembe Mutombo*,C,35,PHI,80,80,36.3,4.0,8.0,.501,0.0,0.0,,4.0,8.0,.501,.501,3.5,4.6,.764,3.2,7.6,10.8,1.0,0.4,2.4,2.0,3.0,11.5,2002
6039,288,Mamadou N'Diaye,C,26,TOR,5,0,9.2,1.2,2.0,.600,0.0,0.0,,1.2,2.0,.600,.600,1.6,2.0,.800,1.2,1.0,2.2,0.0,0.0,0.4,0.2,1.2,4.0,2002
6040,289,Lee Nailon,SF,26,CHH,79,41,24.2,4.7,9.7,.483,0.0,0.0,.500,4.7,9.6,.483,.484,1.4,1.9,.747,1.3,2.4,3.7,1.2,0.7,0.2,1.2,2.2,10.8,2002
6041,290,Eduardo Nájera,PF,25,DAL,62,11,21.9,2.4,4.8,.500,0.0,0.0,.000,2.4,4.8,.503,.500,1.6,2.4,.676,2.4,3.1,5.5,0.6,0.9,0.5,0.6,2.5,6.5,2002
6042,291,Steve Nash*,PG,27,DAL,82,82,34.6,6.4,13.3,.483,1.9,4.2,.455,4.5,9.1,.495,.554,3.2,3.6,.887,0.6,2.5,3.1,7.7,0.6,0.0,2.8,2.0,17.9,2002
6043,292,Tyrone Nesby,SF,26,WAS,70,9,21.4,2.6,6.0,.435,0.2,0.7,.277,2.4,5.3,.455,.450,0.9,1.3,.688,1.5,3.0,4.5,1.3,0.9,0.3,0.7,2.3,6.3,2002
6044,293,Rasho Nesterović,C,25,MIN,82,82,27.0,4.0,8.0,.493,0.0,0.0,.000,4.0,8.0,.494,.493,0.5,0.9,.549,2.4,4.1,6.5,0.9,0.5,1.3,1.1,3.2,8.4,2002
6045,294,Ira Newble,SF,27,ATL,42,35,30.3,3.1,6.3,.498,0.0,0.2,.143,3.1,6.1,.508,.500,1.8,2.1,.852,1.9,3.4,5.3,1.1,0.9,0.5,1.2,2.8,8.0,2002
6046,295,Johnny Newman,SF,38,DAL,47,17,15.4,1.4,3.1,.453,0.5,1.2,.386,1.0,1.9,.495,.527,0.9,1.2,.724,0.2,0.9,1.0,0.3,0.6,0.1,0.4,1.9,4.2,2002
6047,296,Moochie Norris,PG,28,HOU,82,26,27.4,3.1,7.7,.398,0.4,1.6,.269,2.6,6.1,.433,.426,1.5,2.1,.751,0.9,2.1,3.0,4.9,1.0,0.0,1.9,1.6,8.1,2002
6048,297,Dirk Nowitzki,C,23,DAL,76,76,38.0,7.9,16.6,.477,1.8,4.6,.397,6.1,11.9,.508,.532,5.8,6.8,.853,1.6,8.4,9.9,2.4,1.1,1.0,1.9,2.9,23.4,2002
6049,298,Jermaine O'Neal,PF,23,IND,72,72,37.6,7.5,15.7,.479,0.0,0.2,.071,7.5,15.5,.484,.480,3.9,5.7,.688,2.6,7.9,10.5,1.6,0.6,2.3,2.4,3.7,19.0,2002
6050,299,Shaquille O'Neal*,C,29,LAL,67,66,36.1,10.6,18.3,.579,0.0,0.0,.000,10.6,18.3,.580,.579,5.9,10.7,.555,3.5,7.2,10.7,3.0,0.6,2.0,2.6,3.0,27.2,2002
6051,300,Charles Oakley,PF,38,CHI,57,36,24.3,1.7,4.6,.369,0.0,0.1,.167,1.7,4.5,.374,.371,0.4,0.5,.750,1.3,4.8,6.0,2.0,0.9,0.2,1.5,3.1,3.8,2002
6052,Rk,Player,Pos,Age,Tm,G,GS,MP,FG,FGA,FG%,3P,3PA,3P%,2P,2PA,2P%,eFG%,FT,FTA,FT%,ORB,DRB,TRB,AST,STL,BLK,TOV,PF,PTS,2002
6053,301,Lamar Odom,SF,22,LAC,29,25,34.4,5.2,12.4,.419,0.6,2.9,.190,4.7,9.5,.489,.442,2.1,3.2,.656,1.1,5.0,6.1,5.9,0.8,1.2,3.3,3.1,13.1,2002
6054,302,Hakeem Olajuwon*,C,39,TOR,61,37,22.6,3.2,6.9,.464,0.0,0.0,.000,3.2,6.8,.466,.464,0.8,1.4,.560,1.6,4.4,6.0,1.1,1.2,1.5,1.6,2.4,7.1,2002
6055,303,Dean Oliver,PG,23,GSW,20,0,7.0,0.9,2.3,.370,0.1,0.7,.154,0.8,1.7,.455,.391,0.3,0.5,.667,0.0,0.4,0.4,1.1,0.2,0.0,0.6,0.8,2.1,2002
6056,304,Kevin Ollie,PG,29,TOT,81,17,21.3,1.7,4.4,.388,0.0,0.0,.500,1.7,4.3,.387,.390,2.3,2.8,.824,0.3,2.0,2.3,3.6,0.8,0.0,1.3,1.2,5.7,2002
6057,304,Kevin Ollie,PG,29,CHI,52,17,22.0,1.9,4.9,.383,0.0,0.0,.500,1.8,4.8,.382,.385,2.1,2.5,.838,0.3,2.1,2.5,3.7,0.7,0.0,1.5,1.2,5.8,2002
6058,304,Kevin Ollie,PG,29,IND,29,0,19.9,1.4,3.4,.400,0.0,0.0,,1.4,3.4,.400,.400,2.7,3.3,.804,0.2,1.7,1.9,3.4,0.9,0.0,0.9,1.1,5.4,2002
6059,305,Michael Olowokandi,C,26,LAC,80,79,32.1,4.8,11.1,.433,0.0,0.0,,4.8,11.1,.433,.433,1.5,2.4,.622,2.1,6.8,8.9,1.1,0.7,1.8,2.2,2.7,11.1,2002
6060,306,Greg Ostertag,C,28,UTA,74,14,15.0,1.2,2.7,.453,0.0,0.0,,1.2,2.7,.453,.453,0.9,1.8,.485,1.7,2.5,4.2,0.7,0.2,1.5,0.7,2.1,3.3,2002
6061,307,Bo Outlaw,PF,30,TOT,83,36,23.2,2.0,3.6,.555,0.0,0.0,.500,2.0,3.6,.556,.557,0.5,1.2,.422,1.8,2.6,4.4,1.5,0.8,1.1,1.2,2.5,4.5,2002
6062,307,Bo Outlaw,PF,30,ORL,10,0,16.0,1.3,2.1,.619,0.0,0.0,,1.3,2.1,.619,.619,0.8,1.8,.444,1.5,1.4,2.9,0.5,0.9,0.9,1.1,2.3,3.4,2002
6063,307,Bo Outlaw,PF,30,PHO,73,36,24.2,2.1,3.8,.550,0.0,0.0,.500,2.1,3.8,.551,.552,0.5,1.2,.417,1.8,2.8,4.6,1.7,0.8,1.1,1.2,2.5,4.7,2002
6064,308,Doug Overton,PG,32,LAC,18,0,7.2,0.8,2.4,.318,0.4,1.5,.259,0.4,0.9,.412,.398,0.2,0.4,.571,0.1,0.6,0.7,0.7,0.2,0.1,0.7,0.6,2.2,2002
6065,309,Olumide Oyedeji,C,20,SEA,36,1,6.1,0.6,1.1,.537,0.0,0.0,,0.6,1.1,.537,.537,0.3,0.5,.611,0.8,1.4,2.2,0.1,0.1,0.1,0.4,1.0,1.5,2002
6066,310,Robert Pack,PG,32,MIN,16,0,15.8,1.6,4.3,.368,0.1,0.3,.250,1.5,4.0,.375,.375,0.7,0.9,.733,0.4,1.0,1.4,3.1,0.8,0.0,1.3,2.0,3.9,2002
6067,311,Scott Padgett,PF,25,UTA,75,1,17.3,2.5,5.3,.476,0.7,1.5,.434,1.9,3.8,.493,.538,1.0,1.4,.735,1.5,2.3,3.8,1.1,0.6,0.2,0.9,1.9,6.7,2002
6068,312,Milt Palacio,PG-SG,23,TOT,69,1,11.4,1.2,3.1,.383,0.2,0.6,.317,1.0,2.5,.399,.414,0.8,1.1,.730,0.2,0.9,1.1,1.2,0.4,0.1,0.6,0.9,3.3,2002
6069,312,Milt Palacio,PG,23,BOS,41,0,12.6,1.3,3.3,.385,0.3,0.8,.353,1.0,2.5,.396,.430,0.9,1.2,.706,0.2,1.0,1.2,1.3,0.5,0.1,0.6,0.9,3.7,2002
6070,312,Milt Palacio,SG,23,PHO,28,1,9.7,1.1,2.8,.380,0.0,0.3,.143,1.0,2.6,.403,.386,0.6,0.8,.783,0.1,0.7,0.8,1.0,0.3,0.0,0.6,0.8,2.8,2002
6071,313,Tony Parker,PG,19,SAS,77,72,29.4,3.5,8.3,.419,0.8,2.5,.323,2.7,5.8,.460,.467,1.4,2.1,.675,0.4,2.1,2.6,4.3,1.2,0.1,2.0,2.2,9.2,2002
6072,314,Cherokee Parks,C,29,SAS,42,1,5.6,0.7,2.0,.361,0.0,0.0,,0.7,2.0,.361,.361,0.1,0.2,.375,0.6,0.8,1.4,0.2,0.2,0.2,0.3,0.8,1.5,2002
6073,315,Ruben Patterson,SF,26,POR,75,13,23.5,4.3,8.3,.515,0.1,0.5,.250,4.1,7.8,.532,.523,2.6,3.7,.701,2.1,1.9,4.0,1.4,1.1,0.5,1.5,1.9,11.2,2002
6074,316,Gary Payton*,PG,33,SEA,82,82,40.3,9.0,19.2,.467,0.9,2.9,.314,8.1,16.4,.494,.490,3.3,4.1,.797,1.0,3.9,4.8,9.0,1.6,0.3,2.5,2.2,22.1,2002
6075,317,Anthony Peeler,SG,32,MIN,82,0,25.1,3.5,8.3,.421,1.4,3.5,.392,2.2,4.9,.441,.502,0.6,0.7,.862,0.5,2.1,2.5,2.2,0.7,0.1,0.9,1.7,9.0,2002
6076,318,Mike Penberthy,PG,27,LAL,3,0,4.0,0.3,0.7,.500,0.0,0.0,,0.3,0.7,.500,.500,1.0,1.3,.750,0.0,0.7,0.7,0.7,0.7,0.0,0.0,0.0,1.7,2002
6077,319,Elliot Perry,PG,32,MEM,2,0,24.0,2.5,5.0,.500,0.0,0.0,,2.5,5.0,.500,.500,0.5,1.0,.500,0.0,2.0,2.0,3.5,1.5,0.0,3.5,3.0,5.5,2002
6078,320,Wesley Person,SG,30,CLE,78,78,35.8,6.0,12.1,.495,1.8,4.1,.444,4.2,8.0,.521,.570,1.3,1.6,.798,0.6,3.1,3.8,2.2,1.0,0.5,0.9,1.2,15.1,2002
6079,Rk,Player,Pos,Age,Tm,G,GS,MP,FG,FGA,FG%,3P,3PA,3P%,2P,2PA,2P%,eFG%,FT,FTA,FT%,ORB,DRB,TRB,AST,STL,BLK,TOV,PF,PTS,2002
6080,321,Morris Peterson,SF,24,TOR,63,56,31.6,5.3,12.2,.438,1.3,3.7,.364,4.0,8.5,.469,.492,2.0,2.7,.751,1.4,2.1,3.5,2.4,1.2,0.2,1.4,2.8,14.0,2002
6081,322,Eric Piatkowski,SG,31,LAC,71,64,24.2,2.9,6.6,.439,1.6,3.4,.466,1.4,3.3,.412,.557,1.4,1.6,.894,0.6,2.0,2.6,1.6,0.6,0.2,0.9,1.5,8.8,2002
6082,323,Paul Pierce*,SG,24,BOS,82,82,40.3,8.6,19.5,.442,2.6,6.3,.404,6.1,13.1,.461,.508,6.3,7.8,.809,1.0,5.9,6.9,3.2,1.9,1.0,2.9,2.9,26.1,2002
6083,324,Scottie Pippen*,SF,36,POR,62,60,32.2,4.0,9.7,.411,0.9,2.9,.305,3.1,6.8,.455,.456,1.8,2.4,.774,1.2,3.9,5.2,5.9,1.6,0.6,2.8,2.6,10.6,2002
6084,325,Scot Pollard,C,26,SAC,80,29,23.5,2.5,4.5,.550,0.0,0.0,,2.5,4.5,.550,.550,1.4,2.1,.693,2.4,4.7,7.1,0.7,0.9,1.0,0.9,2.5,6.4,2002
6085,326,Mark Pope,PF,29,MIL,45,12,9.5,0.8,2.0,.396,0.1,0.6,.160,0.7,1.5,.485,.418,0.2,0.5,.524,0.4,1.2,1.6,0.4,0.2,0.2,0.3,1.0,1.9,2002
6086,327,Terry Porter,PG,38,SAS,72,0,18.0,1.9,4.5,.424,0.8,2.0,.415,1.1,2.5,.430,.516,0.9,1.2,.819,0.2,2.1,2.3,2.8,0.6,0.2,1.2,1.2,5.5,2002
6087,328,James Posey,SF,25,DEN,73,63,30.7,3.8,10.1,.376,0.9,3.2,.283,2.9,6.8,.421,.422,2.2,2.8,.793,1.5,4.4,5.9,2.5,1.6,0.5,1.7,3.1,10.7,2002
6088,329,Lavor Postell,SG,23,NYK,23,0,7.8,1.2,3.7,.333,0.3,1.1,.231,1.0,2.5,.379,.369,1.3,1.8,.756,0.1,0.6,0.7,0.2,0.3,0.0,0.5,0.3,4.0,2002
6089,330,Vitaly Potapenko,C,26,BOS,79,9,17.0,1.7,3.8,.455,0.0,0.0,,1.7,3.8,.455,.455,1.1,1.5,.742,2.1,2.3,4.4,0.4,0.5,0.2,0.8,2.2,4.6,2002
6090,331,Brent Price,PG,33,SAC,20,0,4.5,0.5,1.4,.333,0.2,0.8,.267,0.3,0.6,.417,.407,0.5,0.7,.692,0.2,0.2,0.4,0.5,0.2,0.1,0.5,0.7,1.6,2002
6091,332,Joel Przybilla,C,22,MIL,71,62,15.9,1.1,2.0,.535,0.0,0.0,.000,1.1,2.0,.539,.535,0.5,1.3,.422,1.1,2.9,4.0,0.3,0.3,1.7,0.6,2.8,2.7,2002
6092,333,Vladimir Radmanović,PF,21,SEA,61,16,20.2,2.4,5.8,.412,1.1,2.6,.420,1.3,3.2,.406,.506,0.8,1.2,.681,0.7,3.0,3.8,1.3,0.9,0.4,1.2,2.0,6.7,2002
6093,334,Zach Randolph,PF,20,POR,41,0,5.8,1.2,2.6,.449,0.0,0.0,,1.2,2.6,.449,.449,0.4,0.7,.667,0.8,0.9,1.7,0.3,0.2,0.1,0.4,0.7,2.8,2002
6094,335,Theo Ratliff,C,28,ATL,3,2,27.3,3.3,6.7,.500,0.0,0.0,,3.3,6.7,.500,.500,2.0,3.7,.545,1.7,3.7,5.3,0.3,0.3,2.7,2.3,2.7,8.7,2002
6095,336,Željko Rebrača,C,29,DET,74,4,15.9,2.6,5.1,.505,0.0,0.0,,2.6,5.1,.505,.505,1.8,2.4,.771,1.1,2.8,3.9,0.5,0.4,1.0,1.1,2.6,6.9,2002
6096,337,Eldridge Recasner,PG-SG,34,TOT,6,0,5.5,0.3,1.0,.333,0.0,0.2,.000,0.3,0.8,.400,.333,0.2,0.2,1.000,0.0,0.0,0.0,0.8,0.2,0.0,0.2,0.7,0.8,2002
6097,337,Eldridge Recasner,SG,34,CHH,1,0,2.0,0.0,0.0,,0.0,0.0,,0.0,0.0,,,0.0,0.0,,0.0,0.0,0.0,0.0,0.0,0.0,0.0,1.0,0.0,2002
6098,337,Eldridge Recasner,PG,34,LAC,5,0,6.2,0.4,1.2,.333,0.0,0.2,.000,0.4,1.0,.400,.333,0.2,0.2,1.000,0.0,0.0,0.0,1.0,0.2,0.0,0.2,0.6,1.0,2002
6099,338,Michael Redd,SG,22,MIL,67,8,21.1,4.4,9.1,.483,1.3,3.0,.444,3.1,6.1,.501,.555,1.4,1.7,.791,1.1,2.2,3.3,1.4,0.6,0.1,0.9,1.4,11.4,2002
6100,339,Don Reid,PF,28,ORL,68,5,10.5,1.3,2.8,.474,0.0,0.0,,1.3,2.8,.474,.474,0.6,1.0,.647,1.0,1.6,2.6,0.4,0.3,0.6,0.8,2.6,3.3,2002
6101,340,Glen Rice,SF,34,HOU,20,20,30.3,3.3,8.4,.389,0.9,3.2,.281,2.4,5.2,.456,.443,1.2,1.5,.800,0.3,2.1,2.4,1.6,0.6,0.2,1.2,1.7,8.6,2002
6102,Rk,Player,Pos,Age,Tm,G,GS,MP,FG,FGA,FG%,3P,3PA,3P%,2P,2PA,2P%,eFG%,FT,FTA,FT%,ORB,DRB,TRB,AST,STL,BLK,TOV,PF,PTS,2002
6103,341,Jason Richardson,SG,21,GSW,80,75,32.9,5.8,13.6,.426,1.0,3.1,.333,4.8,10.6,.453,.463,1.8,2.6,.671,1.6,2.7,4.3,3.0,1.3,0.4,2.0,2.4,14.4,2002
6104,342,Norm Richardson,SG,22,TOT,11,0,6.1,0.9,2.4,.385,0.4,0.7,.500,0.5,1.6,.333,.462,0.5,0.8,.667,0.3,0.5,0.7,0.2,0.0,0.0,0.3,0.5,2.7,2002
6105,342,Norm Richardson,SG,22,IND,3,0,1.3,0.0,1.0,.000,0.0,0.0,,0.0,1.0,.000,.000,0.0,0.0,,0.3,0.0,0.3,0.3,0.0,0.0,0.0,0.0,0.0,2002
6106,342,Norm Richardson,SG,22,CHI,8,0,7.9,1.3,2.9,.435,0.5,1.0,.500,0.8,1.9,.400,.522,0.8,1.1,.667,0.3,0.6,0.9,0.1,0.0,0.0,0.4,0.6,3.8,2002
6107,343,Quentin Richardson,SG,21,LAC,81,0,26.6,4.9,11.4,.432,1.6,4.3,.381,3.3,7.1,.463,.504,1.8,2.3,.765,1.4,2.7,4.1,1.6,1.0,0.3,1.3,1.8,13.3,2002
6108,344,Mitch Richmond*,SG,36,LAL,64,2,11.1,1.6,3.9,.405,0.3,1.0,.290,1.3,2.9,.443,.441,0.7,0.7,.955,0.2,1.3,1.5,0.9,0.3,0.1,0.6,1.0,4.1,2002
6109,345,Isaiah Rider,SG,30,DEN,10,1,17.3,3.7,8.1,.457,0.6,1.5,.400,3.1,6.6,.470,.494,1.3,1.7,.765,1.0,2.3,3.3,1.2,0.3,0.2,1.4,1.1,9.3,2002
6110,346,Clifford Robinson,PF,35,DET,80,80,35.7,5.7,13.4,.425,1.4,3.8,.378,4.2,9.6,.443,.478,1.8,2.6,.694,1.0,3.8,4.8,2.5,1.1,1.2,1.9,3.0,14.6,2002
6111,347,David Robinson*,C,36,SAS,78,78,29.5,4.4,8.6,.507,0.0,0.0,,4.4,8.6,.507,.507,3.4,5.1,.681,2.4,5.8,8.3,1.2,1.1,1.8,1.3,2.5,12.2,2002
6112,348,Eddie Robinson,SF,25,CHI,29,12,22.5,3.9,8.5,.453,0.1,0.2,.400,3.8,8.3,.455,.457,1.2,1.7,.750,0.8,1.9,2.7,1.3,0.8,0.4,1.2,1.2,9.0,2002
6113,349,Glenn Robinson,SF,29,MIL,66,63,35.5,8.1,17.4,.467,0.9,2.7,.326,7.2,14.7,.493,.493,3.6,4.3,.837,1.1,5.1,6.2,2.5,1.5,0.6,2.6,2.6,20.7,2002
6114,350,Larry Robinson,SG,34,NYK,2,0,5.0,0.5,2.0,.250,0.5,1.0,.500,0.0,1.0,.000,.375,0.0,0.0,,0.0,1.0,1.0,0.0,0.0,0.0,0.0,0.5,1.5,2002
6115,351,Carlos Rogers,C,30,IND,22,1,7.6,1.1,2.0,.558,0.0,0.3,.167,1.0,1.7,.622,.570,0.5,0.9,.526,0.6,1.1,1.7,0.1,0.2,0.3,0.2,0.8,2.7,2002
6116,352,Rodney Rogers,SF,30,TOT,77,8,24.4,4.6,9.8,.471,1.1,3.1,.374,3.5,6.8,.514,.529,1.5,1.9,.785,1.7,2.8,4.5,1.5,0.9,0.4,1.4,2.9,11.9,2002
6117,352,Rodney Rogers,SF,30,PHO,50,7,25.1,5.0,10.7,.466,1.0,2.8,.350,4.0,7.9,.508,.512,1.6,2.0,.828,1.9,2.9,4.8,1.4,1.0,0.3,1.3,3.0,12.6,2002
6118,352,Rodney Rogers,SF,30,BOS,27,1,23.2,4.0,8.2,.482,1.4,3.5,.411,2.5,4.7,.535,.570,1.3,1.9,.700,1.3,2.7,4.0,1.5,0.6,0.4,1.6,2.9,10.7,2002
6119,353,Sean Rooks,C,32,LAC,61,2,11.9,1.3,3.2,.418,0.0,0.0,,1.3,3.2,.418,.418,0.3,0.5,.724,0.5,1.5,2.0,0.4,0.2,0.3,0.3,1.9,3.0,2002
6120,354,Jalen Rose,SF,29,TOT,83,83,38.0,8.0,17.6,.455,1.1,3.0,.362,6.9,14.6,.474,.485,3.4,4.0,.839,0.5,4.0,4.5,4.3,0.9,0.5,2.4,3.0,20.4,2002
6121,354,Jalen Rose,SF,29,IND,53,53,36.5,7.3,16.4,.444,1.0,2.8,.356,6.3,13.7,.462,.474,2.9,3.5,.839,0.5,4.2,4.7,3.7,0.8,0.5,2.0,2.8,18.5,2002
6122,354,Jalen Rose,SF,29,CHI,30,30,40.5,9.2,19.6,.470,1.2,3.3,.370,8.0,16.2,.491,.502,4.2,5.0,.839,0.5,3.7,4.1,5.3,1.1,0.5,3.2,3.4,23.8,2002
6123,355,Malik Rose,PF,27,SAS,82,1,21.0,3.6,7.7,.463,0.0,0.1,.083,3.6,7.6,.470,.464,2.3,3.1,.720,2.1,3.9,6.0,0.7,0.9,0.5,1.7,2.5,9.4,2002
6124,356,Michael Ruffin,PF,25,PHI,15,0,11.3,0.5,1.7,.269,0.0,0.0,,0.5,1.7,.269,.269,0.1,0.5,.250,1.5,1.9,3.4,0.3,0.3,0.5,0.7,1.5,1.1,2002
6125,357,Bryon Russell,SG,31,UTA,66,40,30.3,3.4,8.8,.380,1.2,3.4,.341,2.2,5.4,.405,.446,1.7,2.1,.821,1.2,3.3,4.5,2.1,1.0,0.3,1.7,3.1,9.6,2002
6126,358,Daniel Santiago,C,25,PHO,3,0,8.0,1.3,2.7,.500,0.0,0.0,,1.3,2.7,.500,.500,0.0,0.0,,0.0,2.3,2.3,0.7,0.0,0.3,0.7,1.3,2.7,2002
6127,359,Jeryl Sasser,SG,22,ORL,7,0,5.1,0.4,2.0,.214,0.0,0.0,,0.4,2.0,.214,.214,0.6,0.7,.800,0.4,0.6,1.0,0.3,0.4,0.0,0.3,0.4,1.4,2002
6128,360,Kenny Satterfield,PG,20,DEN,36,4,15.6,2.0,5.5,.367,0.2,0.8,.259,1.8,4.8,.384,.384,1.0,1.3,.783,0.5,1.0,1.4,3.0,0.9,0.0,1.5,1.2,5.3,2002
6129,Rk,Player,Pos,Age,Tm,G,GS,MP,FG,FGA,FG%,3P,3PA,3P%,2P,2PA,2P%,eFG%,FT,FTA,FT%,ORB,DRB,TRB,AST,STL,BLK,TOV,PF,PTS,2002
6130,361,Brian Scalabrine,PF,23,NJN,28,0,10.4,0.8,2.4,.343,0.1,0.4,.300,0.7,2.0,.351,.366,0.4,0.5,.733,0.4,1.4,1.8,0.8,0.3,0.1,0.9,1.4,2.1,2002
6131,362,Shawnelle Scott,C,29,DEN,21,10,12.0,1.8,3.6,.493,0.0,0.0,,1.8,3.6,.493,.493,0.4,1.0,.400,2.5,2.4,4.9,0.4,0.1,0.3,0.7,2.3,3.9,2002
6132,363,Ansu Sesay,SF,25,SEA,9,0,15.8,2.4,4.9,.500,0.0,0.0,,2.4,4.9,.500,.500,1.6,2.2,.700,0.8,1.4,2.2,0.9,0.3,0.2,0.2,2.0,6.4,2002
6133,364,Brian Shaw,PG,35,LAL,58,0,10.9,1.1,3.0,.353,0.5,1.5,.330,0.6,1.5,.376,.436,0.3,0.4,.692,0.3,1.6,1.9,1.5,0.4,0.1,0.6,0.7,2.9,2002
6134,365,Bobby Simmons,SF,21,WAS,30,3,11.4,1.4,3.2,.453,0.1,0.5,.286,1.3,2.7,.481,.474,0.7,1.0,.733,0.8,0.9,1.7,0.6,0.4,0.2,0.5,1.0,3.7,2002
6135,366,Dickey Simpkins,PF,29,ATL,1,0,3.0,0.0,0.0,,0.0,0.0,,0.0,0.0,,,0.0,0.0,,0.0,0.0,0.0,1.0,0.0,0.0,0.0,0.0,0.0,2002
6136,367,Brian Skinner,PF,25,CLE,65,8,17.0,1.4,2.5,.543,0.0,0.0,,1.4,2.5,.543,.543,0.7,1.2,.608,1.4,2.9,4.3,0.3,0.4,0.9,0.6,2.0,3.4,2002
6137,368,Reggie Slater,PF,31,TOT,8,0,5.9,0.9,1.9,.467,0.0,0.0,,0.9,1.9,.467,.467,0.9,1.3,.700,0.6,0.5,1.1,0.1,0.1,0.1,0.1,0.4,2.6,2002
6138,368,Reggie Slater,PF,31,NJN,4,0,2.5,0.5,0.5,1.000,0.0,0.0,,0.5,0.5,1.000,1.000,0.3,0.3,1.000,0.0,0.5,0.5,0.0,0.0,0.0,0.3,0.3,1.3,2002
6139,368,Reggie Slater,PF,31,ATL,4,0,9.3,1.3,3.3,.385,0.0,0.0,,1.3,3.3,.385,.385,1.5,2.3,.667,1.3,0.5,1.8,0.3,0.3,0.3,0.0,0.5,4.0,2002
6140,369,Charles Smith,SG,26,SAS,60,22,19.0,3.0,7.1,.425,0.6,2.2,.267,2.5,5.0,.495,.466,0.7,1.1,.646,0.6,1.7,2.2,1.3,0.9,0.7,1.0,1.9,7.4,2002
6141,370,Jabari Smith,C,24,TOT,23,0,7.9,1.1,2.7,.413,0.0,0.1,.000,1.1,2.6,.433,.413,0.9,1.4,.656,0.3,0.9,1.2,0.5,0.3,0.3,0.2,1.3,3.2,2002
6142,370,Jabari Smith,C,24,SAC,12,0,5.9,0.5,1.8,.286,0.0,0.1,.000,0.5,1.7,.300,.286,0.5,1.0,.500,0.2,1.0,1.2,0.5,0.2,0.3,0.2,1.0,1.5,2002
6143,370,Jabari Smith,C,24,PHI,11,0,10.0,1.8,3.8,.476,0.0,0.2,.000,1.8,3.6,.500,.476,1.4,1.8,.750,0.5,0.7,1.3,0.5,0.4,0.2,0.3,1.7,5.0,2002
6144,371,Joe Smith,C,26,MIN,72,63,26.7,4.1,8.1,.511,0.0,0.0,.667,4.1,8.0,.510,.513,2.4,2.9,.830,2.1,4.2,6.3,1.1,0.5,0.8,1.2,3.5,10.7,2002
6145,372,Leon Smith,C,21,ATL,14,0,7.1,0.7,1.9,.385,0.0,0.0,,0.7,1.9,.385,.385,0.8,1.2,.647,0.7,1.5,2.2,0.2,0.4,0.1,0.2,0.9,2.2,2002
6146,373,Steve Smith,SG,32,SAS,77,76,28.7,4.0,8.9,.455,1.5,3.2,.472,2.5,5.7,.445,.540,2.1,2.4,.878,0.6,1.9,2.5,2.0,0.7,0.2,1.4,2.1,11.6,2002
6147,374,Eric Snow,PG,28,PHI,61,61,36.5,4.5,10.2,.442,0.0,0.4,.111,4.5,9.8,.457,.445,3.0,3.7,.806,0.5,3.0,3.5,6.6,1.6,0.1,2.3,2.7,12.1,2002
6148,375,Will Solomon,SG,23,MEM,62,4,14.1,1.8,5.3,.341,0.7,2.6,.284,1.1,2.7,.396,.411,0.8,1.2,.671,0.2,0.9,1.1,1.5,0.6,0.1,1.0,1.2,5.2,2002
6149,376,Felton Spencer,C,34,NYK,32,8,7.8,0.2,0.8,.231,0.0,0.0,,0.2,0.8,.231,.231,0.5,1.0,.515,0.5,1.1,1.6,0.1,0.2,0.3,0.4,2.3,0.9,2002
6150,377,Latrell Sprewell,SF,31,NYK,81,81,41.1,7.1,17.5,.404,1.8,5.0,.360,5.3,12.5,.421,.455,3.5,4.3,.821,0.7,3.0,3.7,3.9,1.2,0.2,2.8,2.0,19.4,2002
6151,378,Jerry Stackhouse,SF,27,DET,76,76,35.3,6.9,17.4,.397,1.1,3.9,.287,5.8,13.4,.430,.430,6.5,7.6,.858,1.0,3.1,4.1,5.3,1.0,0.5,3.5,2.1,21.4,2002
6152,379,John Starks,SG,36,UTA,66,1,14.1,1.7,4.7,.368,0.4,1.4,.305,1.3,3.3,.395,.415,0.5,0.6,.805,0.2,0.8,1.0,1.1,0.5,0.0,0.8,1.9,4.4,2002
6153,380,Vladimir Stepania,C,25,MIA,67,4,13.2,1.7,3.7,.470,0.0,0.0,.500,1.7,3.7,.470,.472,0.7,1.6,.481,1.5,2.5,4.0,0.2,0.4,0.7,0.8,1.5,4.3,2002
6154,Rk,Player,Pos,Age,Tm,G,GS,MP,FG,FGA,FG%,3P,3PA,3P%,2P,2PA,2P%,eFG%,FT,FTA,FT%,ORB,DRB,TRB,AST,STL,BLK,TOV,PF,PTS,2002
6155,381,DeShawn Stevenson,SG,20,UTA,67,23,16.9,2.1,5.5,.385,0.0,0.4,.080,2.1,5.2,.408,.388,0.6,0.8,.698,0.7,1.3,2.0,1.7,0.4,0.4,1.0,1.2,4.9,2002
6156,382,Michael Stewart,C,26,TOR,11,0,8.5,0.7,2.1,.348,0.0,0.0,,0.7,2.1,.348,.348,0.5,1.0,.545,1.1,1.2,2.3,0.3,0.4,0.3,0.4,2.0,2.0,2002
6157,383,Bryant Stith,SG,31,CLE,50,5,13.3,1.4,3.8,.372,0.5,1.4,.353,0.9,2.4,.383,.436,0.9,1.0,.846,0.4,1.3,1.7,0.8,0.6,0.1,0.6,0.8,4.2,2002
6158,384,John Stockton*,PG,39,UTA,82,82,31.3,4.9,9.5,.517,0.3,1.0,.321,4.6,8.5,.539,.534,3.4,3.9,.857,0.7,2.5,3.2,8.2,1.9,0.3,2.5,2.5,13.4,2002
6159,385,Peja Stojaković,SF,24,SAC,71,71,37.3,7.7,15.9,.484,1.8,4.4,.416,5.9,11.5,.510,.541,4.0,4.5,.876,1.0,4.2,5.3,2.5,1.1,0.2,2.0,1.7,21.2,2002
6160,386,Damon Stoudamire,PG,28,POR,75,71,37.3,4.9,12.2,.402,1.4,3.9,.353,3.5,8.3,.425,.459,2.3,2.6,.888,1.0,2.9,3.9,6.5,0.9,0.1,2.0,2.0,13.5,2002
6161,387,Erick Strickland,PG,28,BOS,79,4,20.8,2.4,6.2,.389,1.2,3.1,.385,1.2,3.1,.394,.487,1.7,2.0,.845,0.3,2.4,2.7,2.3,0.7,0.0,1.2,1.8,7.7,2002
6162,388,Mark Strickland,SF,31,ATL,46,10,14.2,2.0,4.4,.446,0.0,0.1,.250,2.0,4.3,.450,.449,0.5,1.0,.568,0.9,2.0,2.8,0.4,0.4,0.4,0.6,1.0,4.5,2002
6163,389,Rod Strickland,PG,35,MIA,76,64,30.2,4.2,9.4,.443,0.1,0.3,.308,4.1,9.1,.448,.448,2.0,2.6,.766,0.6,2.4,3.1,6.1,1.1,0.1,2.1,1.5,10.4,2002
6164,390,Bruno Šundov,C,21,IND,22,0,4.0,0.7,1.8,.400,0.0,0.0,.000,0.7,1.8,.410,.400,0.0,0.1,.000,0.3,0.6,1.0,0.1,0.1,0.1,0.2,0.7,1.5,2002
6165,391,Bob Sura,PG,28,GSW,78,5,22.8,3.2,7.6,.424,0.5,1.7,.316,2.7,5.9,.455,.459,3.0,4.2,.720,1.1,2.1,3.3,3.5,1.1,0.2,1.7,2.1,10.0,2002
6166,392,Stromile Swift,PF,22,MEM,68,14,26.5,4.3,9.0,.480,0.0,0.0,.000,4.3,8.9,.482,.480,3.2,4.5,.711,2.4,4.0,6.3,0.7,0.8,1.7,1.8,2.6,11.8,2002
6167,393,Wally Szczerbiak,SF,24,MIN,82,82,38.0,7.4,14.6,.508,1.1,2.3,.455,6.4,12.3,.517,.544,2.8,3.3,.831,1.5,3.3,4.8,3.1,0.8,0.3,2.2,2.3,18.7,2002
6168,394,Jason Terry,SG,24,ATL,78,78,38.0,6.7,15.6,.430,2.2,5.7,.387,4.5,9.9,.454,.500,3.6,4.4,.835,0.5,2.9,3.5,5.7,1.8,0.2,2.3,2.0,19.3,2002
6169,395,Etan Thomas,C,23,WAS,47,0,13.1,1.7,3.2,.536,0.0,0.0,,1.7,3.2,.536,.536,0.9,1.6,.554,1.2,2.7,3.9,0.1,0.4,0.7,0.6,1.6,4.3,2002
6170,396,Kenny Thomas,PF,24,HOU,72,71,34.5,5.5,11.5,.478,0.0,0.2,.000,5.5,11.3,.487,.478,3.1,4.7,.664,2.2,5.0,7.2,1.9,1.2,0.9,2.0,2.7,14.1,2002
6171,397,Kurt Thomas,C,29,NYK,82,82,33.8,5.6,11.4,.494,0.0,0.1,.167,5.6,11.4,.496,.494,2.6,3.2,.815,2.6,6.5,9.1,1.1,0.9,1.0,1.9,4.2,13.9,2002
6172,398,Tim Thomas,SF,24,MIL,74,22,26.9,4.3,10.2,.420,1.3,3.9,.326,3.0,6.2,.478,.483,1.9,2.4,.793,0.9,3.2,4.1,1.4,0.9,0.4,1.7,2.7,11.7,2002
6173,399,Jamaal Tinsley,PG,23,IND,80,78,30.5,3.6,9.5,.380,0.5,2.2,.240,3.1,7.3,.422,.408,1.6,2.3,.704,1.0,2.8,3.7,8.1,1.7,0.5,3.4,3.1,9.4,2002
6174,400,Óscar Torres,SG,25,HOU,65,13,16.5,2.1,5.2,.396,0.6,1.9,.294,1.5,3.3,.456,.450,1.3,1.6,.781,0.7,1.2,1.9,0.6,0.4,0.1,0.8,1.0,6.0,2002
6175,Rk,Player,Pos,Age,Tm,G,GS,MP,FG,FGA,FG%,3P,3PA,3P%,2P,2PA,2P%,eFG%,FT,FTA,FT%,ORB,DRB,TRB,AST,STL,BLK,TOV,PF,PTS,2002
6176,401,Robert Traylor,PF,24,CHH,61,1,11.1,1.4,3.3,.426,0.0,0.0,1.000,1.4,3.3,.424,.429,0.9,1.4,.631,1.1,2.0,3.1,0.6,0.4,0.6,0.7,2.1,3.7,2002
6177,402,Gary Trent,PF,27,MIN,64,10,17.8,3.0,6.0,.507,0.0,0.0,.000,3.0,5.9,.509,.507,1.4,2.3,.639,1.6,2.6,4.2,0.9,0.3,0.4,0.9,2.5,7.5,2002
6178,403,Jeff Trepagnier,SG,22,CLE,12,0,6.4,0.6,1.9,.304,0.0,0.1,.000,0.6,1.8,.318,.304,0.3,0.6,.571,0.3,0.8,1.0,1.0,0.7,0.3,0.9,0.7,1.5,2002
6179,404,Jake Tsakalidis,C,22,PHO,67,47,23.6,2.8,6.0,.475,0.0,0.0,.000,2.8,6.0,.476,.475,1.7,2.4,.698,1.9,3.6,5.6,0.3,0.3,1.0,1.2,2.9,7.3,2002
6180,405,Hedo Türkoğlu,SF,22,SAC,80,10,24.6,3.6,8.6,.422,0.8,2.1,.368,2.8,6.5,.440,.468,2.1,2.9,.726,0.8,3.8,4.5,2.0,0.7,0.4,1.0,2.3,10.1,2002
6181,406,Nick Van Exel,PG-SG,30,TOT,72,46,34.7,7.0,17.0,.409,1.7,4.9,.340,5.3,12.2,.436,.457,2.8,3.5,.801,0.4,3.1,3.5,6.6,0.6,0.2,2.2,1.4,18.4,2002
6182,406,Nick Van Exel,PG,30,DEN,45,44,38.6,8.3,20.3,.408,1.9,5.6,.337,6.4,14.7,.435,.454,3.0,3.9,.782,0.4,3.3,3.8,8.1,0.7,0.2,2.6,1.5,21.4,2002
6183,406,Nick Van Exel,SG,30,DAL,27,2,28.0,4.8,11.6,.411,1.3,3.6,.347,3.5,8.0,.440,.465,2.4,2.9,.844,0.3,2.8,3.1,4.2,0.5,0.1,1.5,1.3,13.2,2002
6184,407,Keith Van Horn,SF,26,NJN,81,81,30.4,5.8,13.4,.433,1.2,3.6,.345,4.6,9.8,.465,.479,1.9,2.4,.800,1.7,5.8,7.5,2.0,0.8,0.5,1.8,2.7,14.8,2002
6185,408,Ratko Varda,C,22,DET,1,0,6.0,2.0,3.0,.667,0.0,0.0,,2.0,3.0,.667,.667,1.0,1.0,1.000,0.0,1.0,1.0,0.0,0.0,0.0,1.0,3.0,5.0,2002
6186,409,Jacque Vaughn,PG,26,ATL,82,16,22.6,2.5,5.3,.470,0.3,0.7,.444,2.2,4.7,.474,.498,1.3,1.5,.825,0.2,1.8,2.0,4.3,0.8,0.0,1.4,2.2,6.6,2002
6187,410,Jake Voskuhl,C,24,PHO,59,34,15.3,1.8,3.3,.554,0.0,0.0,,1.8,3.3,.554,.554,1.4,1.8,.752,1.7,2.5,4.2,0.3,0.2,0.4,0.8,2.4,5.0,2002
6188,411,Antoine Walker,PF,25,BOS,81,81,42.0,8.2,20.9,.394,2.7,8.0,.344,5.5,12.9,.425,.460,3.0,4.0,.741,1.9,7.0,8.8,5.0,1.5,0.5,3.1,2.9,22.1,2002
6189,412,Samaki Walker,PF,25,LAL,69,63,24.0,2.7,5.3,.512,0.0,0.0,,2.7,5.3,.512,.512,1.2,1.9,.667,1.9,5.1,7.0,0.9,0.4,1.3,0.8,2.5,6.7,2002
6190,413,Ben Wallace*,C,27,DET,80,80,36.5,3.2,6.0,.531,0.0,0.0,.000,3.2,6.0,.535,.531,1.2,2.9,.423,4.0,9.0,13.0,1.4,1.7,3.5,0.9,2.2,7.6,2002
6191,414,Gerald Wallace,SF,19,SAC,54,1,8.0,1.4,3.2,.429,0.0,0.1,.000,1.4,3.1,.446,.429,0.4,0.9,.500,0.9,0.7,1.6,0.5,0.4,0.1,0.4,0.9,3.2,2002
6192,415,John Wallace,SF,27,PHO,46,0,10.7,2.0,4.7,.435,0.1,0.3,.385,1.9,4.4,.438,.446,0.9,1.0,.870,0.6,1.3,1.8,0.6,0.2,0.2,0.6,1.3,5.0,2002
6193,416,Rasheed Wallace,PF,27,POR,79,79,37.5,7.6,16.3,.469,1.4,4.0,.360,6.2,12.3,.504,.513,2.5,3.5,.734,1.7,6.4,8.2,1.9,1.3,1.3,1.7,2.7,19.3,2002
6194,417,Charlie Ward,PG,31,NYK,63,0,16.8,1.8,4.8,.373,0.8,2.6,.323,1.0,2.2,.432,.460,0.7,0.9,.810,0.2,1.8,2.0,3.2,1.1,0.2,1.2,1.6,5.2,2002
6195,418,Earl Watson,PG,22,SEA,64,0,15.1,1.5,3.3,.453,0.3,0.7,.364,1.3,2.6,.476,.491,0.4,0.6,.639,0.5,0.8,1.3,2.0,0.9,0.1,0.8,1.5,3.6,2002
6196,419,Clarence Weatherspoon,PF,31,NYK,56,41,30.9,3.4,8.1,.418,0.0,0.0,,3.4,8.1,.418,.418,2.1,2.6,.795,2.7,5.6,8.2,1.1,0.7,0.9,0.8,2.4,8.8,2002
6197,420,Chris Webber*,PF,28,SAC,54,54,38.4,9.9,19.9,.495,0.1,0.4,.263,9.8,19.6,.499,.497,4.7,6.3,.749,2.8,7.3,10.1,4.8,1.7,1.4,2.9,3.4,24.5,2002
6198,Rk,Player,Pos,Age,Tm,G,GS,MP,FG,FGA,FG%,3P,3PA,3P%,2P,2PA,2P%,eFG%,FT,FTA,FT%,ORB,DRB,TRB,AST,STL,BLK,TOV,PF,PTS,2002
6199,421,Bonzi Wells,SG,25,POR,74,69,31.7,6.6,14.0,.469,0.9,2.3,.384,5.7,11.7,.486,.500,2.9,3.9,.741,1.6,4.4,6.0,2.8,1.5,0.3,2.6,2.8,17.0,2002
6200,422,David Wesley,SG,31,CHH,67,63,37.1,5.4,13.6,.400,1.3,3.8,.332,4.2,9.8,.427,.447,2.1,2.8,.734,0.7,1.5,2.1,3.5,1.1,0.2,1.8,2.2,14.2,2002
6201,423,Jahidi White,C,25,WAS,71,69,19.0,2.1,3.9,.538,0.0,0.0,,2.1,3.9,.538,.538,1.2,2.2,.539,2.2,4.0,6.3,0.2,0.4,1.1,0.9,2.3,5.4,2002
6202,424,Rodney White,SF,21,DET,16,0,8.1,1.3,3.8,.350,0.1,0.6,.222,1.2,3.2,.373,.367,0.8,0.9,.857,0.1,1.0,1.1,0.8,0.6,0.1,0.9,0.4,3.5,2002
6203,425,Chris Whitney,PG,30,WAS,82,81,26.5,3.3,8.0,.418,1.6,3.9,.406,1.7,4.1,.429,.518,1.9,2.1,.880,0.1,1.7,1.9,3.8,0.9,0.1,1.0,2.2,10.2,2002
6204,426,Aaron Williams,PF,30,NJN,82,13,18.9,2.8,5.4,.526,0.0,0.0,.000,2.8,5.3,.529,.526,1.6,2.3,.699,1.4,2.7,4.1,0.9,0.4,0.9,1.0,2.6,7.2,2002
6205,427,Alvin Williams,PG,27,TOR,82,82,35.7,4.9,11.8,.415,0.8,2.4,.321,4.2,9.5,.438,.447,1.3,1.7,.736,0.7,2.7,3.4,5.7,1.6,0.3,1.8,2.3,11.8,2002
6206,428,Eric Williams,SF,29,BOS,74,30,23.6,1.9,5.2,.374,0.3,1.2,.279,1.6,4.0,.401,.405,2.2,3.0,.731,0.8,2.2,3.0,1.5,1.0,0.1,1.3,2.4,6.4,2002
6207,429,Jason Williams,PG,26,MEM,65,65,34.4,5.8,15.2,.382,2.0,6.6,.295,3.8,8.5,.449,.446,1.2,1.6,.792,0.3,2.7,3.0,8.0,1.7,0.1,3.3,1.6,14.8,2002
6208,430,Jerome Williams,PF,28,TOR,68,32,24.1,2.8,5.7,.490,0.0,0.0,,2.8,5.7,.490,.490,2.0,3.0,.676,2.4,3.3,5.7,1.1,1.1,0.4,1.0,2.3,7.6,2002
6209,431,Monty Williams,SF,30,ORL,68,19,18.9,2.9,5.3,.547,0.0,0.1,.000,2.9,5.3,.553,.547,1.3,2.0,.657,1.2,2.3,3.5,1.4,0.7,0.3,1.3,2.0,7.1,2002
6210,432,Scott Williams,PF,33,DEN,41,16,18.0,2.1,5.3,.396,0.0,0.0,.000,2.1,5.2,.400,.396,0.7,1.0,.732,2.0,3.1,5.1,0.3,0.4,0.8,0.9,2.4,4.9,2002
6211,433,Shammond Williams,SG,26,SEA,50,2,12.1,1.6,3.9,.420,0.6,1.5,.373,1.1,2.4,.449,.492,0.6,0.8,.795,0.3,0.9,1.3,1.7,0.4,0.0,0.7,0.7,4.4,2002
6212,434,Walt Williams,SF,31,HOU,48,25,23.3,3.5,8.3,.419,1.6,3.8,.426,1.8,4.4,.413,.518,0.8,1.1,.784,0.8,2.6,3.4,1.4,0.4,0.2,1.1,2.2,9.4,2002
6213,435,Corliss Williamson,SF,28,DET,78,7,21.8,5.3,10.3,.510,0.0,0.1,.200,5.3,10.3,.512,.511,3.1,3.8,.805,1.5,2.6,4.1,1.2,0.6,0.3,1.8,2.9,13.6,2002
6214,436,Kevin Willis,PF,39,HOU,52,5,16.6,2.4,5.5,.440,0.0,0.0,.000,2.4,5.4,.442,.440,1.3,1.7,.747,2.0,3.7,5.8,0.3,0.5,0.4,0.8,1.9,6.1,2002
6215,437,Loren Woods,C,23,MIN,60,0,8.6,0.6,1.6,.344,0.0,0.0,.000,0.6,1.6,.351,.344,0.7,1.0,.733,0.8,1.3,2.0,0.4,0.3,0.6,0.6,1.0,1.8,2002
6216,438,Metta World Peace,SF,22,TOT,55,50,29.9,4.9,11.6,.423,1.0,3.1,.312,3.9,8.5,.464,.465,2.5,3.7,.667,1.3,3.6,4.9,2.3,2.6,0.7,2.1,3.9,13.2,2002
6217,438,Metta World Peace,SF,22,CHI,27,26,30.5,5.6,13.0,.433,1.3,3.4,.396,4.3,9.6,.446,.484,3.0,4.8,.628,1.5,3.4,4.9,2.9,2.8,0.9,2.6,4.0,15.6,2002
6218,438,Metta World Peace,SF,22,IND,28,24,29.3,4.2,10.2,.411,0.6,2.8,.215,3.6,7.4,.485,.440,2.0,2.7,.733,1.2,3.8,5.0,1.8,2.4,0.6,1.8,3.9,10.9,2002
6219,439,Lorenzen Wright,C,26,MEM,43,33,29.1,5.2,11.3,.459,0.0,0.0,.000,5.2,11.3,.461,.459,1.6,2.9,.569,3.0,6.4,9.4,1.0,0.7,0.5,1.7,2.9,12.0,2002
6220,440,Wang Zhizhi,C,24,DAL,55,0,10.9,2.0,4.5,.440,0.9,2.1,.414,1.1,2.4,.462,.536,0.8,1.0,.737,0.3,1.7,2.0,0.4,0.2,0.3,0.5,1.5,5.6,2002
6221,1,Tariq Abdul-Wahad,SG,28,DAL,14,0,14.6,1.9,4.1,.466,0.0,0.1,.000,1.9,4.1,.474,.466,0.2,0.4,.500,1.0,1.9,2.9,1.5,0.4,0.2,0.5,1.9,4.1,2003
6222,2,Shareef Abdur-Rahim,PF,26,ATL,81,81,38.1,7.0,14.6,.478,0.3,0.7,.350,6.7,13.9,.485,.487,5.6,6.7,.841,2.2,6.2,8.4,3.0,1.1,0.5,2.6,3.0,19.9,2003
6223,3,Courtney Alexander,PG,25,NOH,66,7,20.6,2.9,7.7,.382,0.3,0.9,.333,2.6,6.8,.388,.401,1.8,2.2,.808,0.6,1.2,1.8,1.2,0.5,0.1,1.0,1.9,7.9,2003
6224,4,Malik Allen,PF,24,MIA,80,73,29.0,4.2,9.9,.424,0.0,0.1,.000,4.2,9.8,.426,.424,1.2,1.5,.802,1.7,3.6,5.3,0.7,0.5,1.0,1.6,2.9,9.6,2003
6225,5,Ray Allen*,SG,27,TOT,76,75,37.9,7.9,17.9,.439,2.6,7.0,.377,5.2,10.9,.478,.512,4.2,4.5,.916,1.2,3.8,5.0,4.4,1.4,0.2,2.6,2.9,22.5,2003
6226,5,Ray Allen*,SG,27,MIL,47,46,35.8,7.5,17.1,.437,2.6,6.6,.395,4.9,10.5,.463,.514,3.8,4.1,.913,1.0,3.7,4.6,3.5,1.2,0.2,2.5,3.2,21.3,2003
6227,5,Ray Allen*,SG,27,SEA,29,29,41.3,8.5,19.3,.441,2.7,7.7,.351,5.8,11.7,.500,.511,4.8,5.2,.920,1.7,3.9,5.6,5.9,1.6,0.1,2.8,2.4,24.5,2003
6228,6,Rafer Alston,PG,26,TOR,47,4,20.9,3.0,7.1,.415,1.1,2.8,.392,1.9,4.4,.429,.491,0.8,1.1,.685,0.4,1.8,2.3,4.1,0.8,0.3,1.8,2.6,7.8,2003
6229,7,John Amaechi,C,32,UTA,50,1,9.5,0.7,2.4,.314,0.0,0.0,,0.7,2.4,.314,.314,0.5,1.0,.481,0.5,1.0,1.5,0.4,0.3,0.1,0.7,1.0,2.0,2003
6230,8,Chris Andersen,C,24,DEN,59,3,15.4,1.9,4.8,.400,0.0,0.0,.000,1.9,4.8,.401,.400,1.3,2.4,.550,1.8,2.8,4.6,0.5,0.5,1.0,1.0,1.5,5.2,2003
6231,9,Derek Anderson,PG,28,POR,76,76,33.6,4.7,10.9,.427,1.5,4.4,.350,3.1,6.6,.477,.496,3.0,3.5,.859,0.7,2.8,3.5,4.3,1.2,0.2,1.7,1.9,13.9,2003
6232,10,Kenny Anderson,PG,32,TOT,61,2,18.6,2.7,6.3,.427,0.0,0.1,.143,2.7,6.1,.432,.428,0.7,0.9,.789,0.5,1.7,2.2,3.2,1.0,0.1,1.2,1.7,6.1,2003
6233,10,Kenny Anderson,PG,32,SEA,38,1,18.1,2.7,6.1,.440,0.0,0.1,.000,2.7,6.0,.449,.440,0.8,0.9,.829,0.4,1.8,2.3,3.2,1.1,0.0,0.9,1.7,6.1,2003
6234,10,Kenny Anderson,PG,32,NOH,23,1,19.4,2.7,6.5,.407,0.0,0.1,.500,2.6,6.4,.405,.410,0.7,1.0,.727,0.6,1.3,2.0,3.3,0.8,0.2,1.8,1.9,6.0,2003
6235,11,Shandon Anderson,SF,29,NYK,82,9,21.1,3.0,6.5,.462,0.6,1.7,.371,2.4,4.8,.494,.510,1.7,2.3,.732,0.8,2.3,3.1,1.1,0.9,0.2,1.4,2.2,8.4,2003
6236,12,Robert Archibald,PF,22,MEM,12,0,6.0,0.5,1.7,.300,0.0,0.0,,0.5,1.7,.300,.300,0.6,1.5,.389,0.5,0.9,1.4,0.3,0.0,0.3,0.6,0.8,1.6,2003
6237,13,Gilbert Arenas,PG,21,GSW,82,82,35.0,6.2,14.4,.431,1.3,3.8,.348,4.9,10.6,.461,.478,4.5,5.7,.791,1.2,3.5,4.7,6.3,1.5,0.2,3.5,3.2,18.3,2003
6238,14,Brandon Armstrong,SG,22,NJN,17,0,4.1,0.5,1.6,.333,0.1,0.4,.167,0.5,1.2,.381,.352,0.3,0.4,.833,0.0,0.2,0.2,0.1,0.2,0.1,0.3,0.5,1.4,2003
6239,15,Darrell Armstrong,PG,34,ORL,82,23,28.7,3.2,7.8,.409,1.0,2.8,.336,2.3,5.0,.450,.470,2.0,2.3,.878,1.1,2.5,3.6,3.9,1.6,0.2,2.0,2.0,9.4,2003
6240,16,Carlos Arroyo,PG,23,UTA,44,0,6.5,1.1,2.5,.459,0.1,0.2,.429,1.1,2.3,.461,.472,0.4,0.5,.818,0.3,0.3,0.6,1.2,0.3,0.0,0.7,0.6,2.8,2003
6241,17,Chucky Atkins,PG,28,DET,65,7,21.5,2.6,7.2,.361,1.3,3.7,.355,1.3,3.4,.368,.454,0.6,0.8,.816,0.3,1.2,1.5,2.7,0.4,0.1,1.2,1.7,7.1,2003
6242,18,Stacey Augmon,SG,34,NOH,70,3,12.3,1.1,2.7,.411,0.0,0.1,.000,1.1,2.6,.427,.411,0.8,1.0,.750,0.4,1.3,1.7,1.0,0.4,0.1,0.6,1.1,3.0,2003
6243,19,Dalibor Bagarić,C,22,CHI,10,0,7.6,0.8,2.6,.308,0.0,0.0,,0.8,2.6,.308,.308,0.3,0.4,.750,0.7,1.3,2.0,0.4,0.3,0.3,0.5,1.1,1.9,2003
6244,20,Vin Baker,C,31,BOS,52,9,18.1,1.9,4.0,.478,0.0,0.1,.000,1.9,3.9,.488,.478,1.4,2.1,.673,1.7,2.1,3.8,0.6,0.4,0.6,1.2,2.8,5.2,2003
6245,21,Brent Barry,SG,31,SEA,75,68,33.1,3.5,7.7,.458,1.6,3.9,.403,1.9,3.8,.514,.560,1.7,2.1,.795,0.6,3.4,4.0,5.1,1.5,0.2,1.9,2.7,10.3,2003
6246,22,Jon Barry,SG,33,DET,80,0,18.4,2.4,5.3,.450,1.1,2.7,.407,1.3,2.6,.495,.553,1.1,1.3,.860,0.4,1.8,2.3,2.6,0.8,0.2,1.0,1.3,6.9,2003
6247,23,Maceo Baston,PF,27,TOR,16,0,6.6,0.9,1.6,.600,0.0,0.0,,0.9,1.6,.600,.600,0.6,0.8,.833,0.3,1.2,1.4,0.0,0.3,0.7,0.4,1.0,2.5,2003
6248,24,Mengke Bateer,C,27,SAS,12,0,3.8,0.3,1.4,.235,0.1,0.3,.333,0.3,1.2,.214,.265,0.0,0.2,.000,0.2,0.7,0.8,0.3,0.0,0.0,0.5,1.2,0.8,2003
6249,25,Mike Batiste,PF,25,MEM,75,2,16.6,2.6,6.2,.422,0.2,1.1,.222,2.4,5.1,.464,.441,0.9,1.2,.784,1.1,2.3,3.4,0.7,0.6,0.2,0.9,1.6,6.4,2003
6250,26,Tony Battie,C,26,BOS,67,62,25.1,3.0,5.5,.539,0.0,0.1,.200,3.0,5.4,.544,.541,1.3,1.8,.746,2.2,4.3,6.5,0.7,0.5,1.2,0.7,2.9,7.3,2003
6251,27,Shane Battier,SF,24,MEM,78,47,30.6,3.5,7.3,.483,1.1,2.8,.398,2.4,4.5,.535,.559,1.5,1.9,.828,1.6,2.8,4.4,1.3,1.3,1.1,0.9,2.7,9.7,2003
6252,28,Lonny Baxter,C,24,CHI,55,0,12.4,1.7,3.7,.466,0.0,0.0,.000,1.7,3.7,.471,.466,1.3,1.9,.680,1.2,1.8,3.0,0.3,0.2,0.4,0.8,2.5,4.8,2003
6253,29,Raja Bell,SG,26,DAL,75,32,15.6,1.2,2.8,.441,0.3,0.7,.412,1.0,2.1,.450,.491,0.3,0.5,.676,0.6,1.3,1.9,0.8,0.7,0.1,0.6,1.8,3.1,2003
6254,30,Jonathan Bender,SF,22,IND,46,2,17.8,2.4,5.5,.441,0.4,1.2,.358,2.0,4.4,.463,.478,1.3,1.8,.714,0.9,2.0,2.9,0.9,0.2,1.2,0.9,1.9,6.6,2003
6255,31,Corey Benjamin,SG,24,ATL,9,0,16.9,1.4,4.8,.302,0.2,1.4,.154,1.2,3.3,.367,.326,1.3,1.8,.750,1.1,2.3,3.4,1.1,0.1,0.2,0.7,2.2,4.4,2003
6256,32,Travis Best,PG,30,MIA,72,52,25.1,3.2,8.1,.396,0.5,1.5,.330,2.7,6.6,.411,.427,1.5,1.7,.854,0.4,1.7,2.0,3.5,0.6,0.1,1.5,2.4,8.4,2003
6257,33,Mike Bibby,PG,24,SAC,55,55,33.4,6.0,12.7,.470,1.0,2.5,.409,5.0,10.2,.485,.510,2.9,3.4,.861,0.6,2.1,2.7,5.2,1.3,0.1,2.3,1.7,15.9,2003
6258,34,Chauncey Billups,PG,26,DET,74,74,31.4,4.9,11.8,.421,2.0,5.1,.392,2.9,6.6,.443,.506,4.3,4.9,.878,0.5,3.2,3.7,3.9,0.9,0.2,1.8,1.8,16.2,2003
6259,35,Corie Blount,C,34,CHI,50,3,16.7,1.3,2.7,.485,0.0,0.0,,1.3,2.7,.485,.485,0.4,0.7,.571,1.4,2.7,4.1,1.0,0.7,0.4,0.9,2.4,3.0,2003
6260,36,Mark Blount,C,27,TOT,81,31,17.3,1.9,4.3,.432,0.0,0.0,,1.9,4.3,.432,.432,1.2,1.7,.727,1.4,2.4,3.8,0.7,0.5,0.8,1.3,2.3,5.0,2003
6261,36,Mark Blount,C,27,DEN,54,24,16.4,1.9,4.9,.393,0.0,0.0,,1.9,4.9,.393,.393,1.3,1.8,.717,1.1,2.2,3.4,0.6,0.4,0.9,1.3,2.1,5.2,2003
6262,36,Mark Blount,C,27,BOS,27,7,19.2,1.7,3.0,.563,0.0,0.0,,1.7,3.0,.563,.563,1.1,1.5,.750,1.8,2.8,4.6,0.8,0.7,0.6,1.2,2.8,4.4,2003
6263,37,Calvin Booth,C,26,SEA,47,0,12.2,1.1,2.5,.437,0.0,0.0,.000,1.1,2.5,.444,.437,0.7,1.0,.723,0.7,1.6,2.3,0.3,0.2,0.7,0.5,1.6,2.9,2003
6264,38,Carlos Boozer,PF,21,CLE,81,54,25.3,4.1,7.6,.536,0.0,0.0,.000,4.1,7.6,.536,.536,1.8,2.4,.771,2.5,5.0,7.5,1.3,0.7,0.6,1.3,2.8,10.0,2003
6265,39,Ruben Boumtje-Boumtje,C,24,POR,2,0,2.5,0.0,0.5,.000,0.0,0.0,,0.0,0.5,.000,.000,0.0,0.0,,0.5,0.0,0.5,0.5,0.5,0.0,0.0,0.0,0.0,2003
6266,40,Bruce Bowen,SF,31,SAS,82,82,31.3,2.7,5.8,.466,1.2,2.8,.441,1.5,3.0,.488,.571,0.4,1.1,.404,0.7,2.2,2.9,1.4,0.8,0.5,0.9,2.4,7.1,2003
6267,Rk,Player,Pos,Age,Tm,G,GS,MP,FG,FGA,FG%,3P,3PA,3P%,2P,2PA,2P%,eFG%,FT,FTA,FT%,ORB,DRB,TRB,AST,STL,BLK,TOV,PF,PTS,2003
6268,41,Ryan Bowen,SG,27,DEN,62,31,16.1,1.6,3.2,.492,0.0,0.1,.286,1.5,3.1,.500,.497,0.4,0.7,.659,1.3,1.3,2.5,0.9,1.0,0.5,0.7,1.3,3.6,2003
6269,42,Earl Boykins,PG,26,GSW,68,0,19.4,2.9,6.8,.429,0.4,1.1,.377,2.5,5.7,.439,.460,2.5,2.9,.865,0.5,0.8,1.3,3.3,0.6,0.1,1.1,1.1,8.8,2003
6270,43,Michael Bradley,PF,23,TOR,67,11,19.6,2.3,4.7,.481,0.0,0.1,.167,2.2,4.6,.487,.482,0.5,1.0,.522,2.4,3.7,6.1,1.0,0.2,0.5,1.1,1.9,5.0,2003
6271,44,Shawn Bradley,C,30,DAL,81,39,21.4,2.5,4.6,.536,0.0,0.0,.000,2.5,4.6,.537,.536,1.7,2.2,.806,1.9,4.0,5.9,0.7,0.8,2.1,0.8,3.0,6.7,2003
6272,45,Elton Brand,PF,23,LAC,62,61,39.6,7.3,14.5,.502,0.0,0.0,.000,7.3,14.5,.502,.502,3.9,5.7,.685,4.6,6.8,11.3,2.5,1.1,2.5,2.6,3.3,18.5,2003
6273,46,J.R. Bremer,PG,22,BOS,64,41,23.5,2.7,7.3,.369,1.6,4.5,.353,1.1,2.8,.393,.477,1.3,1.7,.766,0.3,2.0,2.3,2.6,0.6,0.0,0.9,1.3,8.3,2003
6274,47,Jamison Brewer,PG,22,IND,10,0,8.0,0.9,1.7,.529,0.0,0.2,.000,0.9,1.5,.600,.529,0.4,0.9,.444,0.5,0.4,0.9,1.8,0.2,0.1,0.6,1.1,2.2,2003
6275,48,Primož Brezec,C,23,IND,22,1,5.0,0.7,1.7,.395,0.0,0.0,.000,0.7,1.7,.405,.395,0.5,0.9,.600,0.6,0.5,1.0,0.2,0.1,0.2,0.3,0.7,1.9,2003
6276,49,Damone Brown,PF,23,TOR,5,3,23.0,2.2,7.0,.314,0.0,0.4,.000,2.2,6.6,.333,.314,1.2,1.6,.750,0.6,2.4,3.0,0.6,0.2,0.0,1.2,2.8,5.6,2003
6277,50,Devin Brown,SG,24,TOT,10,2,9.3,1.2,3.5,.343,0.0,0.1,.000,1.2,3.4,.353,.343,0.6,0.8,.750,0.8,1.0,1.8,0.7,0.4,0.1,0.9,1.4,3.0,2003
6278,50,Devin Brown,SG,24,SAS,7,0,3.1,0.7,1.4,.500,0.0,0.0,,0.7,1.4,.500,.500,0.3,0.3,1.000,0.6,0.4,1.0,0.3,0.0,0.0,0.7,0.4,1.7,2003
6279,50,Devin Brown,SG,24,DEN,3,2,23.7,2.3,8.3,.280,0.0,0.3,.000,2.3,8.0,.292,.280,1.3,2.0,.667,1.3,2.3,3.7,1.7,1.3,0.3,1.3,3.7,6.0,2003
6280,51,Kedrick Brown,SF,21,BOS,51,5,13.1,1.2,3.4,.357,0.1,0.8,.077,1.1,2.6,.439,.365,0.4,0.6,.625,0.9,1.9,2.7,0.4,0.7,0.3,0.5,1.3,2.8,2003
6281,52,Kwame Brown,C,20,WAS,80,20,22.2,2.8,6.3,.446,0.0,0.0,.000,2.8,6.2,.449,.446,1.8,2.7,.668,1.6,3.7,5.3,0.7,0.6,1.0,1.4,2.0,7.4,2003
6282,53,P.J. Brown,PF,33,NOH,78,78,33.4,4.1,7.7,.531,0.0,0.0,.000,4.1,7.7,.533,.531,2.5,3.0,.836,3.1,5.9,9.0,1.9,0.9,1.0,1.3,2.6,10.7,2003
6283,54,Randy Brown,PG,34,PHO,32,0,8.2,0.5,1.3,.372,0.0,0.0,,0.5,1.3,.372,.372,0.3,0.4,.750,0.1,0.7,0.8,1.1,0.5,0.1,0.5,1.1,1.3,2003
6284,55,Tierre Brown,PG,23,CLE,15,0,11.2,1.8,3.9,.458,0.0,0.1,.000,1.8,3.9,.466,.458,0.7,0.9,.786,0.5,1.5,2.0,2.6,0.9,0.0,1.5,0.6,4.3,2003
6285,56,Rick Brunson,PG,30,CHI,17,0,11.5,1.4,2.9,.460,0.2,0.4,.667,1.1,2.6,.432,.500,0.6,0.7,.833,0.2,0.9,1.1,2.1,0.6,0.2,1.0,1.2,3.5,2003
6286,57,Kobe Bryant*,SG,24,LAL,82,82,41.5,10.6,23.5,.451,1.5,4.0,.383,9.1,19.5,.465,.483,7.3,8.7,.843,1.3,5.6,6.9,5.9,2.2,0.8,3.5,2.7,30.0,2003
6287,58,Mark Bryant,PF,37,TOT,16,0,6.3,0.3,1.2,.263,0.0,0.0,,0.3,1.2,.263,.263,0.2,0.3,.750,0.5,0.8,1.3,0.3,0.1,0.1,0.4,1.1,0.8,2003
6288,58,Mark Bryant,PF,37,PHI,11,0,7.0,0.5,1.5,.294,0.0,0.0,,0.5,1.5,.294,.294,0.2,0.2,1.000,0.6,0.8,1.5,0.1,0.1,0.1,0.5,1.1,1.1,2003
6289,58,Mark Bryant,PF,37,DEN,3,0,4.7,0.0,0.3,.000,0.0,0.0,,0.0,0.3,.000,.000,0.3,0.7,.500,0.3,0.3,0.7,0.7,0.0,0.0,0.7,1.3,0.3,2003
6290,58,Mark Bryant,PF,37,BOS,2,0,4.5,0.0,0.5,.000,0.0,0.0,,0.0,0.5,.000,.000,0.0,0.0,,0.0,1.0,1.0,0.5,0.0,0.0,0.0,1.0,0.0,2003
6291,59,Greg Buckner,SG,26,PHI,75,5,20.2,2.5,5.3,.465,0.2,0.7,.273,2.3,4.6,.496,.484,0.9,1.1,.802,1.0,1.9,2.9,1.3,1.0,0.2,0.8,2.7,6.0,2003
6292,60,Pat Burke,C,29,ORL,62,8,12.6,1.8,4.8,.382,0.0,0.1,.143,1.8,4.7,.388,.383,0.6,0.9,.690,0.9,1.4,2.4,0.4,0.3,0.4,0.8,1.6,4.3,2003
6293,Rk,Player,Pos,Age,Tm,G,GS,MP,FG,FGA,FG%,3P,3PA,3P%,2P,2PA,2P%,eFG%,FT,FTA,FT%,ORB,DRB,TRB,AST,STL,BLK,TOV,PF,PTS,2003
6294,61,Caron Butler,SF,22,MIA,78,78,36.6,5.5,13.2,.416,0.4,1.4,.318,5.1,11.9,.427,.432,4.0,4.8,.824,1.7,3.4,5.1,2.7,1.8,0.4,2.5,2.9,15.4,2003
6295,62,Rasual Butler,SG,23,MIA,72,28,21.0,2.9,7.9,.362,0.7,2.4,.292,2.2,5.6,.392,.406,1.1,1.4,.731,0.4,2.2,2.6,1.3,0.3,0.6,1.1,1.5,7.5,2003
6296,63,Jason Caffey,PF,29,MIL,51,16,17.5,2.2,4.9,.456,0.0,0.0,,2.2,4.9,.456,.456,1.4,2.1,.651,1.3,2.1,3.5,0.7,0.4,0.3,1.1,2.4,5.8,2003
6297,64,Marcus Camby,C,28,DEN,29,9,21.2,3.2,7.8,.410,0.1,0.2,.400,3.1,7.7,.410,.414,1.1,1.7,.660,2.6,4.6,7.2,1.6,0.7,1.4,0.9,2.4,7.6,2003
6298,65,Elden Campbell,C,34,TOT,56,1,15.5,2.1,5.3,.397,0.0,0.0,.000,2.1,5.3,.398,.397,1.9,2.4,.801,0.8,2.4,3.2,0.9,0.6,0.7,0.9,2.3,6.1,2003
6299,65,Elden Campbell,C,34,NOH,41,1,16.7,2.5,6.0,.409,0.0,0.0,.000,2.5,6.0,.411,.409,2.3,2.8,.809,0.8,2.6,3.5,1.0,0.6,0.8,1.0,2.5,7.2,2003
6300,65,Elden Campbell,C,34,SEA,15,0,12.3,1.1,3.2,.333,0.0,0.0,,1.1,3.2,.333,.333,1.1,1.4,.762,0.9,1.7,2.6,0.6,0.6,0.5,0.5,1.8,3.2,2003
6301,66,Brian Cardinal,PF,25,WAS,5,0,3.0,0.2,0.8,.250,0.0,0.2,.000,0.2,0.6,.333,.250,0.4,0.4,1.000,0.6,0.4,1.0,0.2,0.0,0.0,0.2,0.0,0.8,2003
6302,67,Anthony Carter,PG,27,MIA,49,26,18.6,1.7,4.8,.356,0.0,0.2,.000,1.7,4.6,.369,.356,0.7,1.0,.660,0.2,1.4,1.7,4.1,0.9,0.1,1.7,1.4,4.1,2003
6303,68,Vince Carter,SG,26,TOR,43,42,34.2,8.3,17.7,.467,1.0,3.0,.344,7.2,14.6,.493,.497,3.0,3.7,.806,1.4,3.0,4.4,3.3,1.1,1.0,1.7,2.8,20.6,2003
6304,69,Sam Cassell,PG,33,MIL,78,77,34.6,7.0,14.9,.470,0.8,2.1,.362,6.2,12.8,.487,.495,4.9,5.7,.861,0.7,3.7,4.4,5.8,1.1,0.2,2.3,2.8,19.7,2003
6305,70,Kelvin Cato,C,28,HOU,73,5,17.1,1.8,3.5,.520,0.0,0.1,.000,1.8,3.5,.528,.520,0.9,1.7,.532,1.8,4.1,5.9,0.3,0.5,1.2,0.8,2.4,4.5,2003
6306,71,Tyson Chandler,C,20,CHI,75,68,24.4,3.4,6.5,.531,0.0,0.0,,3.4,6.5,.531,.531,2.4,3.9,.608,2.3,4.6,6.9,1.0,0.5,1.4,1.8,2.9,9.2,2003
6307,72,Calbert Cheaney,SG,31,UTA,81,74,29.0,4.0,8.0,.499,0.1,0.3,.400,3.9,7.7,.503,.507,0.5,0.9,.580,0.9,2.6,3.5,2.0,0.8,0.2,1.3,2.8,8.6,2003
6308,73,Chris Childs,PG,35,NJN,12,0,8.8,0.5,1.7,.300,0.1,0.5,.167,0.4,1.2,.357,.325,0.2,0.3,.667,0.3,0.2,0.4,1.3,0.7,0.1,0.5,1.4,1.3,2003
6309,74,Doug Christie,SG,32,SAC,80,80,33.9,3.3,7.0,.479,0.9,2.3,.395,2.4,4.7,.522,.545,1.8,2.2,.810,0.8,3.5,4.3,4.7,2.3,0.5,1.8,2.3,9.4,2003
6310,75,Keon Clark,C,27,SAC,80,11,22.3,2.8,5.6,.501,0.0,0.1,.000,2.8,5.6,.506,.501,1.1,1.6,.656,1.7,3.9,5.6,1.0,0.5,1.9,1.2,2.8,6.7,2003
6311,76,Speedy Claxton,PG,24,SAS,30,0,15.7,2.2,4.8,.462,0.0,0.4,.000,2.2,4.5,.500,.462,1.3,1.9,.684,0.7,1.1,1.9,2.5,0.7,0.2,1.2,1.4,5.8,2003
6312,77,Mateen Cleaves,PG,25,SAC,12,0,4.6,0.5,1.9,.261,0.1,0.1,1.000,0.4,1.8,.227,.283,0.3,0.3,.750,0.1,0.6,0.7,0.8,0.2,0.0,1.2,0.5,1.3,2003
6313,78,Derrick Coleman,C,35,PHI,64,35,27.2,3.5,7.8,.448,0.3,1.0,.328,3.1,6.7,.466,.470,2.1,2.7,.784,2.4,4.7,7.0,1.4,0.8,1.1,1.5,2.7,9.4,2003
6314,79,Bimbo Coles,PG,34,TOT,35,11,19.7,1.6,4.8,.333,0.2,0.9,.219,1.4,3.9,.360,.354,1.0,1.2,.833,0.3,1.4,1.7,2.1,0.5,0.1,0.8,1.7,4.4,2003
6315,79,Bimbo Coles,PG,34,CLE,21,11,24.6,1.6,5.7,.286,0.3,1.2,.280,1.3,4.5,.287,.315,1.3,1.6,.794,0.5,1.8,2.3,2.7,0.5,0.2,0.9,2.0,4.9,2003
6316,79,Bimbo Coles,PG,34,BOS,14,0,12.5,1.6,3.5,.449,0.0,0.5,.000,1.6,3.0,.524,.449,0.6,0.6,1.000,0.1,0.7,0.8,1.1,0.4,0.0,0.7,1.2,3.7,2003
6317,80,Jason Collier,C,25,HOU,13,3,8.0,1.3,2.8,.472,0.0,0.0,,1.3,2.8,.472,.472,0.2,0.2,1.000,0.9,1.3,2.2,0.1,0.2,0.1,0.2,0.8,2.8,2003
6318,Rk,Player,Pos,Age,Tm,G,GS,MP,FG,FGA,FG%,3P,3PA,3P%,2P,2PA,2P%,eFG%,FT,FTA,FT%,ORB,DRB,TRB,AST,STL,BLK,TOV,PF,PTS,2003
6319,81,Jarron Collins,C,24,UTA,22,7,19.1,1.7,3.9,.442,0.0,0.0,.000,1.7,3.9,.447,.442,2.0,2.8,.710,1.5,1.3,2.7,0.6,0.2,0.3,0.9,3.2,5.5,2003
6320,82,Jason Collins,C,24,NJN,81,66,23.5,1.7,4.2,.414,0.0,0.0,.000,1.7,4.1,.419,.414,2.2,2.9,.763,1.7,2.9,4.5,1.1,0.6,0.5,1.0,3.1,5.7,2003
6321,83,Chris Crawford,PF,27,ATL,5,0,7.6,1.6,2.6,.615,0.2,0.6,.333,1.4,2.0,.700,.654,1.4,1.6,.875,0.6,0.8,1.4,0.2,0.4,0.6,0.4,1.4,4.8,2003
6322,84,Jamal Crawford,PG,22,CHI,80,31,24.9,4.2,10.1,.413,1.1,3.0,.355,3.1,7.1,.438,.467,1.3,1.6,.806,0.3,2.1,2.3,4.2,1.0,0.3,1.7,1.6,10.7,2003
6323,85,Austin Croshere,PF,27,IND,49,0,12.9,1.8,4.3,.411,0.6,1.4,.391,1.2,2.9,.421,.476,1.1,1.3,.815,0.8,2.3,3.2,1.1,0.1,0.3,0.6,1.0,5.1,2003
6324,86,John Crotty,PG,33,DEN,12,0,15.0,1.2,3.4,.341,0.3,1.1,.308,0.8,2.3,.357,.390,0.8,1.3,.600,0.1,1.2,1.3,2.4,0.3,0.0,0.8,1.3,3.4,2003
6325,87,Eddy Curry,C,20,CHI,81,48,19.4,4.1,7.1,.585,0.0,0.0,,4.1,7.1,.585,.585,2.2,3.5,.624,1.4,2.9,4.4,0.5,0.2,0.8,1.7,2.8,10.5,2003
6326,88,Michael Curry,SF,34,DET,78,77,19.9,1.2,2.9,.402,0.2,0.7,.296,1.0,2.2,.434,.437,0.5,0.6,.800,0.2,1.4,1.6,1.3,0.6,0.1,0.6,2.1,3.0,2003
6327,89,Erick Dampier,C,27,GSW,82,82,24.1,3.2,6.4,.496,0.0,0.0,.000,3.2,6.3,.498,.496,1.9,2.7,.698,3.0,3.6,6.6,0.7,0.3,1.9,1.4,3.0,8.2,2003
6328,90,Antonio Daniels,SG,27,POR,67,2,13.0,1.3,2.8,.452,0.3,0.9,.305,1.0,1.9,.520,.500,1.0,1.1,.855,0.2,0.9,1.1,1.3,0.5,0.1,0.5,0.6,3.7,2003
6329,91,Antonio Davis,C,34,TOR,53,52,35.7,4.9,12.1,.407,0.0,0.0,,4.9,12.1,.407,.407,4.1,5.3,.771,2.5,5.8,8.2,2.5,0.4,1.2,2.2,2.8,13.9,2003
6330,92,Baron Davis,PG,23,NOH,50,47,37.8,6.6,16.0,.416,2.0,5.7,.350,4.7,10.3,.452,.478,1.9,2.6,.710,1.1,2.6,3.7,6.4,1.8,0.4,2.8,3.0,17.1,2003
6331,93,Dale Davis,C,33,POR,78,78,29.3,3.0,5.6,.541,0.0,0.0,,3.0,5.6,.541,.541,1.3,2.1,.633,3.0,4.2,7.2,1.2,0.7,0.9,0.9,2.4,7.4,2003
6332,94,Emanual Davis,SG,34,ATL,24,1,14.2,1.3,3.7,.364,0.3,1.2,.241,1.0,2.5,.424,.403,0.7,0.9,.773,0.2,1.6,1.8,1.5,0.5,0.1,1.0,1.2,3.7,2003
6333,95,Hubert Davis,SG,32,DET,43,1,7.6,0.7,1.8,.392,0.3,0.8,.333,0.4,1.0,.442,.468,0.1,0.1,.833,0.1,0.7,0.8,0.7,0.1,0.0,0.3,0.5,1.8,2003
6334,96,Ricky Davis,SG,23,CLE,79,76,39.6,7.6,18.6,.410,0.9,2.6,.363,6.7,16.0,.417,.435,4.4,5.9,.748,1.2,3.7,4.9,5.5,1.6,0.5,3.5,2.3,20.6,2003
6335,97,Andrew DeClercq,C,29,ORL,77,21,17.2,1.9,3.6,.534,0.0,0.0,,1.9,3.6,.534,.534,0.9,1.4,.644,1.8,2.6,4.4,0.7,0.5,0.5,1.1,3.4,4.7,2003
6336,98,Tony Delk,PG,29,BOS,67,39,28.0,3.5,8.4,.416,1.8,4.5,.395,1.7,3.8,.441,.523,1.0,1.3,.782,0.6,2.9,3.5,2.2,1.1,0.1,1.0,1.9,9.8,2003
6337,99,Dan Dickau,PG,24,ATL,50,0,10.3,1.4,3.4,.412,0.4,1.2,.361,1.0,2.2,.440,.476,0.4,0.5,.808,0.2,0.7,0.9,1.7,0.3,0.0,1.1,1.3,3.7,2003
6338,100,Michael Dickerson,SG,27,MEM,6,1,14.5,1.7,4.0,.417,0.7,1.8,.364,1.0,2.2,.462,.500,0.8,0.8,1.000,0.2,0.8,1.0,1.3,0.8,0.2,1.0,2.7,4.8,2003
6339,Rk,Player,Pos,Age,Tm,G,GS,MP,FG,FGA,FG%,3P,3PA,3P%,2P,2PA,2P%,eFG%,FT,FTA,FT%,ORB,DRB,TRB,AST,STL,BLK,TOV,PF,PTS,2003
6340,101,DeSagana Diop,PF,21,CLE,80,1,11.8,0.7,1.9,.351,0.0,0.0,,0.7,1.9,.351,.351,0.1,0.4,.367,0.8,1.9,2.7,0.5,0.4,1.0,0.7,1.9,1.5,2003
6341,102,Vlade Divac*,C,34,SAC,80,80,29.8,3.8,8.2,.466,0.1,0.3,.240,3.7,7.9,.475,.470,2.2,3.1,.713,2.0,5.2,7.2,3.4,1.0,1.3,1.9,3.0,9.9,2003
6342,103,Juan Dixon,PG,24,WAS,42,3,15.4,2.5,6.5,.384,0.6,2.0,.298,1.9,4.5,.422,.430,0.9,1.1,.804,0.3,1.4,1.7,1.0,0.6,0.1,1.0,1.3,6.4,2003
6343,104,Michael Doleac,C,25,NYK,75,0,13.9,1.9,4.6,.426,0.0,0.0,,1.9,4.6,.426,.426,0.5,0.6,.783,0.9,2.1,2.9,0.6,0.2,0.2,0.7,2.0,4.4,2003
6344,105,Keyon Dooling,SG,22,LAC,55,1,17.6,2.3,6.0,.389,0.9,2.5,.360,1.4,3.5,.411,.465,0.8,1.0,.772,0.2,1.1,1.3,1.6,0.4,0.1,1.1,1.7,6.4,2003
6345,106,Bryce Drew,PG,28,NOH,13,0,6.1,0.6,2.1,.296,0.2,0.5,.429,0.4,1.5,.250,.352,0.0,0.0,,0.3,0.7,1.0,0.8,0.2,0.0,0.2,0.2,1.5,2003
6346,107,Predrag Drobnjak,C,27,SEA,82,69,24.2,4.0,9.6,.412,0.4,1.0,.353,3.6,8.6,.419,.431,1.1,1.4,.791,1.4,2.5,3.9,1.0,0.6,0.5,0.8,2.2,9.4,2003
6347,108,Chris Dudley,C,37,POR,3,0,3.7,0.0,0.3,.000,0.0,0.0,,0.0,0.3,.000,.000,0.0,0.0,,0.7,0.0,0.7,0.0,0.0,0.0,0.0,1.0,0.0,2003
6348,109,Tim Duncan*,PF,26,SAS,81,81,39.3,8.8,17.2,.513,0.1,0.3,.273,8.7,16.9,.517,.515,5.6,7.8,.710,3.2,9.7,12.9,3.9,0.7,2.9,3.1,2.9,23.3,2003
6349,110,Mike Dunleavy,SF,22,GSW,82,3,15.9,2.0,5.1,.403,0.6,1.8,.347,1.4,3.3,.434,.465,1.0,1.2,.780,0.8,1.8,2.6,1.3,0.6,0.2,1.0,1.5,5.7,2003
6350,111,Howard Eisley,PG,30,NYK,82,76,27.4,3.2,7.7,.417,1.6,4.1,.389,1.6,3.5,.450,.521,1.1,1.3,.848,0.3,2.0,2.3,5.4,0.9,0.1,1.8,2.7,9.1,2003
6351,112,LaPhonso Ellis,PF,32,MIA,55,3,14.3,1.8,4.8,.382,0.5,1.9,.252,1.3,2.8,.471,.433,0.9,1.2,.758,0.8,2.1,2.9,0.3,0.3,0.3,0.6,1.6,5.0,2003
6352,113,Melvin Ely,C,24,LAC,52,7,15.4,1.8,3.6,.495,0.0,0.0,,1.8,3.6,.495,.495,1.0,1.4,.703,1.2,2.1,3.3,0.3,0.2,0.6,1.0,1.8,4.5,2003
6353,114,Evan Eschmeyer,C,27,DAL,17,3,7.9,0.4,1.1,.368,0.0,0.0,,0.4,1.1,.368,.368,0.2,0.2,.750,0.6,1.1,1.7,0.4,0.6,0.4,0.4,2.1,1.0,2003
6354,115,Reggie Evans,PF,22,SEA,67,60,20.4,1.0,2.1,.471,0.0,0.0,,1.0,2.1,.471,.471,1.2,2.3,.519,2.5,4.1,6.6,0.5,0.6,0.2,0.8,2.6,3.2,2003
6355,116,Danny Ferry,SF,36,SAS,64,1,9.4,0.7,1.9,.355,0.3,0.9,.350,0.4,1.0,.359,.440,0.2,0.2,.769,0.3,0.9,1.2,0.3,0.1,0.1,0.4,0.9,1.9,2003
6356,117,Michael Finley,SF,29,DAL,69,69,38.3,7.3,17.3,.425,1.7,4.7,.370,5.6,12.6,.445,.475,2.9,3.3,.861,1.6,4.3,5.8,3.0,1.1,0.3,1.7,1.5,19.3,2003
6357,118,Derek Fisher,PG,28,LAL,82,82,34.5,4.1,9.5,.437,1.0,2.6,.401,3.1,6.9,.451,.492,1.2,1.5,.800,0.5,2.4,2.9,3.6,1.1,0.2,1.1,2.4,10.5,2003
6358,119,Marcus Fizer,PF,24,CHI,38,0,21.3,4.7,10.1,.465,0.0,0.2,.167,4.7,9.9,.469,.466,2.3,3.5,.657,2.1,3.6,5.7,1.3,0.4,0.4,1.5,2.3,11.7,2003
6359,120,Alton Ford,PF,21,PHO,11,0,2.8,0.3,0.8,.333,0.0,0.0,,0.3,0.8,.333,.333,0.1,0.3,.333,0.0,0.5,0.5,0.1,0.0,0.0,0.2,0.6,0.6,2003
6360,Rk,Player,Pos,Age,Tm,G,GS,MP,FG,FGA,FG%,3P,3PA,3P%,2P,2PA,2P%,eFG%,FT,FTA,FT%,ORB,DRB,TRB,AST,STL,BLK,TOV,PF,PTS,2003
6361,121,Joseph Forte,SG,21,SEA,17,0,5.1,0.6,2.1,.286,0.0,0.2,.000,0.6,1.9,.313,.286,0.2,0.4,.667,0.2,0.4,0.6,0.6,0.2,0.0,0.6,0.4,1.4,2003
6362,122,Danny Fortson,PF,26,GSW,17,0,13.1,1.2,3.2,.370,0.0,0.1,.000,1.2,3.1,.377,.370,1.1,1.7,.655,1.6,2.6,4.3,0.7,0.5,0.0,0.9,2.5,3.5,2003
6363,123,Greg Foster,C,34,TOR,29,9,18.6,1.6,4.2,.385,0.0,0.1,.250,1.6,4.1,.390,.389,0.9,1.1,.813,1.0,2.5,3.5,0.4,0.0,0.3,1.0,2.8,4.2,2003
6364,124,Jeff Foster,C,26,IND,77,2,10.4,0.8,2.3,.360,0.0,0.0,.000,0.8,2.3,.364,.360,0.4,0.8,.540,1.5,2.1,3.6,0.7,0.4,0.3,0.4,1.3,2.1,2003
6365,125,Tremaine Fowlkes,SF,26,LAC,37,10,15.5,1.5,3.5,.438,0.1,0.2,.222,1.5,3.2,.454,.445,1.4,1.6,.847,1.1,1.7,2.8,0.6,0.7,0.1,0.5,1.7,4.4,2003
6366,126,Rick Fox,SF,33,LAL,76,75,28.7,3.4,8.2,.422,1.4,3.7,.375,2.1,4.5,.460,.506,0.7,0.9,.754,0.8,3.4,4.3,3.3,0.9,0.2,1.6,2.8,9.0,2003
6367,127,Adonal Foyle,C,27,GSW,82,0,21.8,2.3,4.2,.536,0.0,0.0,.000,2.3,4.2,.538,.536,0.9,1.3,.673,2.1,3.8,6.0,0.5,0.5,2.5,0.9,2.6,5.4,2003
6368,128,Steve Francis,PG,25,HOU,81,81,41.0,7.0,16.2,.435,1.0,3.0,.354,6.0,13.2,.453,.468,5.9,7.3,.800,2.0,4.2,6.2,6.2,1.7,0.5,3.7,3.1,21.0,2003
6369,129,Lawrence Funderburke,PF,32,SAC,27,0,8.5,1.2,2.7,.444,0.0,0.0,,1.2,2.7,.444,.444,0.4,0.6,.588,0.6,1.4,2.0,0.3,0.0,0.4,0.2,0.9,2.7,2003
6370,130,Dan Gadzuric,C,24,MIL,49,30,15.5,1.4,3.0,.483,0.0,0.0,.000,1.4,2.9,.486,.483,0.6,1.1,.518,1.3,2.7,4.0,0.2,0.4,1.1,0.6,2.6,3.4,2003
6371,131,Kevin Garnett*,PF,26,MIN,82,82,40.5,9.1,18.1,.502,0.2,0.9,.282,8.8,17.2,.513,.508,4.6,6.1,.751,3.0,10.5,13.4,6.0,1.4,1.6,2.8,2.4,23.0,2003
6372,132,Pat Garrity,PF,26,ORL,81,53,31.9,3.9,9.2,.419,2.0,5.0,.396,1.9,4.2,.448,.528,1.0,1.2,.830,0.9,2.9,3.8,1.5,0.8,0.2,1.0,3.1,10.7,2003
6373,133,Pau Gasol,PF,22,MEM,82,82,36.0,6.9,13.6,.510,0.0,0.1,.100,6.9,13.5,.514,.510,5.1,6.9,.736,2.3,6.4,8.8,2.8,0.4,1.8,2.6,2.7,19.0,2003
6374,134,Devean George,SF,25,LAL,71,7,22.7,2.5,6.5,.390,0.7,1.9,.371,1.8,4.6,.398,.444,1.2,1.5,.790,1.3,2.7,4.0,1.3,0.8,0.5,0.9,2.5,6.9,2003
6375,135,Kendall Gill,SG,34,MIN,82,34,25.2,3.5,8.3,.422,0.2,0.7,.322,3.3,7.5,.432,.436,1.5,2.0,.764,0.6,2.4,3.0,1.9,1.0,0.2,1.3,2.1,8.7,2003
6376,136,Manu Ginóbili*,SG,25,SAS,69,5,20.7,2.5,5.8,.438,0.7,2.1,.345,1.8,3.6,.494,.503,1.8,2.5,.737,0.7,1.7,2.3,2.0,1.4,0.2,1.4,2.5,7.6,2003
6377,137,Gordan Giriček,SG-SF,25,TOT,76,62,28.3,4.6,10.6,.436,1.1,3.3,.341,3.5,7.3,.478,.489,2.0,2.4,.820,0.5,2.7,3.1,1.8,0.7,0.1,1.9,2.1,12.3,2003
6378,137,Gordan Giriček,SG,25,MEM,49,35,24.2,4.2,9.8,.433,0.9,2.7,.354,3.3,7.1,.463,.481,1.8,2.2,.822,0.4,1.8,2.2,1.4,0.4,0.1,1.9,2.1,11.2,2003
6379,137,Gordan Giriček,SF,25,ORL,27,27,35.6,5.3,12.0,.440,1.4,4.4,.328,3.9,7.6,.505,.500,2.3,2.8,.816,0.7,4.1,4.8,2.5,1.1,0.1,1.9,2.0,14.3,2003
6380,138,Dion Glover,SG,24,ATL,76,42,24.9,3.6,8.5,.427,0.7,2.1,.354,2.9,6.4,.451,.471,1.7,2.1,.784,0.8,2.9,3.7,1.9,0.9,0.2,1.4,1.9,9.7,2003
6381,139,Anthony Goldwire,PG,31,TOT,15,0,5.7,0.6,1.7,.360,0.2,0.6,.333,0.4,1.1,.375,.420,0.3,0.5,.571,0.0,0.4,0.4,0.3,0.2,0.0,0.4,0.4,1.7,2003
6382,139,Anthony Goldwire,PG,31,SAS,10,0,5.1,0.5,1.8,.278,0.2,0.8,.250,0.3,1.0,.300,.333,0.0,0.2,.000,0.0,0.3,0.3,0.3,0.3,0.0,0.2,0.5,1.2,2003
6383,139,Anthony Goldwire,PG,31,WAS,5,0,6.8,0.8,1.4,.571,0.2,0.2,1.000,0.6,1.2,.500,.643,0.8,1.0,.800,0.0,0.6,0.6,0.2,0.0,0.0,0.8,0.2,2.6,2003
6384,140,Drew Gooden,SF-PF,21,TOT,70,47,26.8,5.1,11.1,.457,0.2,0.7,.292,4.9,10.4,.468,.466,2.2,3.0,.712,2.3,4.2,6.5,1.2,0.8,0.5,2.1,2.5,12.5,2003
6385,140,Drew Gooden,SF,21,MEM,51,29,26.1,5.0,11.3,.443,0.3,0.9,.304,4.7,10.4,.455,.455,1.8,2.6,.697,2.1,3.7,5.8,1.2,0.7,0.4,2.1,2.4,12.1,2003
6386,140,Drew Gooden,PF,21,ORL,19,18,28.6,5.3,10.6,.498,0.0,0.1,.000,5.3,10.5,.503,.498,3.1,4.2,.738,3.1,5.4,8.4,1.1,0.8,0.7,2.4,2.7,13.6,2003
6387,Rk,Player,Pos,Age,Tm,G,GS,MP,FG,FGA,FG%,3P,3PA,3P%,2P,2PA,2P%,eFG%,FT,FTA,FT%,ORB,DRB,TRB,AST,STL,BLK,TOV,PF,PTS,2003
6388,141,Brian Grant,C,30,MIA,82,82,32.2,4.2,8.2,.509,0.0,0.0,,4.2,8.2,.509,.509,1.9,2.5,.771,2.9,7.3,10.2,1.3,0.8,0.6,1.6,3.7,10.3,2003
6389,142,Horace Grant,PF,37,ORL,5,1,17.0,2.6,5.0,.520,0.0,0.0,,2.6,5.0,.520,.520,0.0,0.0,,0.4,1.2,1.6,1.4,0.6,0.0,0.2,1.0,5.2,2003
6390,143,Adrian Griffin,SG,28,DAL,74,48,18.6,2.0,4.6,.433,0.1,0.3,.250,1.9,4.2,.447,.442,0.4,0.4,.844,1.2,2.4,3.6,1.4,1.0,0.1,0.6,2.1,4.4,2003
6391,144,Eddie Griffin,PF,20,HOU,77,66,24.5,3.5,8.8,.400,0.8,2.5,.333,2.7,6.3,.426,.447,0.8,1.2,.617,1.8,4.2,6.0,1.1,0.7,1.4,1.0,1.8,8.6,2003
6392,145,Tom Gugliotta,PF,33,PHO,27,11,16.6,2.2,4.9,.455,0.0,0.0,.000,2.2,4.9,.458,.455,0.3,0.3,1.000,0.9,2.8,3.7,1.1,0.5,0.2,1.1,1.3,4.8,2003
6393,146,A.J. Guyton,PG,24,GSW,2,0,4.5,0.0,2.0,.000,0.0,0.5,.000,0.0,1.5,.000,.000,0.0,0.0,,0.0,0.0,0.0,1.0,0.5,0.0,0.5,0.0,0.0,2003
6394,147,Marcus Haislip,PF,22,MIL,39,8,11.3,1.7,3.9,.431,0.1,0.3,.250,1.6,3.6,.447,.441,0.7,1.0,.684,0.5,0.8,1.4,0.2,0.2,0.5,0.5,1.4,4.1,2003
6395,148,Darvin Ham,SG,29,ATL,75,1,12.3,0.9,2.1,.447,0.0,0.0,.000,0.9,2.1,.455,.447,0.5,1.1,.481,1.0,1.1,2.0,0.5,0.2,0.3,0.9,1.7,2.4,2003
6396,149,Richard Hamilton,SG,24,DET,82,82,32.2,7.0,15.7,.443,0.4,1.5,.269,6.6,14.2,.461,.456,5.4,6.4,.833,1.1,2.8,3.9,2.5,0.8,0.2,2.4,3.0,19.7,2003
6397,150,Zendon Hamilton,C,27,TOR,3,0,4.0,0.7,1.7,.400,0.0,0.0,,0.7,1.7,.400,.400,0.7,0.7,1.000,0.3,1.0,1.3,0.0,0.3,0.0,0.3,0.7,2.0,2003
6398,151,Anfernee Hardaway,SG,31,PHO,58,51,30.6,4.4,9.9,.447,0.4,1.3,.356,4.0,8.6,.460,.469,1.3,1.7,.794,1.1,3.3,4.4,4.1,1.1,0.4,2.5,2.6,10.6,2003
6399,152,Tim Hardaway*,PG,36,IND,10,0,12.7,1.8,4.9,.367,1.1,3.1,.355,0.7,1.8,.389,.480,0.2,0.4,.500,0.1,1.4,1.5,2.4,0.9,0.0,1.1,0.8,4.9,2003
6400,153,Matt Harpring,SF,26,UTA,78,69,32.8,6.7,13.1,.511,0.8,2.1,.413,5.8,11.0,.529,.543,3.4,4.2,.792,2.4,4.2,6.6,1.7,0.9,0.2,2.1,2.8,17.6,2003
6401,154,Adam Harrington,SG,22,TOT,19,0,5.8,0.6,1.9,.297,0.3,0.7,.357,0.3,1.2,.261,.365,0.2,0.2,.750,0.1,0.4,0.4,0.6,0.1,0.1,0.1,0.4,1.6,2003
6402,154,Adam Harrington,SG,22,DAL,13,0,2.8,0.3,1.3,.235,0.1,0.2,.333,0.2,1.1,.214,.265,0.2,0.2,1.000,0.0,0.2,0.2,0.2,0.1,0.1,0.2,0.2,0.8,2003
6403,154,Adam Harrington,SG,22,DEN,6,0,12.3,1.2,3.3,.350,0.7,1.8,.364,0.5,1.5,.333,.450,0.2,0.3,.500,0.2,0.8,1.0,1.7,0.2,0.0,0.0,1.0,3.2,2003
6404,155,Al Harrington,SF,22,IND,82,37,30.1,4.7,10.9,.434,0.2,0.6,.283,4.6,10.4,.442,.441,2.6,3.3,.770,1.9,4.3,6.2,1.5,0.9,0.4,2.0,3.4,12.2,2003
6405,156,Junior Harrington,PG,22,DEN,82,51,24.4,2.1,5.7,.362,0.1,0.3,.250,2.0,5.4,.369,.369,0.9,1.4,.652,0.5,2.5,3.0,3.4,1.0,0.2,1.9,3.0,5.1,2003
6406,157,Othella Harrington,PF,29,NYK,74,64,25.0,3.0,6.0,.508,0.0,0.0,,3.0,6.0,.508,.508,1.7,2.0,.820,2.2,4.2,6.4,0.8,0.2,0.3,1.2,3.1,7.7,2003
6407,158,Lucious Harris,SG,32,NJN,77,25,25.6,3.9,9.4,.413,0.6,1.8,.346,3.3,7.6,.429,.446,2.0,2.5,.804,0.8,2.2,3.0,2.0,0.7,0.1,0.9,1.2,10.3,2003
6408,159,Antonio Harvey,PF,32,ATL,4,0,8.0,0.5,1.3,.400,0.0,0.0,,0.5,1.3,.400,.400,0.0,0.0,,0.3,1.3,1.5,0.0,0.3,1.0,0.8,1.8,1.0,2003
6409,160,Donnell Harvey,SF,22,DEN,77,27,20.9,3.2,7.2,.446,0.0,0.1,.143,3.2,7.1,.450,.447,1.5,2.3,.670,1.6,3.7,5.3,1.3,0.6,0.4,1.6,2.6,7.9,2003
6410,Rk,Player,Pos,Age,Tm,G,GS,MP,FG,FGA,FG%,3P,3PA,3P%,2P,2PA,2P%,eFG%,FT,FTA,FT%,ORB,DRB,TRB,AST,STL,BLK,TOV,PF,PTS,2003
6411,161,Trenton Hassell,SG,23,CHI,82,53,24.4,1.8,4.8,.367,0.2,0.5,.325,1.6,4.3,.372,.384,0.5,0.7,.745,0.5,2.7,3.1,1.8,0.5,0.7,1.0,2.4,4.2,2003
6412,162,Kirk Haston,SF,23,NOH,12,0,4.8,0.2,1.4,.118,0.0,0.3,.000,0.2,1.2,.143,.118,0.2,0.3,.500,0.0,0.6,0.6,0.3,0.0,0.4,0.6,0.8,0.5,2003
6413,163,Juaquin Hawkins,SG,29,HOU,58,10,11.8,1.0,2.6,.385,0.2,0.4,.417,0.8,2.1,.379,.419,0.2,0.3,.500,0.3,1.1,1.3,0.8,0.5,0.1,0.5,1.0,2.3,2003
6414,164,Brendan Haywood,C,23,WAS,81,69,23.8,2.1,4.2,.510,0.0,0.0,,2.1,4.2,.510,.510,1.9,3.0,.633,2.4,2.6,5.0,0.4,0.4,1.5,0.8,2.8,6.2,2003
6415,165,Alan Henderson,C,30,ATL,82,3,18.2,1.9,4.0,.468,0.0,0.0,.000,1.9,4.0,.471,.468,1.1,1.7,.638,1.9,3.0,4.9,0.5,0.4,0.4,0.7,2.0,4.8,2003
6416,166,Nenê,C,20,DEN,80,53,28.2,4.0,7.7,.519,0.0,0.0,.000,4.0,7.7,.521,.519,2.5,4.3,.578,2.6,3.5,6.1,1.9,1.6,0.8,2.3,3.7,10.5,2003
6417,167,Grant Hill*,SF,30,ORL,29,29,29.1,5.2,10.6,.492,0.0,0.1,.250,5.2,10.4,.495,.493,4.1,5.0,.819,1.4,5.7,7.1,4.2,1.0,0.4,2.9,1.6,14.5,2003
6418,168,Tyrone Hill,PF,34,TOT,56,43,24.1,2.3,5.5,.422,0.0,0.0,,2.3,5.5,.422,.422,1.0,1.4,.675,2.3,4.7,7.0,0.7,0.8,0.5,1.2,3.1,5.6,2003
6419,168,Tyrone Hill,PF,34,CLE,32,25,26.7,2.7,6.2,.431,0.0,0.0,,2.7,6.2,.431,.431,1.0,1.4,.733,2.2,6.2,8.3,1.0,1.0,0.6,1.6,3.3,6.3,2003
6420,168,Tyrone Hill,PF,34,PHI,24,18,20.7,1.8,4.5,.404,0.0,0.0,,1.8,4.5,.404,.404,0.9,1.5,.600,2.3,2.8,5.2,0.4,0.6,0.3,0.7,2.8,4.5,2003
6421,169,Fred Hoiberg,SG,30,CHI,63,0,12.4,0.8,2.0,.389,0.1,0.3,.238,0.7,1.7,.419,.409,0.7,0.8,.820,0.2,2.0,2.2,1.1,0.6,0.1,0.4,0.9,2.3,2003
6422,170,Robert Horry,PF,32,LAL,80,26,29.3,2.3,6.0,.387,0.6,2.2,.288,1.7,3.7,.445,.440,1.3,1.7,.769,2.3,4.2,6.4,2.9,1.2,0.8,1.4,3.1,6.5,2003
6423,171,Eddie House,SG,24,MIA,55,7,18.6,3.1,8.1,.387,0.7,2.2,.300,2.5,5.9,.420,.428,0.6,0.7,.861,0.3,1.5,1.8,1.6,0.8,0.0,0.8,1.3,7.5,2003
6424,172,Allan Houston,SG,31,NYK,82,82,37.9,8.0,17.9,.445,2.2,5.5,.396,5.8,12.4,.467,.506,4.4,4.8,.919,0.3,2.5,2.8,2.7,0.7,0.1,2.2,2.3,22.5,2003
6425,173,Juwan Howard,PF,29,DEN,77,77,35.5,7.4,16.4,.450,0.0,0.1,.500,7.3,16.3,.449,.450,3.7,4.6,.803,2.4,5.2,7.6,3.0,1.0,0.4,2.5,3.1,18.4,2003
6426,174,Troy Hudson,PG,26,MIN,79,74,32.9,5.2,12.1,.428,1.2,3.4,.365,3.9,8.7,.452,.479,2.6,2.9,.900,0.5,1.8,2.3,5.7,0.8,0.1,2.3,2.0,14.2,2003
6427,175,Nate Huffman,C,27,TOR,7,0,10.9,1.3,3.6,.360,0.0,0.0,,1.3,3.6,.360,.360,0.7,1.1,.625,1.3,2.0,3.3,0.7,0.1,0.4,0.4,1.9,3.3,2003
6428,176,Larry Hughes,PG,24,WAS,67,56,31.9,5.2,11.1,.467,0.4,1.2,.367,4.7,9.9,.479,.487,2.0,2.8,.731,1.0,3.6,4.6,3.1,1.3,0.4,2.0,2.2,12.8,2003
6429,177,Ryan Humphrey,PF,23,TOT,48,1,9.3,0.7,2.5,.292,0.0,0.0,,0.7,2.5,.292,.292,0.5,0.8,.590,0.7,1.4,2.1,0.2,0.2,0.4,0.5,1.6,1.9,2003
6430,177,Ryan Humphrey,PF,23,ORL,35,1,9.2,0.7,2.4,.271,0.0,0.0,,0.7,2.4,.271,.271,0.5,0.8,.643,0.9,1.1,2.0,0.2,0.1,0.5,0.6,1.6,1.8,2003
6431,177,Ryan Humphrey,PF,23,MEM,13,0,9.4,0.9,2.7,.343,0.0,0.0,,0.9,2.7,.343,.343,0.4,0.8,.455,0.3,2.0,2.3,0.3,0.4,0.2,0.2,1.4,2.2,2003
6432,178,Lindsey Hunter,PG,32,TOR,29,0,23.2,3.7,10.4,.351,1.2,3.7,.318,2.5,6.7,.369,.407,1.2,1.6,.723,0.5,1.5,2.0,2.4,1.2,0.2,2.0,1.7,9.7,2003
6433,179,Steven Hunter,C,21,ORL,33,5,13.5,1.7,3.1,.544,0.0,0.0,,1.7,3.1,.544,.544,0.5,1.3,.409,1.2,1.7,2.8,0.2,0.3,1.1,0.5,1.7,3.9,2003
6434,180,Zydrunas Ilgauskas,C,27,CLE,81,81,30.0,6.1,13.9,.441,0.0,0.1,.000,6.1,13.8,.443,.441,4.9,6.3,.781,3.0,4.6,7.5,1.6,0.7,1.9,2.6,3.4,17.2,2003
6435,Rk,Player,Pos,Age,Tm,G,GS,MP,FG,FGA,FG%,3P,3PA,3P%,2P,2PA,2P%,eFG%,FT,FTA,FT%,ORB,DRB,TRB,AST,STL,BLK,TOV,PF,PTS,2003
6436,181,Allen Iverson*,SG,27,PHI,82,82,42.5,9.8,23.7,.414,1.0,3.7,.277,8.8,20.0,.440,.436,7.0,9.0,.774,0.8,3.4,4.2,5.5,2.7,0.2,3.5,1.8,27.6,2003
6437,182,Bobby Jackson,PG,29,SAC,59,26,28.4,5.8,12.4,.464,1.5,4.0,.379,4.3,8.4,.505,.525,2.1,2.5,.846,1.0,2.7,3.7,3.1,1.2,0.1,1.8,2.1,15.2,2003
6438,183,Jermaine Jackson,SG,26,TOT,53,1,10.5,0.8,2.1,.364,0.0,0.2,.100,0.7,1.9,.390,.368,0.8,1.0,.727,0.4,0.7,1.1,1.4,0.4,0.1,0.6,1.0,2.3,2003
6439,183,Jermaine Jackson,SG,26,TOR,24,1,11.9,0.9,2.8,.309,0.0,0.4,.111,0.8,2.5,.339,.316,1.0,1.1,.852,0.4,0.6,1.0,1.6,0.4,0.1,0.8,1.0,2.8,2003
6440,183,Jermaine Jackson,SG,26,ATL,29,0,9.4,0.7,1.4,.452,0.0,0.0,.000,0.7,1.4,.463,.452,0.6,1.0,.607,0.3,0.8,1.1,1.2,0.3,0.1,0.5,0.9,1.9,2003
6441,184,Jim Jackson,SF,32,SAC,63,0,20.8,3.2,7.3,.442,0.5,1.1,.451,2.7,6.2,.440,.476,0.7,0.9,.855,1.3,2.8,4.2,1.9,0.5,0.1,1.3,2.1,7.7,2003
6442,185,Marc Jackson,C,28,MIN,77,0,13.5,2.0,4.5,.438,0.0,0.0,1.000,2.0,4.5,.437,.440,1.5,1.9,.765,1.1,1.8,2.9,0.5,0.3,0.4,0.8,1.8,5.5,2003
6443,186,Mark Jackson,PG,37,UTA,82,0,17.9,1.8,4.5,.398,0.3,1.2,.284,1.5,3.3,.438,.435,0.7,1.0,.763,0.4,1.7,2.1,4.6,0.6,0.0,1.9,1.1,4.7,2003
6444,187,Stephen Jackson,SG,24,SAS,80,58,28.2,4.5,10.2,.435,1.2,3.7,.320,3.3,6.5,.501,.493,1.7,2.3,.760,0.8,2.8,3.6,2.3,1.6,0.4,2.2,2.5,11.8,2003
6445,188,Casey Jacobsen,SF,21,PHO,72,0,15.9,1.7,4.5,.373,0.7,2.3,.315,1.0,2.3,.432,.453,1.0,1.5,.686,0.4,0.8,1.2,1.0,0.5,0.1,0.8,1.3,5.1,2003
6446,189,Jerome James,C,27,SEA,51,16,15.0,2.2,4.5,.478,0.0,0.0,,2.2,4.5,.478,.478,1.1,1.8,.587,1.5,2.7,4.2,0.5,0.2,1.6,1.5,3.3,5.4,2003
6447,190,Mike James,PG,27,MIA,78,8,22.1,2.8,7.5,.373,0.9,2.9,.294,1.9,4.6,.423,.430,1.3,1.8,.732,0.3,1.6,1.9,3.2,0.8,0.1,1.4,2.3,7.8,2003
6448,191,Antawn Jamison,SF,26,GSW,82,82,39.3,8.4,17.9,.470,0.8,2.5,.311,7.6,15.4,.496,.492,4.6,5.8,.789,2.4,4.7,7.0,1.9,0.9,0.5,2.2,2.4,22.2,2003
6449,192,Marko Jarić,SF,24,LAC,66,12,20.9,2.7,6.8,.401,0.8,2.5,.319,1.9,4.2,.450,.461,1.2,1.6,.752,0.5,1.9,2.4,2.9,1.5,0.2,1.6,1.9,7.4,2003
6450,193,Chris Jefferies,SF,22,TOR,51,10,13.1,1.5,3.8,.387,0.4,1.1,.333,1.1,2.7,.407,.433,0.6,0.8,.674,0.3,0.8,1.2,0.4,0.4,0.3,0.9,1.1,3.9,2003
6451,194,Richard Jefferson,SF,22,NJN,80,80,36.0,5.7,11.4,.501,0.1,0.3,.250,5.6,11.1,.507,.504,4.1,5.5,.743,1.9,4.6,6.4,2.5,1.0,0.6,2.0,2.7,15.5,2003
6452,195,Jared Jeffries,SF,21,WAS,20,1,14.6,1.5,3.2,.476,0.2,0.3,.500,1.4,2.9,.474,.500,0.8,1.5,.552,1.3,1.6,2.9,0.8,0.4,0.3,1.1,1.4,4.0,2003
6453,196,Anthony Johnson,PG,28,NJN,66,2,12.8,1.6,3.5,.446,0.2,0.5,.371,1.4,3.0,.459,.474,0.8,1.1,.689,0.2,1.0,1.2,1.3,0.6,0.1,0.6,1.4,4.1,2003
6454,197,Avery Johnson,PG,37,DAL,48,0,9.0,1.3,3.1,.420,0.0,0.0,.000,1.3,3.1,.426,.420,0.6,0.8,.769,0.2,0.4,0.6,1.3,0.3,0.0,0.6,0.5,3.3,2003
6455,198,Ervin Johnson,C,35,MIL,69,17,17.0,0.9,2.0,.452,0.0,0.0,,0.9,2.0,.452,.452,0.4,0.6,.682,1.7,2.6,4.3,0.3,0.5,0.9,0.5,2.6,2.2,2003
6456,199,Joe Johnson,SG,21,PHO,82,34,27.5,3.9,9.7,.397,0.9,2.5,.366,2.9,7.2,.408,.444,1.2,1.5,.774,0.7,2.5,3.2,2.6,0.8,0.2,1.3,1.7,9.8,2003
6457,200,Ken Johnson,C,24,MIA,16,0,9.8,0.9,2.3,.405,0.0,0.0,,0.9,2.3,.405,.405,0.1,0.4,.333,0.3,1.8,2.0,0.0,0.1,0.8,0.4,1.3,2.0,2003
6458,Rk,Player,Pos,Age,Tm,G,GS,MP,FG,FGA,FG%,3P,3PA,3P%,2P,2PA,2P%,eFG%,FT,FTA,FT%,ORB,DRB,TRB,AST,STL,BLK,TOV,PF,PTS,2003
6459,201,Damon Jones,PG,26,SAC,49,1,14.5,1.6,4.3,.381,0.9,2.5,.364,0.7,1.8,.404,.486,0.4,0.6,.741,0.2,1.2,1.4,1.6,0.4,0.1,0.5,0.9,4.6,2003
6460,202,Eddie Jones,SG,31,MIA,47,47,38.1,6.2,14.6,.423,2.1,5.1,.407,4.1,9.5,.432,.494,4.0,4.9,.822,0.7,4.1,4.8,3.7,1.4,0.7,1.8,2.9,18.5,2003
6461,203,Fred Jones,SG,23,IND,19,1,6.1,0.5,1.3,.375,0.1,0.4,.286,0.4,0.9,.412,.417,0.2,0.2,.750,0.2,0.3,0.5,0.3,0.3,0.1,0.3,0.7,1.2,2003
6462,204,Jumaine Jones,SF,23,CLE,80,12,27.6,3.9,8.9,.434,1.4,3.9,.354,2.5,5.0,.497,.512,0.7,1.0,.687,1.3,3.7,5.1,1.4,0.8,0.3,1.3,2.2,9.8,2003
6463,205,Popeye Jones,PF,32,DAL,26,0,8.5,0.9,2.4,.387,0.0,0.0,,0.9,2.4,.387,.387,0.2,0.4,.455,1.1,1.2,2.3,0.3,0.2,0.0,0.6,1.2,2.0,2003
6464,206,Michael Jordan*,SF,39,WAS,82,67,37.0,8.3,18.6,.445,0.2,0.7,.291,8.1,18.0,.450,.450,3.2,4.0,.821,0.9,5.2,6.1,3.8,1.5,0.5,2.1,2.1,20.0,2003
6465,207,Shawn Kemp,C,33,ORL,79,55,20.7,2.7,6.4,.418,0.0,0.0,.000,2.7,6.4,.419,.418,1.5,2.0,.742,1.9,3.8,5.7,0.7,0.8,0.4,1.3,3.0,6.8,2003
6466,208,Steve Kerr,PG,37,SAS,75,0,12.7,1.5,3.4,.430,0.7,1.7,.395,0.8,1.8,.462,.525,0.4,0.5,.882,0.2,0.6,0.8,0.9,0.4,0.0,0.5,0.7,4.0,2003
6467,209,Jason Kidd*,PG,29,NJN,80,80,37.4,6.4,15.6,.414,1.6,4.6,.341,4.9,10.9,.445,.465,4.2,5.0,.841,1.4,4.9,6.3,8.9,2.2,0.3,3.7,1.6,18.7,2003
6468,210,Andrei Kirilenko,SF,21,UTA,80,11,27.7,3.9,8.0,.491,0.5,1.4,.325,3.5,6.6,.527,.519,3.7,4.6,.800,1.8,3.4,5.3,1.7,1.5,2.2,1.7,2.3,12.0,2003
6469,211,Kerry Kittles,SG,28,NJN,65,57,30.0,5.1,10.9,.467,1.2,3.4,.356,3.9,7.6,.516,.522,1.6,2.1,.785,0.8,3.1,3.9,2.6,1.6,0.5,0.8,1.7,13.0,2003
6470,212,Brevin Knight,PG,27,MEM,55,4,16.9,1.8,4.1,.425,0.0,0.1,.250,1.7,4.0,.432,.430,0.4,0.7,.541,0.3,1.2,1.5,4.2,1.3,0.0,1.7,2.2,3.9,2003
6471,213,Travis Knight,C,28,NYK,32,0,9.0,0.8,2.0,.385,0.0,0.0,.000,0.8,2.0,.391,.385,0.3,0.4,.769,0.6,1.4,1.9,0.4,0.3,0.3,0.3,1.4,1.9,2003
6472,214,Toni Kukoč*,PF,34,MIL,63,0,27.0,4.0,9.2,.432,1.5,4.2,.361,2.4,5.0,.490,.514,2.2,3.1,.706,1.1,3.2,4.2,3.7,1.3,0.5,1.9,2.1,11.6,2003
6473,215,Christian Laettner,PF,33,WAS,76,66,29.1,3.4,6.8,.494,0.0,0.2,.125,3.3,6.6,.506,.496,1.6,1.9,.833,1.5,5.1,6.6,3.1,1.1,0.5,1.1,2.7,8.3,2003
6474,216,Raef LaFrentz,C,26,DAL,69,43,23.3,3.9,7.4,.518,0.7,1.7,.405,3.2,5.8,.550,.563,0.9,1.3,.682,1.8,3.0,4.8,0.8,0.5,1.3,0.7,3.8,9.3,2003
6475,217,Sean Lampley,SF,23,MIA,35,0,13.9,1.6,3.7,.434,0.0,0.1,.000,1.6,3.6,.448,.434,1.6,2.3,.695,0.7,1.6,2.4,0.9,0.2,0.1,0.7,1.2,4.8,2003
6476,218,Dan Langhi,SF,25,PHO,60,0,9.0,1.4,3.4,.401,0.2,0.5,.290,1.2,2.9,.421,.423,0.2,0.3,.600,0.3,1.1,1.5,0.4,0.3,0.1,0.3,1.0,3.1,2003
6477,219,Voshon Lenard,SG,29,TOR,63,24,30.6,5.2,12.8,.402,1.5,4.0,.365,3.7,8.8,.418,.459,2.5,3.1,.804,0.8,2.6,3.4,2.3,0.9,0.3,1.6,2.5,14.3,2003
6478,220,Rashard Lewis,SF,23,SEA,77,77,39.5,6.7,14.9,.452,1.0,2.8,.346,5.8,12.1,.476,.484,3.7,4.5,.820,2.0,4.6,6.5,1.7,1.3,0.5,1.9,2.7,18.1,2003
6479,Rk,Player,Pos,Age,Tm,G,GS,MP,FG,FGA,FG%,3P,3PA,3P%,2P,2PA,2P%,eFG%,FT,FTA,FT%,ORB,DRB,TRB,AST,STL,BLK,TOV,PF,PTS,2003
6480,221,Randy Livingston,PG,27,NOH,2,0,6.0,1.0,2.0,.500,0.0,0.0,,1.0,2.0,.500,.500,1.0,1.0,1.000,0.0,0.0,0.0,0.5,0.0,0.0,0.0,0.0,3.0,2003
6481,222,Art Long,PF,30,TOT,26,0,8.1,1.1,2.9,.373,0.1,0.1,.667,1.0,2.8,.361,.387,0.1,0.4,.200,0.8,1.5,2.3,0.2,0.2,0.4,0.8,1.3,2.3,2003
6482,222,Art Long,PF,30,PHI,19,0,6.9,1.0,2.6,.380,0.1,0.1,1.000,0.9,2.6,.367,.390,0.1,0.3,.200,0.7,1.4,2.1,0.1,0.1,0.4,0.5,1.2,2.1,2003
6483,222,Art Long,PF,30,TOR,7,0,11.4,1.3,3.6,.360,0.1,0.3,.500,1.1,3.3,.348,.380,0.1,0.7,.200,1.1,1.7,2.9,0.6,0.4,0.4,1.6,1.9,2.9,2003
6484,223,Grant Long,PF,36,BOS,41,1,11.9,0.7,1.7,.386,0.0,0.1,.000,0.7,1.6,.403,.386,0.4,0.6,.783,0.6,1.4,2.0,0.6,0.2,0.0,0.5,1.5,1.8,2003
6485,224,Tyronn Lue,PG,25,WAS,75,24,26.5,3.3,7.6,.433,0.8,2.3,.341,2.5,5.3,.474,.485,1.2,1.4,.875,0.3,1.7,2.0,3.5,0.6,0.0,1.0,2.0,8.6,2003
6486,225,George Lynch,SG,32,NOH,81,32,18.5,1.8,4.4,.409,0.3,1.0,.354,1.5,3.5,.425,.448,0.5,0.9,.554,1.7,2.6,4.4,1.3,0.8,0.2,0.6,1.7,4.5,2003
6487,226,Todd MacCulloch,C,27,PHI,42,35,19.3,2.9,5.7,.517,0.0,0.0,,2.9,5.7,.517,.517,1.3,1.9,.671,1.6,3.1,4.7,0.5,0.5,0.8,0.8,2.5,7.1,2003
6488,227,Tito Maddox,SG,21,HOU,9,0,3.9,0.3,1.3,.250,0.0,0.3,.000,0.3,1.0,.333,.250,0.6,0.9,.625,0.1,0.7,0.8,0.6,0.3,0.1,0.3,0.4,1.2,2003
6489,228,Mark Madsen,PF,27,LAL,54,22,14.5,1.3,3.0,.423,0.0,0.0,,1.3,3.0,.423,.423,0.7,1.1,.590,1.6,1.4,2.9,0.7,0.3,0.4,0.5,2.1,3.2,2003
6490,229,Corey Maggette,SG,23,LAC,64,57,31.3,5.4,12.1,.444,1.0,2.8,.350,4.4,9.3,.471,.484,5.1,6.3,.802,1.2,3.8,5.0,1.9,0.9,0.3,2.3,3.0,16.8,2003
6491,230,Jamaal Magloire,C,24,NOH,82,82,29.8,3.7,7.7,.480,0.0,0.0,.000,3.7,7.7,.483,.480,2.8,3.9,.717,3.2,5.7,8.8,1.1,0.6,1.4,1.9,3.4,10.3,2003
6492,231,Karl Malone*,PF,39,UTA,81,81,36.2,7.3,15.9,.462,0.0,0.2,.214,7.3,15.7,.464,.463,5.9,7.7,.763,1.4,6.4,7.8,4.7,1.7,0.4,2.6,2.5,20.6,2003
6493,232,Matt Maloney,PG,31,ATL,14,0,7.4,0.6,1.8,.320,0.4,1.1,.333,0.2,0.7,.300,.420,0.2,0.4,.600,0.1,0.4,0.5,1.2,0.3,0.0,0.4,0.6,1.7,2003
6494,233,Danny Manning,PF,36,DET,13,0,6.8,1.0,2.5,.406,0.2,0.6,.375,0.8,1.8,.417,.453,0.4,0.5,.833,0.5,0.8,1.4,0.5,0.7,0.2,0.5,0.8,2.6,2003
6495,234,Stephon Marbury,PG,25,PHO,81,81,40.0,8.3,18.9,.439,1.1,3.7,.301,7.2,15.2,.472,.468,4.6,5.8,.803,0.7,2.6,3.2,8.1,1.3,0.2,3.2,2.5,22.3,2003
6496,235,Shawn Marion,SF,24,PHO,81,81,41.6,8.2,18.1,.452,1.7,4.5,.387,6.4,13.6,.473,.500,3.1,3.6,.851,2.5,7.1,9.5,2.4,2.3,1.2,1.9,2.6,21.2,2003
6497,236,Sean Marks,PF,27,MIA,23,0,9.7,1.0,2.6,.373,0.0,0.0,.000,1.0,2.5,.379,.373,0.4,0.7,.667,0.3,1.2,1.5,0.1,0.2,0.3,0.6,1.6,2.3,2003
6498,237,Donny Marshall,SF,30,NJN,3,0,2.0,0.0,1.0,.000,0.0,0.3,.000,0.0,0.7,.000,.000,0.0,0.0,,0.0,1.0,1.0,0.0,0.0,0.0,0.3,0.0,0.0,2003
6499,238,Donyell Marshall,PF,29,CHI,78,53,30.5,5.4,11.8,.459,0.4,1.1,.379,5.0,10.7,.467,.477,2.1,2.8,.756,3.0,6.0,9.0,1.8,1.2,1.1,1.7,3.0,13.4,2003
6500,239,Kenyon Martin,PF,25,NJN,77,77,34.1,6.6,14.1,.470,0.1,0.6,.209,6.5,13.5,.481,.475,3.3,5.1,.653,2.1,6.2,8.3,2.4,1.3,0.9,2.5,3.8,16.7,2003
6501,240,Jamal Mashburn,SF,30,NOH,82,81,40.5,8.2,19.3,.422,1.5,3.7,.389,6.7,15.6,.430,.460,3.8,4.5,.848,0.8,5.3,6.1,5.6,1.0,0.2,2.8,2.4,21.6,2003
6502,Rk,Player,Pos,Age,Tm,G,GS,MP,FG,FGA,FG%,3P,3PA,3P%,2P,2PA,2P%,eFG%,FT,FTA,FT%,ORB,DRB,TRB,AST,STL,BLK,TOV,PF,PTS,2003
6503,241,Anthony Mason,C,36,MIL,65,58,32.6,2.9,6.0,.486,0.0,0.0,.000,2.9,6.0,.487,.486,1.3,1.8,.718,1.4,5.0,6.4,3.2,0.5,0.2,1.2,2.3,7.2,2003
6504,242,Desmond Mason,SF,25,TOT,80,40,34.5,5.7,12.7,.449,0.3,0.9,.292,5.5,11.8,.461,.460,2.7,3.5,.749,1.9,4.6,6.5,2.0,0.8,0.4,1.4,2.6,14.3,2003
6505,242,Desmond Mason,SF,25,SEA,52,15,34.8,5.6,12.8,.436,0.3,1.1,.291,5.3,11.8,.449,.448,2.6,3.5,.740,1.7,4.8,6.4,1.8,0.9,0.4,1.4,2.6,14.1,2003
6506,242,Desmond Mason,SF,25,MIL,28,25,34.0,5.9,12.5,.474,0.2,0.6,.294,5.8,11.9,.483,.481,2.8,3.6,.765,2.4,4.4,6.7,2.4,0.7,0.4,1.5,2.6,14.8,2003
6507,243,Roger Mason,SF,22,CHI,17,0,6.6,0.6,1.8,.355,0.4,1.1,.333,0.3,0.8,.385,.452,0.1,0.1,1.000,0.1,0.6,0.7,0.7,0.2,0.0,0.3,1.2,1.8,2003
6508,244,Tony Massenburg,C,35,UTA,58,1,13.7,1.8,4.0,.448,0.0,0.0,,1.8,4.0,.448,.448,1.1,1.4,.774,1.0,1.7,2.7,0.3,0.3,0.3,0.9,2.5,4.7,2003
6509,245,Walter McCarty,SF,28,BOS,82,8,23.8,2.1,5.1,.414,1.1,3.0,.367,1.0,2.1,.482,.523,0.7,1.2,.622,0.8,2.7,3.5,1.3,1.0,0.3,0.8,2.3,6.1,2003
6510,246,Amal McCaskill,C,29,ATL,11,0,6.4,0.4,1.5,.235,0.0,0.0,,0.4,1.5,.235,.235,0.3,0.4,.750,0.6,1.4,2.0,0.5,0.3,0.1,0.2,1.2,1.0,2003
6511,247,Jelani McCoy,C,25,TOR,67,25,20.4,2.9,5.9,.491,0.0,0.0,,2.9,5.9,.491,.491,1.0,1.9,.548,1.4,3.9,5.3,0.6,0.4,0.9,1.4,2.4,6.8,2003
6512,248,Tracy McGrady*,SG,23,ORL,75,74,39.4,11.1,24.2,.457,2.3,6.0,.386,8.7,18.2,.481,.505,7.7,9.7,.793,1.6,4.9,6.5,5.5,1.7,0.8,2.6,2.1,32.1,2003
6513,249,Jeff McInnis,PG,28,POR,75,1,17.5,2.5,5.6,.444,0.1,0.5,.171,2.4,5.2,.469,.452,0.7,0.9,.746,0.3,1.0,1.3,2.3,0.3,0.0,1.0,1.6,5.8,2003
6514,250,Aaron McKie,SF,30,PHI,80,40,29.7,3.6,8.3,.429,0.5,1.4,.330,3.1,6.9,.449,.457,1.4,1.7,.836,0.8,3.6,4.4,3.5,1.6,0.1,1.4,2.2,9.0,2003
6515,251,Stanislav Medvedenko,PF,23,LAL,58,10,10.7,1.9,4.4,.434,0.0,0.0,.000,1.9,4.4,.438,.434,0.5,0.7,.721,1.1,1.3,2.4,0.3,0.2,0.1,0.6,2.0,4.4,2003
6516,252,Ron Mercer,SG,26,IND,72,3,23.2,3.4,8.3,.409,0.0,0.2,.188,3.3,8.1,.415,.411,0.9,1.1,.802,0.4,1.7,2.1,1.6,0.7,0.2,0.8,1.7,7.7,2003
6517,253,Chris Mihm,C,23,CLE,52,0,15.6,2.2,5.5,.404,0.0,0.1,.000,2.2,5.5,.408,.404,1.5,2.0,.724,1.8,2.7,4.4,0.5,0.3,0.7,0.9,2.4,5.9,2003
6518,254,Darius Miles,SF,21,CLE,67,62,30.0,3.9,9.6,.410,0.0,0.2,.000,3.9,9.4,.419,.410,1.4,2.3,.594,1.7,3.7,5.4,2.6,1.0,1.0,2.7,2.4,9.2,2003
6519,255,Andre Miller,PG,26,LAC,80,80,36.4,4.7,11.6,.406,0.3,1.4,.213,4.4,10.3,.432,.419,3.9,4.9,.795,1.1,2.9,4.0,6.7,1.2,0.1,2.6,2.5,13.6,2003
6520,256,Brad Miller,C,26,IND,73,72,31.1,4.5,9.1,.493,0.1,0.2,.313,4.4,8.9,.498,.497,4.0,4.9,.818,2.5,5.7,8.3,2.6,0.9,0.6,1.6,2.8,13.1,2003
6521,257,Mike Miller,SF,22,TOT,65,52,33.6,5.7,13.2,.434,1.7,4.6,.363,4.1,8.6,.472,.498,2.4,2.9,.839,0.7,4.5,5.2,2.6,0.6,0.3,1.9,2.7,15.6,2003
6522,257,Mike Miller,SF,22,ORL,49,39,37.3,6.0,14.4,.418,1.8,5.2,.340,4.3,9.2,.462,.480,2.6,3.1,.847,0.8,5.0,5.8,2.8,0.7,0.3,2.0,2.8,16.4,2003
6523,257,Mike Miller,SF,22,MEM,16,13,22.5,4.8,9.4,.510,1.4,2.8,.500,3.4,6.7,.514,.583,1.8,2.3,.806,0.4,3.1,3.4,1.9,0.4,0.3,1.6,2.1,12.8,2003
6524,258,Reggie Miller*,SG,37,IND,70,70,30.2,4.0,9.1,.441,1.6,4.5,.355,2.4,4.6,.527,.530,3.0,3.3,.900,0.3,2.2,2.5,2.4,0.9,0.1,0.9,1.3,12.6,2003
6525,259,Chris Mills,PF,33,GSW,21,0,12.5,1.9,5.0,.368,0.3,1.2,.280,1.5,3.9,.395,.401,0.8,0.9,.889,0.9,1.5,2.4,1.0,0.3,0.1,0.5,1.4,4.8,2003
6526,260,Yao Ming*,C,22,HOU,82,72,29.0,4.9,9.8,.498,0.0,0.0,.500,4.9,9.8,.498,.499,3.7,4.5,.811,2.4,5.8,8.2,1.7,0.4,1.8,2.1,2.8,13.5,2003
6527,Rk,Player,Pos,Age,Tm,G,GS,MP,FG,FGA,FG%,3P,3PA,3P%,2P,2PA,2P%,eFG%,FT,FTA,FT%,ORB,DRB,TRB,AST,STL,BLK,TOV,PF,PTS,2003
6528,261,Cuttino Mobley,SG,27,HOU,73,73,41.7,6.3,14.6,.434,1.5,4.4,.352,4.8,10.3,.469,.486,3.3,3.9,.858,1.0,3.2,4.2,2.8,1.3,0.5,2.3,2.5,17.5,2003
6529,262,Nazr Mohammed,C,25,ATL,35,0,12.7,1.9,4.5,.421,0.0,0.0,,1.9,4.5,.421,.421,0.7,1.2,.634,1.3,2.3,3.7,0.2,0.5,0.6,0.7,2.3,4.6,2003
6530,263,Jérôme Moïso,C,24,NOH,51,1,12.6,1.7,3.4,.520,0.0,0.0,,1.7,3.4,.520,.520,0.5,0.8,.659,1.2,2.3,3.5,0.4,0.4,0.9,0.9,1.7,4.0,2003
6531,264,Mikki Moore,C,27,TOT,8,0,5.4,0.6,1.6,.385,0.0,0.0,,0.6,1.6,.385,.385,1.0,1.3,.800,0.8,0.3,1.0,0.4,0.0,0.5,0.3,0.9,2.3,2003
6532,264,Mikki Moore,C,27,BOS,3,0,4.0,0.0,0.3,.000,0.0,0.0,,0.0,0.3,.000,.000,0.0,0.0,,0.3,0.0,0.3,0.0,0.0,0.7,0.0,2.0,0.0,2003
6533,264,Mikki Moore,C,27,ATL,5,0,6.2,1.0,2.4,.417,0.0,0.0,,1.0,2.4,.417,.417,1.6,2.0,.800,1.0,0.4,1.4,0.6,0.0,0.4,0.4,0.2,3.6,2003
6534,265,Terence Morris,SF,24,HOU,49,0,12.9,1.7,3.6,.466,0.1,0.7,.219,1.5,2.9,.521,.486,0.2,0.3,.786,0.8,1.8,2.6,0.5,0.2,0.3,0.6,0.7,3.7,2003
6535,266,Troy Murphy,PF,22,GSW,79,79,31.8,4.3,9.5,.451,0.0,0.2,.214,4.2,9.3,.456,.453,3.1,3.7,.841,2.9,7.3,10.2,1.3,0.8,0.4,1.4,3.1,11.7,2003
6536,267,Ronald Murray,SG,23,TOT,14,0,4.4,0.8,2.2,.355,0.0,0.4,.000,0.8,1.9,.423,.355,0.4,0.6,.625,0.0,0.3,0.3,0.4,0.3,0.0,0.6,0.0,1.9,2003
6537,267,Ronald Murray,SG,23,MIL,12,0,3.5,0.8,2.2,.346,0.0,0.3,.000,0.8,1.8,.409,.346,0.4,0.7,.625,0.0,0.1,0.1,0.3,0.3,0.0,0.3,0.0,1.9,2003
6538,267,Ronald Murray,SG,23,SEA,2,0,10.0,1.0,2.5,.400,0.0,0.5,.000,1.0,2.0,.500,.400,0.0,0.0,,0.0,1.5,1.5,1.0,0.0,0.0,2.0,0.0,2.0,2003
6539,268,Tracy Murray,SF,31,LAL,31,0,6.2,0.7,2.3,.324,0.3,1.2,.211,0.5,1.1,.455,.380,0.2,0.3,.778,0.2,0.6,0.7,0.4,0.2,0.1,0.5,0.7,2.0,2003
6540,269,Dikembe Mutombo*,C,36,NJN,24,16,21.4,2.0,5.5,.374,0.0,0.0,,2.0,5.5,.374,.374,1.7,2.3,.727,2.3,4.1,6.4,0.8,0.2,1.5,1.4,2.3,5.8,2003
6541,270,Mamadou N'Diaye,C,27,TOR,22,8,16.5,2.0,4.4,.448,0.0,0.0,,2.0,4.4,.448,.448,1.5,2.1,.723,1.3,2.4,3.7,0.3,0.4,1.5,1.0,2.6,5.5,2003
6542,271,Boštjan Nachbar,SF,22,HOU,14,1,5.5,0.8,2.2,.355,0.1,0.7,.200,0.6,1.5,.429,.387,0.4,0.7,.500,0.2,0.6,0.8,0.2,0.1,0.1,0.4,0.9,2.1,2003
6543,272,Lee Nailon,SF,27,NYK,38,0,10.7,2.2,5.0,.442,0.0,0.0,.000,2.2,5.0,.444,.442,1.1,1.3,.824,0.8,1.0,1.8,0.7,0.2,0.1,0.8,1.2,5.5,2003
6544,273,Eduardo Nájera,SF,26,DAL,48,12,23.0,2.7,4.8,.558,0.0,0.0,.000,2.7,4.8,.561,.558,1.3,1.9,.681,1.9,2.8,4.6,1.0,0.8,0.5,0.5,2.7,6.7,2003
6545,274,Steve Nash*,PG,28,DAL,82,82,33.1,6.3,13.6,.465,1.4,3.3,.413,5.0,10.3,.482,.515,3.8,4.1,.909,0.8,2.1,2.9,7.3,1.0,0.1,2.3,1.6,17.7,2003
6546,275,Rasho Nesterović,C,26,MIN,77,77,30.4,5.2,9.9,.525,0.0,0.0,.000,5.2,9.9,.526,.525,0.8,1.2,.642,1.9,4.6,6.5,1.5,0.5,1.5,1.3,3.3,11.2,2003
6547,276,Ira Newble,SF,28,ATL,73,45,26.5,3.2,6.4,.495,0.4,1.2,.381,2.7,5.2,.520,.529,1.0,1.2,.778,1.2,2.5,3.7,1.4,0.7,0.4,0.9,2.4,7.7,2003
6548,277,Moochie Norris,PG,29,HOU,82,3,16.8,1.6,4.0,.406,0.1,0.5,.244,1.5,3.5,.432,.423,1.0,1.4,.684,0.5,1.5,1.9,2.4,0.7,0.0,1.0,0.9,4.4,2003
6549,278,Dirk Nowitzki,PF,24,DAL,80,80,39.0,8.6,18.6,.463,1.9,4.9,.379,6.8,13.7,.493,.513,6.0,6.9,.881,1.0,8.9,9.9,3.0,1.4,1.0,1.9,2.6,25.1,2003
6550,279,Jermaine O'Neal,PF,24,IND,77,76,37.2,7.9,16.4,.484,0.1,0.3,.333,7.8,16.1,.487,.487,4.8,6.6,.731,2.6,7.7,10.3,2.0,0.9,2.3,2.3,3.6,20.8,2003
6551,280,Shaquille O'Neal*,C,30,LAL,67,66,37.8,10.4,18.1,.574,0.0,0.0,,10.4,18.1,.574,.574,6.7,10.8,.622,3.9,7.2,11.1,3.1,0.6,2.4,2.9,3.4,27.5,2003
6552,Rk,Player,Pos,Age,Tm,G,GS,MP,FG,FGA,FG%,3P,3PA,3P%,2P,2PA,2P%,eFG%,FT,FTA,FT%,ORB,DRB,TRB,AST,STL,BLK,TOV,PF,PTS,2003
6553,281,Charles Oakley,C,39,WAS,42,1,12.2,0.5,1.3,.418,0.0,0.0,,0.5,1.3,.418,.418,0.7,0.8,.824,0.9,1.7,2.5,1.0,0.3,0.1,0.5,2.1,1.8,2003
6554,282,Lamar Odom,SF,23,LAC,49,47,34.3,5.5,12.5,.439,0.9,2.6,.326,4.6,9.8,.469,.473,2.8,3.6,.777,1.2,5.4,6.7,3.6,0.9,0.8,2.9,3.7,14.6,2003
6555,283,Mehmet Okur,PF,23,DET,72,9,19.0,2.5,5.9,.426,0.5,1.6,.339,2.0,4.3,.457,.470,1.3,1.8,.733,1.6,3.0,4.7,1.0,0.3,0.5,0.9,2.3,6.9,2003
6556,284,Dean Oliver,PG,24,GSW,15,0,6.2,0.5,1.9,.241,0.1,0.4,.167,0.4,1.5,.261,.259,0.5,0.5,.875,0.5,0.5,1.1,1.5,0.5,0.0,0.7,0.6,1.5,2003
6557,285,Kevin Ollie,PG,30,TOT,82,5,23.1,2.4,5.4,.451,0.0,0.1,.333,2.4,5.3,.453,.454,1.6,2.2,.753,0.3,1.9,2.2,3.5,0.8,0.1,0.9,1.5,6.5,2003
6558,285,Kevin Ollie,PG,30,MIL,53,4,21.3,2.2,4.8,.459,0.0,0.1,.200,2.2,4.7,.464,.461,1.3,1.7,.747,0.2,1.6,1.9,3.4,0.7,0.1,0.7,1.3,5.7,2003
6559,285,Kevin Ollie,PG,30,SEA,29,1,26.6,2.8,6.4,.441,0.0,0.0,1.000,2.8,6.4,.438,.444,2.3,3.0,.759,0.4,2.4,2.9,3.8,1.1,0.0,1.2,1.8,8.0,2003
6560,286,Michael Olowokandi,C,27,LAC,36,36,38.0,5.2,12.1,.427,0.0,0.0,,5.2,12.1,.427,.427,1.9,2.9,.657,1.6,7.5,9.1,1.3,0.5,2.2,2.7,3.1,12.3,2003
6561,287,Greg Ostertag,C,29,UTA,81,74,23.8,2.1,4.0,.518,0.0,0.0,,2.1,4.0,.518,.518,1.2,2.4,.510,2.2,4.0,6.2,0.7,0.2,1.8,1.3,2.9,5.4,2003
6562,288,Bo Outlaw,C,31,PHO,80,20,22.5,1.9,3.5,.550,0.0,0.0,.000,1.9,3.5,.554,.550,0.9,1.5,.621,1.7,2.9,4.6,1.4,0.6,0.9,1.0,2.4,4.7,2003
6563,289,Chris Owens,SF,23,MEM,1,0,6.0,2.0,3.0,.667,0.0,0.0,,2.0,3.0,.667,.667,0.0,0.0,,1.0,0.0,1.0,0.0,0.0,0.0,1.0,0.0,4.0,2003
6564,290,Olumide Oyedeji,C,21,ORL,27,3,5.4,0.4,0.9,.435,0.0,0.0,,0.4,0.9,.435,.435,0.3,0.4,.636,0.4,1.5,1.9,0.2,0.2,0.1,0.2,1.1,1.0,2003
6565,291,Robert Pack,PG,33,NOH,28,4,15.7,1.9,4.6,.403,0.0,0.2,.000,1.9,4.4,.419,.403,1.5,2.0,.745,0.4,1.4,1.8,2.9,0.9,0.0,1.4,1.3,5.2,2003
6566,292,Scott Padgett,PF,26,UTA,82,2,16.1,2.1,5.2,.402,0.5,1.6,.338,1.5,3.5,.431,.455,1.0,1.3,.757,1.0,2.3,3.3,1.0,0.5,0.3,0.9,1.8,5.7,2003
6567,293,Milt Palacio,PG,24,CLE,80,46,24.7,2.0,4.9,.418,0.1,0.5,.216,1.9,4.4,.439,.428,0.8,1.1,.747,0.6,2.3,2.9,3.2,0.9,0.2,1.6,2.1,5.0,2003
6568,294,Jannero Pargo,PG,23,LAL,34,0,10.1,1.1,2.7,.398,0.2,0.7,.292,0.9,2.0,.435,.435,0.1,0.1,1.000,0.3,0.8,1.1,1.1,0.4,0.1,0.7,1.3,2.5,2003
6569,295,Smush Parker,PG,21,CLE,66,18,16.7,2.1,5.1,.402,0.6,1.8,.322,1.5,3.3,.445,.459,1.5,1.8,.831,0.4,1.4,1.8,2.5,0.7,0.2,2.0,1.6,6.2,2003
6570,296,Tony Parker,PG,20,SAS,82,82,33.8,5.9,12.7,.464,1.0,3.0,.337,4.9,9.8,.503,.503,2.7,3.5,.755,0.4,2.2,2.6,5.3,0.9,0.0,2.4,2.1,15.5,2003
6571,297,Cherokee Parks,PF,30,LAC,30,18,21.6,2.7,5.4,.503,0.0,0.1,.500,2.7,5.4,.503,.506,0.8,1.3,.605,1.5,2.9,4.4,0.7,0.5,0.7,0.6,1.7,6.3,2003
6572,298,Ruben Patterson,SF,27,POR,78,17,21.2,3.3,6.6,.492,0.0,0.3,.150,3.2,6.4,.506,.495,1.8,2.8,.627,1.5,1.8,3.4,1.3,0.9,0.4,1.5,2.1,8.3,2003
6573,299,Gary Payton*,PG,34,TOT,80,80,40.1,8.3,18.3,.454,0.7,2.3,.297,7.6,16.1,.476,.472,3.1,4.4,.710,1.0,3.2,4.2,8.3,1.7,0.3,2.3,2.3,20.4,2003
6574,299,Gary Payton*,PG,34,SEA,52,52,40.8,8.5,19.1,.448,0.7,2.2,.298,7.9,16.9,.467,.465,3.1,4.5,.692,1.1,3.7,4.8,8.8,1.8,0.2,2.5,2.3,20.8,2003
6575,299,Gary Payton*,PG,34,MIL,28,28,38.8,7.9,16.9,.466,0.7,2.4,.294,7.2,14.5,.495,.487,3.1,4.2,.746,0.8,2.3,3.1,7.4,1.4,0.3,2.0,2.3,19.6,2003
6576,300,Anthony Peeler,SG,33,MIN,82,39,27.4,3.1,7.4,.414,1.1,2.6,.410,2.0,4.8,.416,.485,0.5,0.6,.780,0.5,2.5,2.9,3.0,0.9,0.2,1.0,2.0,7.7,2003
6577,Rk,Player,Pos,Age,Tm,G,GS,MP,FG,FGA,FG%,3P,3PA,3P%,2P,2PA,2P%,eFG%,FT,FTA,FT%,ORB,DRB,TRB,AST,STL,BLK,TOV,PF,PTS,2003
6578,301,Wesley Person,SG,31,MEM,66,44,29.4,4.2,9.1,.456,1.5,3.5,.433,2.6,5.6,.470,.539,1.2,1.5,.814,0.4,2.5,2.9,1.7,0.6,0.3,0.8,1.0,11.0,2003
6579,302,Morris Peterson,SF,25,TOR,82,80,36.0,5.1,13.1,.392,1.4,4.2,.337,3.7,8.9,.418,.446,2.4,3.0,.789,1.2,3.2,4.4,2.3,1.1,0.4,1.6,2.8,14.1,2003
6580,303,Eric Piatkowski,SG,32,LAC,62,26,21.9,3.4,7.2,.471,1.3,3.2,.398,2.1,4.0,.531,.561,1.6,2.0,.828,0.7,1.8,2.5,1.1,0.5,0.1,0.9,1.5,9.7,2003
6581,304,Paul Pierce*,SG,25,BOS,79,79,39.2,8.4,20.2,.416,1.5,4.9,.302,6.9,15.2,.454,.454,7.6,9.5,.802,1.3,6.0,7.3,4.4,1.8,0.8,3.6,2.9,25.9,2003
6582,305,Scottie Pippen*,SF,37,POR,64,58,29.9,4.1,9.3,.444,0.6,2.1,.286,3.5,7.3,.489,.476,1.9,2.3,.818,0.9,3.5,4.3,4.5,1.6,0.4,2.6,2.3,10.8,2003
6583,306,Scot Pollard,C,27,SAC,23,0,14.1,1.7,3.8,.460,0.0,0.0,,1.7,3.8,.460,.460,1.0,1.7,.605,2.0,2.6,4.6,0.3,0.6,0.7,0.7,2.2,4.5,2003
6584,307,James Posey,SF,26,TOT,83,71,30.3,3.7,9.1,.411,0.8,2.8,.306,2.9,6.3,.457,.457,2.5,3.0,.833,1.1,4.0,5.1,2.2,1.3,0.2,1.7,2.4,10.8,2003
6585,307,James Posey,SF,26,DEN,25,24,34.9,4.8,13.0,.373,1.0,3.5,.273,3.9,9.4,.411,.410,3.4,4.1,.843,1.5,4.3,5.8,3.1,1.2,0.2,2.6,2.5,14.1,2003
6586,307,James Posey,SF,26,HOU,58,47,28.4,3.2,7.4,.439,0.8,2.4,.326,2.4,4.9,.495,.493,2.1,2.5,.826,0.9,3.9,4.8,1.8,1.3,0.2,1.3,2.3,9.3,2003
6587,308,Lavor Postell,SG,24,NYK,12,0,8.2,1.2,3.2,.368,0.2,0.6,.286,1.0,2.6,.387,.395,1.1,1.3,.867,0.1,0.3,0.3,0.3,0.2,0.0,0.6,0.8,3.6,2003
6588,309,Vitaly Potapenko,C,27,SEA,26,2,15.5,1.6,3.6,.441,0.0,0.0,,1.6,3.6,.441,.441,0.8,1.1,.759,1.0,2.5,3.4,0.2,0.3,0.3,1.0,1.8,4.0,2003
6589,310,Tayshaun Prince,SF,22,DET,42,5,10.4,1.3,2.8,.449,0.5,1.1,.426,0.8,1.7,.465,.534,0.3,0.4,.647,0.1,1.0,1.1,0.6,0.2,0.3,0.5,0.6,3.3,2003
6590,311,Joel Przybilla,C,23,MIL,32,17,17.1,0.6,1.4,.391,0.0,0.0,,0.6,1.4,.391,.391,0.4,0.8,.500,1.5,3.0,4.5,0.4,0.3,1.4,0.6,2.7,1.5,2003
6591,312,Vladimir Radmanović,PF,22,SEA,72,16,26.5,3.8,9.3,.410,1.4,4.1,.355,2.4,5.2,.453,.488,1.0,1.4,.706,1.1,3.4,4.5,1.3,0.9,0.3,1.4,1.9,10.1,2003
6592,313,Igor Rakočević,PG,24,MIN,42,0,5.8,0.5,1.4,.379,0.1,0.3,.417,0.4,1.1,.370,.422,0.7,0.9,.806,0.1,0.3,0.4,0.8,0.1,0.0,0.5,0.6,1.9,2003
6593,314,Zach Randolph,PF,21,POR,77,11,16.9,3.4,6.7,.513,0.0,0.1,.000,3.4,6.6,.518,.513,1.6,2.1,.758,1.8,2.6,4.5,0.5,0.5,0.2,0.8,1.8,8.4,2003
6594,315,Theo Ratliff,C,29,ATL,81,81,31.1,3.4,7.3,.464,0.0,0.0,,3.4,7.3,.464,.464,1.9,2.6,.720,1.9,5.6,7.5,0.9,0.7,3.2,1.7,3.3,8.7,2003
6595,316,Željko Rebrača,C,30,DET,30,12,16.3,2.7,4.8,.552,0.0,0.0,,2.7,4.8,.552,.552,1.3,1.6,.792,0.9,2.2,3.1,0.3,0.2,0.6,1.0,2.6,6.6,2003
6596,317,Michael Redd,SG,23,MIL,82,14,28.2,5.5,11.8,.469,2.2,5.1,.438,3.3,6.8,.492,.562,1.8,2.3,.805,1.2,3.3,4.5,1.4,1.2,0.2,0.9,1.7,15.1,2003
6597,318,Don Reid,PF,29,DET,1,0,10.0,0.0,3.0,.000,0.0,0.0,,0.0,3.0,.000,.000,1.0,2.0,.500,0.0,0.0,0.0,0.0,0.0,0.0,0.0,4.0,1.0,2003
6598,319,Efthimios Rentzias,C,27,PHI,35,0,4.1,0.6,1.7,.339,0.1,0.2,.500,0.5,1.5,.314,.373,0.2,0.3,.889,0.3,0.5,0.7,0.2,0.2,0.1,0.1,0.6,1.5,2003
6599,320,Glen Rice,SF,35,HOU,62,26,24.7,3.2,7.4,.429,1.6,4.1,.398,1.5,3.3,.468,.539,1.0,1.3,.759,0.5,2.0,2.5,1.0,0.4,0.1,0.9,1.6,9.0,2003
6600,Rk,Player,Pos,Age,Tm,G,GS,MP,FG,FGA,FG%,3P,3PA,3P%,2P,2PA,2P%,eFG%,FT,FTA,FT%,ORB,DRB,TRB,AST,STL,BLK,TOV,PF,PTS,2003
6601,321,Jason Richardson,SG,22,GSW,82,82,32.9,5.8,14.2,.410,1.5,4.1,.368,4.3,10.1,.427,.463,2.5,3.3,.764,1.4,3.3,4.6,3.0,1.1,0.3,2.2,2.5,15.6,2003
6602,322,Quentin Richardson,SG,22,LAC,59,13,23.2,3.4,9.3,.372,1.0,3.4,.308,2.4,5.9,.408,.428,1.4,2.1,.685,1.7,3.1,4.8,0.9,0.6,0.2,1.1,1.6,9.4,2003
6603,323,Antoine Rigaudeau,SG,31,DAL,11,0,8.3,0.7,3.2,.229,0.1,0.5,.200,0.6,2.7,.233,.243,0.0,0.0,,0.4,0.4,0.7,0.5,0.3,0.0,0.5,1.0,1.5,2003
6604,324,Clifford Robinson,PF,36,DET,81,69,34.9,4.6,11.5,.398,1.1,3.2,.336,3.5,8.3,.422,.444,2.0,2.9,.676,1.0,2.9,3.9,3.3,1.1,1.1,2.0,3.2,12.2,2003
6605,325,David Robinson*,C,37,SAS,64,64,26.2,3.1,6.6,.469,0.0,0.0,,3.1,6.6,.469,.469,2.4,3.3,.710,2.5,5.4,7.9,1.0,0.8,1.7,1.3,2.0,8.5,2003
6606,326,Eddie Robinson,SF,26,CHI,64,18,21.2,2.4,4.9,.492,0.0,0.2,.214,2.4,4.7,.505,.497,0.8,1.0,.810,1.2,1.9,3.1,1.0,1.0,0.2,0.8,1.9,5.7,2003
6607,327,Glenn Robinson,SF,30,ATL,69,68,37.6,7.8,18.1,.432,1.3,3.8,.342,6.5,14.3,.456,.468,3.9,4.4,.876,1.2,5.4,6.6,3.0,1.3,0.4,3.6,2.7,20.8,2003
6608,328,Rodney Rogers,PF,31,NJN,68,0,19.2,2.7,6.7,.402,0.6,1.9,.333,2.0,4.8,.430,.451,1.0,1.3,.756,0.9,3.0,3.9,1.6,0.7,0.5,1.3,2.8,7.0,2003
6609,329,Sean Rooks,C,33,LAC,70,38,19.2,1.8,4.2,.421,0.0,0.0,.000,1.8,4.2,.422,.421,0.7,0.8,.810,0.8,2.3,3.1,1.0,0.5,0.6,0.9,2.5,4.2,2003
6610,330,Jalen Rose,SF,30,CHI,82,82,40.9,7.8,19.3,.406,1.6,4.4,.370,6.2,14.9,.416,.448,4.9,5.7,.854,0.8,3.5,4.3,4.8,0.9,0.3,3.5,3.3,22.1,2003
6611,331,Malik Rose,PF,28,SAS,79,13,24.5,3.7,8.0,.459,0.0,0.1,.400,3.6,7.9,.459,.460,3.1,3.9,.791,1.9,4.5,6.4,1.6,0.7,0.5,2.2,2.6,10.4,2003
6612,332,Guy Rucker,PF,25,GSW,3,0,1.3,0.0,0.0,,0.0,0.0,,0.0,0.0,,,0.0,0.0,,0.0,0.3,0.3,0.3,0.0,0.0,0.0,0.3,0.0,2003
6613,333,Kareem Rush,PG,22,LAL,76,0,11.5,1.3,3.2,.393,0.3,0.9,.279,1.0,2.3,.438,.432,0.2,0.3,.696,0.3,0.9,1.2,0.9,0.1,0.1,0.8,0.9,3.0,2003
6614,334,Bryon Russell,SF,32,WAS,70,23,19.8,1.5,4.4,.353,0.7,2.0,.329,0.9,2.4,.373,.428,0.8,1.0,.768,0.6,2.4,3.0,1.0,1.0,0.1,0.8,1.9,4.5,2003
6615,335,Arvydas Sabonis*,C,38,POR,78,1,15.5,2.2,4.6,.476,0.0,0.1,.500,2.2,4.6,.476,.481,1.7,2.1,.787,1.1,3.2,4.3,1.8,0.8,0.6,1.0,1.8,6.1,2003
6616,336,John Salmons,PG,23,PHI,64,1,7.9,0.8,1.8,.414,0.2,0.5,.323,0.6,1.3,.447,.457,0.4,0.5,.743,0.3,0.7,0.9,0.7,0.3,0.1,0.5,0.8,2.1,2003
6617,337,Soumaila Samake,C,24,LAL,13,1,5.9,0.8,1.8,.417,0.0,0.0,,0.8,1.8,.417,.417,0.2,0.2,1.000,0.8,1.0,1.8,0.3,0.0,0.4,0.2,1.0,1.7,2003
6618,338,Jamal Sampson,PF,19,MIL,5,0,1.6,0.0,0.4,.000,0.0,0.0,,0.0,0.4,.000,.000,0.0,0.0,,0.2,0.2,0.4,0.2,0.2,0.0,0.0,0.0,0.0,2003
6619,339,Pepe Sánchez,PG,25,DET,9,0,4.1,0.0,0.6,.000,0.0,0.0,,0.0,0.6,.000,.000,0.0,0.0,,0.4,0.2,0.7,0.9,0.6,0.0,0.2,0.3,0.0,2003
6620,340,Jeryl Sasser,SG,23,ORL,75,4,13.7,0.9,2.8,.309,0.2,0.6,.295,0.7,2.2,.313,.341,0.7,1.0,.679,0.9,1.6,2.5,0.9,0.6,0.2,0.5,1.2,2.6,2003
6621,Rk,Player,Pos,Age,Tm,G,GS,MP,FG,FGA,FG%,3P,3PA,3P%,2P,2PA,2P%,eFG%,FT,FTA,FT%,ORB,DRB,TRB,AST,STL,BLK,TOV,PF,PTS,2003
6622,341,Kenny Satterfield,PG,21,TOT,39,6,12.9,1.4,4.7,.301,0.1,0.7,.179,1.3,4.0,.323,.314,0.4,0.6,.680,0.4,0.7,1.1,1.7,0.5,0.1,1.1,0.9,3.4,2003
6623,341,Kenny Satterfield,PG,21,DEN,22,6,19.1,2.3,7.5,.309,0.2,1.3,.179,2.1,6.2,.336,.324,0.7,1.0,.696,0.5,1.0,1.6,2.4,0.8,0.1,1.6,1.4,5.6,2003
6624,341,Kenny Satterfield,PG,21,PHI,17,0,4.8,0.2,1.1,.222,0.0,0.0,,0.2,1.1,.222,.222,0.1,0.1,.500,0.2,0.2,0.5,0.9,0.1,0.0,0.4,0.4,0.5,2003
6625,342,Predrag Savović,SG,26,DEN,27,0,9.5,1.1,3.4,.312,0.1,1.0,.154,0.9,2.5,.373,.333,0.8,1.1,.724,0.3,0.6,0.9,0.8,0.5,0.0,0.8,1.2,3.1,2003
6626,343,Brian Scalabrine,PF,24,NJN,59,7,12.3,1.2,2.9,.402,0.2,0.7,.359,0.9,2.2,.415,.444,0.5,0.6,.833,0.7,1.7,2.4,0.8,0.3,0.3,0.8,1.3,3.1,2003
6627,344,Ansu Sesay,SF,26,SEA,45,4,10.0,0.9,2.4,.383,0.0,0.0,,0.9,2.4,.383,.383,0.3,0.5,.571,0.8,0.9,1.6,0.5,0.3,0.1,0.6,1.4,2.1,2003
6628,345,Brian Shaw,PG,36,LAL,72,0,12.5,1.4,3.6,.387,0.5,1.5,.349,0.9,2.1,.414,.460,0.1,0.2,.667,0.3,1.4,1.7,1.4,0.4,0.2,0.8,0.9,3.5,2003
6629,346,Paul Shirley,PF,25,ATL,2,0,2.5,0.0,2.0,.000,0.0,0.0,,0.0,2.0,.000,.000,0.0,0.0,,0.0,0.5,0.5,0.0,0.0,0.0,0.0,0.0,0.0,2003
6630,347,Bobby Simmons,SG,22,WAS,36,2,10.5,1.2,3.1,.393,0.0,0.1,.000,1.2,3.0,.411,.393,0.9,1.0,.914,0.9,1.2,2.1,0.6,0.3,0.1,0.2,1.4,3.3,2003
6631,348,Brian Skinner,PF,26,PHI,77,9,17.9,2.4,4.3,.550,0.0,0.0,,2.4,4.3,.550,.550,1.3,2.1,.602,1.8,3.0,4.8,0.2,0.6,0.7,0.8,2.3,6.0,2003
6632,349,Reggie Slater,PF,32,MIN,26,0,5.4,1.0,1.9,.540,0.0,0.0,,1.0,1.9,.540,.540,1.0,1.7,.600,0.7,0.5,1.2,0.2,0.2,0.0,0.3,1.2,3.1,2003
6633,350,Tamar Slay,SG,22,NJN,36,0,7.6,1.1,2.9,.379,0.2,0.7,.280,0.9,2.2,.410,.413,0.2,0.3,.700,0.2,0.6,0.9,0.4,0.4,0.1,0.6,0.9,2.6,2003
6634,351,Charles Smith,SG,27,POR,3,0,4.3,0.3,1.3,.250,0.0,0.3,.000,0.3,1.0,.333,.250,1.0,1.3,.750,0.0,0.0,0.0,0.3,0.3,0.0,0.3,1.0,1.7,2003
6635,352,Joe Smith,SF,27,MIN,54,21,20.7,2.8,6.1,.460,0.0,0.0,.000,2.8,6.0,.463,.460,1.9,2.4,.779,2.1,2.9,5.0,0.7,0.3,1.0,0.8,3.2,7.5,2003
6636,353,Steve Smith,SG,33,SAS,53,18,19.5,2.1,5.5,.388,0.7,2.2,.331,1.4,3.3,.428,.455,1.8,2.2,.833,0.4,1.5,1.9,1.3,0.5,0.2,0.8,1.5,6.8,2003
6637,354,Eric Snow,PG,29,PHI,82,82,37.9,4.4,9.7,.452,0.1,0.4,.219,4.3,9.4,.462,.456,4.0,4.6,.858,0.9,2.8,3.7,6.6,1.6,0.1,2.4,2.9,12.9,2003
6638,355,Latrell Sprewell,SF,32,NYK,74,73,38.6,6.1,15.2,.403,1.8,4.9,.372,4.3,10.4,.417,.462,2.3,2.9,.794,0.6,3.2,3.9,4.5,1.4,0.3,2.3,1.8,16.4,2003
6639,356,Jerry Stackhouse,SG,28,WAS,70,70,39.2,7.0,17.2,.409,1.0,3.5,.290,6.0,13.7,.439,.438,6.5,7.4,.878,0.9,2.8,3.7,4.5,0.9,0.4,2.8,1.9,21.5,2003
6640,357,Vladimir Stepania,C,26,MIA,79,6,20.2,2.3,5.4,.433,0.0,0.0,,2.3,5.4,.433,.433,0.9,1.7,.530,2.7,4.3,7.0,0.3,0.6,0.5,0.9,2.1,5.6,2003
6641,358,DeShawn Stevenson,SG,21,UTA,61,8,12.5,1.9,4.7,.401,0.1,0.2,.333,1.8,4.5,.404,.408,0.8,1.1,.691,0.4,1.0,1.4,0.7,0.4,0.1,0.8,0.9,4.6,2003
6642,359,Michael Stewart,PF,27,CLE,47,0,5.3,0.3,0.8,.378,0.0,0.0,,0.3,0.8,.378,.378,0.2,0.3,.667,0.4,0.8,1.2,0.1,0.0,0.3,0.2,0.9,0.8,2003
6643,360,John Stockton*,PG,40,UTA,82,82,27.7,3.8,7.8,.483,0.4,1.0,.363,3.4,6.8,.500,.505,2.9,3.5,.826,0.6,1.8,2.5,7.7,1.7,0.2,2.2,2.2,10.8,2003
6644,Rk,Player,Pos,Age,Tm,G,GS,MP,FG,FGA,FG%,3P,3PA,3P%,2P,2PA,2P%,eFG%,FT,FTA,FT%,ORB,DRB,TRB,AST,STL,BLK,TOV,PF,PTS,2003
6645,361,Peja Stojaković,SF,25,SAC,72,72,34.0,6.9,14.4,.481,2.2,5.6,.382,4.8,8.7,.545,.556,3.2,3.7,.875,0.8,4.7,5.5,2.0,1.0,0.1,1.4,2.0,19.2,2003
6646,362,Damon Stoudamire,PG,29,POR,59,27,22.3,2.6,7.0,.376,0.7,1.9,.386,1.9,5.1,.372,.429,0.9,1.1,.791,0.7,1.9,2.6,3.5,0.7,0.1,1.4,1.1,6.9,2003
6647,363,Amar'e Stoudemire,PF,20,PHO,82,71,31.3,4.8,10.1,.472,0.0,0.1,.200,4.8,10.0,.476,.473,3.9,5.9,.661,3.0,5.7,8.8,1.0,0.8,1.1,2.3,3.3,13.5,2003
6648,364,Erick Strickland,SG,29,IND,71,10,18.0,2.3,5.4,.429,0.9,2.3,.388,1.4,3.1,.459,.511,1.0,1.2,.805,0.3,1.7,2.0,2.9,0.5,0.1,1.4,1.6,6.5,2003
6649,365,Mark Strickland,SF,32,DAL,4,0,3.3,0.5,1.3,.400,0.0,0.0,,0.5,1.3,.400,.400,0.0,0.0,,1.3,0.5,1.8,0.0,0.0,0.0,0.3,0.3,1.0,2003
6650,366,Rod Strickland,PG,36,MIN,47,8,20.3,2.6,5.9,.432,0.0,0.2,.091,2.5,5.7,.446,.433,1.7,2.3,.738,0.4,1.6,2.0,4.6,1.0,0.1,1.6,1.2,6.8,2003
6651,367,Bruno Šundov,C,22,BOS,26,0,5.3,0.5,2.2,.250,0.2,0.6,.250,0.4,1.5,.250,.286,0.0,0.1,.000,0.3,0.8,1.1,0.3,0.2,0.1,0.3,0.9,1.2,2003
6652,368,Bob Sura,SG,29,GSW,55,0,20.5,2.5,6.0,.412,0.5,1.5,.329,1.9,4.4,.440,.454,1.9,2.7,.696,1.1,2.0,3.0,3.2,0.8,0.0,1.5,2.0,7.3,2003
6653,369,Stromile Swift,PF,23,MEM,67,26,22.1,3.5,7.3,.481,0.0,0.0,.000,3.5,7.3,.483,.481,2.6,3.7,.722,1.7,4.0,5.7,0.7,0.8,1.6,1.5,2.3,9.7,2003
6654,370,Wally Szczerbiak,SF,25,MIN,52,42,35.3,6.8,14.0,.481,1.2,2.8,.421,5.6,11.2,.497,.523,2.9,3.3,.867,1.0,3.6,4.6,2.6,0.8,0.4,1.7,2.4,17.6,2003
6655,371,Maurice Taylor,PF,26,HOU,67,9,20.6,3.4,8.0,.432,0.0,0.0,.000,3.4,8.0,.433,.432,1.5,2.1,.725,1.4,2.1,3.6,1.0,0.3,0.3,1.5,2.3,8.4,2003
6656,372,Jason Terry,PG,25,ATL,81,81,38.0,6.0,14.1,.428,2.0,5.3,.371,4.0,8.8,.462,.498,3.2,3.6,.887,0.5,3.0,3.4,7.4,1.6,0.2,3.1,2.2,17.2,2003
6657,373,Etan Thomas,PF,24,WAS,38,0,13.5,1.6,3.3,.492,0.0,0.0,,1.6,3.3,.492,.492,1.6,2.5,.638,1.8,2.5,4.3,0.1,0.2,0.6,0.9,1.7,4.8,2003
6658,374,Kenny Thomas,PF,25,TOT,66,42,30.0,3.9,8.5,.465,0.0,0.0,,3.9,8.5,.465,.465,2.2,3.0,.746,2.8,5.2,8.0,1.7,0.9,0.4,1.8,2.6,10.1,2003
6659,374,Kenny Thomas,PF,25,HOU,20,14,29.3,4.1,9.5,.432,0.0,0.0,,4.1,9.5,.432,.432,1.7,2.3,.733,2.3,4.6,6.9,2.0,0.8,0.3,2.0,2.5,9.9,2003
6660,374,Kenny Thomas,PF,25,PHI,46,28,30.3,3.9,8.0,.482,0.0,0.0,,3.9,8.0,.482,.482,2.5,3.3,.750,3.0,5.5,8.5,1.6,1.0,0.5,1.7,2.6,10.2,2003
6661,375,Kurt Thomas,C,30,NYK,81,81,31.8,6.1,12.7,.483,0.0,0.0,.667,6.1,12.7,.483,.484,1.7,2.3,.750,2.0,5.9,7.9,2.0,1.0,1.2,1.7,4.2,14.0,2003
6662,376,Tim Thomas,SF,25,MIL,80,70,29.5,5.2,11.6,.443,1.2,3.3,.366,3.9,8.3,.474,.495,1.8,2.3,.780,1.2,3.7,4.9,1.3,0.9,0.6,1.7,3.2,13.3,2003
6663,377,Jamaal Tinsley,PG,24,IND,73,69,30.6,3.0,7.6,.396,0.6,2.3,.277,2.4,5.3,.446,.437,1.1,1.5,.714,0.8,2.8,3.6,7.5,1.7,0.2,2.6,2.8,7.8,2003
6664,378,Óscar Torres,SG,26,GSW,17,0,6.4,0.9,2.1,.444,0.4,0.8,.538,0.5,1.4,.391,.542,0.8,1.2,.700,0.2,0.5,0.7,0.2,0.2,0.1,0.5,0.5,3.1,2003
6665,379,Robert Traylor,C,25,NOH,69,0,12.3,1.5,3.4,.443,0.0,0.0,.333,1.5,3.4,.444,.445,0.8,1.3,.648,1.6,2.2,3.8,0.7,0.7,0.5,0.8,2.2,3.9,2003
6666,380,Gary Trent,SF,28,MIN,80,22,15.3,2.6,4.9,.535,0.0,0.0,.000,2.6,4.8,.537,.535,0.8,1.3,.594,1.3,2.3,3.6,1.0,0.4,0.3,0.7,1.8,6.0,2003
6667,Rk,Player,Pos,Age,Tm,G,GS,MP,FG,FGA,FG%,3P,3PA,3P%,2P,2PA,2P%,eFG%,FT,FTA,FT%,ORB,DRB,TRB,AST,STL,BLK,TOV,PF,PTS,2003
6668,381,Jeff Trepagnier,SG,23,DEN,8,0,12.1,2.1,5.0,.425,0.5,1.0,.500,1.6,4.0,.406,.475,0.9,0.9,1.000,1.0,1.0,2.0,0.8,1.0,0.0,1.0,0.6,5.6,2003
6669,382,Cezary Trybański,C,23,MEM,15,0,5.7,0.3,1.3,.250,0.0,0.0,,0.3,1.3,.250,.250,0.3,0.7,.400,0.4,0.5,0.9,0.1,0.0,0.4,0.5,0.9,0.9,2003
6670,383,Jake Tsakalidis,C,23,PHO,33,27,16.5,1.8,4.1,.452,0.0,0.0,,1.8,4.1,.452,.452,1.2,1.8,.672,1.4,2.3,3.7,0.4,0.2,0.5,0.8,2.4,4.9,2003
6671,384,Nikoloz Tskitishvili,SF,19,DEN,81,16,16.3,1.4,4.9,.293,0.5,1.9,.243,1.0,3.0,.324,.340,0.6,0.8,.738,0.8,1.4,2.2,1.1,0.4,0.4,1.0,1.7,3.9,2003
6672,385,Hedo Türkoğlu,SF,23,SAC,67,11,17.5,2.5,5.8,.422,0.4,1.2,.372,2.0,4.7,.435,.459,1.3,1.6,.800,0.5,2.3,2.8,1.3,0.4,0.2,0.7,1.9,6.7,2003
6673,386,Nick Van Exel,SG,31,DAL,73,1,27.8,4.7,11.4,.412,1.6,4.3,.378,3.1,7.1,.432,.483,1.5,2.0,.764,0.5,2.4,2.8,4.3,0.6,0.1,1.7,1.2,12.5,2003
6674,387,Keith Van Horn,PF,27,PHI,74,73,31.6,6.2,12.9,.482,0.9,2.4,.369,5.3,10.5,.508,.516,2.6,3.2,.804,2.1,4.9,7.1,1.3,0.9,0.4,2.0,3.4,15.9,2003
6675,388,Jacque Vaughn,PG,27,ORL,80,48,21.1,2.3,5.1,.448,0.1,0.4,.235,2.2,4.7,.467,.457,1.2,1.6,.776,0.3,1.2,1.5,2.9,0.8,0.0,1.2,2.1,5.9,2003
6676,389,Jake Voskuhl,C,25,PHO,65,1,14.6,1.4,2.5,.564,0.0,0.0,,1.4,2.5,.564,.564,1.0,1.5,.667,1.5,2.0,3.5,0.6,0.3,0.4,0.7,2.6,3.8,2003
6677,390,Dajuan Wagner,SG,19,CLE,47,24,29.5,4.7,12.9,.369,1.2,3.7,.316,3.6,9.2,.390,.414,2.7,3.4,.800,0.4,1.3,1.7,2.8,0.8,0.1,1.8,2.3,13.4,2003
6678,391,Antoine Walker,PF,26,BOS,78,78,41.5,7.7,19.9,.388,2.4,7.5,.323,5.3,12.5,.427,.449,2.3,3.7,.615,1.3,5.9,7.2,4.8,1.5,0.4,3.3,2.8,20.1,2003
6679,392,Samaki Walker,C,26,LAL,67,39,18.6,1.7,4.1,.420,0.0,0.0,.000,1.7,4.1,.421,.420,1.0,1.5,.653,1.7,3.8,5.5,1.0,0.3,0.8,0.8,2.1,4.4,2003
6680,393,Ben Wallace*,C,28,DET,73,73,39.4,2.9,6.0,.481,0.0,0.1,.167,2.9,5.9,.485,.482,1.2,2.6,.450,4.0,11.4,15.4,1.6,1.4,3.2,1.2,2.5,6.9,2003
6681,394,Gerald Wallace,SF,20,SAC,47,7,12.1,1.9,3.9,.492,0.0,0.1,.250,1.9,3.8,.497,.495,0.8,1.6,.527,0.8,1.9,2.7,0.5,0.5,0.3,0.9,1.4,4.7,2003
6682,395,Rasheed Wallace,PF,28,POR,74,74,36.3,7.0,14.8,.471,1.5,4.1,.358,5.5,10.6,.515,.521,2.7,3.7,.735,1.5,5.9,7.4,2.1,0.9,1.0,1.9,3.0,18.1,2003
6683,396,Charlie Ward,PG,32,NYK,66,6,22.2,2.5,6.3,.399,1.5,4.0,.378,1.0,2.2,.435,.521,0.6,0.8,.774,0.4,2.3,2.7,4.6,1.2,0.2,1.4,2.2,7.2,2003
6684,397,Earl Watson,PG,23,MEM,79,2,17.3,2.2,4.9,.435,0.4,1.2,.341,1.8,3.8,.463,.474,0.8,1.1,.721,0.6,1.5,2.1,2.8,1.1,0.2,1.1,1.7,5.5,2003
6685,398,Clarence Weatherspoon,PF,32,NYK,79,19,25.6,2.4,5.2,.449,0.0,0.0,,2.4,5.2,.449,.449,1.9,2.5,.768,2.7,4.9,7.6,0.9,0.9,0.5,0.8,2.2,6.6,2003
6686,399,Chris Webber*,PF,29,SAC,67,67,39.1,9.9,21.4,.461,0.1,0.3,.238,9.8,21.1,.465,.463,3.2,5.3,.607,2.4,8.1,10.5,5.4,1.6,1.3,3.2,3.0,23.0,2003
6687,400,Bonzi Wells,SG,26,POR,75,65,31.9,5.8,13.2,.441,0.5,1.7,.292,5.3,11.5,.464,.461,3.0,4.2,.722,1.3,3.9,5.3,3.3,1.6,0.2,2.9,2.9,15.2,2003
6688,Rk,Player,Pos,Age,Tm,G,GS,MP,FG,FGA,FG%,3P,3PA,3P%,2P,2PA,2P%,eFG%,FT,FTA,FT%,ORB,DRB,TRB,AST,STL,BLK,TOV,PF,PTS,2003
6689,401,Jiří Welsch,SF,23,GSW,37,0,6.3,0.5,2.0,.253,0.0,0.1,.250,0.5,1.9,.254,.260,0.6,0.8,.759,0.3,0.4,0.8,0.7,0.2,0.1,0.5,0.9,1.6,2003
6690,402,David Wesley,SG,32,NOH,73,73,37.1,6.2,14.2,.433,1.8,4.3,.424,4.3,9.9,.437,.498,2.5,3.2,.781,0.5,1.9,2.4,3.4,1.5,0.1,1.8,2.4,16.7,2003
6691,403,Jahidi White,C,26,WAS,16,8,14.4,1.6,3.3,.472,0.0,0.0,,1.6,3.3,.472,.472,1.1,1.6,.680,2.3,2.3,4.6,0.1,0.1,0.8,0.6,2.1,4.2,2003
6692,404,Rodney White,SG,22,DEN,72,19,21.7,3.6,8.9,.408,0.4,1.9,.239,3.2,7.0,.452,.433,1.4,1.7,.784,0.6,2.4,3.0,1.7,0.6,0.4,2.2,1.9,9.0,2003
6693,405,Chris Whitney,PG,31,TOT,51,21,20.6,2.4,6.8,.355,1.0,3.2,.305,1.5,3.6,.400,.427,1.1,1.4,.826,0.1,1.3,1.3,2.8,0.6,0.0,1.4,1.8,7.0,2003
6694,405,Chris Whitney,PG,31,DEN,29,20,26.3,3.2,9.0,.360,1.5,4.4,.336,1.8,4.6,.383,.443,1.6,2.0,.807,0.0,1.6,1.6,4.3,0.6,0.0,1.9,2.7,9.6,2003
6695,405,Chris Whitney,PG,31,ORL,22,1,13.2,1.4,4.0,.341,0.3,1.6,.194,1.0,2.4,.442,.381,0.5,0.5,.917,0.1,0.9,1.0,1.0,0.5,0.0,0.7,0.7,3.5,2003
6696,406,Chris Wilcox,PF,20,LAC,46,3,10.4,1.6,3.0,.521,0.0,0.0,,1.6,3.0,.521,.521,0.5,1.1,.500,0.7,1.6,2.3,0.5,0.2,0.3,0.6,1.4,3.7,2003
6697,407,Mike Wilks,PG-SG,23,TOT,46,7,15.0,1.1,3.2,.338,0.2,0.8,.286,0.9,2.5,.354,.372,0.8,1.0,.787,0.4,1.1,1.5,2.0,0.6,0.1,0.6,1.5,3.2,2003
6698,407,Mike Wilks,SG,23,ATL,15,7,24.3,1.9,5.4,.358,0.4,1.1,.353,1.5,4.3,.359,.395,1.4,1.9,.724,0.6,2.1,2.7,2.8,1.1,0.1,1.1,2.5,5.7,2003
6699,407,Mike Wilks,PG,23,MIN,31,0,10.5,0.7,2.2,.313,0.1,0.6,.222,0.5,1.6,.347,.343,0.5,0.6,.889,0.4,0.6,1.0,1.6,0.4,0.1,0.4,1.0,2.0,2003
6700,408,Aaron Williams,C,31,NJN,81,0,19.7,2.5,5.4,.453,0.0,0.0,.000,2.5,5.4,.454,.453,1.3,1.6,.785,1.7,2.4,4.1,1.1,0.3,0.7,1.0,2.5,6.2,2003
6701,409,Alvin Williams,PG,28,TOR,78,78,33.8,5.1,11.6,.438,0.6,1.9,.329,4.5,9.7,.458,.464,2.4,3.1,.782,0.7,2.4,3.1,5.3,1.4,0.3,1.6,2.2,13.2,2003
6702,410,Brandon Williams,SF,27,ATL,6,0,3.2,0.2,1.2,.143,0.0,0.2,.000,0.2,1.0,.167,.143,0.0,0.0,,0.3,0.0,0.3,0.0,0.3,0.0,0.5,0.7,0.3,2003
6703,411,Eric Williams,SF,30,BOS,82,79,28.7,3.1,7.0,.442,0.5,1.3,.336,2.6,5.7,.467,.474,2.5,3.3,.750,1.7,2.9,4.7,1.7,1.0,0.2,1.2,2.9,9.1,2003
6704,412,Frank Williams,PG,22,NYK,21,0,8.0,0.4,1.6,.273,0.3,0.8,.375,0.1,0.8,.176,.364,0.2,0.3,.667,0.1,0.7,0.9,1.6,0.3,0.1,0.8,1.0,1.3,2003
6705,413,Jason Williams,PG,27,MEM,76,76,31.7,4.4,11.3,.388,1.9,5.3,.354,2.5,6.0,.418,.471,1.4,1.7,.840,0.3,2.5,2.8,8.3,1.2,0.1,2.2,1.7,12.1,2003
6706,414,Jay Williams,PG,21,CHI,75,54,26.1,3.6,9.1,.399,0.9,2.7,.322,2.8,6.4,.431,.446,1.4,2.1,.640,0.4,2.2,2.6,4.7,1.1,0.2,2.3,2.4,9.5,2003
6707,415,Jerome Williams,PF,29,TOR,71,63,33.0,3.8,7.5,.499,0.0,0.1,.167,3.7,7.5,.503,.500,2.2,4.0,.555,3.3,5.9,9.2,1.3,1.6,0.4,1.4,2.8,9.7,2003
6708,416,Monty Williams,SF,31,PHI,21,2,13.1,1.6,3.8,.425,0.0,0.1,.000,1.6,3.7,.436,.425,1.1,1.5,.750,0.6,1.6,2.1,1.2,0.6,0.2,0.8,1.6,4.4,2003
6709,417,Scott Williams,C,34,PHO,69,33,12.6,1.7,4.2,.411,0.0,0.0,.000,1.7,4.2,.414,.411,0.5,0.6,.786,1.0,1.8,2.8,0.3,0.4,0.3,0.5,2.3,4.0,2003
6710,418,Shammond Williams,PG,27,TOT,78,11,24.1,2.9,7.4,.394,1.2,3.3,.356,1.7,4.1,.425,.474,1.0,1.3,.765,0.3,1.9,2.2,3.4,1.0,0.1,1.5,1.8,8.0,2003
6711,418,Shammond Williams,PG,27,BOS,51,2,22.9,2.6,6.6,.396,1.1,3.1,.352,1.5,3.5,.436,.479,0.9,1.1,.842,0.2,1.9,2.2,2.5,1.2,0.1,1.2,1.6,7.3,2003
6712,418,Shammond Williams,PG,27,DEN,27,9,26.4,3.5,8.9,.390,1.4,3.8,.363,2.1,5.1,.410,.467,1.1,1.7,.667,0.4,1.8,2.3,5.1,0.6,0.1,2.0,2.1,9.4,2003
6713,419,Walt Williams,SF,32,DAL,66,1,17.6,2.0,5.2,.393,1.0,2.6,.374,1.1,2.6,.412,.487,0.5,0.8,.620,0.8,2.3,3.1,0.9,0.6,0.4,0.5,2.1,5.5,2003
6714,420,Corliss Williamson,SF,29,DET,82,1,25.1,4.6,10.1,.453,0.0,0.1,.182,4.5,9.9,.456,.454,2.9,3.7,.790,1.8,2.6,4.4,1.3,0.5,0.3,1.5,2.9,12.0,2003
6715,Rk,Player,Pos,Age,Tm,G,GS,MP,FG,FGA,FG%,3P,3PA,3P%,2P,2PA,2P%,eFG%,FT,FTA,FT%,ORB,DRB,TRB,AST,STL,BLK,TOV,PF,PTS,2003
6716,421,Kevin Willis,C,40,SAS,71,6,11.8,1.7,3.6,.479,0.0,0.0,.000,1.7,3.6,.482,.479,0.7,1.2,.614,1.2,2.0,3.2,0.3,0.3,0.3,0.8,1.7,4.2,2003
6717,422,Rubén Wolkowyski,PF,29,BOS,7,0,3.4,0.3,0.6,.500,0.0,0.1,.000,0.3,0.4,.667,.500,0.1,0.6,.250,0.0,0.1,0.1,0.1,0.0,0.0,0.1,0.4,0.7,2003
6718,423,Loren Woods,C,24,MIN,38,11,9.3,0.8,2.0,.382,0.0,0.1,.333,0.7,1.9,.384,.388,0.6,0.7,.778,0.7,1.8,2.5,0.5,0.3,0.3,0.6,1.0,2.1,2003
6719,424,Qyntel Woods,PF,21,POR,53,0,6.3,1.1,2.2,.500,0.1,0.2,.333,1.1,2.1,.514,.513,0.1,0.4,.350,0.3,0.7,1.0,0.2,0.3,0.0,0.4,0.7,2.4,2003
6720,425,Metta World Peace,SF,23,IND,69,67,33.6,5.2,12.3,.428,1.0,3.1,.336,4.2,9.2,.458,.470,4.0,5.4,.736,1.5,3.8,5.2,2.9,2.3,0.7,2.1,3.5,15.5,2003
6721,426,Lorenzen Wright,C,27,MEM,70,49,28.3,4.6,10.2,.454,0.0,0.1,.000,4.6,10.2,.457,.454,2.1,3.2,.659,2.4,5.1,7.5,1.1,0.7,0.8,1.6,3.0,11.4,2003
6722,427,Vincent Yarbrough,SG,21,DEN,59,39,23.4,2.8,7.3,.393,0.4,1.3,.269,2.5,5.9,.420,.417,0.8,1.1,.790,0.6,2.1,2.7,2.2,1.0,0.6,1.4,2.5,6.9,2003
6723,428,Wang Zhizhi,C,25,LAC,41,1,10.0,1.5,4.0,.383,0.4,1.1,.340,1.1,2.8,.400,.432,1.0,1.4,.724,0.6,1.2,1.9,0.2,0.2,0.2,0.8,1.0,4.4,2003
6724,1,Shareef Abdur-Rahim,PF,27,TOT,85,56,31.6,5.9,12.4,.475,0.1,0.4,.265,5.8,12.0,.482,.480,4.4,5.0,.869,2.2,5.3,7.5,2.0,0.8,0.4,2.2,2.6,16.3,2004
6725,1,Shareef Abdur-Rahim,PF,27,ATL,53,53,36.9,7.2,14.9,.485,0.1,0.4,.217,7.1,14.5,.493,.488,5.5,6.3,.880,2.7,6.7,9.3,2.4,0.8,0.4,2.5,2.8,20.1,2004
6726,1,Shareef Abdur-Rahim,PF,27,POR,32,3,22.8,3.7,8.3,.447,0.1,0.3,.364,3.6,7.9,.451,.455,2.5,3.0,.832,1.5,3.0,4.5,1.5,0.8,0.6,1.7,2.3,10.0,2004
6727,2,Malik Allen,PF,25,MIA,45,6,13.7,1.8,4.4,.419,0.0,0.0,,1.8,4.4,.419,.419,0.6,0.7,.758,0.9,1.7,2.6,0.4,0.3,0.6,0.6,1.8,4.2,2004
6728,3,Ray Allen*,SG,28,SEA,56,56,38.4,8.0,18.2,.440,2.6,6.8,.392,5.3,11.4,.468,.512,4.4,4.8,.904,1.2,3.9,5.1,4.8,1.3,0.2,2.8,2.4,23.0,2004
6729,4,Rafer Alston,PG,27,MIA,82,28,31.5,3.5,9.3,.376,2.0,5.3,.371,1.5,4.0,.382,.481,1.3,1.6,.769,0.3,2.4,2.8,4.5,1.4,0.2,1.6,2.6,10.2,2004
6730,5,Chris Andersen,PF,25,DEN,71,0,14.5,1.3,2.9,.443,0.0,0.0,.000,1.3,2.8,.446,.443,0.9,1.5,.589,1.3,2.9,4.2,0.5,0.5,1.6,0.7,1.7,3.4,2004
6731,6,Derek Anderson,SG,29,POR,51,46,35.5,4.5,12.0,.376,1.5,5.1,.305,3.0,6.9,.428,.440,3.0,3.7,.824,0.5,3.1,3.6,4.5,1.3,0.1,1.8,1.5,13.6,2004
6732,7,Kenny Anderson,PG,33,IND,44,31,20.6,2.6,5.8,.441,0.0,0.1,.250,2.5,5.7,.444,.443,0.8,1.1,.729,0.4,1.4,1.8,2.8,0.6,0.1,1.1,1.7,6.0,2004
6733,8,Shandon Anderson,SG,30,NYK,80,37,24.7,3.0,7.1,.422,0.5,1.6,.281,2.5,5.5,.463,.454,1.5,2.0,.764,0.7,2.1,2.8,1.5,0.9,0.2,1.5,2.3,7.9,2004
6734,9,Carmelo Anthony,SF,19,DEN,82,82,36.5,7.6,17.9,.426,0.8,2.6,.322,6.8,15.3,.444,.449,5.0,6.4,.777,2.2,3.8,6.1,2.8,1.2,0.5,3.0,2.7,21.0,2004
6735,10,Robert Archibald,C-PF,23,TOT,32,3,8.0,0.3,1.0,.273,0.0,0.0,,0.3,1.0,.273,.273,0.4,1.0,.452,0.7,1.0,1.6,0.4,0.4,0.1,0.3,1.6,1.0,2004
6736,10,Robert Archibald,PF,23,PHO,1,0,6.0,0.0,1.0,.000,0.0,0.0,,0.0,1.0,.000,.000,1.0,2.0,.500,0.0,1.0,1.0,1.0,0.0,0.0,1.0,1.0,1.0,2004
6737,10,Robert Archibald,PF,23,ORL,1,0,4.0,1.0,2.0,.500,0.0,0.0,,1.0,2.0,.500,.500,0.0,2.0,.000,0.0,1.0,1.0,0.0,1.0,0.0,0.0,0.0,2.0,2004
6738,10,Robert Archibald,C,23,TOR,30,3,8.2,0.3,1.0,.267,0.0,0.0,,0.3,1.0,.267,.267,0.4,0.9,.481,0.7,1.0,1.7,0.4,0.4,0.1,0.3,1.6,1.0,2004
6739,11,Gilbert Arenas,PG,22,WAS,55,52,37.6,6.5,16.6,.392,2.3,6.1,.375,4.2,10.6,.401,.460,4.3,5.8,.748,1.0,3.6,4.6,5.0,1.9,0.2,4.1,3.2,19.6,2004
6740,12,Brandon Armstrong,SG,23,NJN,56,0,7.8,1.2,3.1,.371,0.3,0.9,.365,0.8,2.2,.374,.426,0.0,0.1,.500,0.2,0.6,0.8,0.3,0.2,0.0,0.4,0.9,2.7,2004
6741,13,Darrell Armstrong,PG,35,NOH,79,22,28.4,3.7,9.3,.395,1.7,5.4,.315,2.0,3.9,.508,.487,1.6,1.8,.854,0.8,2.1,2.9,3.9,1.7,0.2,2.0,1.9,10.6,2004
6742,14,Carlos Arroyo,PG,24,UTA,71,71,28.3,4.8,10.8,.441,0.5,1.6,.325,4.2,9.2,.462,.466,2.5,3.2,.804,0.6,2.0,2.6,5.0,0.9,0.1,2.2,2.3,12.6,2004
6743,15,Chucky Atkins,PG,29,TOT,64,24,24.1,3.0,7.6,.397,1.3,3.8,.336,1.7,3.8,.457,.480,1.1,1.5,.753,0.1,1.3,1.5,3.5,0.7,0.0,1.4,1.6,8.4,2004
6744,15,Chucky Atkins,PG,29,DET,40,0,18.8,2.2,5.9,.374,1.1,3.3,.323,1.2,2.6,.438,.464,0.8,1.1,.721,0.2,1.1,1.2,2.4,0.5,0.0,1.2,1.5,6.2,2004
6745,15,Chucky Atkins,PG,29,BOS,24,24,33.0,4.3,10.4,.418,1.6,4.6,.351,2.7,5.8,.471,.496,1.8,2.3,.778,0.1,1.8,1.9,5.3,1.1,0.0,1.8,1.8,12.0,2004
6746,16,Stacey Augmon,SF,35,NOH,69,24,20.5,2.1,5.0,.412,0.0,0.1,.143,2.1,4.9,.418,.414,1.6,2.0,.791,0.8,1.8,2.5,1.2,0.8,0.2,1.1,1.7,5.8,2004
6747,17,Vin Baker,PF,32,TOT,54,33,24.3,3.9,8.0,.481,0.0,0.1,.333,3.8,7.9,.483,.483,2.1,2.9,.726,2.1,3.1,5.2,1.2,0.5,0.6,1.4,3.0,9.8,2004
6748,17,Vin Baker,PF,32,BOS,37,33,27.0,4.5,9.0,.505,0.0,0.0,.000,4.5,9.0,.506,.505,2.2,3.0,.732,2.1,3.6,5.7,1.5,0.6,0.6,1.4,2.6,11.3,2004
6749,17,Vin Baker,PF,32,NYK,17,0,18.4,2.4,5.8,.404,0.1,0.1,.500,2.3,5.7,.402,.409,1.9,2.6,.711,2.1,2.0,4.1,0.7,0.4,0.5,1.5,3.6,6.6,2004
6750,18,Marcus Banks,PG,22,BOS,81,2,17.1,2.2,5.5,.400,0.3,1.1,.314,1.9,4.4,.421,.431,1.2,1.6,.756,0.4,1.3,1.6,2.2,1.1,0.2,1.5,2.1,5.9,2004
6751,19,Leandro Barbosa,PG,21,PHO,70,46,21.4,3.0,6.7,.447,1.2,3.0,.395,1.8,3.7,.488,.535,0.7,0.9,.770,0.3,1.4,1.8,2.4,1.3,0.1,1.7,2.6,7.9,2004
6752,20,Matt Barnes,SF,23,LAC,38,9,19.1,1.7,3.6,.457,0.1,0.3,.154,1.6,3.3,.488,.464,1.1,1.6,.705,1.4,2.6,4.0,1.3,0.7,0.1,1.2,2.0,4.5,2004
6753,21,Dana Barros,SG,36,BOS,1,0,11.0,2.0,3.0,.667,0.0,0.0,,2.0,3.0,.667,.667,2.0,2.0,1.000,0.0,0.0,0.0,0.0,0.0,0.0,0.0,2.0,6.0,2004
6754,22,Brent Barry,SG,32,SEA,59,53,30.6,3.6,7.2,.504,1.9,4.3,.452,1.7,3.0,.577,.637,1.5,1.9,.827,0.4,3.1,3.5,5.8,1.4,0.3,2.4,2.1,10.8,2004
6755,23,Jon Barry,SG,34,DEN,57,9,19.3,2.1,5.2,.404,0.9,2.4,.370,1.2,2.8,.434,.490,1.1,1.2,.845,0.4,1.7,2.2,2.6,1.0,0.1,0.9,1.2,6.2,2004
6756,24,Mengke Bateer,C,28,TOR,7,0,5.7,0.6,1.0,.571,0.0,0.0,,0.6,1.0,.571,.571,0.0,0.0,,0.7,0.4,1.1,0.1,0.1,0.0,0.3,1.4,1.1,2004
6757,25,Tony Battie,C,27,TOT,73,7,20.2,2.3,5.3,.443,0.0,0.1,.222,2.3,5.1,.448,.445,0.9,1.2,.742,1.6,3.3,4.9,0.8,0.4,0.9,0.9,2.2,5.6,2004
6758,25,Tony Battie,C,27,BOS,23,6,21.8,2.4,5.1,.479,0.0,0.0,1.000,2.4,5.0,.474,.483,1.0,1.4,.697,1.7,3.4,5.1,0.9,0.3,0.9,1.0,2.4,5.9,2004
6759,25,Tony Battie,C,27,CLE,50,1,19.5,2.3,5.3,.427,0.0,0.2,.125,2.3,5.2,.436,.429,0.9,1.1,.768,1.6,3.2,4.8,0.7,0.4,0.9,0.8,2.1,5.4,2004
6760,26,Shane Battier,SF,25,MEM,79,1,24.6,3.1,6.9,.446,0.8,2.4,.349,2.2,4.5,.496,.506,1.5,2.1,.732,1.3,2.5,3.8,1.3,1.3,0.7,0.7,2.4,8.5,2004
6761,27,Lonny Baxter,C-PF,25,TOT,62,5,12.4,1.7,3.4,.493,0.0,0.0,.333,1.6,3.3,.495,.495,0.7,1.2,.579,1.0,2.0,3.0,0.3,0.3,0.5,0.6,2.0,4.0,2004
6762,27,Lonny Baxter,PF,25,CHI,14,1,10.5,1.9,3.5,.551,0.1,0.1,1.000,1.9,3.4,.542,.561,0.4,0.6,.625,0.8,1.7,2.5,0.4,0.1,0.4,0.8,2.2,4.3,2004
6763,27,Lonny Baxter,C,25,TOR,36,4,13.5,1.7,3.6,.469,0.0,0.0,.000,1.7,3.5,.472,.469,0.8,1.6,.536,1.2,2.2,3.4,0.3,0.4,0.5,0.6,1.9,4.2,2004
6764,27,Lonny Baxter,PF,25,WAS,12,0,11.0,1.3,2.7,.500,0.0,0.1,.000,1.3,2.6,.516,.500,0.8,1.0,.750,0.9,1.7,2.6,0.4,0.2,0.4,0.4,1.9,3.4,2004
6765,28,Jerome Beasley,PF,23,MIA,2,0,2.5,0.5,1.5,.333,0.0,0.0,,0.5,1.5,.333,.333,0.0,0.0,,0.0,0.5,0.5,0.0,0.0,0.0,0.0,0.0,1.0,2004
6766,29,Raja Bell,SG,27,UTA,82,4,24.6,4.0,9.8,.409,0.8,2.0,.373,3.3,7.8,.418,.447,2.4,3.0,.786,0.7,2.2,2.9,1.3,0.8,0.2,1.4,3.2,11.2,2004
6767,30,Troy Bell,PG,23,MEM,6,0,5.7,0.7,3.0,.222,0.0,0.7,.000,0.7,2.3,.286,.222,0.5,0.5,1.000,0.5,0.2,0.7,0.7,0.2,0.0,1.0,1.0,1.8,2004
6768,31,Jonathan Bender,SF,23,IND,21,0,12.9,2.4,5.0,.472,0.4,1.0,.409,2.0,4.0,.488,.514,1.9,2.2,.830,0.4,1.5,1.9,0.4,0.2,0.5,1.6,1.1,7.0,2004
6769,32,Travis Best,PG,31,DAL,61,1,12.5,1.0,2.8,.372,0.0,0.3,.150,1.0,2.5,.401,.381,0.7,0.8,.870,0.3,0.8,1.1,1.8,0.5,0.1,0.5,1.1,2.8,2004
6770,33,Mike Bibby,PG,25,SAC,82,82,36.3,6.4,14.3,.450,1.8,4.6,.392,4.6,9.7,.479,.514,3.7,4.5,.815,0.8,2.6,3.4,5.4,1.4,0.2,2.1,1.8,18.4,2004
6771,34,Chauncey Billups,PG,27,DET,78,78,35.4,5.0,12.8,.394,1.7,4.3,.388,3.4,8.5,.396,.459,5.2,5.9,.878,0.4,3.1,3.5,5.7,1.1,0.1,2.4,2.3,16.9,2004
6772,35,Steve Blake,PG,23,WAS,75,14,18.6,2.1,5.4,.386,1.0,2.7,.371,1.1,2.7,.400,.478,0.7,0.9,.821,0.2,1.3,1.6,2.8,0.8,0.1,1.7,1.3,5.9,2004
6773,36,Corie Blount,PF-C,35,TOT,62,3,16.9,1.9,4.1,.455,0.0,0.0,.000,1.9,4.0,.460,.455,0.2,0.4,.556,1.6,2.9,4.4,0.9,0.8,0.4,0.7,2.2,4.0,2004
6774,36,Corie Blount,PF,35,CHI,46,3,16.4,2.1,4.5,.471,0.0,0.1,.000,2.1,4.4,.478,.471,0.3,0.5,.542,1.7,2.8,4.5,1.0,0.8,0.4,0.8,1.9,4.5,2004
6775,36,Corie Blount,C,35,TOR,16,0,18.4,1.1,2.9,.383,0.0,0.0,,1.1,2.9,.383,.383,0.1,0.2,.667,1.4,2.9,4.3,0.6,0.7,0.3,0.5,3.1,2.4,2004
6776,37,Mark Blount,C,28,BOS,82,73,29.3,4.2,7.4,.566,0.0,0.0,,4.2,7.4,.566,.566,1.9,2.7,.719,2.5,4.7,7.2,0.9,1.0,1.3,1.8,3.1,10.3,2004
6777,38,Keith Bogans,SF,23,ORL,73,36,24.5,2.5,6.2,.403,0.9,2.6,.358,1.6,3.7,.434,.477,0.9,1.4,.631,1.5,2.9,4.3,1.3,0.6,0.1,1.0,1.8,6.8,2004
6778,39,Calvin Booth,C,27,SEA,71,35,17.0,1.9,4.1,.466,0.0,0.0,.000,1.9,4.1,.469,.466,1.1,1.3,.798,1.2,2.7,3.9,0.4,0.2,1.4,0.6,2.1,4.9,2004
6779,40,Carlos Boozer,PF,22,CLE,75,75,34.6,6.3,12.0,.523,0.0,0.1,.167,6.3,11.9,.526,.524,2.9,3.8,.768,3.1,8.4,11.4,2.0,1.0,0.7,1.8,2.7,15.5,2004
6780,Rk,Player,Pos,Age,Tm,G,GS,MP,FG,FGA,FG%,3P,3PA,3P%,2P,2PA,2P%,eFG%,FT,FTA,FT%,ORB,DRB,TRB,AST,STL,BLK,TOV,PF,PTS,2004
6781,41,Curtis Borchardt,C,23,UTA,16,0,16.1,1.4,3.5,.393,0.0,0.1,.000,1.4,3.4,.400,.393,0.9,1.1,.778,0.8,2.6,3.4,0.9,0.3,0.9,1.1,2.5,3.6,2004
6782,42,Chris Bosh*,C,19,TOR,75,63,33.5,4.4,9.5,.459,0.1,0.2,.357,4.3,9.3,.461,.463,2.7,3.8,.701,2.5,4.9,7.4,1.0,0.8,1.4,1.4,2.9,11.5,2004
6783,43,Ruben Boumtje-Boumtje,C,25,POR,9,0,2.9,0.1,0.6,.200,0.0,0.0,,0.1,0.6,.200,.200,0.2,0.2,1.000,0.0,0.1,0.1,0.1,0.0,0.1,0.0,0.2,0.4,2004
6784,44,Bruce Bowen,SF,32,SAS,82,82,32.0,2.6,6.1,.420,0.9,2.6,.363,1.6,3.5,.462,.497,0.8,1.4,.579,0.5,2.5,3.1,1.4,1.0,0.4,1.1,2.0,6.9,2004
6785,45,Ryan Bowen,PF,28,DEN,52,1,7.5,0.3,1.0,.340,0.0,0.0,,0.3,1.0,.340,.340,0.2,0.2,.833,0.8,0.9,1.7,0.3,0.3,0.3,0.1,0.9,0.9,2004
6786,46,Earl Boykins,SG,27,DEN,82,3,22.5,3.9,9.3,.419,0.7,2.1,.322,3.2,7.3,.447,.455,1.7,2.0,.877,0.5,1.2,1.7,3.6,0.6,0.0,1.2,1.0,10.2,2004
6787,47,Michael Bradley,C-PF,24,TOT,16,1,6.1,0.4,0.9,.467,0.0,0.0,,0.4,0.9,.467,.467,0.1,0.1,.500,0.4,1.1,1.4,0.1,0.2,0.0,0.4,0.9,0.9,2004
6788,47,Michael Bradley,PF,24,TOR,5,0,7.6,0.2,0.6,.333,0.0,0.0,,0.2,0.6,.333,.333,0.2,0.4,.500,0.2,2.0,2.2,0.2,0.2,0.0,0.6,1.2,0.6,2004
6789,47,Michael Bradley,C,24,ATL,11,1,5.5,0.5,1.1,.500,0.0,0.0,,0.5,1.1,.500,.500,0.0,0.0,,0.5,0.6,1.1,0.0,0.2,0.0,0.4,0.7,1.1,2004
6790,48,Shawn Bradley,C,31,DAL,66,5,11.7,1.3,2.8,.473,0.0,0.0,.000,1.3,2.8,.476,.473,0.6,0.7,.837,1.1,1.5,2.6,0.3,0.5,1.1,0.3,2.0,3.3,2004
6791,49,Torraye Braggs,PF,27,TOT,15,0,10.3,1.1,2.2,.485,0.0,0.0,,1.1,2.2,.485,.485,0.5,0.8,.667,1.2,1.4,2.6,0.5,0.3,0.1,0.9,1.9,2.7,2004
6792,49,Torraye Braggs,PF,27,HOU,11,0,12.0,1.2,2.5,.464,0.0,0.0,,1.2,2.5,.464,.464,0.7,1.1,.667,1.4,1.7,3.1,0.5,0.4,0.2,1.1,1.9,3.1,2004
6793,49,Torraye Braggs,PF,27,WAS,4,0,5.5,0.8,1.3,.600,0.0,0.0,,0.8,1.3,.600,.600,0.0,0.0,,0.8,0.5,1.3,0.3,0.0,0.0,0.3,2.0,1.5,2004
6794,50,Elton Brand,PF,24,LAC,69,68,38.7,7.0,14.2,.493,0.0,0.0,.000,7.0,14.2,.493,.493,6.0,7.7,.773,3.9,6.4,10.3,3.3,0.9,2.2,2.8,3.3,20.0,2004
6795,51,J.R. Bremer,PG,23,TOT,36,2,12.3,1.2,4.4,.272,0.5,2.1,.257,0.7,2.3,.286,.332,0.4,0.6,.650,0.3,0.8,1.0,1.4,0.5,0.1,0.7,0.9,3.3,2004
6796,51,J.R. Bremer,PG,23,CLE,31,2,13.0,1.3,4.4,.285,0.6,2.1,.288,0.6,2.3,.282,.354,0.4,0.6,.650,0.2,0.8,1.1,1.3,0.6,0.1,0.6,0.9,3.5,2004
6797,51,J.R. Bremer,PG,23,GSW,5,0,8.0,0.8,4.2,.190,0.0,1.6,.000,0.8,2.6,.308,.190,0.0,0.0,,0.4,0.2,0.6,2.4,0.0,0.0,1.0,1.0,1.6,2004
6798,52,Jamison Brewer,PG,23,IND,13,1,12.3,1.0,2.7,.371,0.4,1.1,.357,0.6,1.6,.381,.443,0.1,0.5,.167,0.2,0.7,0.8,1.3,0.5,0.0,0.8,0.7,2.5,2004
6799,53,Primož Brezec,C,24,IND,18,0,4.0,0.7,1.4,.462,0.0,0.0,,0.7,1.4,.462,.462,0.2,0.3,.667,0.3,0.6,0.8,0.2,0.0,0.2,0.3,0.7,1.6,2004
6800,54,Damone Brown,PF,24,NJN,3,0,5.7,0.3,3.3,.100,0.0,0.0,,0.3,3.3,.100,.100,0.3,0.7,.500,1.0,0.7,1.7,0.0,0.7,0.0,0.3,0.7,1.0,2004
6801,55,Devin Brown,SG,25,SAS,58,0,10.8,1.5,3.4,.434,0.1,0.2,.286,1.4,3.1,.445,.444,1.0,1.3,.811,0.7,1.6,2.2,0.6,0.3,0.1,0.7,1.1,4.0,2004
6802,56,Kedrick Brown,SF,22,TOT,55,26,17.6,2.1,4.6,.461,0.7,1.8,.384,1.4,2.8,.510,.535,0.3,0.5,.630,0.7,1.9,2.7,1.2,0.5,0.1,0.5,1.5,5.3,2004
6803,56,Kedrick Brown,SF,22,BOS,21,10,19.4,2.1,4.7,.455,0.6,1.5,.375,1.6,3.2,.493,.515,0.4,0.6,.615,0.9,2.4,3.2,1.2,0.8,0.1,0.6,1.8,5.2,2004
6804,56,Kedrick Brown,SF,22,CLE,34,16,16.5,2.1,4.6,.465,0.8,2.0,.388,1.4,2.6,.523,.548,0.3,0.4,.643,0.7,1.6,2.3,1.1,0.4,0.1,0.5,1.2,5.3,2004
6805,57,Kwame Brown,PF,21,WAS,74,57,30.3,3.9,8.0,.489,0.0,0.0,.500,3.9,7.9,.489,.490,3.1,4.5,.683,2.4,5.0,7.4,1.5,0.9,0.7,1.9,1.9,10.9,2004
6806,58,P.J. Brown,PF,34,NOH,80,80,34.4,4.2,8.9,.476,0.0,0.0,.000,4.2,8.9,.477,.476,2.0,2.3,.854,3.0,5.7,8.6,1.9,1.0,0.9,1.3,2.5,10.5,2004
6807,59,Tierre Brown,PG,24,NOH,3,0,5.7,0.7,1.3,.500,0.0,0.0,,0.7,1.3,.500,.500,0.7,1.3,.500,0.0,0.3,0.3,0.7,0.0,0.0,2.3,0.3,2.0,2004
6808,60,Rick Brunson,PG,31,TOT,40,0,10.3,1.0,2.6,.381,0.3,0.6,.478,0.7,2.1,.354,.433,0.7,0.8,.871,0.2,0.7,0.9,2.1,0.6,0.1,0.8,1.1,3.0,2004
6809,60,Rick Brunson,PG,31,TOR,3,0,3.3,0.7,1.3,.500,0.0,0.0,,0.7,1.3,.500,.500,0.0,0.0,,0.0,0.0,0.0,0.7,0.0,0.0,0.0,0.0,1.3,2004
6810,60,Rick Brunson,PG,31,CHI,37,0,10.9,1.0,2.7,.376,0.3,0.6,.478,0.7,2.1,.346,.431,0.7,0.8,.871,0.2,0.8,1.0,2.2,0.7,0.1,0.9,1.2,3.1,2004
6811,Rk,Player,Pos,Age,Tm,G,GS,MP,FG,FGA,FG%,3P,3PA,3P%,2P,2PA,2P%,eFG%,FT,FTA,FT%,ORB,DRB,TRB,AST,STL,BLK,TOV,PF,PTS,2004
6812,61,Kobe Bryant*,SG,25,LAL,65,64,37.6,7.9,18.1,.438,1.1,3.3,.327,6.8,14.8,.463,.468,7.0,8.2,.852,1.6,3.9,5.5,5.1,1.7,0.4,2.6,2.7,24.0,2004
6813,62,Greg Buckner,SG,27,PHI,53,3,13.3,1.2,3.3,.377,0.2,0.8,.273,1.0,2.5,.412,.411,0.4,0.5,.741,0.5,1.4,1.9,0.8,0.4,0.1,0.6,1.5,3.1,2004
6814,63,Rodney Buford,SF,26,SAC,22,0,6.4,0.9,2.5,.339,0.0,0.1,.000,0.9,2.5,.352,.339,0.1,0.3,.500,0.3,0.4,0.7,0.3,0.3,0.0,0.2,0.4,1.9,2004
6815,64,Caron Butler,SF,23,MIA,68,56,29.9,3.5,9.3,.380,0.1,0.6,.238,3.4,8.7,.390,.388,2.0,2.6,.756,1.4,3.4,4.8,1.9,1.1,0.2,1.3,2.4,9.2,2004
6816,65,Mitchell Butler,SG,33,WAS,41,4,13.5,1.3,3.0,.435,0.3,0.7,.367,1.0,2.3,.457,.480,0.4,0.6,.625,0.6,1.1,1.7,0.8,0.5,0.1,0.6,1.3,3.3,2004
6817,66,Rasual Butler,SF,24,MIA,45,0,15.0,2.6,5.6,.476,1.1,2.4,.463,1.5,3.2,.486,.576,0.4,0.5,.762,0.1,1.3,1.4,0.5,0.2,0.3,0.6,1.6,6.8,2004
6818,67,Žarko Čabarkapa,PF,22,PHO,49,4,11.6,1.7,4.0,.411,0.1,0.7,.188,1.5,3.4,.455,.426,0.7,1.1,.660,0.5,1.5,2.0,0.8,0.2,0.3,1.1,1.5,4.1,2004
6819,68,Marcus Camby,C,29,DEN,72,72,30.0,3.6,7.6,.477,0.0,0.0,.000,3.6,7.6,.479,.477,1.4,1.9,.721,2.9,7.2,10.1,1.8,1.2,2.6,1.4,3.3,8.6,2004
6820,69,Elden Campbell,C,35,DET,65,27,13.7,2.1,4.8,.439,0.0,0.0,,2.1,4.8,.439,.439,1.3,1.9,.685,0.8,2.4,3.2,0.7,0.3,0.8,1.0,2.1,5.6,2004
6821,70,Brian Cardinal,PF,26,GSW,76,11,21.5,2.9,6.1,.472,0.7,1.6,.444,2.2,4.5,.482,.531,3.1,3.6,.878,1.3,2.9,4.2,1.4,0.9,0.3,1.1,2.7,9.6,2004
6822,71,Matt Carroll,SG,23,TOT,16,0,4.4,0.4,1.0,.438,0.1,0.2,.333,0.4,0.8,.462,.469,0.3,0.4,.667,0.1,0.3,0.4,0.1,0.1,0.0,0.4,0.5,1.2,2004
6823,71,Matt Carroll,SG,23,POR,13,0,3.7,0.4,0.8,.455,0.1,0.2,.333,0.3,0.6,.500,.500,0.2,0.2,1.000,0.0,0.2,0.2,0.1,0.0,0.0,0.2,0.2,1.0,2004
6824,71,Matt Carroll,SG,23,SAS,3,0,7.3,0.7,1.7,.400,0.0,0.0,,0.7,1.7,.400,.400,0.7,1.3,.500,0.3,0.7,1.0,0.3,0.3,0.0,1.3,1.7,2.0,2004
6825,72,Anthony Carter,PG,28,SAS,5,2,17.4,2.2,7.4,.297,0.0,0.6,.000,2.2,6.8,.324,.297,0.0,0.0,,0.4,1.8,2.2,2.4,0.8,0.0,2.4,1.8,4.4,2004
6826,73,Maurice Carter,SG,27,TOT,10,0,11.0,1.1,3.5,.314,0.4,1.1,.364,0.7,2.4,.292,.371,1.6,2.0,.800,0.2,0.9,1.1,0.4,0.0,0.0,0.9,1.0,4.2,2004
6827,73,Maurice Carter,SG,27,LAL,4,0,12.5,1.3,3.5,.357,0.3,0.8,.333,1.0,2.8,.364,.393,2.8,3.0,.917,0.0,0.8,0.8,0.5,0.0,0.0,1.5,1.3,5.5,2004
6828,73,Maurice Carter,SG,27,NOH,6,0,10.0,1.0,3.5,.286,0.5,1.3,.375,0.5,2.2,.231,.357,0.8,1.3,.625,0.3,1.0,1.3,0.3,0.0,0.0,0.5,0.8,3.3,2004
6829,74,Vince Carter,SG,27,TOR,73,73,38.2,8.3,20.0,.417,1.3,3.3,.383,7.1,16.6,.424,.449,4.6,5.7,.806,1.3,3.5,4.8,4.8,1.2,0.9,3.1,2.9,22.5,2004
6830,75,Sam Cassell,PG,34,MIN,81,81,35.0,7.7,15.7,.488,0.9,2.3,.398,6.7,13.4,.504,.517,3.6,4.1,.873,0.5,2.8,3.3,7.3,1.3,0.2,2.7,3.0,19.8,2004
6831,76,Kelvin Cato,PF,29,HOU,69,67,25.3,2.3,5.2,.447,0.0,0.0,,2.3,5.2,.447,.447,1.4,2.1,.676,2.2,4.6,6.8,1.0,0.8,1.4,1.2,2.9,6.1,2004
6832,77,Tyson Chandler,PF,21,CHI,35,8,22.3,1.9,4.5,.424,0.0,0.0,.000,1.9,4.5,.427,.424,2.3,3.4,.669,2.3,5.4,7.7,0.7,0.5,1.2,1.1,2.5,6.1,2004
6833,78,Calbert Cheaney,SF,32,GSW,79,7,26.2,3.5,7.3,.481,0.0,0.1,.000,3.5,7.2,.489,.481,0.6,1.0,.610,1.0,2.3,3.3,1.7,0.8,0.2,1.1,2.3,7.6,2004
6834,79,Doug Christie,SG,33,SAC,82,82,33.9,3.9,8.4,.461,0.6,1.7,.345,3.3,6.7,.491,.496,1.8,2.1,.860,0.8,3.2,4.0,4.2,1.8,0.5,1.9,2.3,10.1,2004
6835,80,Keon Clark,PF,28,UTA,2,0,13.5,1.0,3.0,.333,0.0,0.0,,1.0,3.0,.333,.333,0.0,0.0,,0.5,3.0,3.5,0.5,0.5,0.0,0.0,0.5,2.0,2004
6836,Rk,Player,Pos,Age,Tm,G,GS,MP,FG,FGA,FG%,3P,3PA,3P%,2P,2PA,2P%,eFG%,FT,FTA,FT%,ORB,DRB,TRB,AST,STL,BLK,TOV,PF,PTS,2004
6837,81,Speedy Claxton,PG,25,GSW,60,29,26.6,3.7,8.7,.427,0.1,0.4,.182,3.7,8.4,.438,.431,3.0,3.7,.813,0.6,2.0,2.6,4.5,1.6,0.2,1.7,2.4,10.6,2004
6838,82,Mateen Cleaves,PG,26,CLE,4,2,23.0,1.8,5.8,.304,0.0,0.3,.000,1.8,5.5,.318,.304,0.3,0.5,.500,0.3,1.5,1.8,4.8,1.0,0.5,1.3,3.3,3.8,2004
6839,83,Derrick Coleman,C,36,PHI,34,30,24.8,3.1,7.6,.413,0.2,1.1,.222,2.9,6.6,.444,.429,1.4,1.9,.754,1.3,4.3,5.6,1.4,0.7,0.8,1.7,2.3,8.0,2004
6840,84,Bimbo Coles,PG,35,MIA,22,1,7.7,0.5,1.5,.353,0.0,0.0,,0.5,1.5,.353,.353,0.2,0.3,.667,0.1,0.4,0.5,0.7,0.1,0.0,0.4,1.2,1.3,2004
6841,85,Jason Collier,C,26,ATL,20,16,27.3,4.0,8.3,.479,0.1,0.2,.250,3.9,8.1,.484,.482,3.4,4.3,.788,1.8,3.8,5.6,0.9,0.6,0.6,1.6,3.6,11.3,2004
6842,86,Jarron Collins,C,25,UTA,81,31,21.4,1.8,3.6,.498,0.0,0.0,.000,1.8,3.6,.500,.498,2.3,3.2,.718,1.4,2.5,3.9,1.0,0.3,0.2,1.0,3.1,6.0,2004
6843,87,Jason Collins,C,25,NJN,78,78,28.5,2.1,4.9,.424,0.0,0.0,.000,2.1,4.9,.427,.424,1.7,2.4,.739,1.8,3.3,5.1,2.0,0.9,0.7,1.2,3.2,5.9,2004
6844,88,Brian Cook,C,23,LAL,35,2,12.6,1.9,4.0,.475,0.0,0.1,.000,1.9,3.9,.493,.475,0.6,0.8,.750,0.9,2.0,2.9,0.6,0.5,0.5,0.5,1.8,4.4,2004
6845,89,Omar Cook,PG,22,POR,17,0,8.2,0.4,1.6,.259,0.0,0.1,.000,0.4,1.5,.269,.259,0.0,0.0,,0.2,0.2,0.4,1.4,0.6,0.0,0.6,0.8,0.8,2004
6846,90,Chris Crawford,PF,28,ATL,56,25,21.6,3.8,8.4,.448,0.8,2.0,.389,3.0,6.4,.466,.495,1.8,2.1,.866,1.0,2.1,3.1,0.8,0.7,0.4,1.0,2.3,10.2,2004
6847,91,Jamal Crawford,SG,23,CHI,80,73,35.1,6.4,16.5,.386,2.1,6.5,.317,4.3,10.0,.432,.449,2.5,3.0,.833,0.6,3.0,3.5,5.1,1.4,0.4,2.4,2.0,17.3,2004
6848,92,Austin Croshere,PF,28,IND,77,0,13.6,1.5,4.0,.388,0.7,1.9,.389,0.8,2.1,.387,.479,1.2,1.4,.894,0.8,2.4,3.2,0.7,0.3,0.2,0.7,1.3,5.0,2004
6849,93,Eddy Curry,PF,21,CHI,73,63,29.5,5.7,11.5,.496,0.0,0.0,1.000,5.7,11.5,.496,.497,3.2,4.8,.671,2.0,4.2,6.2,0.9,0.3,1.1,2.4,3.5,14.7,2004
6850,94,Michael Curry,SF,35,TOR,70,15,17.6,1.1,2.8,.388,0.0,0.2,.200,1.0,2.6,.403,.395,0.7,0.8,.845,0.3,0.9,1.2,0.8,0.3,0.1,0.7,2.2,2.9,2004
6851,95,Samuel Dalembert,C,22,PHI,82,53,26.8,3.3,6.1,.541,0.0,0.0,.000,3.3,6.1,.542,.541,1.4,2.1,.644,2.4,5.3,7.6,0.3,0.5,2.3,1.0,3.3,8.0,2004
6852,96,Erick Dampier,C,28,GSW,74,74,32.5,4.7,8.8,.535,0.0,0.0,.000,4.7,8.8,.537,.535,2.9,4.5,.654,4.6,7.3,12.0,0.8,0.4,1.9,1.8,3.1,12.3,2004
6853,97,Antonio Daniels,PG,28,SEA,71,32,21.3,2.6,5.6,.470,0.6,1.6,.362,2.0,4.0,.514,.523,2.2,2.6,.842,0.3,1.7,2.0,4.2,0.6,0.1,0.9,0.9,8.0,2004
6854,98,Marquis Daniels,SG,23,DAL,56,15,18.6,3.6,7.3,.494,0.2,0.6,.306,3.4,6.7,.512,.507,1.1,1.4,.769,1.2,1.4,2.6,2.1,0.9,0.2,0.8,0.9,8.5,2004
6855,99,Antonio Davis,C,35,TOT,80,79,32.1,3.3,8.3,.403,0.0,0.0,,3.3,8.3,.403,.403,2.2,2.9,.765,2.6,5.8,8.4,1.7,0.5,0.8,1.4,2.6,8.9,2004
6856,99,Antonio Davis,C,35,TOR,15,15,35.9,3.1,8.0,.383,0.0,0.0,,3.1,8.0,.383,.383,2.5,3.3,.755,3.3,6.3,9.5,0.9,0.5,0.5,1.4,3.0,8.6,2004
6857,99,Antonio Davis,C,35,CHI,65,64,31.3,3.4,8.3,.407,0.0,0.0,,3.4,8.3,.407,.407,2.1,2.8,.768,2.4,5.7,8.1,1.9,0.4,0.9,1.4,2.5,8.9,2004
6858,100,Baron Davis,PG,24,NOH,67,66,40.1,8.3,20.9,.395,2.8,8.7,.321,5.5,12.2,.448,.462,3.5,5.3,.673,1.0,3.3,4.3,7.5,2.4,0.4,3.2,2.7,22.9,2004
6859,Rk,Player,Pos,Age,Tm,G,GS,MP,FG,FGA,FG%,3P,3PA,3P%,2P,2PA,2P%,eFG%,FT,FTA,FT%,ORB,DRB,TRB,AST,STL,BLK,TOV,PF,PTS,2004
6860,101,Dale Davis,C,34,POR,76,37,22.1,1.8,3.7,.473,0.0,0.0,,1.8,3.7,.473,.473,0.9,1.4,.613,2.1,3.2,5.2,0.9,0.6,0.8,0.5,2.0,4.4,2004
6861,102,Hubert Davis,SG,33,TOT,17,0,4.6,0.1,0.6,.091,0.0,0.1,.000,0.1,0.6,.100,.091,0.1,0.1,1.000,0.1,0.4,0.5,0.2,0.1,0.0,0.2,0.7,0.2,2004
6862,102,Hubert Davis,SG,33,DET,3,0,7.7,0.0,0.7,.000,0.0,0.3,.000,0.0,0.3,.000,.000,0.0,0.0,,0.0,0.0,0.0,0.3,0.0,0.0,0.3,1.3,0.0,2004
6863,102,Hubert Davis,SG,33,NJN,14,0,3.9,0.1,0.6,.111,0.0,0.0,,0.1,0.6,.111,.111,0.1,0.1,1.000,0.1,0.4,0.6,0.2,0.1,0.0,0.1,0.6,0.3,2004
6864,103,Josh Davis,PF,23,ATL,4,1,5.8,0.5,1.3,.400,0.0,0.5,.000,0.5,0.8,.667,.400,0.3,0.3,1.000,0.3,1.0,1.3,0.0,0.0,0.0,0.5,0.8,1.3,2004
6865,104,Ricky Davis,SF-SG,24,TOT,79,27,31.3,5.6,12.0,.469,0.7,1.8,.371,5.0,10.3,.486,.497,2.5,3.5,.718,1.0,3.6,4.5,3.3,1.2,0.3,2.4,2.2,14.4,2004
6866,104,Ricky Davis,SG,24,CLE,22,22,36.2,6.1,14.1,.431,0.8,2.2,.354,5.3,12.0,.445,.458,2.3,3.4,.680,0.8,4.7,5.5,5.0,1.1,0.4,3.1,2.3,15.3,2004
6867,104,Ricky Davis,SF,24,BOS,57,5,29.4,5.5,11.2,.488,0.6,1.6,.380,4.9,9.6,.506,.516,2.5,3.5,.732,1.0,3.1,4.2,2.6,1.2,0.2,2.1,2.1,14.1,2004
6868,105,Andrew DeClercq,C,30,ORL,71,53,17.1,1.3,2.7,.477,0.0,0.0,,1.3,2.7,.477,.477,0.6,0.8,.815,1.8,2.6,4.5,0.6,0.7,0.5,0.8,3.1,3.2,2004
6869,106,Tony Delk,SG,30,DAL,33,11,15.4,2.1,5.6,.380,0.6,2.0,.303,1.5,3.6,.424,.435,1.1,1.3,.841,0.5,1.3,1.8,0.8,0.8,0.2,0.5,1.4,6.0,2004
6870,107,Derrick Dial,SG,28,ORL,9,0,9.6,1.0,3.1,.321,0.2,1.0,.222,0.8,2.1,.368,.357,0.7,0.9,.750,0.6,0.9,1.4,0.2,0.7,0.0,0.1,0.7,2.9,2004
6871,108,Boris Diaw,SG,21,ATL,76,37,25.3,1.8,4.1,.447,0.1,0.3,.231,1.8,3.8,.467,.457,0.7,1.2,.602,1.5,3.0,4.5,2.4,0.8,0.5,1.7,2.5,4.5,2004
6872,109,Dan Dickau,PG,25,TOT,43,0,6.8,0.9,2.3,.378,0.2,0.7,.333,0.6,1.6,.397,.429,0.3,0.3,.786,0.2,0.4,0.6,0.9,0.4,0.0,0.6,1.0,2.2,2004
6873,109,Dan Dickau,PG,25,ATL,23,0,6.2,0.9,2.1,.429,0.1,0.4,.300,0.8,1.7,.462,.459,0.2,0.3,.667,0.2,0.5,0.7,0.8,0.4,0.0,0.6,1.0,2.1,2004
6874,109,Dan Dickau,PG,25,POR,20,0,7.6,0.8,2.5,.327,0.4,1.0,.350,0.5,1.5,.310,.398,0.4,0.4,.875,0.2,0.4,0.5,1.0,0.4,0.0,0.7,1.1,2.3,2004
6875,110,Kaniel Dickens,PF,25,POR,3,0,4.0,1.0,1.0,1.000,0.0,0.0,,1.0,1.0,1.000,1.000,0.3,0.7,.500,0.7,0.0,0.7,0.0,0.0,0.0,0.3,1.0,2.3,2004
6876,111,DeSagana Diop,C,22,CLE,56,3,13.0,1.0,2.6,.388,0.0,0.0,,1.0,2.6,.388,.388,0.2,0.4,.600,1.3,2.3,3.6,0.6,0.5,0.9,0.5,2.1,2.3,2004
6877,112,Vlade Divac*,C,35,SAC,81,81,28.6,3.9,8.2,.470,0.0,0.2,.154,3.9,8.1,.476,.472,2.1,3.2,.654,1.7,4.0,5.7,5.3,0.7,1.0,2.1,2.7,9.9,2004
6878,113,Juan Dixon,SG,25,WAS,71,16,20.8,3.5,9.0,.388,0.8,2.8,.298,2.6,6.2,.428,.434,1.6,2.0,.799,0.4,1.7,2.1,1.9,1.2,0.1,1.5,1.6,9.4,2004
6879,114,Michael Doleac,C,26,TOT,72,0,14.3,1.9,4.5,.435,0.0,0.0,,1.9,4.5,.435,.435,0.6,0.7,.865,1.2,2.5,3.7,0.6,0.3,0.5,0.7,2.0,4.5,2004
6880,114,Michael Doleac,C,26,NYK,46,0,14.9,2.2,4.9,.444,0.0,0.0,,2.2,4.9,.444,.444,0.7,0.8,.861,1.3,2.8,4.1,0.7,0.4,0.7,0.8,1.8,5.0,2004
6881,114,Michael Doleac,C,26,DEN,26,0,13.2,1.5,3.7,.412,0.0,0.0,,1.5,3.7,.412,.412,0.5,0.6,.875,1.1,1.8,2.9,0.5,0.2,0.2,0.4,2.2,3.6,2004
6882,115,Keyon Dooling,PG,23,LAC,58,24,19.6,2.4,6.1,.389,0.1,0.8,.174,2.2,5.3,.422,.401,1.3,1.6,.830,0.3,1.1,1.4,2.2,0.8,0.1,1.1,1.9,6.2,2004
6883,116,Bryce Drew,PG,29,NOH,15,0,5.2,0.3,1.2,.222,0.1,0.5,.143,0.2,0.7,.273,.250,0.2,0.2,1.000,0.0,0.4,0.4,0.9,0.3,0.0,0.5,0.1,0.8,2004
6884,117,Predrag Drobnjak,C,28,LAC,61,14,15.6,2.4,6.2,.393,0.2,0.6,.306,2.3,5.6,.402,.408,1.2,1.4,.849,0.9,2.3,3.2,0.6,0.4,0.4,0.8,1.4,6.3,2004
6885,118,Tim Duncan*,PF,27,SAS,69,68,36.6,8.6,17.1,.501,0.0,0.2,.167,8.6,16.9,.505,.502,5.1,8.5,.599,3.3,9.2,12.4,3.1,0.9,2.7,2.7,2.4,22.3,2004
6886,119,Mike Dunleavy,SF,23,GSW,75,69,31.1,4.3,9.6,.449,1.3,3.4,.370,3.1,6.2,.491,.514,1.8,2.5,.741,1.2,4.7,5.9,2.9,0.9,0.2,1.9,2.3,11.7,2004
6887,120,Ronald Dupree,SF,23,CHI,47,8,19.0,2.4,6.0,.394,0.1,0.2,.444,2.3,5.8,.392,.401,1.4,2.2,.629,1.2,2.4,3.6,1.2,0.7,0.4,1.1,2.9,6.2,2004
6888,Rk,Player,Pos,Age,Tm,G,GS,MP,FG,FGA,FG%,3P,3PA,3P%,2P,2PA,2P%,eFG%,FT,FTA,FT%,ORB,DRB,TRB,AST,STL,BLK,TOV,PF,PTS,2004
6889,121,Ndudi Ebi,SF,19,MIN,17,0,1.9,0.4,0.8,.429,0.0,0.0,,0.4,0.8,.429,.429,0.1,0.2,.250,0.1,0.1,0.2,0.2,0.0,0.2,0.2,0.4,0.8,2004
6890,122,Howard Eisley,PG,31,TOT,67,23,21.7,2.5,6.7,.368,0.8,2.4,.319,1.7,4.3,.396,.426,1.1,1.3,.854,0.3,1.6,1.9,4.1,0.8,0.1,1.5,2.0,6.9,2004
6891,122,Howard Eisley,PG,31,NYK,33,23,22.1,2.4,6.1,.396,0.8,2.6,.329,1.6,3.5,.444,.465,1.0,1.1,.889,0.2,1.8,2.0,4.7,0.9,0.1,1.5,2.6,6.7,2004
6892,122,Howard Eisley,PG,31,PHO,34,0,21.4,2.5,7.3,.345,0.7,2.3,.308,1.8,5.0,.363,.394,1.3,1.6,.830,0.4,1.5,1.9,3.4,0.8,0.1,1.4,1.5,7.1,2004
6893,123,Francisco Elson,C,27,DEN,62,14,14.1,1.5,3.2,.472,0.0,0.0,.000,1.5,3.2,.475,.472,0.5,0.7,.667,1.0,2.2,3.3,0.5,0.6,0.6,0.6,2.3,3.5,2004
6894,124,Melvin Ely,PF,25,LAC,42,2,12.1,1.6,3.6,.431,0.0,0.0,.000,1.6,3.6,.434,.431,0.6,1.0,.595,1.1,1.3,2.4,0.5,0.2,0.4,0.5,1.6,3.7,2004
6895,125,Reggie Evans,PF,23,SEA,75,27,17.1,0.9,2.2,.406,0.0,0.0,.000,0.9,2.2,.414,.406,1.1,2.0,.561,2.1,3.4,5.4,0.4,0.7,0.1,0.9,2.3,2.9,2004
6896,126,Desmond Ferguson,SF,26,POR,7,0,4.6,0.7,1.7,.417,0.4,1.1,.375,0.3,0.6,.500,.542,0.0,0.3,.000,0.0,0.6,0.6,0.1,0.0,0.0,0.1,0.0,1.9,2004
6897,127,Michael Finley,SG,30,DAL,72,72,38.6,7.1,16.1,.443,2.1,5.1,.405,5.1,11.0,.461,.508,2.3,2.7,.850,1.1,3.4,4.5,2.9,1.2,0.5,1.2,1.6,18.6,2004
6898,128,Derek Fisher,SG,29,LAL,82,3,21.6,2.5,7.0,.352,0.6,2.2,.291,1.8,4.8,.380,.398,1.5,1.9,.797,0.4,1.5,1.9,2.3,1.3,0.0,1.0,1.4,7.1,2004
6899,129,Marcus Fizer,SF,25,CHI,46,2,16.0,2.9,7.6,.383,0.0,0.4,.118,2.9,7.2,.396,.386,2.0,2.6,.750,1.3,3.1,4.4,0.9,0.3,0.2,1.1,2.1,7.8,2004
6900,130,Alton Ford,PF,22,HOU,9,0,4.6,0.7,1.2,.545,0.0,0.0,,0.7,1.2,.545,.545,0.3,0.7,.500,0.3,0.9,1.2,0.3,0.0,0.1,0.3,1.0,1.7,2004
6901,131,T.J. Ford,PG,20,MIL,55,55,26.8,2.8,7.2,.384,0.1,0.4,.238,2.7,6.9,.393,.391,1.5,1.8,.816,0.7,2.5,3.2,6.5,1.1,0.1,2.5,2.2,7.1,2004
6902,132,Danny Fortson,C,27,DAL,56,20,11.2,1.3,2.5,.511,0.0,0.0,,1.3,2.5,.511,.511,1.3,1.6,.815,2.0,2.4,4.5,0.2,0.2,0.2,0.7,2.6,3.9,2004
6903,133,Jeff Foster,C,27,IND,82,79,23.9,2.4,4.4,.544,0.0,0.0,.000,2.4,4.4,.550,.544,1.3,1.9,.669,3.0,4.4,7.4,0.8,0.9,0.3,0.7,2.3,6.1,2004
6904,134,Tremaine Fowlkes,SF,27,DET,36,0,7.3,0.4,1.3,.313,0.0,0.2,.125,0.4,1.1,.350,.323,0.4,0.5,.722,0.5,1.0,1.5,0.4,0.3,0.1,0.3,1.0,1.2,2004
6905,135,Rick Fox,SF,34,LAL,38,34,22.3,1.9,4.9,.392,0.4,1.6,.246,1.5,3.3,.464,.433,0.6,0.8,.733,0.8,1.9,2.7,2.6,0.8,0.1,1.3,2.6,4.8,2004
6906,136,Adonal Foyle,C,28,GSW,44,8,13.0,1.3,3.0,.454,0.0,0.0,,1.3,3.0,.454,.454,0.4,0.8,.543,1.2,2.6,3.8,0.4,0.1,1.0,0.5,1.5,3.1,2004
6907,137,Richie Frahm,SF,26,SEA,54,0,8.7,1.2,2.6,.453,0.6,1.7,.370,0.5,0.9,.617,.576,0.4,0.5,.885,0.2,0.8,1.0,0.4,0.3,0.1,0.1,0.9,3.4,2004
6908,138,Steve Francis,PG,26,HOU,79,79,40.4,5.7,14.1,.403,0.9,3.2,.292,4.8,11.0,.435,.436,4.3,5.5,.775,1.5,4.0,5.5,6.2,1.8,0.4,3.7,3.3,16.6,2004
6909,139,Hiram Fuller,PF,22,ATL,4,0,10.8,0.8,2.0,.375,0.0,0.0,,0.8,2.0,.375,.375,0.5,1.5,.333,1.0,1.8,2.8,0.5,0.0,0.3,1.0,1.3,2.0,2004
6910,140,Dan Gadzuric,C,25,MIL,75,0,16.8,2.4,4.7,.524,0.0,0.0,.000,2.4,4.6,.526,.524,0.8,1.6,.492,1.7,2.9,4.6,0.4,0.7,1.4,0.6,2.5,5.7,2004
6911,Rk,Player,Pos,Age,Tm,G,GS,MP,FG,FGA,FG%,3P,3PA,3P%,2P,2PA,2P%,eFG%,FT,FTA,FT%,ORB,DRB,TRB,AST,STL,BLK,TOV,PF,PTS,2004
6912,141,Reece Gaines,PG,23,ORL,38,1,9.6,0.7,2.3,.291,0.1,0.3,.300,0.6,2.0,.289,.308,0.4,0.7,.640,0.2,0.8,1.0,1.1,0.3,0.1,0.5,0.6,1.8,2004
6913,142,Alex Garcia,SG,23,SAS,2,0,6.5,0.5,3.5,.143,0.0,0.0,,0.5,3.5,.143,.143,0.5,1.0,.500,0.0,0.0,0.0,0.0,1.0,0.0,0.5,0.0,1.5,2004
6914,143,Kevin Garnett*,PF,27,MIN,82,82,39.4,9.8,19.6,.499,0.1,0.5,.256,9.7,19.1,.506,.502,4.5,5.7,.791,3.0,10.9,13.9,5.0,1.5,2.2,2.6,2.5,24.2,2004
6915,144,Pat Garrity,PF,27,ORL,2,0,11.0,0.5,1.5,.333,0.0,0.0,,0.5,1.5,.333,.333,0.0,0.0,,0.0,0.0,0.0,0.5,0.0,0.0,0.0,1.0,1.0,2004
6916,145,Pau Gasol,PF,23,MEM,78,78,31.5,6.5,13.4,.482,0.1,0.2,.267,6.4,13.3,.485,.484,4.7,6.6,.714,2.6,5.1,7.7,2.5,0.6,1.7,2.4,2.4,17.7,2004
6917,146,Devean George,SF,26,LAL,82,48,23.8,2.8,7.0,.408,0.8,2.3,.349,2.0,4.7,.436,.465,0.9,1.2,.760,1.1,3.0,4.0,1.4,1.0,0.5,1.1,2.3,7.4,2004
6918,147,Eddie Gill,PG,25,POR,22,0,7.1,0.7,1.6,.417,0.1,0.4,.375,0.5,1.3,.429,.458,0.8,0.9,.850,0.2,0.6,0.8,0.7,0.4,0.0,0.5,0.7,2.3,2004
6919,148,Kendall Gill,SG,35,CHI,56,35,25.2,3.8,9.8,.392,0.2,0.7,.237,3.7,9.1,.404,.401,1.8,2.4,.735,1.1,2.3,3.4,1.6,1.2,0.3,1.5,1.9,9.6,2004
6920,149,Manu Ginóbili*,SG,26,SAS,77,38,29.4,4.3,10.2,.418,1.1,3.2,.359,3.1,7.1,.445,.474,3.1,3.9,.802,1.1,3.4,4.5,3.8,1.8,0.2,2.1,2.4,12.8,2004
6921,150,Gordan Giriček,SF-SG,26,TOT,73,43,28.0,4.3,9.9,.436,0.8,2.1,.395,3.5,7.8,.448,.478,1.8,2.2,.854,0.7,2.4,3.1,1.7,0.8,0.2,1.4,2.0,11.3,2004
6922,150,Gordan Giriček,SF,26,ORL,48,25,29.9,3.9,8.9,.440,1.0,2.4,.407,3.0,6.5,.452,.494,1.4,1.7,.827,0.8,2.6,3.4,1.7,0.9,0.2,1.3,2.0,10.2,2004
6923,150,Gordan Giriček,SG,26,UTA,25,18,24.2,5.1,11.9,.431,0.6,1.6,.359,4.6,10.3,.442,.455,2.7,3.1,.883,0.6,1.9,2.5,1.7,0.6,0.2,1.6,1.8,13.5,2004
6924,151,Dion Glover,SG,25,TOT,69,30,23.8,3.3,8.5,.390,0.6,1.7,.336,2.8,6.8,.404,.424,1.7,2.3,.769,0.8,3.0,3.9,1.9,0.7,0.3,1.5,1.8,9.0,2004
6925,151,Dion Glover,SG,25,ATL,55,26,26.6,3.7,9.5,.391,0.7,1.9,.343,3.1,7.6,.403,.426,2.0,2.6,.775,1.0,3.3,4.3,2.1,0.7,0.3,1.5,1.9,10.1,2004
6926,151,Dion Glover,SG,25,TOR,14,4,12.7,1.8,4.6,.385,0.3,1.0,.286,1.5,3.6,.412,.415,0.7,1.0,.714,0.3,1.8,2.1,1.1,0.7,0.1,1.4,1.2,4.6,2004
6927,152,Anthony Goldwire,PG,32,TOT,11,0,7.7,0.6,2.0,.318,0.2,0.7,.250,0.5,1.3,.357,.364,0.1,0.1,1.000,0.1,0.5,0.6,1.0,0.5,0.0,0.3,0.5,1.5,2004
6928,152,Anthony Goldwire,PG,32,MIN,5,0,13.2,1.0,2.8,.357,0.4,1.2,.333,0.6,1.6,.375,.429,0.2,0.2,1.000,0.2,1.0,1.2,2.0,0.6,0.0,0.4,1.0,2.6,2004
6929,152,Anthony Goldwire,PG,32,NJN,6,0,3.2,0.3,1.3,.250,0.0,0.3,.000,0.3,1.0,.333,.250,0.0,0.0,,0.0,0.2,0.2,0.2,0.3,0.0,0.2,0.0,0.7,2004
6930,153,Drew Gooden,PF,22,ORL,79,17,27.0,4.7,10.5,.445,0.1,0.5,.214,4.6,10.0,.457,.451,2.1,3.3,.637,2.0,4.5,6.5,1.1,0.8,0.9,1.6,2.5,11.6,2004
6931,154,Brian Grant,C,31,MIA,76,76,30.3,3.8,8.1,.471,0.0,0.0,.000,3.8,8.1,.472,.471,1.1,1.4,.782,2.3,4.6,6.9,0.9,0.7,0.5,1.1,3.3,8.7,2004
6932,155,Horace Grant,PF,38,LAL,55,10,20.1,1.7,4.1,.411,0.0,0.0,.000,1.7,4.1,.413,.411,0.7,1.0,.722,1.4,2.8,4.2,1.3,0.4,0.4,0.5,1.3,4.1,2004
6933,156,Paul Grant,C,30,UTA,10,0,9.8,1.1,2.3,.478,0.0,0.0,,1.1,2.3,.478,.478,0.3,0.8,.375,0.7,1.0,1.7,0.3,0.1,0.1,0.7,1.7,2.5,2004
6934,157,Willie Green,SG,22,PHI,53,0,14.5,2.7,6.7,.401,0.4,1.2,.311,2.3,5.6,.419,.427,1.1,1.5,.728,0.3,0.9,1.2,1.0,0.5,0.1,1.1,1.6,6.9,2004
6935,158,Adrian Griffin,SG,29,HOU,19,1,7.0,0.3,0.9,.278,0.1,0.1,.500,0.2,0.8,.250,.306,0.0,0.2,.000,0.1,0.9,1.0,0.5,0.4,0.1,0.2,0.9,0.6,2004
6936,159,Tom Gugliotta,PF,34,TOT,55,27,14.9,1.3,3.7,.345,0.0,0.1,.250,1.3,3.6,.347,.347,0.4,0.5,.714,1.2,2.2,3.4,1.1,0.6,0.2,0.7,1.5,2.9,2004
6937,159,Tom Gugliotta,PF,34,PHO,30,3,10.1,1.0,3.3,.313,0.0,0.0,.000,1.0,3.3,.316,.313,0.2,0.3,.750,0.5,1.4,1.9,0.7,0.5,0.1,0.7,1.1,2.3,2004
6938,159,Tom Gugliotta,PF,34,UTA,25,24,20.6,1.6,4.2,.375,0.0,0.1,.333,1.5,4.0,.376,.380,0.6,0.8,.700,2.0,3.2,5.2,1.7,0.7,0.3,0.8,1.9,3.7,2004
6939,160,Marcus Haislip,PF,23,MIL,31,0,8.5,1.2,2.4,.486,0.0,0.1,.500,1.1,2.3,.486,.493,0.6,0.9,.714,0.7,1.0,1.7,0.1,0.2,0.4,0.3,0.8,3.0,2004
6940,Rk,Player,Pos,Age,Tm,G,GS,MP,FG,FGA,FG%,3P,3PA,3P%,2P,2PA,2P%,eFG%,FT,FTA,FT%,ORB,DRB,TRB,AST,STL,BLK,TOV,PF,PTS,2004
6941,161,Darvin Ham,SF,30,DET,54,2,9.0,0.7,1.4,.493,0.0,0.0,.500,0.7,1.4,.493,.500,0.4,0.6,.600,0.9,0.9,1.7,0.3,0.2,0.1,0.6,1.2,1.8,2004
6942,162,Richard Hamilton,SG,25,DET,78,78,35.5,6.8,14.9,.455,0.2,0.9,.265,6.6,14.1,.466,.462,3.8,4.4,.868,1.0,2.6,3.6,4.0,1.3,0.2,2.7,2.8,17.6,2004
6943,163,Zendon Hamilton,C,28,PHI,46,0,10.3,1.1,2.1,.537,0.0,0.0,,1.1,2.1,.537,.537,1.5,2.1,.698,1.1,2.1,3.2,0.3,0.2,0.2,0.6,1.6,3.7,2004
6944,164,Ben Handlogten,C,30,UTA,17,0,10.1,1.5,2.8,.532,0.0,0.0,,1.5,2.8,.532,.532,1.1,1.6,.667,1.3,1.9,3.2,0.4,0.2,0.2,0.6,1.9,4.0,2004
6945,165,Travis Hansen,SF,25,ATL,41,4,12.4,1.1,3.2,.354,0.2,0.7,.300,0.9,2.4,.370,.388,0.5,0.7,.815,0.7,1.0,1.7,0.5,0.2,0.2,0.4,1.6,3.0,2004
6946,166,Anfernee Hardaway,SG,32,TOT,76,14,27.6,3.7,8.9,.411,0.4,1.0,.380,3.3,7.9,.415,.433,1.5,1.8,.804,0.9,2.9,3.8,2.3,0.9,0.3,1.4,1.9,9.2,2004
6947,166,Anfernee Hardaway,SG,32,PHO,34,10,25.8,3.5,8.0,.443,0.4,1.0,.400,3.1,6.9,.449,.469,1.2,1.4,.857,0.8,2.1,2.9,2.9,0.8,0.2,1.2,1.9,8.7,2004
6948,166,Anfernee Hardaway,SG,32,NYK,42,4,29.0,3.8,9.7,.390,0.4,1.0,.364,3.4,8.7,.393,.409,1.6,2.1,.775,1.0,3.5,4.5,1.9,1.0,0.3,1.5,1.9,9.6,2004
6949,167,Matt Harpring,SF,27,UTA,31,31,36.6,6.2,13.2,.471,0.3,1.1,.242,6.0,12.2,.491,.480,3.5,5.1,.688,2.9,5.0,8.0,2.0,0.7,0.1,2.1,3.3,16.2,2004
6950,168,Al Harrington,PF,23,IND,79,15,30.9,5.3,11.5,.463,0.3,1.0,.273,5.1,10.5,.481,.475,2.3,3.2,.734,2.1,4.4,6.4,1.7,1.0,0.3,2.1,3.2,13.3,2004
6951,169,Othella Harrington,PF,30,NYK,56,3,15.6,1.8,3.6,.495,0.0,0.0,,1.8,3.6,.495,.495,1.0,1.4,.744,1.0,2.1,3.2,0.5,0.2,0.3,1.2,2.4,4.6,2004
6952,170,Lucious Harris,PG,33,NJN,69,15,21.8,2.7,6.7,.404,0.6,1.5,.376,2.2,5.2,.412,.445,1.0,1.1,.846,0.6,1.5,2.0,2.0,0.6,0.0,0.8,1.1,6.9,2004
6953,171,Jason Hart,PG,25,SAS,53,5,12.5,1.3,3.0,.447,0.0,0.2,.222,1.3,2.8,.460,.453,0.6,0.8,.767,0.2,1.3,1.5,1.5,0.5,0.1,0.5,1.1,3.3,2004
6954,172,Donnell Harvey,PF,23,TOT,60,8,13.1,1.5,3.4,.443,0.0,0.1,.000,1.5,3.3,.449,.443,1.0,1.4,.735,0.8,1.9,2.7,0.4,0.4,0.5,0.8,2.2,4.0,2004
6955,172,Donnell Harvey,PF,23,ORL,24,1,14.4,1.5,3.7,.404,0.0,0.1,.000,1.5,3.6,.419,.404,1.1,1.6,.667,1.2,1.8,3.0,0.3,0.4,0.5,0.9,1.8,4.1,2004
6956,172,Donnell Harvey,PF,23,PHO,36,7,12.2,1.5,3.1,.473,0.0,0.0,,1.5,3.1,.473,.473,1.0,1.2,.795,0.5,2.0,2.6,0.4,0.4,0.4,0.6,2.4,3.9,2004
6957,173,Udonis Haslem,PF,23,MIA,75,24,23.9,2.7,6.0,.459,0.0,0.0,.000,2.7,5.9,.462,.459,1.9,2.4,.765,2.5,3.8,6.3,0.7,0.4,0.3,1.0,2.6,7.3,2004
6958,174,Trenton Hassell,SG,24,MIN,81,74,28.0,2.2,4.7,.465,0.0,0.2,.308,2.1,4.5,.470,.470,0.6,0.8,.787,0.8,2.3,3.2,1.6,0.4,0.7,0.6,2.5,5.0,2004
6959,175,Jarvis Hayes,SF,22,WAS,70,42,29.2,4.0,9.9,.400,0.6,1.9,.305,3.4,8.1,.422,.429,1.1,1.4,.786,1.0,2.8,3.8,1.5,1.0,0.2,1.6,2.2,9.6,2004
6960,176,Brendan Haywood,C,24,WAS,77,59,19.3,2.6,5.0,.515,0.0,0.0,.000,2.6,5.0,.517,.515,1.8,3.0,.585,2.4,2.6,5.0,0.6,0.4,1.3,1.0,2.0,7.0,2004
6961,177,Shane Heal,PG,33,SAS,6,0,12.0,1.2,4.0,.292,0.7,3.0,.222,0.5,1.0,.500,.375,0.7,0.8,.800,0.2,0.5,0.7,0.8,0.2,0.0,0.8,0.3,3.7,2004
6962,178,Alan Henderson,PF,31,ATL,6,0,11.3,1.7,3.5,.476,0.0,0.0,,1.7,3.5,.476,.476,0.7,1.0,.667,1.8,1.7,3.5,0.3,0.2,0.3,0.5,0.2,4.0,2004
6963,179,Nenê,PF,21,DEN,77,77,32.5,4.3,8.2,.530,0.0,0.0,.000,4.3,8.2,.532,.530,3.1,4.6,.682,2.0,4.5,6.5,2.2,1.5,0.5,2.4,3.6,11.8,2004
6964,180,Tyrone Hill,PF,35,MIA,5,0,7.6,0.6,1.0,.600,0.0,0.0,,0.6,1.0,.600,.600,0.6,0.8,.750,1.0,0.6,1.6,0.0,0.0,0.2,0.4,2.0,1.8,2004
6965,Rk,Player,Pos,Age,Tm,G,GS,MP,FG,FGA,FG%,3P,3PA,3P%,2P,2PA,2P%,eFG%,FT,FTA,FT%,ORB,DRB,TRB,AST,STL,BLK,TOV,PF,PTS,2004
6966,181,Kirk Hinrich,PG,23,CHI,76,66,35.6,4.2,10.8,.386,1.9,4.9,.390,2.3,6.0,.383,.474,1.8,2.2,.804,0.6,2.9,3.4,6.8,1.3,0.3,2.7,3.6,12.0,2004
6967,182,Fred Hoiberg,SG,31,MIN,79,3,22.8,2.3,4.8,.465,1.0,2.2,.442,1.3,2.7,.483,.564,1.2,1.5,.845,0.3,3.1,3.4,1.4,0.8,0.1,0.6,1.7,6.7,2004
6968,183,Robert Horry,PF,33,SAS,81,1,15.9,1.7,4.3,.405,0.5,1.3,.380,1.2,3.0,.417,.464,0.9,1.3,.645,1.3,2.0,3.4,1.2,0.6,0.6,0.7,2.0,4.8,2004
6969,184,Eddie House,SG,25,LAC,60,10,19.8,2.7,7.5,.359,0.9,2.3,.375,1.8,5.2,.351,.415,0.6,0.8,.800,0.5,1.8,2.3,2.5,1.1,0.1,1.1,1.5,6.8,2004
6970,185,Allan Houston,SG,32,NYK,50,50,36.0,6.8,15.6,.435,1.7,4.0,.431,5.1,11.6,.437,.491,3.1,3.4,.913,0.4,2.0,2.4,2.0,0.8,0.0,2.0,2.1,18.5,2004
6971,186,Josh Howard,SF,23,DAL,67,29,23.7,3.4,7.9,.430,0.3,1.0,.303,3.1,7.0,.448,.449,1.4,2.1,.703,2.2,3.3,5.5,1.4,1.0,0.8,1.0,2.5,8.6,2004
6972,187,Juwan Howard,PF,30,ORL,81,77,35.5,6.5,14.4,.453,0.0,0.0,.000,6.5,14.4,.453,.453,3.9,4.9,.809,2.1,4.9,7.0,2.0,0.7,0.3,2.2,3.5,17.0,2004
6973,188,Troy Hudson,PG,27,MIN,29,1,17.3,2.8,7.1,.386,1.1,2.7,.403,1.7,4.5,.377,.461,0.9,1.1,.818,0.1,1.1,1.2,2.4,0.2,0.0,1.2,1.1,7.5,2004
6974,189,Larry Hughes,SG,25,WAS,61,61,33.8,6.6,16.5,.397,1.3,3.8,.341,5.3,12.7,.414,.437,4.4,5.5,.797,1.6,3.8,5.3,2.4,1.6,0.4,2.5,2.4,18.8,2004
6975,190,Ryan Humphrey,PF,24,MEM,2,0,5.5,0.5,2.0,.250,0.0,0.5,.000,0.5,1.5,.333,.250,0.0,0.0,,1.0,0.5,1.5,0.5,0.5,0.0,1.0,1.5,1.0,2004
6976,191,Brandon Hunter,PF,23,BOS,36,12,11.3,1.5,3.2,.457,0.0,0.1,.000,1.5,3.1,.469,.457,0.5,1.2,.442,1.4,1.9,3.3,0.5,0.4,0.0,0.6,1.1,3.5,2004
6977,192,Lindsey Hunter,SG,33,DET,33,8,20.0,1.5,4.3,.343,0.4,1.5,.280,1.1,2.8,.376,.392,0.2,0.2,.625,0.4,1.6,2.0,2.6,1.2,0.2,1.0,1.4,3.5,2004
6978,193,Steven Hunter,C,22,ORL,59,23,13.4,1.4,2.6,.529,0.0,0.0,,1.4,2.6,.529,.529,0.4,1.2,.333,0.9,2.0,2.9,0.2,0.1,1.2,0.5,1.7,3.2,2004
6979,194,Zydrunas Ilgauskas,C,28,CLE,81,81,31.3,5.8,11.9,.483,0.0,0.1,.286,5.7,11.8,.484,.484,3.7,5.0,.746,3.4,4.6,8.1,1.3,0.5,2.5,2.0,3.4,15.3,2004
6980,195,Allen Iverson*,SG,28,PHI,48,47,42.5,9.1,23.4,.387,1.2,4.1,.286,7.9,19.3,.408,.412,7.1,9.5,.745,0.7,3.0,3.7,6.8,2.4,0.1,4.4,1.8,26.4,2004
6981,196,Bobby Jackson,SG,30,SAC,50,0,23.7,5.3,11.8,.444,1.6,4.4,.370,3.6,7.5,.488,.513,1.6,2.2,.752,1.1,2.4,3.5,2.1,1.0,0.2,1.3,2.1,13.8,2004
6982,197,Jim Jackson,SF,33,HOU,80,80,39.0,4.8,11.3,.424,2.0,5.1,.400,2.8,6.2,.444,.514,1.3,1.6,.843,0.7,5.4,6.1,2.8,1.1,0.3,2.2,2.8,12.9,2004
6983,198,Marc Jackson,PF,29,PHI,22,13,27.2,3.2,7.8,.415,0.0,0.0,.000,3.2,7.7,.418,.415,2.9,3.7,.790,2.0,3.7,5.7,0.8,0.5,0.3,1.1,2.0,9.4,2004
6984,199,Mark Jackson,PG,38,HOU,42,3,13.7,0.8,2.4,.340,0.2,1.0,.171,0.6,1.4,.458,.375,0.7,0.9,.718,0.2,1.4,1.7,2.8,0.4,0.0,1.3,1.0,2.5,2004
6985,200,Stephen Jackson,SF,25,ATL,80,78,36.8,6.7,15.8,.425,1.8,5.3,.340,4.9,10.4,.469,.483,2.9,3.7,.785,1.2,3.4,4.6,3.1,1.8,0.3,2.8,2.7,18.1,2004
6986,Rk,Player,Pos,Age,Tm,G,GS,MP,FG,FGA,FG%,3P,3PA,3P%,2P,2PA,2P%,eFG%,FT,FTA,FT%,ORB,DRB,TRB,AST,STL,BLK,TOV,PF,PTS,2004
6987,201,Casey Jacobsen,SF,22,PHO,78,13,23.4,1.9,4.6,.417,1.0,2.3,.417,1.0,2.3,.417,.521,1.2,1.4,.820,0.5,2.0,2.6,1.3,0.6,0.1,0.9,1.8,6.0,2004
6988,202,Jerome James,C,28,SEA,65,24,15.2,2.0,4.0,.498,0.0,0.0,,2.0,4.0,.498,.498,1.0,1.5,.660,1.2,2.3,3.5,0.5,0.3,0.9,1.3,2.8,5.0,2004
6989,203,LeBron James,SG,19,CLE,79,79,39.5,7.9,18.9,.417,0.8,2.7,.290,7.1,16.1,.438,.438,4.4,5.8,.754,1.3,4.2,5.5,5.9,1.6,0.7,3.5,1.9,20.9,2004
6990,204,Mike James,PG,28,TOT,81,55,27.1,3.4,8.1,.414,1.3,3.5,.377,2.0,4.6,.441,.495,1.3,1.6,.811,0.3,2.5,2.9,4.2,1.2,0.0,1.5,1.9,9.3,2004
6991,204,Mike James,PG,28,BOS,55,55,30.6,3.9,9.3,.418,1.6,4.1,.381,2.3,5.2,.447,.502,1.4,1.7,.800,0.4,2.8,3.2,4.4,1.3,0.0,1.5,2.1,10.7,2004
6992,204,Mike James,PG,28,DET,26,0,19.7,2.3,5.7,.401,0.8,2.1,.364,1.5,3.5,.424,.469,1.0,1.2,.844,0.3,1.9,2.2,3.7,1.0,0.0,1.6,1.7,6.3,2004
6993,205,Antawn Jamison,SF,27,DAL,82,2,29.0,6.0,11.1,.535,0.2,0.5,.400,5.8,10.6,.541,.543,2.7,3.6,.748,2.8,3.5,6.3,0.9,1.0,0.4,1.0,2.1,14.8,2004
6994,206,Marko Jarić,PG,25,LAC,58,50,30.3,3.2,8.2,.388,0.9,2.6,.340,2.3,5.6,.410,.441,1.3,1.7,.733,0.8,2.3,3.0,4.8,1.6,0.3,2.0,2.3,8.5,2004
6995,207,Chris Jefferies,SF-SG,23,TOT,21,2,9.3,1.3,3.4,.375,0.8,2.0,.405,0.5,1.4,.333,.493,0.6,1.0,.650,0.2,1.1,1.4,0.3,0.2,0.3,0.9,1.7,4.0,2004
6996,207,Chris Jefferies,SG,23,TOR,2,0,4.0,1.5,3.0,.500,0.5,1.5,.333,1.0,1.5,.667,.583,0.5,0.5,1.000,0.0,0.5,0.5,0.5,0.0,0.0,0.5,0.0,4.0,2004
6997,207,Chris Jefferies,SF,23,CHI,19,2,9.8,1.3,3.5,.364,0.8,2.1,.410,0.4,1.4,.296,.485,0.6,1.0,.632,0.3,1.2,1.5,0.3,0.2,0.4,0.9,1.9,4.0,2004
6998,208,Richard Jefferson,SF,23,NJN,82,82,38.2,6.8,13.6,.498,0.6,1.6,.364,6.2,12.0,.516,.519,4.4,5.7,.763,1.3,4.3,5.7,3.8,1.1,0.3,2.4,2.7,18.5,2004
6999,209,Jared Jeffries,PF,22,WAS,82,38,23.3,2.2,5.7,.377,0.1,0.4,.167,2.1,5.4,.392,.383,1.3,2.1,.614,2.2,3.0,5.2,1.1,0.6,0.3,1.3,2.6,5.7,2004
7000,210,Britton Johnsen,C,24,ORL,20,4,14.5,0.9,3.0,.288,0.1,0.6,.083,0.8,2.4,.340,.297,0.4,0.8,.438,0.8,1.5,2.3,0.6,0.4,0.1,0.7,1.4,2.1,2004
7001,211,Anthony Johnson,PG,29,IND,73,7,21.9,2.3,5.6,.406,0.6,1.7,.336,1.7,4.0,.436,.456,1.0,1.3,.798,0.4,1.4,1.8,2.8,0.9,0.1,1.0,1.9,6.2,2004
7002,212,Avery Johnson,PG,38,GSW,46,1,13.8,1.7,4.3,.402,0.0,0.1,.000,1.7,4.3,.408,.402,1.1,1.7,.667,0.1,0.7,0.7,2.4,0.6,0.1,1.1,0.7,4.6,2004
7003,213,DerMarr Johnson,SF,23,NYK,21,1,13.7,1.7,4.6,.371,0.6,1.7,.361,1.1,2.9,.377,.438,1.3,1.5,.903,0.2,1.6,1.9,0.5,0.4,0.3,0.8,1.5,5.4,2004
7004,214,Ervin Johnson,C,36,MIN,66,47,14.6,0.8,1.6,.534,0.0,0.0,.000,0.8,1.5,.539,.534,0.3,0.4,.607,0.9,2.6,3.5,0.4,0.4,0.7,0.5,2.4,1.9,2004
7005,215,Joe Johnson,SG,22,PHO,82,77,40.6,6.8,15.7,.430,1.0,3.3,.305,5.8,12.4,.463,.462,2.1,2.8,.750,1.0,3.7,4.7,4.4,1.1,0.3,2.4,2.2,16.7,2004
7006,216,Linton Johnson,SF,23,CHI,41,20,17.9,1.8,5.0,.355,0.2,0.8,.212,1.6,4.1,.382,.372,0.5,0.9,.595,1.4,3.0,4.5,0.7,0.9,0.8,0.9,2.2,4.2,2004
7007,217,Dahntay Jones,SG,23,MEM,20,0,7.7,0.8,2.7,.283,0.1,0.2,.250,0.7,2.5,.286,.292,0.3,0.6,.455,0.4,0.8,1.2,0.6,0.3,0.3,0.6,1.2,1.8,2004
7008,218,Damon Jones,PG,27,MIL,82,26,24.6,2.6,6.4,.401,1.2,3.3,.359,1.4,3.1,.446,.494,0.7,0.9,.764,0.2,1.9,2.1,5.8,0.4,0.0,1.3,1.1,7.0,2004
7009,219,Eddie Jones,SG,32,MIA,81,81,37.0,5.8,14.3,.409,2.2,5.9,.370,3.7,8.4,.437,.486,3.4,4.1,.835,0.5,3.3,3.8,3.2,1.1,0.4,1.6,2.8,17.3,2004
7010,220,Fred Jones,SG,24,IND,81,2,18.6,1.5,3.8,.395,0.3,1.1,.303,1.2,2.7,.432,.439,1.5,1.8,.832,0.3,1.2,1.6,2.1,0.8,0.2,0.9,1.6,4.9,2004
7011,Rk,Player,Pos,Age,Tm,G,GS,MP,FG,FGA,FG%,3P,3PA,3P%,2P,2PA,2P%,eFG%,FT,FTA,FT%,ORB,DRB,TRB,AST,STL,BLK,TOV,PF,PTS,2004
7012,221,James Jones,SF,23,IND,6,0,4.3,0.3,1.5,.222,0.2,0.7,.250,0.2,0.8,.200,.278,0.3,0.3,1.000,0.0,0.3,0.3,0.0,0.2,0.0,0.0,0.2,1.2,2004
7013,222,Jumaine Jones,SG,24,BOS,42,2,8.9,0.8,2.3,.344,0.3,1.0,.295,0.5,1.2,.385,.411,0.3,0.5,.609,0.6,1.0,1.6,0.3,0.3,0.2,0.5,1.1,2.2,2004
7014,223,Popeye Jones,PF,33,GSW,5,0,2.0,0.0,0.4,.000,0.0,0.0,,0.0,0.4,.000,.000,0.0,0.0,,0.2,0.0,0.2,0.0,0.0,0.0,0.0,0.4,0.0,2004
7015,224,Chris Kaman,C,21,LAC,82,61,22.5,2.4,5.3,.460,0.0,0.0,.000,2.4,5.3,.462,.460,1.2,1.7,.697,1.5,4.1,5.6,1.0,0.3,0.9,1.9,2.6,6.1,2004
7016,225,Jason Kapono,SF,22,CLE,41,3,10.4,1.3,3.1,.403,0.5,1.1,.477,0.8,2.1,.365,.484,0.5,0.6,.833,0.5,0.9,1.3,0.3,0.3,0.0,0.5,1.0,3.5,2004
7017,226,Jason Kidd*,PG,30,NJN,67,66,36.6,5.5,14.3,.384,1.4,4.4,.321,4.1,9.9,.411,.433,3.1,3.7,.827,1.3,5.1,6.4,9.2,1.8,0.2,3.2,1.6,15.5,2004
7018,227,Andrei Kirilenko,PF,22,UTA,78,78,37.1,5.3,11.9,.443,0.9,2.6,.338,4.4,9.4,.471,.479,5.0,6.4,.790,2.9,5.2,8.1,3.1,1.9,2.8,2.8,2.2,16.5,2004
7019,228,Kerry Kittles,SG,29,NJN,82,82,34.7,5.3,11.7,.453,1.2,3.4,.351,4.1,8.3,.493,.503,1.3,1.7,.787,0.7,3.3,4.0,2.5,1.5,0.5,1.2,1.8,13.1,2004
7020,229,Brevin Knight,PG,28,TOT,56,13,18.5,1.9,4.4,.427,0.0,0.1,.250,1.8,4.3,.433,.431,0.9,1.2,.754,0.3,1.8,2.0,3.6,1.5,0.0,1.3,1.9,4.7,2004
7021,229,Brevin Knight,PG,28,PHO,3,0,6.3,0.3,1.0,.333,0.0,0.0,,0.3,1.0,.333,.333,0.0,0.0,,0.0,1.0,1.0,1.3,1.0,0.3,1.0,0.3,0.7,2004
7022,229,Brevin Knight,PG,28,WAS,32,12,18.7,1.8,4.3,.420,0.0,0.2,.200,1.8,4.2,.429,.424,0.6,0.8,.704,0.3,1.6,1.9,3.2,1.6,0.0,1.4,1.6,4.3,2004
7023,229,Brevin Knight,PG,28,MIL,21,1,20.0,2.2,5.0,.438,0.0,0.1,.333,2.1,4.9,.441,.443,1.4,1.8,.789,0.1,2.1,2.3,4.7,1.4,0.0,1.2,2.7,5.9,2004
7024,230,Kyle Korver,SF,22,PHI,74,0,11.9,1.6,4.4,.352,1.1,2.8,.391,0.5,1.6,.283,.476,0.3,0.3,.792,0.4,1.1,1.5,0.5,0.3,0.1,0.6,1.4,4.5,2004
7025,231,Toni Kukoč*,PF,35,MIL,73,0,20.8,2.9,6.9,.417,0.7,2.3,.292,2.2,4.6,.479,.465,2.0,2.7,.729,0.8,2.9,3.7,2.7,0.8,0.3,1.5,1.5,8.4,2004
7026,232,Christian Laettner,PF,34,WAS,48,18,20.5,2.5,5.3,.465,0.1,0.4,.286,2.4,4.9,.481,.477,0.8,1.0,.800,1.0,3.8,4.8,1.9,0.8,0.6,0.9,2.1,5.9,2004
7027,233,Raef LaFrentz,C,27,BOS,17,1,19.3,3.4,7.3,.460,0.5,2.4,.200,2.9,4.9,.583,.492,0.6,0.8,.769,1.8,2.9,4.6,1.4,0.5,0.8,0.6,2.8,7.8,2004
7028,234,Maciej Lampe,C,18,PHO,21,0,10.7,2.0,4.2,.489,0.0,0.2,.000,2.0,4.0,.512,.489,0.5,0.6,.769,0.4,1.7,2.1,0.4,0.1,0.1,0.7,1.3,4.6,2004
7029,235,Sean Lampley,SF,24,GSW,10,0,6.3,1.3,2.0,.650,0.0,0.0,,1.3,2.0,.650,.650,0.8,1.2,.667,0.2,0.9,1.1,0.2,0.0,0.1,0.3,0.2,3.4,2004
7030,236,Dan Langhi,SF,26,TOT,6,0,6.2,0.8,2.3,.357,0.2,0.3,.500,0.7,2.0,.333,.393,0.3,0.3,1.000,0.0,0.7,0.7,0.0,0.0,0.0,0.3,1.2,2.2,2004
7031,236,Dan Langhi,SF,26,GSW,4,0,4.3,0.5,1.5,.333,0.0,0.0,,0.5,1.5,.333,.333,0.5,0.5,1.000,0.0,0.8,0.8,0.0,0.0,0.0,0.5,1.3,1.5,2004
7032,236,Dan Langhi,SF,26,MIL,2,0,10.0,1.5,4.0,.375,0.5,1.0,.500,1.0,3.0,.333,.438,0.0,0.0,,0.0,0.5,0.5,0.0,0.0,0.0,0.0,1.0,3.5,2004
7033,237,Rusty LaRue,PG,30,GSW,4,0,5.5,0.3,0.8,.333,0.3,0.3,1.000,0.0,0.5,.000,.500,0.3,0.5,.500,0.0,0.8,0.8,0.5,0.5,0.0,1.0,0.5,1.0,2004
7034,238,Voshon Lenard,SG,30,DEN,73,70,30.6,5.4,12.8,.422,1.5,4.0,.367,3.9,8.8,.447,.479,2.0,2.5,.791,0.6,2.1,2.7,2.1,0.8,0.2,1.4,2.4,14.2,2004
7035,239,Quincy Lewis,SF,26,MIN,14,0,4.6,0.5,1.4,.350,0.1,0.4,.400,0.4,1.1,.333,.400,0.0,0.0,,0.1,0.4,0.5,0.1,0.1,0.1,0.2,0.7,1.1,2004
7036,240,Rashard Lewis,SF,24,SEA,80,80,36.6,6.7,15.4,.435,1.8,4.8,.376,4.9,10.5,.463,.494,2.6,3.4,.763,1.7,4.8,6.5,2.2,1.2,0.7,1.7,2.9,17.8,2004
7037,Rk,Player,Pos,Age,Tm,G,GS,MP,FG,FGA,FG%,3P,3PA,3P%,2P,2PA,2P%,eFG%,FT,FTA,FT%,ORB,DRB,TRB,AST,STL,BLK,TOV,PF,PTS,2004
7038,241,Randy Livingston,PG,28,LAC,4,0,12.0,0.5,2.5,.200,0.0,0.8,.000,0.5,1.8,.286,.200,1.0,1.5,.667,0.5,1.3,1.8,1.0,0.5,0.0,1.0,1.8,2.0,2004
7039,242,Raül López,PG,23,UTA,82,11,19.7,2.7,6.3,.431,0.3,1.0,.294,2.4,5.3,.458,.456,1.2,1.4,.863,0.3,1.6,1.9,3.7,0.8,0.0,2.1,2.4,7.0,2004
7040,243,Tyronn Lue,PG,26,ORL,76,69,30.7,4.1,9.4,.433,1.1,2.8,.383,3.0,6.6,.453,.489,1.3,1.7,.771,0.3,2.1,2.5,4.2,0.8,0.1,1.6,2.4,10.5,2004
7041,244,George Lynch,SF,33,NOH,78,51,21.8,1.9,4.8,.397,0.6,1.8,.309,1.4,3.0,.449,.455,0.4,0.7,.667,1.2,2.8,4.0,1.5,0.6,0.2,0.8,2.0,4.8,2004
7042,245,Mark Madsen,C,28,MIN,72,12,17.3,1.4,2.8,.495,0.0,0.1,.000,1.4,2.8,.510,.495,0.8,1.6,.483,1.9,1.9,3.8,0.4,0.5,0.3,0.7,2.4,3.6,2004
7043,246,Corey Maggette,SF,24,LAC,73,72,36.0,6.2,13.9,.447,1.0,3.2,.329,5.2,10.7,.482,.485,7.2,8.5,.848,1.3,4.6,5.9,3.1,0.9,0.2,2.8,3.0,20.7,2004
7044,247,Jamaal Magloire,C,25,NOH,82,82,33.9,4.7,9.9,.473,0.0,0.0,.000,4.7,9.9,.474,.473,4.3,5.7,.751,3.3,7.1,10.3,1.0,0.5,1.2,2.5,3.4,13.6,2004
7045,248,Karl Malone*,PF,40,LAL,42,42,32.7,4.6,9.5,.483,0.0,0.0,.000,4.6,9.5,.484,.483,4.0,5.4,.747,1.5,7.3,8.7,3.9,1.2,0.5,2.5,2.8,13.2,2004
7046,249,Stephon Marbury,PG,26,TOT,81,81,40.2,7.4,17.1,.431,1.1,3.4,.318,6.3,13.7,.460,.463,4.4,5.4,.817,0.7,2.5,3.2,8.9,1.6,0.1,3.1,2.1,20.2,2004
7047,249,Stephon Marbury,PG,26,PHO,34,34,41.6,7.7,17.8,.432,1.1,3.5,.314,6.6,14.4,.461,.463,4.3,5.4,.795,0.6,2.9,3.4,8.3,1.9,0.1,2.9,2.2,20.8,2004
7048,249,Stephon Marbury,PG,26,NYK,47,47,39.1,7.1,16.6,.431,1.1,3.3,.321,6.1,13.3,.458,.463,4.4,5.3,.833,0.8,2.3,3.1,9.3,1.4,0.1,3.2,2.1,19.8,2004
7049,250,Shawn Marion,SF,25,PHO,79,79,40.7,7.5,17.0,.440,1.1,3.4,.340,6.3,13.6,.465,.474,2.9,3.4,.851,2.7,6.6,9.3,2.7,2.1,1.3,2.0,2.6,19.0,2004
7050,251,Donyell Marshall,PF,30,TOT,82,74,36.4,5.7,12.4,.461,1.6,4.0,.403,4.1,8.5,.488,.525,1.6,2.2,.736,2.6,7.3,9.9,1.5,1.1,1.5,1.4,3.0,14.7,2004
7051,251,Donyell Marshall,PF,30,CHI,16,8,25.5,3.6,8.5,.419,0.7,1.7,.407,2.9,6.8,.422,.460,0.9,1.3,.700,1.8,4.4,6.2,1.8,0.8,1.3,1.4,2.9,8.7,2004
7052,251,Donyell Marshall,PF,30,TOR,66,66,39.1,6.3,13.4,.467,1.8,4.5,.403,4.4,8.9,.500,.535,1.8,2.5,.741,2.8,8.0,10.7,1.4,1.2,1.6,1.4,3.0,16.2,2004
7053,252,Darrick Martin,PG,32,MIN,16,0,10.8,1.3,4.2,.299,0.4,1.6,.231,0.9,2.6,.341,.343,0.6,0.6,1.000,0.1,0.3,0.4,1.4,0.1,0.1,0.4,1.4,3.4,2004
7054,253,Kenyon Martin,PF,26,NJN,65,62,34.6,6.8,13.8,.488,0.1,0.4,.280,6.6,13.5,.494,.492,3.1,4.5,.684,2.0,7.4,9.5,2.5,1.5,1.3,2.6,3.5,16.7,2004
7055,254,Jamal Mashburn,SF,31,NOH,19,18,38.4,8.2,20.9,.392,1.0,3.5,.284,7.2,17.4,.414,.416,3.4,4.2,.813,1.0,5.2,6.2,2.5,0.7,0.3,1.9,2.2,20.8,2004
7056,255,Desmond Mason,SF,26,MIL,82,31,30.9,5.0,10.6,.472,0.1,0.5,.231,4.9,10.1,.483,.477,4.3,5.6,.769,1.1,3.2,4.4,1.9,0.7,0.3,1.8,2.3,14.4,2004
7057,256,Roger Mason,SG,23,TOT,26,3,12.6,1.2,3.8,.327,0.5,1.5,.333,0.7,2.3,.322,.393,0.7,0.8,.864,0.0,1.2,1.2,1.0,0.4,0.2,0.8,1.4,3.7,2004
7058,256,Roger Mason,SG,23,CHI,3,0,14.3,0.3,3.7,.091,0.3,2.0,.167,0.0,1.7,.000,.136,0.0,0.0,,0.0,1.0,1.0,1.0,0.3,0.0,0.7,1.7,1.0,2004
7059,256,Roger Mason,SG,23,TOR,23,3,12.4,1.3,3.8,.356,0.5,1.4,.364,0.8,2.3,.352,.425,0.8,1.0,.864,0.0,1.2,1.2,1.0,0.4,0.3,0.8,1.3,4.0,2004
7060,257,Tony Massenburg,PF,36,SAC,59,0,13.4,1.8,3.7,.475,0.0,0.0,.000,1.8,3.7,.477,.475,0.7,1.1,.683,1.0,2.2,3.2,0.5,0.2,0.3,0.8,2.4,4.3,2004
7061,258,Walter McCarty,PF,29,BOS,77,23,24.7,2.6,6.8,.388,1.8,4.8,.374,0.9,2.0,.420,.519,0.8,1.1,.756,0.4,2.7,3.1,1.6,0.9,0.3,1.2,2.3,7.9,2004
7062,259,Amal McCaskill,C,30,PHI,59,3,10.8,0.8,2.0,.402,0.0,0.0,.000,0.8,2.0,.405,.402,0.3,0.5,.704,0.8,1.4,2.3,0.3,0.2,0.3,0.4,1.5,1.9,2004
7063,260,Jelani McCoy,C,26,CLE,2,0,6.0,0.0,0.0,,0.0,0.0,,0.0,0.0,,,0.0,0.0,,0.5,1.5,2.0,0.0,0.0,0.0,0.5,2.0,0.0,2004
7064,Rk,Player,Pos,Age,Tm,G,GS,MP,FG,FGA,FG%,3P,3PA,3P%,2P,2PA,2P%,eFG%,FT,FTA,FT%,ORB,DRB,TRB,AST,STL,BLK,TOV,PF,PTS,2004
7065,261,Antonio McDyess,PF,29,TOT,42,20,22.1,3.0,6.4,.470,0.0,0.0,,3.0,6.4,.470,.470,0.9,1.6,.551,1.7,4.5,6.1,0.9,0.9,0.6,1.4,2.8,6.9,2004
7066,261,Antonio McDyess,PF,29,NYK,18,6,23.4,3.6,7.9,.458,0.0,0.0,,3.6,7.9,.458,.458,1.2,2.1,.579,1.7,4.9,6.6,1.1,0.7,0.6,1.5,2.6,8.4,2004
7067,261,Antonio McDyess,PF,29,PHO,24,14,21.1,2.5,5.3,.484,0.0,0.0,,2.5,5.3,.484,.484,0.7,1.3,.516,1.6,4.1,5.8,0.7,1.0,0.5,1.3,3.0,5.8,2004
7068,262,Tracy McGrady*,SG,24,ORL,67,67,39.9,9.7,23.4,.417,2.6,7.7,.339,7.1,15.7,.455,.473,5.9,7.5,.796,1.4,4.6,6.0,5.5,1.4,0.6,2.7,1.9,28.0,2004
7069,263,Jeff McInnis,SG-PG,29,TOT,70,57,33.8,4.8,10.7,.447,0.7,1.8,.362,4.1,8.9,.465,.478,1.6,2.0,.797,0.5,2.0,2.5,6.1,1.0,0.1,1.7,2.3,11.8,2004
7070,263,Jeff McInnis,SG,29,POR,39,26,32.5,5.0,10.7,.471,0.4,1.2,.319,4.6,9.5,.491,.489,1.5,1.9,.763,0.4,2.0,2.4,5.0,0.9,0.1,1.6,2.4,11.9,2004
7071,263,Jeff McInnis,PG,29,CLE,31,31,35.4,4.5,10.7,.417,1.0,2.6,.388,3.5,8.1,.426,.464,1.8,2.2,.836,0.5,2.1,2.6,7.5,1.2,0.1,1.9,2.2,11.7,2004
7072,264,Aaron McKie,SF,31,PHI,75,41,28.2,3.5,7.7,.459,1.0,2.3,.436,2.5,5.4,.469,.524,1.1,1.5,.757,0.6,2.8,3.4,2.6,1.1,0.3,1.4,1.9,9.2,2004
7073,265,Keith McLeod,PG,24,MIN,33,0,11.8,0.8,2.5,.329,0.0,0.3,.100,0.8,2.2,.361,.335,1.0,1.3,.767,0.2,0.9,1.0,1.8,0.5,0.0,0.9,1.2,2.7,2004
7074,266,Stanislav Medvedenko,PF,24,LAL,68,38,21.2,3.5,7.9,.441,0.0,0.0,.000,3.5,7.9,.444,.441,1.3,1.7,.767,2.2,2.9,5.0,0.8,0.6,0.3,0.9,2.8,8.3,2004
7075,267,Ron Mercer,SG,27,SAS,39,0,13.2,2.3,5.4,.427,0.1,0.2,.286,2.3,5.2,.431,.431,0.3,0.4,.765,0.3,1.0,1.3,0.6,0.4,0.1,0.7,0.9,5.0,2004
7076,268,Chris Mihm,C-PF,24,TOT,76,17,17.5,2.4,5.0,.488,0.0,0.0,,2.4,5.0,.488,.488,1.4,2.2,.663,2.1,3.4,5.4,0.3,0.5,0.8,1.2,2.7,6.3,2004
7077,268,Chris Mihm,PF,24,CLE,22,1,17.8,2.7,5.8,.465,0.0,0.0,,2.7,5.8,.465,.465,1.5,2.2,.708,2.1,4.2,6.4,0.5,0.4,1.0,1.1,2.6,6.9,2004
7078,268,Chris Mihm,C,24,BOS,54,16,17.4,2.4,4.7,.500,0.0,0.0,,2.4,4.7,.500,.500,1.4,2.2,.644,2.0,3.0,5.1,0.2,0.5,0.8,1.2,2.8,6.1,2004
7079,269,Darius Miles,SF,22,TOT,79,56,26.3,4.6,9.5,.485,0.1,0.5,.175,4.5,9.0,.502,.489,1.6,2.4,.642,1.4,3.1,4.5,2.1,0.8,0.8,1.6,2.1,10.9,2004
7080,269,Darius Miles,SF,22,CLE,37,16,24.0,3.9,8.9,.432,0.1,0.8,.167,3.7,8.1,.458,.440,1.1,1.9,.542,1.3,3.2,4.5,2.2,0.7,0.7,1.5,2.3,8.9,2004
7081,269,Darius Miles,SF,22,POR,42,40,28.4,5.3,10.0,.526,0.0,0.2,.200,5.2,9.8,.534,.528,2.0,2.9,.702,1.5,3.0,4.6,2.0,1.0,0.8,1.8,2.0,12.6,2004
7082,270,Darko Miličić,C,18,DET,34,0,4.7,0.5,1.9,.262,0.0,0.0,.000,0.5,1.9,.266,.262,0.4,0.7,.583,0.3,0.9,1.3,0.2,0.2,0.4,0.4,1.0,1.4,2004
7083,271,Andre Miller,PG,27,DEN,82,82,34.6,5.2,11.5,.457,0.1,0.8,.185,5.1,10.7,.477,.463,4.2,5.0,.832,1.5,2.9,4.5,6.1,1.7,0.3,2.6,2.4,14.8,2004
7084,272,Brad Miller,PF,27,SAC,72,53,36.4,5.2,10.2,.510,0.2,0.5,.316,5.0,9.6,.521,.518,3.6,4.6,.778,2.7,7.7,10.3,4.3,0.9,1.2,2.0,3.4,14.1,2004
7085,273,Mike Miller,SF,23,MEM,65,65,27.2,4.2,9.5,.438,1.2,3.3,.372,2.9,6.2,.474,.503,1.6,2.2,.723,0.6,2.7,3.3,3.6,0.9,0.2,1.6,2.5,11.1,2004
7086,274,Oliver Miller,C,33,MIN,48,1,10.5,1.1,2.1,.530,0.0,0.0,.000,1.1,2.1,.535,.530,0.3,0.5,.652,1.0,1.8,2.7,0.8,0.4,0.5,0.7,1.9,2.5,2004
7087,275,Reggie Miller*,SG,38,IND,80,80,28.2,3.3,7.4,.438,1.7,4.2,.401,1.6,3.3,.485,.551,1.8,2.1,.885,0.2,2.1,2.4,3.1,0.8,0.1,0.9,1.2,10.0,2004
7088,276,Yao Ming*,C,23,HOU,82,82,32.8,6.5,12.5,.522,0.0,0.0,.000,6.5,12.5,.523,.522,4.4,5.4,.809,2.4,6.6,9.0,1.5,0.3,1.9,2.5,3.3,17.5,2004
7089,277,Cuttino Mobley,SG,28,HOU,80,80,40.4,5.8,13.5,.426,2.1,5.3,.390,3.7,8.3,.448,.501,2.2,2.7,.811,0.5,4.0,4.5,3.2,1.3,0.4,2.3,2.2,15.8,2004
7090,278,Nazr Mohammed,C,26,TOT,80,24,20.1,3.1,5.9,.521,0.0,0.0,,3.1,5.9,.521,.521,1.3,2.1,.592,2.2,3.7,5.9,0.5,0.7,0.7,1.2,2.4,7.4,2004
7091,278,Nazr Mohammed,C,26,ATL,53,1,17.7,2.6,5.3,.493,0.0,0.0,,2.6,5.3,.493,.493,1.3,2.1,.627,1.9,3.1,5.0,0.4,0.4,0.5,1.0,2.1,6.5,2004
7092,278,Nazr Mohammed,C,26,NYK,27,23,24.9,4.0,7.1,.563,0.0,0.0,,4.0,7.1,.563,.563,1.1,2.2,.525,2.9,4.8,7.7,0.6,1.2,0.9,1.5,3.0,9.1,2004
7093,279,Jérôme Moïso,PF,25,TOR,35,1,11.9,1.1,2.4,.476,0.0,0.0,.000,1.1,2.4,.482,.476,0.6,1.1,.579,1.2,2.1,3.2,0.2,0.5,0.3,0.7,1.2,2.9,2004
7094,280,Mikki Moore,PF-C,28,TOT,32,0,12.3,1.6,3.1,.505,0.0,0.0,,1.6,3.1,.505,.505,0.9,1.1,.857,0.9,1.7,2.6,0.6,0.2,0.4,0.7,2.0,4.1,2004
7095,280,Mikki Moore,C,28,NJN,4,0,2.5,0.3,1.3,.200,0.0,0.0,,0.3,1.3,.200,.200,0.0,0.0,,0.3,0.3,0.5,0.0,0.0,0.0,0.0,0.3,0.5,2004
7096,280,Mikki Moore,PF,28,UTA,28,0,13.8,1.8,3.4,.521,0.0,0.0,,1.8,3.4,.521,.521,1.1,1.3,.857,1.0,1.9,2.9,0.7,0.3,0.5,0.8,2.3,4.6,2004
7097,Rk,Player,Pos,Age,Tm,G,GS,MP,FG,FGA,FG%,3P,3PA,3P%,2P,2PA,2P%,eFG%,FT,FTA,FT%,ORB,DRB,TRB,AST,STL,BLK,TOV,PF,PTS,2004
7098,281,Alonzo Mourning*,C,33,NJN,12,0,17.9,2.8,5.9,.465,0.0,0.0,,2.8,5.9,.465,.465,2.5,2.8,.882,0.7,1.6,2.3,0.7,0.2,0.5,0.8,2.7,8.0,2004
7099,282,Troy Murphy,PF,23,GSW,28,0,21.8,3.8,8.7,.440,0.2,0.6,.294,3.6,8.1,.451,.451,2.1,2.9,.750,1.7,4.5,6.2,0.7,0.4,0.6,1.2,2.1,10.0,2004
7100,283,Lamond Murray,SF,30,TOR,33,4,15.7,2.3,6.5,.353,0.6,1.8,.350,1.7,4.7,.355,.402,0.7,1.1,.686,0.4,2.3,2.7,0.8,0.5,0.2,1.2,1.4,6.0,2004
7101,284,Ronald Murray,PG,24,SEA,82,18,24.6,4.7,11.2,.425,0.8,2.8,.293,3.9,8.4,.469,.462,2.0,2.9,.715,0.5,1.9,2.5,2.5,1.0,0.3,1.8,1.9,12.4,2004
7102,285,Tracy Murray,SF,32,POR,7,0,5.0,0.4,1.7,.250,0.3,0.7,.400,0.1,1.0,.143,.333,0.0,0.1,.000,0.4,0.3,0.7,0.1,0.1,0.0,0.3,0.4,1.1,2004
7103,286,Dikembe Mutombo*,C,37,NYK,65,56,23.0,2.2,4.5,.478,0.0,0.0,,2.2,4.5,.478,.478,1.2,1.8,.681,2.2,4.5,6.7,0.4,0.3,1.9,0.8,2.2,5.6,2004
7104,287,Mamadou N'Diaye,C,28,TOT,28,1,13.1,1.0,2.5,.391,0.0,0.0,,1.0,2.5,.391,.391,1.6,2.1,.746,1.5,2.5,4.0,0.0,0.3,0.9,0.6,2.1,3.5,2004
7105,287,Mamadou N'Diaye,C,28,DAL,3,0,2.3,0.0,0.3,.000,0.0,0.0,,0.0,0.3,.000,.000,0.0,0.0,,0.0,0.3,0.3,0.0,0.0,0.3,0.3,0.3,0.0,2004
7106,287,Mamadou N'Diaye,C,28,ATL,25,1,14.4,1.1,2.7,.397,0.0,0.0,,1.1,2.7,.397,.397,1.8,2.4,.746,1.7,2.7,4.4,0.0,0.3,1.0,0.7,2.3,3.9,2004
7107,288,Boštjan Nachbar,SF,23,HOU,45,3,11.5,1.0,2.9,.356,0.5,1.4,.365,0.5,1.5,.348,.443,0.5,0.6,.724,0.2,1.4,1.6,0.7,0.3,0.3,0.5,1.6,3.1,2004
7108,289,Lee Nailon,PF-SF,28,TOT,57,4,13.7,2.6,5.7,.450,0.0,0.1,.000,2.6,5.7,.454,.450,0.8,1.0,.810,1.1,1.4,2.5,0.7,0.3,0.1,0.8,1.6,6.0,2004
7109,289,Lee Nailon,PF,28,ATL,27,0,11.1,2.3,5.1,.457,0.0,0.0,,2.3,5.1,.457,.457,0.6,0.7,.842,1.0,1.4,2.3,0.6,0.4,0.3,0.9,1.8,5.3,2004
7110,289,Lee Nailon,SF,28,ORL,8,0,10.4,1.4,3.4,.407,0.0,0.0,,1.4,3.4,.407,.407,0.9,1.1,.778,1.0,0.8,1.8,0.5,0.1,0.0,0.0,1.1,3.6,2004
7111,289,Lee Nailon,SF,28,CLE,22,4,18.0,3.3,7.4,.451,0.0,0.1,.000,3.3,7.2,.459,.451,1.1,1.4,.800,1.4,1.6,3.0,0.8,0.2,0.0,1.0,1.6,7.7,2004
7112,290,Eduardo Nájera,SF,27,DAL,58,7,12.4,1.2,2.8,.444,0.0,0.1,.500,1.2,2.7,.443,.451,0.5,0.8,.652,1.2,1.5,2.7,0.4,0.6,0.3,0.5,1.6,3.0,2004
7113,291,Steve Nash*,PG,29,DAL,78,78,33.5,5.1,10.8,.470,1.3,3.3,.405,3.8,7.5,.498,.531,2.9,3.2,.916,0.8,2.2,3.0,8.8,0.9,0.1,2.7,1.8,14.5,2004
7114,292,Rasho Nesterović,C,27,SAS,82,82,28.7,4.0,8.5,.469,0.0,0.0,,4.0,8.5,.469,.469,0.7,1.4,.474,3.1,4.6,7.7,1.4,0.6,2.0,1.3,3.0,8.7,2004
7115,293,Ira Newble,SF,29,CLE,64,25,19.5,1.7,4.3,.391,0.0,0.3,.105,1.7,4.0,.412,.395,0.6,0.7,.783,1.0,1.4,2.4,1.1,0.4,0.3,0.8,1.7,4.0,2004
7116,294,Moochie Norris,PG,30,TOT,66,0,12.8,1.2,3.3,.369,0.3,0.9,.345,0.9,2.4,.377,.415,0.8,1.1,.761,0.2,0.8,1.0,1.8,0.7,0.1,1.0,0.8,3.5,2004
7117,294,Moochie Norris,PG,30,HOU,30,0,13.4,0.9,2.9,.310,0.3,0.8,.348,0.6,2.1,.297,.356,0.6,0.8,.750,0.1,0.9,1.0,1.6,0.5,0.1,1.0,0.5,2.7,2004
7118,294,Moochie Norris,PG,30,NYK,36,0,12.4,1.5,3.6,.408,0.3,1.0,.343,1.1,2.6,.432,.454,1.0,1.3,.766,0.2,0.8,1.0,2.0,0.8,0.1,0.9,1.0,4.3,2004
7119,295,Dirk Nowitzki,C,25,DAL,77,77,37.9,7.9,17.0,.462,1.3,3.8,.341,6.6,13.2,.496,.500,4.8,5.5,.877,1.2,7.5,8.7,2.7,1.2,1.4,1.8,2.8,21.8,2004
7120,296,Jermaine O'Neal,PF,25,IND,78,78,35.7,7.8,17.9,.434,0.0,0.2,.111,7.8,17.7,.438,.435,4.5,5.9,.757,2.5,7.5,10.0,2.1,0.8,2.6,2.3,3.2,20.1,2004
7121,297,Shaquille O'Neal*,C,31,LAL,67,67,36.8,8.3,14.1,.584,0.0,0.0,,8.3,14.1,.584,.584,4.9,10.1,.490,3.7,7.8,11.5,2.9,0.5,2.5,2.9,3.4,21.5,2004
7122,298,Charles Oakley,PF,40,HOU,7,0,3.6,0.3,0.9,.333,0.0,0.0,,0.3,0.9,.333,.333,0.7,0.9,.833,0.0,0.7,0.7,0.3,0.0,0.0,0.1,1.1,1.3,2004
7123,299,Lamar Odom,PF,24,MIA,80,80,37.5,6.1,14.1,.430,0.8,2.6,.298,5.3,11.5,.460,.457,4.3,5.7,.742,2.0,7.7,9.7,4.1,1.1,0.9,3.0,3.4,17.1,2004
7124,300,Mehmet Okur,PF,24,DET,71,33,22.3,3.5,7.6,.463,0.3,0.7,.375,3.3,7.0,.472,.480,2.3,2.9,.775,2.3,3.7,5.9,1.0,0.5,0.9,1.4,1.9,9.6,2004
7125,Rk,Player,Pos,Age,Tm,G,GS,MP,FG,FGA,FG%,3P,3PA,3P%,2P,2PA,2P%,eFG%,FT,FTA,FT%,ORB,DRB,TRB,AST,STL,BLK,TOV,PF,PTS,2004
7126,301,Kevin Ollie,PG,31,CLE,82,7,17.1,1.2,3.1,.370,0.0,0.1,.444,1.1,3.0,.367,.377,1.8,2.1,.835,0.3,1.8,2.1,2.9,0.6,0.1,1.0,1.5,4.2,2004
7127,302,Michael Olowokandi,C,28,MIN,43,25,21.5,2.8,6.6,.425,0.0,0.0,,2.8,6.6,.425,.425,0.8,1.4,.590,1.8,3.9,5.7,0.6,0.4,1.6,1.3,3.2,6.5,2004
7128,303,Greg Ostertag,C,30,UTA,78,51,27.6,2.7,5.6,.476,0.0,0.0,.000,2.7,5.6,.477,.476,1.4,2.5,.579,2.8,4.6,7.4,1.6,0.4,1.8,1.3,2.9,6.8,2004
7129,304,Bo Outlaw,PF,32,MEM,82,1,19.6,1.9,3.8,.510,0.0,0.0,.000,1.9,3.8,.516,.510,0.7,1.4,.526,1.5,2.6,4.2,1.1,0.9,0.9,0.8,2.1,4.6,2004
7130,305,Travis Outlaw,PF,19,POR,8,0,2.4,0.4,0.9,.429,0.0,0.0,,0.4,0.9,.429,.429,0.3,0.5,.500,0.3,0.3,0.5,0.1,0.1,0.0,0.1,0.1,1.0,2004
7131,306,Doug Overton,PG,34,TOT,61,11,16.9,1.6,4.0,.404,0.0,0.4,.130,1.6,3.6,.432,.410,0.4,0.5,.742,0.3,1.1,1.4,2.3,0.4,0.0,1.0,1.5,3.7,2004
7132,306,Doug Overton,PG,34,NJN,6,0,3.7,0.5,1.3,.375,0.0,0.0,,0.5,1.3,.375,.375,0.3,0.3,1.000,0.0,0.2,0.2,0.7,0.2,0.0,0.3,0.7,1.3,2004
7133,306,Doug Overton,PG,34,LAC,55,11,18.4,1.7,4.3,.405,0.1,0.4,.130,1.7,3.9,.435,.411,0.4,0.5,.724,0.3,1.3,1.5,2.4,0.5,0.0,1.0,1.5,3.9,2004
7134,307,Zaza Pachulia,C,19,ORL,59,2,11.3,1.2,3.0,.389,0.0,0.0,,1.2,3.0,.389,.389,1.0,1.5,.644,1.2,1.8,2.9,0.2,0.4,0.2,0.6,1.5,3.3,2004
7135,308,Robert Pack,PG,34,NJN,26,0,8.5,0.8,2.0,.423,0.0,0.0,,0.8,2.0,.423,.423,0.2,0.2,.833,0.2,0.5,0.7,1.0,0.5,0.0,0.6,0.8,1.9,2004
7136,309,Scott Padgett,PF,27,HOU,58,5,9.4,1.3,2.9,.443,0.5,1.1,.431,0.8,1.8,.451,.527,0.4,0.6,.750,0.8,1.6,2.4,0.4,0.2,0.2,0.4,1.3,3.4,2004
7137,310,Milt Palacio,PG,25,TOR,59,13,20.5,1.8,5.1,.349,0.1,0.4,.154,1.7,4.6,.368,.356,0.8,1.2,.662,0.3,1.5,1.7,3.1,0.7,0.2,1.5,1.5,4.4,2004
7138,311,Jannero Pargo,PG,24,TOT,31,1,15.5,2.6,6.4,.407,0.7,2.0,.355,1.9,4.4,.431,.462,0.7,0.9,.852,0.3,0.9,1.2,2.3,0.4,0.2,1.5,1.6,6.7,2004
7139,311,Jannero Pargo,PG,24,LAL,13,0,4.8,0.5,1.2,.375,0.2,0.3,.500,0.3,0.9,.333,.438,0.0,0.0,,0.0,0.5,0.5,0.8,0.2,0.0,0.9,0.4,1.1,2004
7140,311,Jannero Pargo,PG,24,TOR,5,0,14.2,1.8,5.8,.310,0.0,1.0,.000,1.8,4.8,.375,.310,0.0,0.0,,0.0,0.8,0.8,2.4,0.8,0.2,1.0,1.4,3.6,2004
7141,311,Jannero Pargo,PG,24,CHI,13,1,26.5,5.1,11.8,.429,1.5,4.1,.377,3.5,7.8,.455,.494,1.8,2.1,.852,0.6,1.5,2.1,3.6,0.5,0.4,2.3,2.9,13.5,2004
7142,312,Tony Parker,PG,21,SAS,75,75,34.4,5.6,12.6,.447,0.8,2.7,.312,4.8,10.0,.483,.480,2.5,3.6,.702,0.6,2.6,3.2,5.5,0.8,0.1,2.4,2.0,14.7,2004
7143,313,Cherokee Parks,C,31,GSW,12,0,5.3,0.3,0.8,.400,0.0,0.0,,0.3,0.8,.400,.400,0.3,0.5,.667,0.3,0.5,0.8,0.1,0.0,0.3,0.2,0.6,1.0,2004
7144,314,Ruben Patterson,SF,28,POR,73,1,22.6,2.7,5.4,.506,0.0,0.2,.167,2.7,5.2,.517,.509,1.4,2.6,.553,1.8,1.9,3.7,1.9,1.2,0.3,1.4,2.1,6.9,2004
7145,315,Sasha Pavlović,SF,20,UTA,79,14,14.5,1.9,4.8,.396,0.2,0.9,.271,1.6,3.9,.425,.422,0.8,1.1,.774,0.6,1.5,2.0,0.8,0.5,0.2,0.8,2.4,4.8,2004
7146,316,Gary Payton*,PG,35,LAL,82,82,34.5,5.9,12.5,.471,0.7,2.0,.333,5.2,10.5,.497,.498,2.2,3.1,.714,0.9,3.3,4.2,5.5,1.2,0.2,1.8,2.1,14.6,2004
7147,317,Anthony Peeler,SG,34,SAC,75,0,18.5,2.1,4.6,.448,0.9,1.9,.482,1.2,2.8,.425,.546,0.7,0.8,.836,0.4,1.6,2.0,1.6,0.7,0.1,1.0,1.4,5.7,2004
7148,318,Desmond Penigar,PF,22,ORL,10,0,8.9,1.4,2.8,.500,0.0,0.0,,1.4,2.8,.500,.500,0.4,0.4,1.000,0.6,1.8,2.4,0.3,0.2,0.2,0.6,1.4,3.2,2004
7149,319,Kirk Penney,SG,23,MIA,2,0,9.0,0.5,3.0,.167,0.5,1.5,.333,0.0,1.5,.000,.250,0.0,0.0,,0.0,0.5,0.5,0.5,0.5,0.0,1.5,0.5,1.5,2004
7150,320,Kendrick Perkins,C,19,BOS,10,0,3.5,0.8,1.5,.533,0.0,0.0,,0.8,1.5,.533,.533,0.6,0.9,.667,0.5,0.9,1.4,0.3,0.0,0.2,0.5,0.6,2.2,2004
7151,Rk,Player,Pos,Age,Tm,G,GS,MP,FG,FGA,FG%,3P,3PA,3P%,2P,2PA,2P%,eFG%,FT,FTA,FT%,ORB,DRB,TRB,AST,STL,BLK,TOV,PF,PTS,2004
7152,321,Wesley Person,SG,32,TOT,58,0,17.9,2.2,5.4,.401,0.9,2.4,.399,1.2,3.0,.403,.489,0.5,0.7,.795,0.3,1.7,2.0,1.1,0.3,0.2,0.7,0.7,5.8,2004
7153,321,Wesley Person,SG,32,MEM,16,0,17.8,2.1,6.7,.308,0.7,2.7,.256,1.4,4.0,.344,.360,0.4,0.5,.750,0.1,1.0,1.1,1.4,0.3,0.1,1.0,0.7,5.2,2004
7154,321,Wesley Person,SG,32,POR,33,0,18.8,2.4,5.1,.476,1.1,2.3,.474,1.3,2.8,.478,.583,0.6,0.8,.760,0.4,1.9,2.2,1.2,0.3,0.2,0.5,0.7,6.5,2004
7155,321,Wesley Person,SG,32,ATL,9,0,14.7,1.4,4.3,.333,0.9,2.1,.421,0.6,2.2,.250,.436,0.7,0.7,1.000,0.2,2.6,2.8,0.6,0.3,0.1,0.4,0.6,4.4,2004
7156,322,Morris Peterson,SF,26,TOR,82,29,26.2,2.9,7.2,.405,1.5,4.1,.371,1.4,3.0,.453,.513,0.9,1.1,.809,0.4,2.8,3.2,1.4,1.1,0.2,0.8,2.5,8.3,2004
7157,323,Eric Piatkowski,SF,33,HOU,49,0,14.3,1.5,3.9,.377,0.9,2.5,.352,0.6,1.4,.420,.490,0.3,0.3,.875,0.2,1.3,1.5,0.5,0.3,0.1,0.6,0.9,4.1,2004
7158,324,Paul Pierce*,SG,26,BOS,80,80,38.7,7.5,18.7,.402,1.4,4.8,.299,6.1,13.9,.438,.441,6.5,7.9,.819,0.9,5.7,6.5,5.1,1.6,0.7,3.8,2.9,23.0,2004
7159,325,Mickaël Piétrus,PG,21,GSW,53,22,14.1,1.8,4.4,.416,0.7,2.0,.333,1.2,2.4,.484,.491,1.0,1.4,.693,0.9,1.3,2.2,0.5,0.6,0.2,0.8,1.9,5.3,2004
7160,326,Scottie Pippen*,SF,38,CHI,23,6,17.9,2.3,6.1,.379,0.6,2.1,.271,1.7,4.0,.435,.425,0.7,1.2,.630,0.9,2.1,3.0,2.2,0.9,0.4,1.3,1.7,5.9,2004
7161,327,Zoran Planinić,SG,21,NJN,49,1,9.7,1.1,2.6,.411,0.2,0.7,.281,0.9,2.0,.454,.446,0.8,1.2,.633,0.3,0.8,1.1,1.4,0.3,0.1,0.7,1.4,3.1,2004
7162,328,Scot Pollard,C,28,IND,61,3,11.1,0.8,1.9,.412,0.0,0.0,,0.8,1.9,.412,.412,0.2,0.3,.571,1.1,1.6,2.7,0.2,0.4,0.4,0.4,1.8,1.7,2004
7163,329,Olden Polynice,C,39,LAC,2,0,6.0,0.0,0.0,,0.0,0.0,,0.0,0.0,,,0.0,0.0,,0.5,0.5,1.0,0.5,0.5,0.0,2.0,1.0,0.0,2004
7164,330,Mark Pope,PF,31,DEN,4,0,5.0,0.3,0.5,.500,0.0,0.0,,0.3,0.5,.500,.500,0.0,0.3,.000,0.0,0.8,0.8,0.0,0.3,0.0,0.8,2.0,0.5,2004
7165,331,James Posey,SG,27,MEM,82,82,29.9,4.5,9.4,.478,1.4,3.5,.386,3.1,5.9,.533,.551,3.4,4.1,.830,1.1,3.8,4.9,1.5,1.7,0.5,1.4,3.0,13.7,2004
7166,332,Vitaly Potapenko,C,28,SEA,65,39,21.8,3.1,6.3,.489,0.0,0.0,,3.1,6.3,.489,.489,0.9,1.4,.641,1.6,2.9,4.4,0.8,0.3,0.4,1.2,2.5,7.1,2004
7167,333,Tayshaun Prince,SF,23,DET,82,80,32.9,4.1,8.8,.467,0.7,1.9,.363,3.4,6.9,.496,.507,1.3,1.7,.766,1.1,3.6,4.8,2.3,0.8,0.8,1.5,1.8,10.3,2004
7168,334,Joel Przybilla,C,24,TOT,17,12,20.4,1.1,2.9,.360,0.0,0.0,,1.1,2.9,.360,.360,0.8,1.8,.419,1.9,4.6,6.5,0.4,0.3,1.0,1.1,3.1,2.9,2004
7169,334,Joel Przybilla,C,24,MIL,5,0,6.6,0.0,0.0,,0.0,0.0,,0.0,0.0,,,0.2,0.4,.500,0.2,1.8,2.0,0.6,0.0,0.0,0.4,1.0,0.2,2004
7170,334,Joel Przybilla,C,24,ATL,12,12,26.2,1.5,4.2,.360,0.0,0.0,,1.5,4.2,.360,.360,1.0,2.4,.414,2.6,5.8,8.4,0.3,0.4,1.4,1.3,4.0,4.0,2004
7171,335,Vladimir Radmanović,PF,23,SEA,77,38,30.1,4.5,10.5,.425,1.8,4.9,.371,2.7,5.6,.471,.511,1.2,1.6,.748,1.4,3.9,5.3,1.8,1.0,0.5,1.4,2.4,12.0,2004
7172,336,Zach Randolph,PF,22,POR,81,80,37.9,8.2,16.9,.485,0.0,0.1,.200,8.2,16.8,.486,.485,3.7,4.9,.761,3.0,7.5,10.5,2.0,0.8,0.5,3.0,2.8,20.1,2004
7173,337,Theo Ratliff,C,30,TOT,85,83,31.3,3.1,6.5,.485,0.0,0.0,,3.1,6.5,.485,.485,1.6,2.6,.645,2.3,4.9,7.2,0.8,0.6,3.6,1.4,3.5,7.9,2004
7174,337,Theo Ratliff,C,30,ATL,53,52,31.1,3.2,7.0,.458,0.0,0.0,,3.2,7.0,.458,.458,1.8,2.8,.653,2.0,5.2,7.2,1.0,0.6,3.1,1.6,3.6,8.3,2004
7175,337,Theo Ratliff,C,30,POR,32,31,31.8,3.0,5.5,.540,0.0,0.0,,3.0,5.5,.540,.540,1.4,2.2,.629,2.8,4.5,7.3,0.6,0.8,4.4,1.1,3.5,7.3,2004
7176,338,Željko Rebrača,C,31,TOT,24,2,11.4,1.4,3.2,.442,0.0,0.0,,1.4,3.2,.442,.442,1.0,1.3,.767,1.0,1.5,2.4,0.3,0.2,0.5,0.7,2.2,3.8,2004
7177,338,Željko Rebrača,C,31,DET,21,2,10.6,1.0,2.6,.407,0.0,0.0,,1.0,2.6,.407,.407,1.0,1.3,.786,0.9,1.4,2.3,0.2,0.2,0.4,0.6,2.1,3.1,2004
7178,338,Željko Rebrača,C,31,ATL,3,0,17.0,4.0,7.7,.522,0.0,0.0,,4.0,7.7,.522,.522,0.3,0.7,.500,1.3,1.7,3.0,0.7,0.0,0.7,1.3,2.3,8.3,2004
7179,339,Michael Redd,SG,24,MIL,82,82,36.8,7.7,17.5,.440,1.5,4.4,.350,6.2,13.1,.470,.484,4.7,5.4,.868,1.4,3.5,5.0,2.3,1.0,0.1,1.4,1.9,21.7,2004
7180,340,Glen Rice,SF,36,LAC,18,0,14.6,1.2,4.2,.289,0.3,1.6,.179,0.9,2.7,.354,.322,0.9,0.9,1.000,0.5,1.8,2.3,1.3,0.3,0.0,0.7,1.2,3.7,2004
7181,Rk,Player,Pos,Age,Tm,G,GS,MP,FG,FGA,FG%,3P,3PA,3P%,2P,2PA,2P%,eFG%,FT,FTA,FT%,ORB,DRB,TRB,AST,STL,BLK,TOV,PF,PTS,2004
7182,341,Jason Richardson,SG,23,GSW,78,78,37.6,7.2,16.5,.438,1.0,3.5,.282,6.2,13.0,.481,.468,3.3,4.8,.684,1.6,5.1,6.7,2.9,1.1,0.5,2.5,2.3,18.7,2004
7183,342,Quentin Richardson,SG,23,LAC,65,64,36.0,6.5,16.4,.398,1.8,5.2,.352,4.7,11.2,.420,.454,2.3,3.1,.740,2.2,4.1,6.4,2.1,1.0,0.3,2.2,2.0,17.2,2004
7184,343,Luke Ridnour,PG,22,SEA,69,6,16.1,2.1,5.1,.414,0.4,1.2,.338,1.7,3.9,.437,.453,0.9,1.1,.823,0.5,1.1,1.6,2.4,0.8,0.1,1.2,1.5,5.5,2004
7185,344,Clifford Robinson,PF,37,GSW,82,82,34.7,4.5,11.5,.387,1.4,3.8,.357,3.1,7.7,.403,.447,1.5,2.1,.711,0.7,3.3,3.9,3.3,0.8,0.9,2.1,2.9,11.8,2004
7186,345,Eddie Robinson,SF,27,CHI,51,4,20.1,3.1,6.4,.482,0.0,0.1,.200,3.1,6.3,.486,.483,0.5,0.8,.651,0.5,1.5,2.0,1.1,0.6,0.2,0.9,1.1,6.7,2004
7187,346,Glenn Robinson,SF,31,PHI,42,42,31.8,6.5,14.6,.448,0.8,2.4,.340,5.7,12.2,.469,.476,2.7,3.3,.832,1.1,3.4,4.5,1.4,1.0,0.2,2.5,2.3,16.6,2004
7188,347,Rodney Rogers,PF,32,NJN,69,15,20.4,3.0,7.3,.410,0.7,2.2,.329,2.3,5.1,.445,.459,1.1,1.4,.765,1.4,3.0,4.4,2.0,0.9,0.4,1.4,2.7,7.8,2004
7189,348,Sean Rooks,C,34,TOT,55,0,10.8,1.0,2.7,.358,0.0,0.0,.000,1.0,2.7,.360,.358,0.6,0.7,.892,0.4,1.3,1.8,0.5,0.3,0.2,0.4,1.6,2.6,2004
7190,348,Sean Rooks,C,34,NOH,35,0,9.3,1.0,2.7,.362,0.0,0.0,,1.0,2.7,.362,.362,0.3,0.4,.800,0.3,1.1,1.4,0.3,0.3,0.1,0.4,1.4,2.3,2004
7191,348,Sean Rooks,C,34,ORL,20,0,13.5,1.0,2.9,.351,0.0,0.1,.000,1.0,2.8,.357,.351,1.1,1.1,.955,0.7,1.7,2.4,0.9,0.3,0.3,0.4,2.1,3.1,2004
7192,349,Jalen Rose,PG-SF,31,TOT,66,64,37.8,5.8,14.4,.402,1.0,3.1,.342,4.8,11.4,.419,.439,2.8,3.5,.810,0.5,3.5,4.0,5.0,0.8,0.3,3.2,2.8,15.5,2004
7193,349,Jalen Rose,SF,31,CHI,16,14,33.1,4.7,12.5,.375,1.4,3.4,.426,3.3,9.1,.356,.433,2.4,3.2,.765,0.4,3.6,4.0,3.5,0.8,0.3,2.3,2.8,13.3,2004
7194,349,Jalen Rose,PG,31,TOR,50,50,39.4,6.2,15.0,.410,0.9,3.0,.311,5.2,12.1,.434,.440,3.0,3.6,.822,0.5,3.5,4.0,5.5,0.8,0.4,3.4,2.8,16.2,2004
7195,350,Malik Rose,PF,29,SAS,67,13,18.7,2.6,6.0,.428,0.0,0.0,.000,2.6,6.0,.431,.428,2.7,3.4,.813,1.6,3.1,4.8,1.0,0.5,0.4,1.7,2.4,7.9,2004
7196,351,Michael Ruffin,PF,27,UTA,41,23,17.9,0.9,2.9,.325,0.0,0.0,,0.9,2.9,.325,.325,0.4,0.9,.421,1.9,3.1,5.0,1.0,0.5,0.5,1.0,2.5,2.2,2004
7197,352,Kareem Rush,SG,23,LAL,72,15,17.3,2.6,6.0,.440,0.7,1.9,.348,2.0,4.1,.483,.495,0.4,0.7,.596,0.3,1.1,1.3,0.8,0.5,0.3,0.7,1.5,6.4,2004
7198,353,Bryon Russell,SF,33,LAL,72,1,13.1,1.4,3.4,.402,0.6,1.6,.384,0.8,1.8,.417,.490,0.7,0.9,.769,0.4,1.6,2.0,1.0,0.4,0.2,0.5,1.5,4.0,2004
7199,354,John Salmons,SG,24,PHI,77,24,20.8,2.1,5.4,.387,0.6,1.9,.340,1.4,3.5,.413,.447,0.9,1.2,.772,0.5,2.1,2.5,1.7,0.8,0.2,1.0,1.6,5.8,2004
7200,355,Jamal Sampson,C,20,LAL,10,2,13.0,1.1,2.3,.478,0.0,0.0,,1.1,2.3,.478,.478,0.7,1.2,.583,2.3,2.9,5.2,0.7,0.2,0.4,0.6,1.6,2.9,2004
7201,356,Daniel Santiago,C,27,MIL,54,28,13.1,1.4,3.0,.479,0.0,0.0,,1.4,3.0,.479,.479,1.1,1.7,.678,0.6,1.8,2.4,0.4,0.4,0.4,0.6,1.8,4.0,2004
7202,357,Brian Scalabrine,PF,25,NJN,69,2,13.4,1.2,3.2,.394,0.1,0.6,.244,1.1,2.6,.429,.417,0.8,1.0,.829,0.6,1.9,2.5,0.9,0.3,0.2,0.6,1.6,3.5,2004
7203,358,Ansu Sesay,SF,27,SEA,57,2,10.2,1.4,3.1,.455,0.1,0.4,.286,1.3,2.8,.478,.472,0.6,0.8,.696,0.8,0.9,1.6,0.3,0.3,0.4,0.4,1.2,3.5,2004
7204,359,Paul Shirley,PF,26,CHI,7,0,12.3,1.4,3.3,.435,0.0,0.1,.000,1.4,3.1,.455,.435,0.1,0.4,.333,1.1,1.1,2.3,0.6,0.1,0.1,1.3,1.3,3.0,2004
7205,360,Bobby Simmons,SF,23,LAC,56,8,24.6,2.6,6.7,.394,0.0,0.2,.167,2.6,6.4,.402,.397,2.5,3.0,.834,2.1,2.6,4.7,1.7,0.9,0.3,1.3,3.0,7.8,2004
7206,Rk,Player,Pos,Age,Tm,G,GS,MP,FG,FGA,FG%,3P,3PA,3P%,2P,2PA,2P%,eFG%,FT,FTA,FT%,ORB,DRB,TRB,AST,STL,BLK,TOV,PF,PTS,2004
7207,361,Brian Skinner,C,27,MIL,56,54,28.2,4.6,9.2,.497,0.0,0.0,,4.6,9.2,.497,.497,1.4,2.5,.572,2.1,5.2,7.3,0.9,0.5,1.1,1.4,2.9,10.5,2004
7208,362,Tamar Slay,SG,23,NJN,22,0,7.5,1.0,2.7,.350,0.2,0.5,.333,0.8,2.2,.354,.383,0.3,0.6,.500,0.5,0.7,1.1,0.6,0.3,0.0,0.5,0.9,2.4,2004
7209,363,Jabari Smith,C,26,SAC,31,0,5.4,0.8,2.3,.371,0.0,0.1,.000,0.8,2.2,.388,.371,0.4,0.6,.600,0.4,0.6,1.0,0.4,0.1,0.2,0.2,0.8,2.1,2004
7210,364,Joe Smith,PF,28,MIL,76,76,29.7,4.1,9.3,.439,0.0,0.1,.200,4.1,9.3,.441,.440,2.7,3.2,.859,3.0,5.4,8.5,1.0,0.6,1.2,1.1,2.8,10.9,2004
7211,365,Leon Smith,C,23,SEA,1,0,4.0,1.0,2.0,.500,0.0,0.0,,1.0,2.0,.500,.500,0.0,0.0,,1.0,1.0,2.0,0.0,0.0,0.0,0.0,1.0,2.0,2004
7212,366,Steve Smith,SG,34,NOH,71,4,13.1,1.7,4.1,.406,0.6,1.5,.402,1.1,2.6,.409,.480,1.1,1.2,.928,0.4,0.8,1.1,0.8,0.2,0.1,0.6,1.3,5.0,2004
7213,367,Theron Smith,SF,23,MEM,20,0,8.9,0.8,2.2,.372,0.3,0.6,.500,0.5,1.6,.323,.442,0.3,0.4,.750,0.7,1.4,2.1,0.4,0.3,0.3,0.7,0.9,2.2,2004
7214,368,Eric Snow,PG,30,PHI,82,82,36.2,3.6,8.7,.413,0.0,0.2,.111,3.6,8.5,.420,.414,3.1,3.9,.797,0.8,2.7,3.4,6.9,1.2,0.1,2.3,2.6,10.3,2004
7215,369,Darius Songaila,PF,25,SAC,73,7,13.4,1.8,3.7,.487,0.0,0.0,,1.8,3.7,.487,.487,1.0,1.2,.807,1.2,1.8,3.1,0.7,0.6,0.2,0.6,1.7,4.6,2004
7216,370,Latrell Sprewell,SF,33,MIN,82,82,37.8,6.3,15.4,.409,1.2,3.6,.331,5.1,11.8,.433,.448,2.9,3.6,.814,0.7,3.1,3.8,3.5,1.1,0.3,1.9,1.2,16.8,2004
7217,371,Jerry Stackhouse,SF,29,WAS,26,17,29.8,4.9,12.3,.399,0.9,2.5,.354,4.0,9.8,.410,.435,3.2,4.0,.806,0.6,3.0,3.6,4.0,0.9,0.1,3.4,1.9,13.9,2004
7218,372,Vladimir Stepania,C,27,POR,42,2,10.8,1.0,2.5,.417,0.0,0.0,,1.0,2.5,.417,.417,0.5,0.9,.611,1.2,1.8,3.0,0.5,0.3,0.4,0.5,1.5,2.6,2004
7219,373,DeShawn Stevenson,SG-SF,22,TOT,80,78,30.6,4.7,10.9,.432,0.2,0.9,.268,4.5,10.0,.446,.443,1.7,2.6,.676,1.0,2.7,3.7,2.0,0.7,0.2,1.5,1.8,11.4,2004
7220,373,DeShawn Stevenson,SG,22,UTA,54,54,28.0,4.8,10.9,.445,0.1,0.6,.233,4.7,10.3,.457,.451,1.6,2.5,.669,0.8,2.5,3.3,1.7,0.5,0.3,1.5,1.6,11.4,2004
7221,373,DeShawn Stevenson,SF,22,ORL,26,24,35.9,4.4,11.0,.404,0.5,1.6,.293,4.0,9.4,.422,.425,1.9,2.7,.690,1.4,3.2,4.6,2.5,0.9,0.0,1.5,2.1,11.2,2004
7222,374,Michael Stewart,C-PF,28,TOT,25,2,5.9,0.2,0.5,.417,0.0,0.0,,0.2,0.5,.417,.417,0.1,0.2,.750,0.3,0.8,1.2,0.0,0.1,0.4,0.1,1.4,0.5,2004
7223,374,Michael Stewart,PF,28,CLE,8,2,9.5,0.4,0.9,.429,0.0,0.0,,0.4,0.9,.429,.429,0.3,0.3,1.000,0.6,1.6,2.3,0.0,0.1,1.0,0.1,2.6,1.0,2004
7224,374,Michael Stewart,C,28,BOS,17,0,4.2,0.1,0.3,.400,0.0,0.0,,0.1,0.3,.400,.400,0.1,0.1,.500,0.2,0.5,0.6,0.0,0.1,0.1,0.1,0.8,0.3,2004
7225,375,Peja Stojaković,SF,26,SAC,81,81,40.3,8.2,17.1,.480,3.0,6.8,.433,5.2,10.3,.511,.566,4.9,5.2,.927,1.1,5.1,6.3,2.1,1.3,0.2,1.9,2.0,24.2,2004
7226,376,Damon Stoudamire,PG,30,POR,82,82,38.0,5.0,12.4,.401,1.9,5.2,.365,3.1,7.2,.426,.477,1.5,1.8,.876,0.6,3.1,3.8,6.1,1.2,0.1,2.2,2.1,13.4,2004
7227,377,Amar'e Stoudemire,PF,21,PHO,55,53,36.8,7.5,15.7,.475,0.0,0.1,.200,7.5,15.6,.477,.476,5.6,7.9,.713,2.9,6.2,9.0,1.4,1.2,1.6,3.2,3.4,20.6,2004
7228,378,Erick Strickland,PG,30,MIL,43,0,13.3,1.8,4.6,.403,0.7,1.5,.439,1.2,3.0,.385,.477,1.0,1.2,.863,0.3,1.3,1.7,2.1,0.6,0.0,1.3,1.5,5.4,2004
7229,379,Rod Strickland,PG,37,TOT,61,10,19.6,2.5,5.8,.425,0.2,0.6,.278,2.3,5.2,.442,.439,1.2,1.6,.735,0.6,2.0,2.5,4.0,0.6,0.2,1.4,1.2,6.3,2004
7230,379,Rod Strickland,PG,37,ORL,46,9,19.9,2.7,5.8,.454,0.2,0.7,.303,2.4,5.1,.475,.472,1.2,1.7,.750,0.5,2.0,2.6,4.0,0.6,0.2,1.5,1.3,6.8,2004
7231,379,Rod Strickland,PG,37,TOR,15,1,18.8,1.9,5.6,.333,0.0,0.2,.000,1.9,5.4,.346,.333,1.0,1.5,.682,0.7,1.8,2.5,3.9,0.5,0.3,1.2,1.1,4.7,2004
7232,380,Bruno Šundov,C,23,TOT,5,0,6.6,0.8,2.0,.400,0.0,0.0,,0.8,2.0,.400,.400,0.6,1.2,.500,0.4,1.6,2.0,0.2,0.0,0.0,0.6,1.8,2.2,2004
7233,380,Bruno Šundov,C,23,CLE,4,0,7.3,0.8,2.3,.333,0.0,0.0,,0.8,2.3,.333,.333,0.8,1.5,.500,0.5,2.0,2.5,0.0,0.0,0.0,0.8,1.8,2.3,2004
7234,380,Bruno Šundov,C,23,NYK,1,0,4.0,1.0,1.0,1.000,0.0,0.0,,1.0,1.0,1.000,1.000,0.0,0.0,,0.0,0.0,0.0,1.0,0.0,0.0,0.0,2.0,2.0,2004
7235,Rk,Player,Pos,Age,Tm,G,GS,MP,FG,FGA,FG%,3P,3PA,3P%,2P,2PA,2P%,eFG%,FT,FTA,FT%,ORB,DRB,TRB,AST,STL,BLK,TOV,PF,PTS,2004
7236,381,Bob Sura,SG,30,TOT,80,18,20.8,2.5,6.1,.416,0.3,1.0,.266,2.3,5.1,.446,.438,2.1,2.8,.757,1.3,2.8,4.1,2.9,0.8,0.2,1.3,2.0,7.5,2004
7237,381,Bob Sura,SG,30,DET,53,0,13.3,1.3,3.3,.410,0.2,0.7,.250,1.2,2.6,.453,.436,0.9,1.3,.696,0.6,1.4,1.9,1.7,0.7,0.2,0.7,1.6,3.8,2004
7238,381,Bob Sura,SG,30,ATL,27,18,35.4,4.9,11.6,.420,0.4,1.6,.279,4.4,10.0,.442,.439,4.6,5.8,.783,2.6,5.7,8.3,5.3,0.9,0.2,2.4,2.7,14.7,2004
7239,382,Mike Sweetney,PF,21,NYK,42,1,11.8,1.6,3.3,.493,0.0,0.0,.000,1.6,3.3,.496,.493,1.0,1.4,.724,1.6,2.1,3.7,0.3,0.4,0.3,0.8,1.4,4.3,2004
7240,383,Stromile Swift,PF,24,MEM,77,10,19.8,3.5,7.4,.469,0.0,0.1,.250,3.5,7.4,.471,.470,2.5,3.4,.725,1.8,3.1,4.9,0.5,0.7,1.5,1.1,2.4,9.4,2004
7241,384,Wally Szczerbiak,SF,26,MIN,28,0,22.2,3.8,8.4,.449,0.7,1.6,.435,3.1,6.8,.453,.492,1.9,2.3,.828,0.9,2.3,3.1,1.2,0.4,0.0,1.0,1.5,10.2,2004
7242,385,Maurice Taylor,PF,27,HOU,75,10,27.7,4.9,10.2,.480,0.0,0.0,.000,4.9,10.2,.481,.480,1.7,2.3,.736,1.7,3.4,5.1,1.4,0.6,0.6,2.0,3.4,11.5,2004
7243,386,Jason Terry,PG,26,ATL,81,78,37.3,6.2,14.8,.417,1.8,5.2,.347,4.4,9.6,.455,.478,2.7,3.2,.827,0.6,3.5,4.1,5.4,1.5,0.2,2.8,2.4,16.8,2004
7244,387,Etan Thomas,C,25,WAS,79,15,24.1,3.3,6.7,.489,0.0,0.0,,3.3,6.7,.489,.489,2.4,3.7,.647,2.3,4.4,6.7,0.9,0.5,1.6,1.4,2.8,8.9,2004
7245,388,Kenny Thomas,PF,26,PHI,74,72,36.5,5.1,11.0,.469,0.0,0.1,.200,5.1,10.9,.470,.469,3.3,4.4,.752,3.5,6.6,10.1,1.5,1.1,0.4,2.3,3.0,13.6,2004
7246,389,Kurt Thomas,PF,31,NYK,80,75,31.9,4.9,10.4,.473,0.0,0.0,.000,4.9,10.3,.475,.473,1.3,1.6,.835,1.8,6.5,8.3,1.9,0.7,1.0,1.7,3.7,11.1,2004
7247,390,Tim Thomas,SF,26,TOT,66,65,31.7,5.5,12.3,.446,1.1,2.9,.376,4.4,9.4,.468,.491,2.6,3.3,.784,1.0,3.9,4.8,1.9,1.0,0.3,1.8,3.0,14.7,2004
7248,390,Tim Thomas,SF,26,MIL,42,42,32.0,5.4,12.1,.443,1.1,3.1,.362,4.3,9.0,.471,.489,2.2,2.9,.762,0.9,4.0,4.9,2.1,1.0,0.4,1.7,3.0,14.1,2004
7249,390,Tim Thomas,SF,26,NYK,24,23,31.1,5.7,12.6,.452,1.1,2.7,.406,4.6,10.0,.464,.495,3.3,4.0,.813,1.1,3.7,4.8,1.4,1.0,0.2,1.8,2.9,15.8,2004
7250,391,Jamaal Tinsley,PG,25,IND,52,43,26.5,2.9,7.1,.414,1.5,4.0,.372,1.5,3.1,.466,.518,0.9,1.3,.731,0.5,2.1,2.6,5.8,1.6,0.3,2.1,2.5,8.3,2004
7251,392,Robert Traylor,C,26,NOH,71,0,13.3,2.0,4.0,.505,0.0,0.1,.400,2.0,4.0,.507,.509,1.0,1.8,.547,1.5,2.2,3.7,0.6,0.5,0.5,0.9,2.3,5.1,2004
7252,393,Gary Trent,C,29,MIN,68,2,15.1,2.3,4.8,.473,0.0,0.1,.000,2.3,4.7,.481,.473,1.0,1.3,.758,1.2,2.0,3.2,0.7,0.2,0.3,0.8,1.9,5.6,2004
7253,394,Jeff Trepagnier,SG,24,DEN,11,0,8.7,0.9,3.5,.263,0.2,0.4,.500,0.7,3.1,.235,.289,0.3,0.5,.500,0.5,0.8,1.4,0.4,0.3,0.0,0.5,0.6,2.3,2004
7254,395,Cezary Trybański,C,24,TOT,7,0,2.1,0.0,0.6,.000,0.0,0.0,,0.0,0.6,.000,.000,0.1,0.3,.500,0.0,0.1,0.1,0.0,0.1,0.1,0.3,0.4,0.1,2004
7255,395,Cezary Trybański,C,24,PHO,4,0,2.5,0.0,0.5,.000,0.0,0.0,,0.0,0.5,.000,.000,0.0,0.0,,0.0,0.3,0.3,0.0,0.0,0.3,0.5,0.3,0.0,2004
7256,395,Cezary Trybański,C,24,NYK,3,0,1.7,0.0,0.7,.000,0.0,0.0,,0.0,0.7,.000,.000,0.3,0.7,.500,0.0,0.0,0.0,0.0,0.3,0.0,0.0,0.7,0.3,2004
7257,396,Jake Tsakalidis,C,24,MEM,40,28,13.3,1.7,3.3,.504,0.0,0.0,,1.7,3.3,.504,.504,0.9,1.5,.590,0.9,2.3,3.2,0.5,0.2,0.6,0.6,2.0,4.3,2004
7258,397,Nikoloz Tskitishvili,PF,20,DEN,39,0,7.9,1.0,3.1,.328,0.1,0.3,.273,0.9,2.8,.333,.340,0.6,0.7,.793,0.6,1.0,1.6,0.3,0.2,0.2,0.4,1.3,2.7,2004
7259,398,Hedo Türkoğlu,SF,24,SAS,80,44,25.9,3.3,8.1,.406,1.3,3.0,.419,2.0,5.1,.399,.484,1.4,2.0,.708,0.7,3.8,4.5,1.9,1.0,0.4,1.2,2.1,9.2,2004
7260,399,Ime Udoka,SF,26,LAL,4,0,7.0,0.8,2.3,.333,0.0,0.3,.000,0.8,2.0,.375,.333,0.5,1.0,.500,0.3,1.0,1.3,0.5,0.5,0.3,0.8,0.8,2.0,2004
7261,400,Nick Van Exel,PG,32,GSW,39,29,32.2,4.8,12.3,.390,1.2,3.8,.307,3.6,8.4,.429,.438,1.8,2.5,.707,0.4,2.3,2.7,5.3,0.5,0.1,2.0,1.5,12.6,2004
7262,Rk,Player,Pos,Age,Tm,G,GS,MP,FG,FGA,FG%,3P,3PA,3P%,2P,2PA,2P%,eFG%,FT,FTA,FT%,ORB,DRB,TRB,AST,STL,BLK,TOV,PF,PTS,2004
7263,401,Keith Van Horn,SF,28,TOT,72,62,32.5,5.7,12.5,.454,1.3,3.2,.399,4.4,9.3,.473,.506,3.5,4.0,.859,2.1,4.9,7.0,1.7,0.9,0.5,2.3,3.0,16.1,2004
7264,401,Keith Van Horn,SF,28,NYK,47,47,33.5,5.8,13.0,.445,1.3,3.4,.373,4.5,9.6,.471,.494,3.5,4.2,.819,2.1,5.2,7.3,1.8,1.1,0.4,2.5,3.2,16.4,2004
7265,401,Keith Van Horn,SF,28,MIL,25,15,30.6,5.5,11.6,.472,1.3,2.9,.458,4.2,8.7,.477,.529,3.4,3.6,.945,2.0,4.3,6.3,1.5,0.6,0.6,2.0,2.6,15.7,2004
7266,402,Jacque Vaughn,PG,28,ATL,71,6,17.9,1.5,3.9,.386,0.0,0.3,.150,1.5,3.6,.405,.392,0.7,1.0,.779,0.2,1.5,1.6,2.7,0.6,0.0,1.2,1.8,3.8,2004
7267,403,Jake Voskuhl,C,26,PHO,66,43,24.3,2.3,4.5,.507,0.0,0.0,,2.3,4.5,.507,.507,2.0,2.7,.740,1.9,3.3,5.2,0.9,0.6,0.4,1.2,3.9,6.6,2004
7268,404,Slavko Vraneš,C,21,POR,1,0,3.0,0.0,1.0,.000,0.0,0.0,,0.0,1.0,.000,.000,0.0,0.0,,0.0,0.0,0.0,0.0,0.0,0.0,0.0,1.0,0.0,2004
7269,405,Dwyane Wade,PG,22,MIA,61,56,34.9,6.1,13.1,.465,0.3,0.9,.302,5.8,12.2,.477,.475,3.8,5.1,.747,1.4,2.7,4.0,4.5,1.4,0.6,3.2,2.3,16.2,2004
7270,406,Dajuan Wagner,SG,20,CLE,44,4,16.1,2.5,7.0,.366,0.7,2.0,.360,1.8,5.0,.368,.417,0.7,1.1,.681,0.2,1.1,1.3,1.2,0.6,0.2,0.9,2.0,6.5,2004
7271,407,Antoine Walker,PF,27,DAL,82,82,34.6,5.9,13.8,.428,1.0,3.7,.269,4.9,10.0,.487,.464,1.3,2.3,.554,2.4,5.9,8.3,4.5,0.8,0.8,2.5,2.6,14.0,2004
7272,408,Samaki Walker,PF,27,MIA,33,0,12.7,1.2,3.0,.384,0.0,0.1,.000,1.2,2.9,.392,.384,0.9,1.3,.659,1.3,2.1,3.4,0.2,0.3,0.3,0.5,1.6,3.2,2004
7273,409,Ben Wallace*,C,29,DET,81,81,37.7,3.9,9.2,.421,0.0,0.1,.125,3.9,9.1,.424,.422,1.8,3.6,.490,4.0,8.4,12.4,1.7,1.8,3.0,1.5,2.0,9.5,2004
7274,410,Gerald Wallace,SF,21,SAC,37,1,9.1,0.9,2.4,.360,0.0,0.1,.000,0.9,2.4,.368,.360,0.3,0.6,.458,0.9,1.1,2.0,0.5,0.4,0.4,0.2,1.0,2.0,2004
7275,411,John Wallace,SF,29,MIA,37,0,9.9,1.6,3.9,.421,0.1,0.4,.385,1.5,3.6,.424,.438,0.8,1.1,.775,0.3,1.3,1.6,0.4,0.1,0.2,0.6,1.0,4.3,2004
7276,412,Rasheed Wallace,PF,29,TOT,68,66,35.1,6.3,14.3,.436,1.2,3.6,.331,5.0,10.7,.472,.478,2.3,3.1,.736,1.5,5.3,6.8,2.3,0.9,1.8,1.8,2.8,16.0,2004
7277,412,Rasheed Wallace,PF,29,POR,45,44,37.2,6.6,14.9,.442,1.3,3.8,.341,5.3,11.0,.478,.487,2.6,3.4,.742,1.5,5.1,6.6,2.5,0.8,1.6,1.9,2.9,17.0,2004
7278,412,Rasheed Wallace,PF,29,ATL,1,1,42.0,8.0,24.0,.333,1.0,6.0,.167,7.0,18.0,.389,.354,3.0,3.0,1.000,1.0,5.0,6.0,2.0,1.0,5.0,3.0,0.0,20.0,2004
7279,412,Rasheed Wallace,PF,29,DET,22,21,30.6,5.5,12.8,.431,1.0,3.1,.319,4.5,9.6,.467,.470,1.7,2.5,.704,1.5,5.6,7.0,1.8,1.1,2.0,1.3,2.7,13.7,2004
7280,413,Luke Walton,PF,23,LAL,72,2,10.1,0.9,2.1,.425,0.2,0.5,.333,0.7,1.6,.456,.467,0.4,0.6,.705,0.5,1.2,1.8,1.6,0.4,0.1,0.6,1.0,2.4,2004
7281,414,Charlie Ward,PG,33,TOT,71,10,17.6,2.3,5.5,.410,1.2,2.9,.408,1.1,2.6,.413,.518,0.3,0.4,.741,0.2,1.9,2.0,3.0,0.9,0.2,1.4,1.5,6.0,2004
7282,414,Charlie Ward,PG,33,NYK,35,10,23.6,3.3,7.4,.442,1.7,3.9,.428,1.6,3.5,.459,.556,0.5,0.6,.762,0.3,2.5,2.7,4.9,1.3,0.2,2.0,2.1,8.7,2004
7283,414,Charlie Ward,PG,33,SAS,36,0,11.8,1.3,3.6,.346,0.7,1.9,.368,0.6,1.7,.323,.442,0.1,0.2,.667,0.1,1.3,1.3,1.3,0.5,0.1,0.8,0.9,3.3,2004
7284,415,Earl Watson,PG,24,MEM,81,14,20.6,2.1,5.7,.371,0.3,1.3,.245,1.8,4.4,.408,.399,1.1,1.7,.652,0.6,1.6,2.2,5.0,1.1,0.2,1.8,2.2,5.7,2004
7285,416,Clarence Weatherspoon,PF,33,TOT,52,1,16.7,2.0,4.1,.493,0.0,0.0,.000,2.0,4.0,.495,.493,1.0,1.4,.736,1.4,2.5,3.9,0.6,0.6,0.3,0.7,1.4,5.0,2004
7286,416,Clarence Weatherspoon,PF,33,NYK,15,1,14.4,1.2,2.7,.450,0.0,0.0,,1.2,2.7,.450,.450,1.2,1.3,.947,0.9,2.4,3.3,0.9,0.5,0.1,0.6,1.3,3.6,2004
7287,416,Clarence Weatherspoon,PF,33,HOU,37,0,17.6,2.3,4.6,.503,0.0,0.0,.000,2.3,4.6,.506,.503,0.9,1.4,.660,1.6,2.5,4.2,0.5,0.6,0.4,0.7,1.5,5.6,2004
7288,417,Chris Webber*,PF,30,SAC,23,23,36.1,7.6,18.3,.413,0.0,0.2,.200,7.5,18.1,.416,.414,3.5,5.0,.711,2.1,6.6,8.7,4.6,1.3,0.9,2.6,3.3,18.7,2004
7289,418,Bonzi Wells,SG,27,TOT,72,27,26.0,5.0,11.8,.427,0.3,1.0,.319,4.7,10.8,.437,.440,1.9,2.5,.754,1.1,2.5,3.6,1.9,1.3,0.3,2.2,2.7,12.3,2004
7290,418,Bonzi Wells,SG,27,POR,13,10,31.1,5.2,13.5,.389,0.1,0.6,.125,5.2,12.8,.401,.391,1.6,2.1,.778,1.6,3.1,4.7,2.7,1.5,0.2,2.5,2.9,12.2,2004
7291,418,Bonzi Wells,SG,27,MEM,59,17,24.9,5.0,11.4,.437,0.4,1.0,.344,4.6,10.4,.446,.453,2.0,2.6,.750,1.0,2.4,3.4,1.8,1.2,0.3,2.2,2.7,12.3,2004
7292,419,Jiří Welsch,SG,24,BOS,81,68,26.9,3.2,7.6,.428,0.9,2.2,.381,2.4,5.3,.448,.484,1.9,2.5,.743,0.7,2.9,3.7,2.3,1.2,0.1,1.6,2.2,9.2,2004
7293,420,David Wesley,SG,33,NOH,61,60,32.8,5.1,13.1,.389,1.5,4.7,.323,3.6,8.4,.425,.446,2.2,3.0,.753,0.5,1.7,2.2,2.9,1.2,0.2,1.6,2.4,14.0,2004
7294,Rk,Player,Pos,Age,Tm,G,GS,MP,FG,FGA,FG%,3P,3PA,3P%,2P,2PA,2P%,eFG%,FT,FTA,FT%,ORB,DRB,TRB,AST,STL,BLK,TOV,PF,PTS,2004
7295,421,David West,PF,23,NOH,71,1,13.1,1.5,3.2,.474,0.0,0.0,.000,1.5,3.2,.478,.474,0.8,1.1,.713,1.6,2.5,4.2,0.8,0.4,0.4,0.7,1.6,3.8,2004
7296,422,Jahidi White,C,27,TOT,62,17,14.0,1.6,3.1,.521,0.0,0.0,,1.6,3.1,.521,.521,1.0,2.0,.500,1.6,2.6,4.2,0.1,0.4,0.8,1.1,2.8,4.2,2004
7297,422,Jahidi White,C,27,WAS,1,0,4.0,0.0,1.0,.000,0.0,0.0,,0.0,1.0,.000,.000,0.0,0.0,,0.0,0.0,0.0,0.0,0.0,1.0,1.0,0.0,0.0,2004
7298,422,Jahidi White,C,27,PHO,61,17,14.1,1.6,3.1,.524,0.0,0.0,,1.6,3.1,.524,.524,1.0,2.1,.500,1.6,2.7,4.3,0.1,0.4,0.8,1.1,2.9,4.3,2004
7299,423,Rodney White,SF,23,DEN,72,0,13.7,3.0,6.5,.459,0.5,1.2,.379,2.5,5.3,.478,.495,1.1,1.4,.750,0.6,1.7,2.3,0.8,0.4,0.3,1.1,1.5,7.5,2004
7300,424,Chris Whitney,PG,32,WAS,16,5,11.6,1.1,2.8,.378,0.5,1.1,.444,0.6,1.7,.333,.467,0.3,0.3,1.000,0.2,0.8,0.9,0.9,0.4,0.1,0.4,0.4,2.9,2004
7301,425,Chris Wilcox,C,21,LAC,65,17,20.6,3.5,6.7,.521,0.0,0.0,.000,3.5,6.7,.522,.521,1.6,2.3,.700,1.9,2.8,4.7,0.8,0.4,0.3,1.2,2.8,8.6,2004
7302,426,Mike Wilks,PG,24,HOU,26,0,5.6,0.7,1.4,.472,0.2,0.4,.600,0.4,1.0,.423,.556,0.4,0.5,.833,0.1,0.5,0.6,0.7,0.1,0.0,0.3,0.6,1.9,2004
7303,427,Aaron Williams,C,32,NJN,72,7,18.6,2.4,4.8,.503,0.0,0.0,.333,2.4,4.7,.504,.504,1.5,2.2,.677,1.4,2.7,4.1,1.1,0.5,0.6,1.2,2.6,6.3,2004
7304,428,Alvin Williams,SG,29,TOR,56,54,30.9,3.6,8.9,.405,0.5,1.6,.292,3.1,7.3,.430,.431,1.2,1.5,.776,0.3,2.4,2.7,4.0,1.0,0.2,1.4,2.0,8.8,2004
7305,429,Eric Williams,SF,31,TOT,71,36,26.6,3.3,8.4,.386,0.5,1.8,.276,2.8,6.6,.416,.416,3.0,4.0,.760,0.9,3.1,4.0,1.7,1.0,0.1,1.2,2.5,10.0,2004
7306,429,Eric Williams,SF,31,BOS,21,0,24.4,3.7,8.4,.435,0.5,1.5,.344,3.1,6.9,.455,.466,3.7,5.2,.716,1.0,3.5,4.5,1.2,1.0,0.0,1.5,2.5,11.6,2004
7307,429,Eric Williams,SF,31,CLE,50,36,27.5,3.1,8.4,.366,0.5,1.9,.253,2.6,6.5,.399,.394,2.7,3.5,.787,0.9,2.9,3.8,1.9,1.0,0.2,1.1,2.6,9.4,2004
7308,430,Frank Williams,PG,23,NYK,56,3,12.8,1.4,3.7,.385,0.3,1.1,.300,1.1,2.6,.419,.428,0.7,0.9,.854,0.1,0.8,0.9,2.2,0.4,0.1,1.1,1.0,3.9,2004
7309,431,Jason Williams,PG,28,MEM,72,68,29.4,4.0,9.9,.407,1.7,5.1,.330,2.4,4.8,.487,.491,1.1,1.4,.837,0.3,1.7,2.0,6.8,1.3,0.1,1.9,1.3,10.9,2004
7310,432,Jerome Williams,PF,30,TOT,68,44,24.1,2.3,4.9,.470,0.0,0.1,.000,2.3,4.8,.482,.470,1.6,2.3,.684,2.6,4.4,7.0,1.1,1.3,0.1,1.1,2.0,6.2,2004
7311,432,Jerome Williams,PF,30,TOR,15,12,27.1,1.9,3.8,.491,0.0,0.1,.000,1.9,3.7,.500,.491,1.4,1.9,.724,2.3,6.2,8.5,0.7,1.3,0.2,1.5,2.0,5.1,2004
7312,432,Jerome Williams,PF,30,CHI,53,32,23.2,2.5,5.3,.466,0.0,0.1,.000,2.5,5.1,.478,.466,1.6,2.4,.675,2.7,3.9,6.5,1.2,1.3,0.1,1.0,2.0,6.5,2004
7313,433,Mo Williams,SG,21,UTA,57,0,13.5,2.0,5.3,.380,0.2,0.7,.256,1.8,4.6,.398,.396,0.8,1.0,.786,0.4,0.9,1.3,1.3,0.5,0.0,0.9,1.5,5.0,2004
7314,434,Scott Williams,C,35,TOT,43,21,12.3,2.1,4.3,.484,0.0,0.1,.667,2.0,4.3,.481,.489,0.4,0.6,.593,0.9,2.2,3.1,0.4,0.5,0.4,0.4,2.2,4.6,2004
7315,434,Scott Williams,C,35,PHO,16,10,16.7,3.3,6.3,.525,0.1,0.1,1.000,3.2,6.2,.515,.535,0.6,0.8,.692,1.4,3.1,4.5,0.4,0.9,0.4,0.4,2.8,7.3,2004
7316,434,Scott Williams,C,35,DAL,27,11,9.6,1.4,3.1,.435,0.0,0.0,.000,1.4,3.1,.440,.435,0.3,0.5,.500,0.6,1.7,2.2,0.4,0.2,0.3,0.4,1.9,3.0,2004
7317,435,Shammond Williams,SG-PG,28,TOT,53,4,14.4,1.6,4.4,.375,0.6,1.9,.300,1.1,2.5,.432,.440,1.0,1.1,.879,0.2,1.0,1.1,2.2,0.7,0.0,0.9,1.2,4.8,2004
7318,435,Shammond Williams,SG,28,ORL,37,2,14.2,1.6,4.1,.391,0.7,2.0,.338,0.9,2.1,.442,.474,1.1,1.2,.889,0.2,0.9,1.2,1.7,0.6,0.0,0.7,1.1,4.9,2004
7319,435,Shammond Williams,PG,28,NOH,16,2,14.9,1.8,5.1,.346,0.3,1.6,.192,1.4,3.4,.418,.377,0.7,0.8,.846,0.0,1.1,1.1,3.3,0.9,0.1,1.3,1.4,4.5,2004
7320,436,Corliss Williamson,PF,30,DET,79,0,19.9,3.8,7.6,.505,0.0,0.0,,3.8,7.6,.505,.505,1.8,2.5,.731,1.1,2.1,3.2,0.7,0.4,0.3,1.4,2.6,9.5,2004
7321,437,Kevin Willis,C,41,SAS,48,0,7.8,1.5,3.1,.467,0.0,0.0,.000,1.5,3.1,.470,.467,0.5,0.8,.615,0.8,1.3,2.0,0.2,0.4,0.2,0.7,1.3,3.4,2004
7322,438,Loren Woods,C,25,MIA,38,2,13.3,1.2,2.5,.458,0.0,0.0,,1.2,2.5,.458,.458,0.9,1.4,.600,1.7,1.8,3.5,0.3,0.3,0.5,0.7,1.4,3.2,2004
7323,439,Qyntel Woods,SF,22,POR,62,8,10.9,1.4,3.8,.371,0.2,0.5,.345,1.3,3.4,.375,.392,0.6,1.0,.633,0.7,1.5,2.2,0.7,0.3,0.2,0.8,1.4,3.6,2004
7324,440,Metta World Peace,SF,24,IND,73,71,37.2,6.4,15.2,.421,1.0,3.3,.310,5.4,11.9,.452,.455,4.4,6.0,.733,1.4,3.9,5.3,3.7,2.1,0.7,2.8,2.7,18.3,2004
7325,Rk,Player,Pos,Age,Tm,G,GS,MP,FG,FGA,FG%,3P,3PA,3P%,2P,2PA,2P%,eFG%,FT,FTA,FT%,ORB,DRB,TRB,AST,STL,BLK,TOV,PF,PTS,2004
7326,441,Lorenzen Wright,C,28,MEM,65,46,25.8,4.0,9.0,.439,0.0,0.1,.000,4.0,8.9,.442,.439,1.5,2.0,.733,2.2,4.6,6.8,1.1,0.7,0.9,1.2,3.0,9.4,2004
7327,442,Wang Zhizhi,C,26,TOT,16,0,7.1,1.1,2.9,.370,0.3,0.9,.286,0.8,2.0,.406,.413,0.6,0.6,.900,0.3,0.9,1.1,0.1,0.2,0.3,0.4,0.8,2.9,2004
7328,442,Wang Zhizhi,C,26,LAC,2,0,4.5,0.0,0.5,.000,0.0,0.0,,0.0,0.5,.000,.000,2.0,2.0,1.000,0.0,2.0,2.0,0.0,0.0,0.5,0.0,0.0,2.0,2004
7329,442,Wang Zhizhi,C,26,MIA,14,0,7.5,1.2,3.2,.378,0.3,1.0,.286,0.9,2.2,.419,.422,0.4,0.4,.833,0.3,0.7,1.0,0.1,0.2,0.3,0.4,0.9,3.1,2004
7330,1,Shareef Abdur-Rahim,PF,28,POR,54,49,34.6,6.2,12.4,.503,0.3,0.7,.385,6.0,11.7,.510,.514,4.1,4.7,.866,2.3,5.0,7.3,2.1,0.9,0.5,2.2,2.8,16.8,2005
7331,2,Cory Alexander,SG,31,CHA,16,1,12.6,1.0,3.1,.327,0.5,1.2,.421,0.5,1.9,.267,.408,0.6,0.8,.750,0.5,1.3,1.8,2.3,0.6,0.1,1.2,1.8,3.1,2005
7332,3,Malik Allen,PF,26,TOT,36,1,14.4,2.3,4.9,.475,0.0,0.0,,2.3,4.9,.475,.475,0.7,0.8,.929,1.1,1.6,2.8,0.5,0.3,0.6,0.5,1.5,5.4,2005
7333,3,Malik Allen,PF,26,MIA,14,0,17.7,2.5,5.4,.461,0.0,0.0,,2.5,5.4,.461,.461,0.9,1.0,.929,1.7,2.0,3.7,0.8,0.3,0.8,0.8,2.1,5.9,2005
7334,3,Malik Allen,PF,26,CHA,22,1,12.3,2.2,4.6,.485,0.0,0.0,,2.2,4.6,.485,.485,0.6,0.6,.929,0.7,1.4,2.1,0.3,0.2,0.5,0.3,1.1,5.0,2005
7335,4,Ray Allen*,SG,29,SEA,78,78,39.3,8.2,19.2,.428,2.7,7.1,.376,5.5,12.0,.459,.498,4.8,5.5,.883,1.0,3.4,4.4,3.7,1.1,0.1,2.2,2.1,23.9,2005
7336,5,Tony Allen,SG,23,BOS,77,34,16.4,2.4,5.0,.475,0.2,0.4,.387,2.2,4.6,.483,.491,1.5,2.0,.737,1.1,1.8,2.9,0.8,1.0,0.3,1.0,2.0,6.4,2005
7337,6,Rafer Alston,PG,28,TOR,80,78,34.0,5.0,12.2,.414,1.7,4.9,.357,3.3,7.3,.451,.485,2.4,3.2,.740,0.5,3.0,3.5,6.4,1.5,0.1,2.1,2.7,14.2,2005
7338,7,Chris Andersen,C,26,NOH,67,2,21.3,2.9,5.3,.534,0.0,0.0,.000,2.9,5.3,.538,.534,2.0,2.8,.689,2.0,4.1,6.1,1.1,0.2,1.5,1.0,2.1,7.7,2005
7339,8,Derek Anderson,SG,30,POR,47,32,26.4,3.2,8.3,.389,1.2,3.2,.384,2.0,5.1,.392,.463,1.5,1.9,.805,0.5,2.2,2.7,3.0,0.8,0.1,1.5,1.9,9.2,2005
7340,9,Kenny Anderson,PG,34,TOT,43,20,17.3,2.0,4.7,.423,0.1,0.3,.462,1.8,4.4,.420,.438,0.6,0.9,.730,0.6,1.5,2.0,2.4,0.8,0.0,1.1,2.0,4.7,2005
7341,9,Kenny Anderson,PG,34,ATL,39,20,18.4,2.1,4.9,.426,0.2,0.3,.462,1.9,4.5,.424,.442,0.7,0.9,.730,0.6,1.5,2.1,2.5,0.8,0.0,1.2,2.1,5.0,2005
7342,9,Kenny Anderson,PG,34,LAC,4,0,6.5,1.0,2.8,.364,0.0,0.0,,1.0,2.8,.364,.364,0.0,0.0,,0.3,1.0,1.3,1.3,0.0,0.0,0.8,1.5,2.0,2005
7343,10,Shandon Anderson,SF-SG,31,TOT,66,5,17.7,1.5,3.3,.452,0.1,0.4,.172,1.4,2.8,.495,.463,0.8,1.0,.818,0.6,2.3,2.9,1.1,0.6,0.2,0.8,2.1,3.9,2005
7344,10,Shandon Anderson,SG,31,NYK,1,0,20.0,0.0,2.0,.000,0.0,1.0,.000,0.0,1.0,.000,.000,0.0,0.0,,1.0,0.0,1.0,0.0,0.0,0.0,1.0,2.0,0.0,2005
7345,10,Shandon Anderson,SF,31,MIA,65,5,17.7,1.5,3.3,.456,0.1,0.4,.179,1.4,2.9,.497,.467,0.8,1.0,.818,0.6,2.3,2.9,1.1,0.6,0.2,0.8,2.1,3.9,2005
7346,11,Carmelo Anthony,SF,20,DEN,75,75,34.8,7.1,16.4,.431,0.6,2.1,.266,6.5,14.3,.455,.448,6.1,7.6,.796,1.9,3.8,5.7,2.6,0.9,0.4,3.0,3.1,20.8,2005
7347,12,Rafael Araújo,C,24,TOR,59,41,12.5,1.3,3.0,.434,0.0,0.1,.333,1.3,2.9,.436,.437,0.7,0.9,.782,1.0,2.1,3.1,0.3,0.4,0.1,0.9,2.7,3.3,2005
7348,13,Gilbert Arenas,PG,23,WAS,80,80,40.9,8.2,19.0,.431,2.6,7.0,.365,5.6,12.0,.469,.498,6.5,8.0,.814,1.0,3.7,4.7,5.1,1.7,0.3,3.0,3.1,25.5,2005
7349,14,Trevor Ariza,SF,19,NYK,80,12,17.3,2.2,4.9,.442,0.0,0.2,.231,2.1,4.7,.449,.446,1.5,2.2,.695,1.1,1.9,3.0,1.1,0.9,0.2,0.9,1.9,5.9,2005
7350,15,Darrell Armstrong,PG,36,TOT,66,16,15.0,1.3,4.2,.321,0.4,1.7,.252,0.9,2.5,.367,.372,0.9,1.0,.853,0.5,1.2,1.7,2.7,0.7,0.1,1.0,1.4,4.0,2005
7351,15,Darrell Armstrong,PG,36,NOH,14,9,29.4,3.8,11.4,.333,1.2,5.0,.243,2.6,6.4,.404,.387,1.4,1.5,.905,1.1,2.3,3.4,4.6,1.1,0.1,2.0,2.1,10.1,2005
7352,15,Darrell Armstrong,PG,36,DAL,52,7,11.1,0.7,2.3,.305,0.2,0.8,.268,0.5,1.5,.325,.352,0.8,0.9,.830,0.4,0.9,1.3,2.2,0.6,0.1,0.8,1.2,2.3,2005
7353,16,Carlos Arroyo,PG,25,TOT,70,16,20.7,2.4,6.1,.389,0.1,0.4,.267,2.3,5.7,.398,.399,1.7,2.1,.799,0.4,1.1,1.5,4.0,0.6,0.1,1.5,2.0,6.6,2005
7354,16,Carlos Arroyo,PG,25,UTA,30,16,24.7,3.1,7.7,.401,0.2,0.6,.389,2.9,7.1,.402,.416,1.8,2.1,.841,0.4,1.2,1.5,5.1,0.7,0.1,1.8,2.2,8.2,2005
7355,16,Carlos Arroyo,PG,25,DET,40,0,17.7,1.9,4.9,.376,0.0,0.3,.083,1.8,4.6,.395,.378,1.7,2.2,.767,0.4,1.1,1.5,3.2,0.6,0.0,1.3,1.9,5.4,2005
7356,17,Chucky Atkins,PG,30,LAL,82,82,35.4,4.7,11.1,.426,2.1,5.5,.387,2.6,5.5,.466,.523,2.0,2.5,.803,0.4,2.0,2.4,4.4,0.9,0.0,1.8,2.2,13.6,2005
7357,18,Stacey Augmon,SF,36,ORL,55,7,12.1,1.2,3.0,.407,0.0,0.0,,1.2,3.0,.407,.407,1.0,1.4,.740,0.8,1.0,1.8,0.7,0.4,0.1,0.6,1.5,3.5,2005
7358,19,Maurice Baker,PG,25,TOT,5,0,3.8,0.0,0.2,.000,0.0,0.0,,0.0,0.2,.000,.000,0.0,0.0,,0.2,0.2,0.4,0.2,0.2,0.0,0.2,0.6,0.0,2005
7359,19,Maurice Baker,PG,25,LAC,1,0,1.0,0.0,0.0,,0.0,0.0,,0.0,0.0,,,0.0,0.0,,0.0,0.0,0.0,0.0,0.0,0.0,0.0,0.0,0.0,2005
7360,19,Maurice Baker,PG,25,POR,4,0,4.5,0.0,0.3,.000,0.0,0.0,,0.0,0.3,.000,.000,0.0,0.0,,0.3,0.3,0.5,0.3,0.3,0.0,0.3,0.8,0.0,2005
7361,20,Vin Baker,PF-C,33,TOT,27,0,7.6,0.5,1.6,.310,0.0,0.0,.000,0.5,1.5,.317,.310,0.3,0.6,.529,0.6,0.8,1.4,0.4,0.1,0.1,0.6,1.4,1.3,2005
7362,20,Vin Baker,PF,33,NYK,24,0,8.0,0.5,1.6,.342,0.0,0.0,.000,0.5,1.5,.351,.342,0.3,0.6,.467,0.7,0.8,1.5,0.4,0.1,0.2,0.6,1.3,1.4,2005
7363,20,Vin Baker,C,33,HOU,3,0,4.3,0.0,1.3,.000,0.0,0.0,,0.0,1.3,.000,.000,0.7,0.7,1.000,0.0,0.7,0.7,0.3,0.0,0.0,0.7,2.3,0.7,2005
7364,21,Marcus Banks,PG,23,BOS,81,2,14.1,1.4,3.5,.402,0.3,0.7,.356,1.2,2.8,.414,.439,1.5,2.0,.742,0.4,1.2,1.6,1.9,0.8,0.2,1.0,1.8,4.6,2005
7365,22,Leandro Barbosa,PG,22,PHO,63,6,17.3,2.7,5.6,.475,0.8,2.2,.367,1.9,3.4,.544,.547,0.9,1.1,.797,0.5,1.6,2.1,2.0,0.5,0.1,1.4,2.0,7.0,2005
7366,23,Matt Barnes,SF,24,SAC,43,9,16.6,1.4,3.5,.411,0.1,0.5,.227,1.3,3.0,.442,.427,0.8,1.3,.603,1.1,2.0,3.1,1.3,0.7,0.2,1.0,1.9,3.8,2005
7367,24,Andre Barrett,PG,22,TOT,38,1,12.7,1.2,3.3,.363,0.4,1.4,.269,0.8,1.9,.431,.419,0.4,0.5,.737,0.3,0.8,1.1,1.8,0.5,0.0,0.7,1.3,3.1,2005
7368,24,Andre Barrett,PG,22,HOU,27,0,11.6,0.7,2.6,.290,0.3,1.4,.243,0.4,1.2,.344,.355,0.3,0.4,.700,0.2,0.5,0.7,1.6,0.5,0.0,0.6,1.3,2.1,2005
7369,24,Andre Barrett,PG,22,ORL,11,1,15.4,2.3,5.0,.455,0.5,1.4,.333,1.8,3.6,.500,.500,0.6,0.8,.778,0.5,1.4,1.9,2.5,0.5,0.1,1.0,1.5,5.6,2005
7370,25,Brent Barry,SG,33,SAS,81,8,21.5,2.4,5.7,.423,1.2,3.5,.357,1.2,2.2,.525,.532,1.4,1.7,.837,0.4,2.0,2.3,2.2,0.5,0.2,0.8,1.5,7.4,2005
7371,26,Jon Barry,SG,35,TOT,69,2,21.8,2.3,5.3,.438,1.0,2.4,.430,1.3,2.9,.443,.534,0.9,1.0,.873,0.4,1.9,2.3,2.4,0.9,0.1,1.0,1.4,6.6,2005
7372,26,Jon Barry,SG,35,ATL,16,0,17.2,1.9,4.8,.403,0.7,2.0,.344,1.3,2.8,.444,.474,0.6,0.8,.769,0.3,1.1,1.3,1.8,0.9,0.1,0.9,1.8,5.2,2005
7373,26,Jon Barry,SG,35,HOU,53,2,23.2,2.5,5.5,.447,1.1,2.5,.451,1.3,3.0,.443,.550,1.0,1.1,.897,0.4,2.2,2.6,2.6,0.9,0.1,1.0,1.3,7.0,2005
7374,27,Tony Battie,C,28,ORL,81,32,23.4,2.0,4.4,.460,0.0,0.1,.000,2.0,4.3,.468,.460,0.8,1.2,.723,1.3,4.2,5.6,0.5,0.4,1.0,1.0,3.0,4.9,2005
7375,28,Shane Battier,SG,26,MEM,80,72,31.5,3.4,7.7,.442,0.9,2.2,.395,2.5,5.5,.461,.499,2.3,2.9,.789,2.0,3.2,5.2,1.6,1.1,1.0,0.9,2.5,9.9,2005
7376,29,Lonny Baxter,PF,26,NOH,4,0,9.0,0.8,2.8,.273,0.0,0.0,,0.8,2.8,.273,.273,0.0,0.5,.000,1.0,1.0,2.0,0.0,0.0,0.0,1.0,2.5,1.5,2005
7377,30,Raja Bell,SG,28,UTA,63,32,28.4,4.8,10.6,.454,0.9,2.1,.403,4.0,8.5,.467,.495,1.8,2.4,.747,0.8,2.4,3.2,1.4,0.7,0.1,1.3,3.3,12.3,2005
7378,31,Jonathan Bender,SF,24,IND,7,0,13.3,2.3,5.7,.400,0.1,0.7,.200,2.1,5.0,.429,.413,0.4,0.9,.500,0.7,1.3,2.0,0.6,0.1,0.3,1.4,1.3,5.1,2005
7379,32,Travis Best,PG,32,NJN,76,6,19.2,2.5,5.9,.420,0.3,1.1,.306,2.2,4.8,.447,.449,1.4,1.6,.885,0.3,1.2,1.4,1.9,0.9,0.1,0.9,1.9,6.8,2005
7380,33,Mike Bibby,PG,26,SAC,80,80,38.6,7.0,15.8,.443,1.6,4.6,.360,5.4,11.3,.477,.495,4.0,5.2,.775,1.0,3.2,4.2,6.8,1.6,0.4,2.5,2.4,19.6,2005
7381,34,Andris Biedriņš,C,18,GSW,30,1,12.8,1.5,2.6,.577,0.0,0.0,.000,1.5,2.6,.584,.577,0.6,1.3,.475,1.6,2.4,3.9,0.4,0.4,0.8,0.4,2.9,3.6,2005
7382,35,Chauncey Billups,PG,28,DET,80,80,35.8,5.1,11.4,.442,2.1,4.8,.426,3.0,6.6,.454,.533,4.3,4.8,.898,0.6,2.8,3.4,5.8,1.0,0.1,2.3,2.4,16.5,2005
7383,36,Steve Blake,PG,24,WAS,44,1,14.7,1.4,4.2,.328,0.8,2.1,.387,0.6,2.1,.269,.425,0.8,0.9,.805,0.4,1.2,1.6,1.6,0.3,0.0,0.9,1.1,4.3,2005
7384,37,Mark Blount,C,29,BOS,82,57,26.0,4.0,7.5,.529,0.0,0.0,.000,4.0,7.5,.530,.529,1.4,2.0,.713,1.7,3.1,4.8,1.6,0.4,0.8,1.9,2.8,9.4,2005
7385,38,Tony Bobbitt,SG,25,LAL,2,0,6.0,1.0,2.5,.400,0.5,1.0,.500,0.5,1.5,.333,.500,0.0,0.0,,0.0,1.5,1.5,0.0,0.0,0.0,0.0,0.5,2.5,2005
7386,39,Keith Bogans,SG,24,CHA,74,42,24.2,3.5,9.3,.381,0.8,2.3,.329,2.8,7.0,.398,.422,1.8,2.5,.727,1.0,2.0,3.1,1.8,0.9,0.1,1.6,2.3,9.6,2005
7387,40,Matt Bonner,C,24,TOR,82,0,18.9,3.0,5.6,.533,0.5,1.1,.424,2.5,4.5,.561,.576,0.7,0.9,.789,1.3,2.2,3.5,0.6,0.5,0.2,0.5,2.7,7.2,2005
7388,Rk,Player,Pos,Age,Tm,G,GS,MP,FG,FGA,FG%,3P,3PA,3P%,2P,2PA,2P%,eFG%,FT,FTA,FT%,ORB,DRB,TRB,AST,STL,BLK,TOV,PF,PTS,2005
7389,41,Calvin Booth,C,28,TOT,51,1,8.8,1.0,2.1,.454,0.0,0.0,.000,1.0,2.1,.458,.454,0.5,0.6,.813,0.6,1.5,2.1,0.2,0.3,0.5,0.3,1.5,2.4,2005
7390,41,Calvin Booth,C,28,DAL,34,1,7.7,1.0,2.3,.430,0.0,0.0,.000,1.0,2.3,.436,.430,0.4,0.5,.875,0.5,1.2,1.7,0.1,0.3,0.5,0.2,1.6,2.4,2005
7391,41,Calvin Booth,C,28,MIL,17,0,11.1,0.9,1.7,.517,0.0,0.0,,0.9,1.7,.517,.517,0.7,0.9,.750,0.8,2.1,2.9,0.2,0.2,0.7,0.5,1.4,2.5,2005
7392,42,Carlos Boozer,PF,23,UTA,51,51,34.7,7.1,13.6,.521,0.0,0.0,.000,7.1,13.6,.522,.521,3.7,5.3,.698,2.8,6.2,9.0,2.8,0.8,0.5,2.7,3.5,17.8,2005
7393,43,Curtis Borchardt,C,24,UTA,67,23,12.8,1.1,2.6,.430,0.0,0.0,,1.1,2.6,.430,.430,0.8,1.1,.732,1.3,2.1,3.3,0.7,0.1,0.5,0.8,2.4,3.0,2005
7394,44,Chris Bosh*,PF,20,TOR,81,81,37.2,5.8,12.4,.471,0.0,0.1,.300,5.8,12.3,.472,.472,5.1,6.7,.760,2.4,6.5,8.9,1.9,0.9,1.4,2.3,2.8,16.8,2005
7395,45,Bruce Bowen,SF,33,SAS,82,82,32.0,3.1,7.3,.420,1.2,3.1,.403,1.8,4.2,.432,.505,0.9,1.4,.634,0.6,2.9,3.5,1.5,0.7,0.5,0.7,2.1,8.2,2005
7396,46,Ryan Bowen,SF,29,HOU,66,6,9.2,0.7,1.7,.423,0.0,0.1,.500,0.7,1.6,.419,.437,0.2,0.3,.667,0.3,0.8,1.2,0.3,0.3,0.1,0.1,0.9,1.7,2005
7397,47,Earl Boykins,PG,28,DEN,82,5,26.4,4.1,10.0,.413,0.7,2.0,.337,3.5,8.0,.432,.447,3.4,3.7,.921,0.5,1.3,1.7,4.5,1.0,0.1,1.5,1.5,12.4,2005
7398,48,Michael Bradley,PF,25,TOT,18,0,6.6,0.8,1.3,.625,0.0,0.1,.000,0.8,1.3,.652,.625,0.2,0.4,.375,0.4,1.1,1.6,0.3,0.1,0.1,0.3,0.7,1.8,2005
7399,48,Michael Bradley,PF,25,ORL,8,0,6.9,0.4,0.9,.429,0.0,0.0,,0.4,0.9,.429,.429,0.0,0.0,,0.4,1.4,1.8,0.3,0.1,0.3,0.1,0.5,0.8,2005
7400,48,Michael Bradley,PF,25,SAC,8,0,6.0,1.0,1.5,.667,0.0,0.0,,1.0,1.5,.667,.667,0.3,0.8,.333,0.6,0.8,1.4,0.3,0.0,0.0,0.4,1.0,2.3,2005
7401,48,Michael Bradley,PF,25,PHI,2,0,8.0,2.0,2.5,.800,0.0,0.5,.000,2.0,2.0,1.000,.800,0.5,1.0,.500,0.0,1.5,1.5,0.5,0.0,0.0,0.5,0.0,4.5,2005
7402,49,Shawn Bradley,C,32,DAL,77,14,11.5,1.1,2.4,.452,0.0,0.0,,1.1,2.4,.452,.452,0.6,0.8,.683,0.9,1.9,2.8,0.2,0.3,0.8,0.4,2.0,2.7,2005
7403,50,Torraye Braggs,PF,28,HOU,7,0,3.4,0.4,1.0,.429,0.0,0.0,,0.4,1.0,.429,.429,0.0,0.0,,1.0,0.7,1.7,0.0,0.0,0.0,0.3,0.6,0.9,2005
7404,51,Elton Brand,PF,25,LAC,81,81,37.0,7.8,15.4,.503,0.0,0.0,.000,7.8,15.4,.504,.503,4.5,6.0,.752,3.7,5.9,9.5,2.6,0.8,2.1,2.3,3.0,20.0,2005
7405,52,Jamison Brewer,PG,24,NYK,18,0,10.3,0.6,2.1,.297,0.2,0.8,.200,0.4,1.2,.364,.338,0.3,0.7,.462,0.3,0.9,1.2,0.7,0.4,0.1,0.7,0.6,1.7,2005
7406,53,Primož Brezec,C,25,CHA,72,72,31.6,5.4,10.5,.512,0.0,0.0,,5.4,10.5,.512,.512,2.3,3.1,.745,3.1,4.2,7.4,1.2,0.5,0.8,1.5,2.5,13.0,2005
7407,54,Damone Brown,SF,25,WAS,14,0,10.9,1.6,4.4,.371,0.3,0.8,.364,1.4,3.6,.373,.403,0.3,0.6,.444,0.7,1.3,2.0,1.0,0.1,0.4,1.1,1.2,3.9,2005
7408,55,Devin Brown,SG,26,SAS,67,0,18.5,2.6,6.1,.423,0.7,1.8,.372,1.9,4.3,.444,.478,1.5,1.9,.792,0.6,2.1,2.6,1.4,0.6,0.2,0.8,1.2,7.4,2005
7409,56,Kedrick Brown,SF,23,PHI,8,0,6.9,0.3,0.8,.333,0.0,0.4,.000,0.3,0.4,.667,.333,1.0,1.3,.800,0.1,1.3,1.4,0.5,0.4,0.1,0.6,0.5,1.5,2005
7410,57,Kwame Brown,PF,22,WAS,42,14,21.6,2.6,5.6,.460,0.0,0.0,,2.6,5.6,.460,.460,1.8,3.1,.574,1.7,3.2,4.9,0.9,0.6,0.4,1.6,2.7,7.0,2005
7411,58,P.J. Brown,PF,35,NOH,82,78,34.4,4.1,9.2,.446,0.0,0.0,,4.1,9.2,.446,.446,2.6,3.0,.864,3.2,5.7,9.0,2.2,0.9,0.6,1.2,2.8,10.8,2005
7412,59,Tierre Brown,PG,25,LAL,76,0,14.0,1.6,4.6,.356,0.3,0.9,.361,1.3,3.6,.355,.394,0.8,1.0,.787,0.3,0.9,1.2,2.0,0.4,0.0,1.0,0.8,4.4,2005
7413,60,Rick Brunson,PG,32,LAC,80,39,24.3,2.1,5.5,.376,0.6,1.6,.369,1.5,3.9,.378,.430,0.7,0.9,.770,0.3,2.1,2.3,5.1,1.0,0.1,1.6,1.3,5.5,2005
7414,Rk,Player,Pos,Age,Tm,G,GS,MP,FG,FGA,FG%,3P,3PA,3P%,2P,2PA,2P%,eFG%,FT,FTA,FT%,ORB,DRB,TRB,AST,STL,BLK,TOV,PF,PTS,2005
7415,61,Kobe Bryant*,SG,26,LAL,66,66,40.7,8.7,20.1,.433,2.0,5.9,.339,6.7,14.2,.472,.482,8.2,10.1,.816,1.4,4.5,5.9,6.0,1.3,0.8,4.1,2.6,27.6,2005
7416,62,Greg Buckner,SG,28,DEN,70,41,21.7,2.3,4.3,.528,0.7,1.7,.405,1.6,2.6,.610,.609,0.9,1.2,.778,0.9,2.0,3.0,1.9,1.1,0.1,0.7,2.4,6.2,2005
7417,63,Rodney Buford,SF,27,NJN,64,17,20.5,2.9,7.6,.382,0.5,1.7,.315,2.4,6.0,.402,.417,0.6,0.7,.822,0.5,2.4,3.0,1.0,0.6,0.1,0.5,1.6,7.0,2005
7418,64,Antonio Burks,PG,24,MEM,24,0,9.1,1.2,2.5,.467,0.1,0.5,.273,1.0,2.0,.510,.492,0.6,0.8,.737,0.0,0.5,0.5,1.2,0.5,0.0,0.5,1.0,3.0,2005
7419,65,Caron Butler,SF,24,LAL,77,77,35.7,5.7,12.9,.445,0.5,1.6,.304,5.2,11.2,.465,.464,3.6,4.1,.862,1.9,3.9,5.8,1.9,1.4,0.3,1.6,2.8,15.5,2005
7420,66,Jackie Butler,C,19,NYK,3,0,1.7,1.3,1.3,1.000,0.0,0.0,,1.3,1.3,1.000,1.000,0.7,0.7,1.000,0.0,0.0,0.0,0.0,0.3,0.0,0.3,0.0,3.3,2005
7421,67,Rasual Butler,SF,25,MIA,65,15,18.5,2.5,6.3,.399,0.9,2.4,.373,1.6,3.9,.414,.468,0.6,0.7,.771,0.2,2.1,2.3,1.0,0.3,0.4,0.6,1.6,6.5,2005
7422,68,Žarko Čabarkapa,PF,23,TOT,40,0,11.9,2.2,4.4,.486,0.3,0.9,.361,1.8,3.5,.518,.523,1.3,1.6,.815,0.9,1.7,2.6,0.6,0.3,0.1,0.8,1.5,6.0,2005
7423,68,Žarko Čabarkapa,PF,23,PHO,3,0,3.7,1.3,2.3,.571,0.0,0.0,,1.3,2.3,.571,.571,0.3,0.3,1.000,0.7,0.3,1.0,0.0,0.0,0.0,0.0,0.0,3.0,2005
7424,68,Žarko Čabarkapa,PF,23,GSW,37,0,12.5,2.2,4.6,.482,0.4,1.0,.361,1.9,3.6,.515,.521,1.4,1.7,.813,0.9,1.8,2.7,0.7,0.3,0.1,0.8,1.6,6.2,2005
7425,69,Marcus Camby,C,30,DEN,66,66,30.5,4.2,9.1,.465,0.0,0.1,.000,4.2,9.0,.468,.465,1.9,2.6,.723,2.0,8.0,10.0,2.3,0.9,3.0,1.6,2.7,10.3,2005
7426,70,Elden Campbell,C,36,TOT,40,1,9.8,1.0,3.1,.317,0.0,0.1,.000,1.0,3.0,.322,.317,1.1,1.4,.764,0.7,1.6,2.3,0.5,0.2,0.2,0.7,1.4,3.0,2005
7427,70,Elden Campbell,C,36,NJN,10,0,5.0,0.0,0.7,.000,0.0,0.0,,0.0,0.7,.000,.000,0.2,0.4,.500,0.3,0.8,1.1,0.3,0.0,0.1,0.1,1.0,0.2,2005
7428,70,Elden Campbell,C,36,DET,30,1,11.3,1.3,3.9,.336,0.0,0.1,.000,1.3,3.8,.342,.336,1.3,1.7,.784,0.8,1.9,2.7,0.5,0.3,0.2,0.9,1.6,3.9,2005
7429,71,Brian Cardinal,PF,27,MEM,58,16,24.7,2.8,7.4,.370,0.8,2.2,.352,2.0,5.3,.378,.421,2.7,3.1,.873,1.1,2.8,3.9,2.0,1.5,0.3,1.4,3.0,9.0,2005
7430,72,Geno Carlisle,SG,28,POR,6,0,2.7,0.3,0.5,.667,0.0,0.0,,0.3,0.5,.667,.667,0.7,1.0,.667,0.2,0.0,0.2,0.2,0.0,0.0,0.2,0.2,1.3,2005
7431,73,Matt Carroll,SG,24,CHA,25,0,17.2,2.8,7.2,.389,0.5,1.6,.333,2.3,5.6,.404,.425,2.8,3.3,.855,0.5,1.9,2.4,0.7,0.7,0.1,1.0,1.5,9.0,2005
7432,74,Anthony Carter,PG,29,MIN,66,12,11.2,1.1,2.7,.407,0.0,0.3,.118,1.1,2.4,.438,.412,0.5,0.8,.686,0.2,0.9,1.0,2.4,0.5,0.3,0.9,1.3,2.7,2005
7433,75,Vince Carter,SF-SG,28,TOT,77,76,36.7,9.0,20.0,.452,1.6,4.1,.406,7.4,15.9,.463,.493,4.8,6.0,.798,1.4,3.8,5.2,4.2,1.4,0.6,2.2,3.2,24.5,2005
7434,75,Vince Carter,SG,28,TOR,20,20,30.4,6.2,15.1,.411,1.0,3.0,.322,5.3,12.2,.432,.442,2.5,3.6,.694,1.4,1.9,3.3,3.1,1.3,0.8,1.1,2.8,15.9,2005
7435,75,Vince Carter,SF,28,NJN,57,56,38.9,10.0,21.7,.462,1.9,4.5,.425,8.1,17.3,.471,.505,5.6,6.8,.817,1.4,4.5,5.9,4.7,1.5,0.6,2.6,3.3,27.5,2005
7436,76,Sam Cassell,PG,35,MIN,59,38,25.8,5.4,11.6,.464,0.5,1.7,.262,4.9,9.9,.500,.484,2.3,2.6,.865,0.4,2.2,2.7,5.1,0.6,0.2,1.8,2.7,13.5,2005
7437,77,Kelvin Cato,C,30,ORL,62,50,24.6,2.6,4.8,.539,0.0,0.0,,2.6,4.8,.539,.539,1.8,2.3,.783,1.6,5.1,6.7,0.6,0.9,1.3,1.0,2.7,7.0,2005
7438,78,Lionel Chalmers,PG,24,LAC,36,0,12.0,1.2,3.5,.336,0.3,1.4,.245,0.8,2.1,.395,.384,0.4,0.7,.625,0.1,0.8,0.9,1.4,0.4,0.0,0.7,0.8,3.1,2005
7439,79,Tyson Chandler,C,22,CHI,80,10,27.4,2.6,5.2,.494,0.0,0.0,.000,2.6,5.2,.496,.494,2.8,4.2,.673,3.3,6.4,9.7,0.8,0.9,1.8,1.5,3.4,8.0,2005
7440,80,Calbert Cheaney,SG,33,GSW,55,5,17.3,2.1,4.8,.426,0.0,0.1,.000,2.1,4.8,.431,.426,0.4,0.7,.649,0.6,1.7,2.3,1.2,0.3,0.3,0.6,1.7,4.5,2005
7441,Rk,Player,Pos,Age,Tm,G,GS,MP,FG,FGA,FG%,3P,3PA,3P%,2P,2PA,2P%,eFG%,FT,FTA,FT%,ORB,DRB,TRB,AST,STL,BLK,TOV,PF,PTS,2005
7442,81,Josh Childress,SG,21,ATL,80,44,29.7,3.8,8.0,.470,0.2,0.7,.232,3.6,7.3,.493,.481,2.4,2.9,.823,2.4,3.6,6.0,1.9,0.9,0.4,1.3,2.3,10.1,2005
7443,82,Doug Christie,SG,34,TOT,52,44,29.3,2.5,6.4,.392,0.3,1.2,.242,2.2,5.2,.426,.414,1.3,1.5,.897,0.7,2.7,3.4,3.8,1.5,0.3,2.0,2.0,6.6,2005
7444,82,Doug Christie,SG,34,SAC,31,31,32.1,2.7,6.6,.407,0.3,1.3,.256,2.4,5.3,.442,.431,1.6,1.8,.893,0.9,3.0,4.0,4.9,1.4,0.4,2.2,2.0,7.3,2005
7445,82,Doug Christie,SG,34,ORL,21,13,25.2,2.2,6.1,.367,0.2,1.1,.217,2.0,5.0,.400,.387,1.0,1.0,.909,0.4,2.1,2.6,2.2,1.8,0.2,1.7,2.1,5.7,2005
7446,83,Speedy Claxton,PG,26,TOT,62,47,30.1,4.1,9.9,.421,0.2,1.0,.180,4.0,8.9,.447,.430,3.0,4.1,.736,0.6,2.4,3.0,6.0,1.8,0.1,1.9,3.0,11.5,2005
7447,83,Speedy Claxton,PG,26,GSW,46,44,32.6,4.7,10.9,.431,0.2,1.1,.192,4.5,9.8,.459,.441,3.5,4.6,.761,0.7,2.6,3.3,6.2,1.9,0.1,2.0,3.3,13.1,2005
7448,83,Speedy Claxton,PG,26,NOH,16,3,22.8,2.6,6.9,.373,0.1,0.6,.111,2.5,6.3,.396,.377,1.6,2.6,.610,0.3,1.6,1.9,5.5,1.4,0.1,1.7,1.9,6.8,2005
7449,84,Mateen Cleaves,PG,27,SEA,14,0,4.6,0.4,1.0,.357,0.0,0.1,.000,0.4,0.9,.417,.357,0.2,0.3,.750,0.1,0.3,0.4,0.5,0.1,0.0,0.1,0.1,0.9,2005
7450,85,Derrick Coleman,C,37,DET,5,0,10.0,0.6,2.8,.214,0.0,0.4,.000,0.6,2.4,.250,.214,0.6,0.6,1.000,0.6,2.4,3.0,0.0,0.0,0.0,0.4,1.2,1.8,2005
7451,86,Jason Collier,C,27,ATL,70,44,13.5,2.5,5.4,.463,0.1,0.2,.429,2.4,5.2,.464,.471,0.7,1.0,.676,1.2,1.4,2.6,0.3,0.2,0.2,0.9,2.1,5.7,2005
7452,87,Jarron Collins,C,26,UTA,50,38,19.2,1.3,3.1,.414,0.0,0.0,.000,1.3,3.1,.417,.414,1.7,2.4,.697,1.1,2.1,3.3,1.2,0.2,0.1,0.7,2.9,4.3,2005
7453,88,Jason Collins,C,26,NJN,80,80,31.8,2.3,5.6,.412,0.0,0.1,.333,2.3,5.6,.413,.415,1.7,2.6,.656,1.9,4.2,6.1,1.3,0.9,0.9,1.1,4.0,6.4,2005
7454,89,Nick Collison,C,24,SEA,82,4,17.0,2.3,4.3,.537,0.0,0.0,.000,2.3,4.3,.541,.537,1.0,1.4,.703,1.9,2.7,4.6,0.4,0.4,0.6,0.8,3.1,5.6,2005
7455,90,Brian Cook,C,24,LAL,72,0,15.1,2.4,5.9,.417,1.1,2.8,.392,1.4,3.1,.439,.509,0.4,0.5,.757,0.9,2.1,3.0,0.5,0.3,0.4,0.4,1.9,6.4,2005
7456,91,Omar Cook,PG,23,TOR,5,0,14.8,2.0,4.8,.417,0.0,0.8,.000,2.0,4.0,.500,.417,0.6,1.2,.500,0.4,1.0,1.4,4.4,1.2,0.2,1.2,1.2,4.6,2005
7457,92,Jamal Crawford,SG,24,NYK,70,67,38.4,6.2,15.7,.398,2.6,7.3,.361,3.6,8.4,.431,.483,2.6,3.1,.843,0.5,2.4,2.9,4.3,1.3,0.3,2.1,1.9,17.7,2005
7458,93,Austin Croshere,PF,29,IND,73,22,25.0,2.6,6.8,.378,0.6,2.4,.259,2.0,4.4,.443,.424,3.1,3.5,.883,1.4,3.7,5.1,1.3,0.7,0.2,1.4,2.1,8.9,2005
7459,94,Eddy Curry,C,22,CHI,63,60,28.7,6.2,11.6,.538,0.0,0.0,,6.2,11.6,.538,.538,3.6,5.0,.720,1.8,3.5,5.4,0.6,0.3,0.9,2.6,3.2,16.1,2005
7460,95,Michael Curry,SF,36,IND,18,7,13.8,0.7,1.6,.448,0.0,0.0,,0.7,1.6,.448,.448,0.2,0.4,.500,0.4,1.1,1.5,0.8,0.3,0.2,0.3,2.2,1.7,2005
7461,96,Samuel Dalembert,C,23,PHI,72,60,24.8,3.5,6.6,.524,0.0,0.0,,3.5,6.6,.524,.524,1.2,2.1,.601,2.6,4.9,7.5,0.5,0.6,1.7,1.6,3.3,8.2,2005
7462,97,Erick Dampier,C,29,DAL,59,56,27.3,3.4,6.2,.550,0.0,0.1,.000,3.4,6.2,.555,.550,2.3,3.9,.605,3.1,5.4,8.5,0.9,0.3,1.4,1.7,3.5,9.2,2005
7463,98,Antonio Daniels,PG,29,SEA,75,2,27.0,3.6,8.3,.438,0.7,2.2,.297,3.0,6.1,.489,.478,3.3,4.1,.816,0.3,2.0,2.3,4.1,0.7,0.0,1.0,1.0,11.2,2005
7464,99,Erik Daniels,SF,22,SAC,21,0,3.4,0.3,0.9,.333,0.0,0.1,.500,0.2,0.8,.313,.361,0.0,0.0,,0.3,0.5,0.9,0.2,0.1,0.0,0.3,0.3,0.6,2005
7465,100,Marquis Daniels,SG,24,DAL,60,17,23.5,3.7,8.4,.437,0.1,0.6,.200,3.6,7.8,.454,.443,1.6,2.2,.737,1.5,2.2,3.6,2.1,1.4,0.2,1.4,2.1,9.1,2005
7466,Rk,Player,Pos,Age,Tm,G,GS,MP,FG,FGA,FG%,3P,3PA,3P%,2P,2PA,2P%,eFG%,FT,FTA,FT%,ORB,DRB,TRB,AST,STL,BLK,TOV,PF,PTS,2005
7467,101,Antonio Davis,PF,36,CHI,72,62,25.6,2.7,5.8,.461,0.0,0.0,,2.7,5.8,.461,.461,1.6,2.1,.757,2.1,3.8,5.9,1.1,0.4,0.6,1.3,2.0,7.0,2005
7468,102,Baron Davis,PG,25,TOT,46,32,34.4,6.3,16.3,.387,2.6,7.7,.333,3.8,8.7,.435,.465,4.0,5.3,.761,0.7,3.1,3.8,7.9,1.8,0.3,2.8,2.7,19.2,2005
7469,102,Baron Davis,PG,25,NOH,18,13,32.9,6.2,16.8,.366,2.4,7.6,.321,3.7,9.2,.404,.439,4.1,5.3,.771,0.9,2.8,3.7,7.2,1.7,0.2,2.1,2.9,18.9,2005
7470,102,Baron Davis,PG,25,GSW,28,19,35.3,6.4,16.0,.401,2.6,7.8,.341,3.8,8.3,.457,.483,4.0,5.3,.755,0.6,3.3,3.9,8.3,1.8,0.4,3.3,2.6,19.5,2005
7471,103,Dale Davis,C,35,TOT,61,28,21.4,1.8,3.8,.479,0.0,0.0,,1.8,3.8,.479,.479,1.0,1.6,.606,2.5,3.7,6.1,0.8,0.5,1.1,0.7,2.7,4.7,2005
7472,103,Dale Davis,C,35,GSW,36,3,16.0,1.3,3.0,.413,0.0,0.0,,1.3,3.0,.413,.413,0.6,1.1,.579,1.7,2.6,4.3,0.6,0.4,0.9,0.6,2.2,3.1,2005
7473,103,Dale Davis,C,35,IND,25,25,29.2,2.7,5.0,.536,0.0,0.0,,2.7,5.0,.536,.536,1.5,2.4,.623,3.6,5.2,8.9,1.0,0.8,1.3,0.9,3.3,6.9,2005
7474,104,Josh Davis,PF,24,PHI,42,5,7.8,1.0,2.6,.378,0.5,1.3,.358,0.5,1.4,.397,.464,0.3,0.4,.824,0.7,1.2,1.9,0.3,0.2,0.1,0.4,1.1,2.8,2005
7475,105,Ricky Davis,SG,25,BOS,82,11,32.9,5.9,12.7,.462,0.7,2.2,.339,5.1,10.5,.488,.491,3.5,4.3,.815,0.8,2.2,3.0,3.0,1.1,0.3,2.5,2.1,16.0,2005
7476,106,Andrew DeClercq,C,31,ORL,8,0,6.1,0.5,1.1,.444,0.0,0.0,,0.5,1.1,.444,.444,0.1,0.4,.333,0.9,0.4,1.3,0.0,0.3,0.0,0.1,1.8,1.1,2005
7477,107,Carlos Delfino,SG,22,DET,30,4,15.3,1.4,3.9,.359,0.3,1.2,.257,1.1,2.7,.402,.397,0.8,1.3,.575,0.4,1.4,1.8,1.3,0.7,0.2,0.8,1.5,3.9,2005
7478,108,Tony Delk,SG,31,ATL,56,1,23.9,4.4,10.6,.416,1.3,3.6,.356,3.1,6.9,.447,.477,1.8,2.4,.757,0.5,1.8,2.3,1.9,0.8,0.1,1.0,2.2,11.9,2005
7479,109,Luol Deng,SF,19,CHI,61,45,27.3,4.6,10.6,.434,0.5,1.9,.265,4.1,8.7,.472,.458,2.0,2.7,.741,1.5,3.8,5.3,2.2,0.8,0.4,1.9,1.6,11.7,2005
7480,110,Boris Diaw,SG,22,ATL,66,25,18.2,1.9,4.5,.422,0.1,0.8,.180,1.7,3.7,.471,.437,0.9,1.2,.740,0.8,1.8,2.6,2.3,0.6,0.3,1.3,1.9,4.8,2005
7481,111,Dan Dickau,PG,26,TOT,71,46,29.4,4.3,10.6,.405,1.2,3.5,.347,3.1,7.2,.432,.461,2.7,3.2,.833,0.5,2.1,2.5,4.9,1.1,0.1,2.0,2.8,12.5,2005
7482,111,Dan Dickau,PG,26,DAL,4,0,4.0,0.3,2.0,.125,0.3,0.8,.333,0.0,1.3,.000,.188,0.5,0.8,.667,0.0,0.3,0.3,0.3,0.0,0.0,0.3,0.3,1.3,2005
7483,111,Dan Dickau,PG,26,NOH,67,46,31.0,4.6,11.2,.408,1.3,3.6,.347,3.3,7.6,.437,.464,2.8,3.4,.836,0.5,2.2,2.7,5.2,1.1,0.1,2.1,3.0,13.2,2005
7484,112,Kaniel Dickens,SF,26,NJN,11,0,5.5,0.4,1.3,.286,0.3,0.8,.333,0.1,0.5,.200,.393,0.2,0.2,1.000,0.3,0.5,0.8,0.1,0.2,0.1,0.2,0.5,1.2,2005
7485,113,DeSagana Diop,C,23,CLE,39,0,7.8,0.5,1.8,.290,0.0,0.1,.000,0.5,1.7,.299,.290,0.0,0.1,.000,0.8,1.0,1.8,0.4,0.2,0.7,0.3,1.4,1.0,2005
7486,114,Vlade Divac*,C,36,LAL,15,0,8.7,0.9,2.1,.419,0.0,0.0,,0.9,2.1,.419,.419,0.5,0.8,.667,1.2,0.9,2.1,1.3,0.3,0.1,0.9,1.7,2.3,2005
7487,115,Juan Dixon,SG,26,WAS,63,4,16.7,3.0,7.1,.416,0.8,2.3,.327,2.2,4.8,.460,.470,1.4,1.5,.897,0.5,1.4,1.9,1.8,0.7,0.1,1.1,1.6,8.0,2005
7488,116,Michael Doleac,C,27,MIA,80,8,14.7,1.9,4.1,.447,0.0,0.0,.000,1.9,4.1,.450,.447,0.3,0.5,.610,0.9,2.3,3.2,0.6,0.3,0.3,0.5,2.0,4.0,2005
7489,117,Keyon Dooling,PG,24,MIA,74,0,16.0,1.9,4.7,.403,0.3,1.0,.253,1.6,3.6,.444,.430,1.1,1.5,.780,0.1,1.1,1.2,1.8,0.5,0.1,0.9,1.6,5.2,2005
7490,118,Predrag Drobnjak,C,29,ATL,71,1,20.2,3.4,7.6,.438,0.4,1.0,.352,3.0,6.6,.451,.461,1.4,1.7,.800,1.0,2.3,3.4,0.7,0.6,0.3,1.1,1.9,8.4,2005
7491,119,Chris Duhon,PG,22,CHI,82,73,26.5,2.1,6.0,.352,1.1,3.2,.355,1.0,2.7,.350,.449,0.6,0.8,.731,0.3,2.3,2.6,4.9,1.0,0.0,1.5,2.5,5.9,2005
7492,120,Tim Duncan*,PF,28,SAS,66,66,33.4,7.8,15.8,.496,0.0,0.1,.333,7.8,15.7,.498,.498,4.6,6.9,.670,3.1,8.0,11.1,2.7,0.7,2.6,1.9,2.2,20.3,2005
7493,Rk,Player,Pos,Age,Tm,G,GS,MP,FG,FGA,FG%,3P,3PA,3P%,2P,2PA,2P%,eFG%,FT,FTA,FT%,ORB,DRB,TRB,AST,STL,BLK,TOV,PF,PTS,2005
7494,121,Mike Dunleavy,SF,24,GSW,79,79,32.5,5.2,11.5,.451,1.4,3.5,.388,3.8,8.0,.479,.510,1.7,2.2,.779,1.2,4.3,5.5,2.6,1.0,0.3,1.7,2.5,13.4,2005
7495,122,Ronald Dupree,SF,24,DET,47,0,10.0,1.3,2.7,.480,0.0,0.0,.500,1.3,2.7,.480,.484,0.6,1.0,.617,0.7,1.3,2.0,0.5,0.1,0.2,0.5,1.3,3.2,2005
7496,123,Ndudi Ebi,SG,20,MIN,2,0,27.0,5.5,10.5,.524,0.0,0.5,.000,5.5,10.0,.550,.524,2.5,4.5,.556,3.0,5.0,8.0,0.5,0.5,0.5,1.5,3.5,13.5,2005
7497,124,Corsley Edwards,C,25,NOH,10,0,11.0,1.0,3.1,.323,0.0,0.0,,1.0,3.1,.323,.323,0.7,1.2,.583,1.2,1.3,2.5,0.3,0.3,0.4,0.2,1.9,2.7,2005
7498,125,John Edwards,C,23,IND,25,1,5.6,0.4,1.2,.367,0.0,0.0,,0.4,1.2,.367,.367,0.3,0.6,.500,0.3,0.4,0.8,0.1,0.1,0.2,0.3,0.5,1.2,2005
7499,126,Howard Eisley,PG,32,UTA,74,1,19.3,2.2,5.5,.398,0.4,1.4,.262,1.8,4.1,.444,.431,0.9,1.1,.795,0.2,1.0,1.2,3.4,0.6,0.1,1.5,2.1,5.6,2005
7500,127,Obinna Ekezie,C,29,ATL,42,31,17.4,1.9,4.3,.434,0.0,0.0,.000,1.9,4.3,.436,.434,1.7,2.2,.774,1.6,2.6,4.3,0.3,0.5,0.3,1.1,3.1,5.5,2005
7501,128,Francisco Elson,C,28,DEN,67,11,14.0,1.5,3.2,.468,0.0,0.0,.333,1.5,3.2,.469,.470,0.7,1.2,.570,0.9,2.1,3.0,0.5,0.5,0.6,0.6,1.9,3.7,2005
7502,129,Melvin Ely,PF,26,CHA,79,17,20.9,2.9,6.7,.432,0.0,0.0,,2.9,6.7,.432,.432,1.5,2.7,.575,1.8,2.3,4.1,1.0,0.4,0.9,1.5,2.5,7.3,2005
7503,130,Andre Emmett,SG,22,MEM,8,0,3.5,0.3,0.8,.333,0.0,0.0,,0.3,0.8,.333,.333,0.4,0.6,.600,0.0,0.3,0.3,0.0,0.0,0.0,0.1,0.5,0.9,2005
7504,131,Maurice Evans,SG,26,SAC,65,11,19.0,2.5,5.7,.442,0.4,1.3,.329,2.1,4.5,.474,.479,0.9,1.2,.756,1.4,1.7,3.1,0.7,0.6,0.1,0.5,1.6,6.4,2005
7505,132,Reggie Evans,PF,24,SEA,79,79,23.8,1.7,3.5,.476,0.0,0.0,.000,1.7,3.5,.480,.476,1.6,3.0,.534,3.2,6.1,9.3,0.7,0.7,0.2,1.3,2.6,4.9,2005
7506,133,Michael Finley,SG,31,DAL,64,64,36.8,6.0,14.2,.427,1.8,4.5,.407,4.2,9.7,.436,.491,1.8,2.1,.831,0.7,3.4,4.1,2.6,0.8,0.3,0.9,1.9,15.7,2005
7507,134,Derek Fisher,PG,30,GSW,74,32,30.0,4.0,10.2,.393,1.5,3.9,.371,2.6,6.3,.407,.465,2.4,2.7,.862,0.5,2.4,2.9,4.1,1.0,0.1,1.7,2.4,11.9,2005
7508,135,Marcus Fizer,PF,26,MIL,54,0,16.7,2.5,5.4,.455,0.0,0.1,.000,2.5,5.3,.465,.455,1.3,1.9,.680,0.5,2.7,3.2,1.2,0.5,0.2,1.2,1.8,6.2,2005
7509,136,Luis Flores,PG,23,TOT,16,0,4.8,0.9,1.8,.483,0.3,0.6,.500,0.6,1.2,.474,.569,0.1,0.1,1.000,0.1,0.1,0.2,0.7,0.1,0.0,0.7,0.6,2.2,2005
7510,136,Luis Flores,PG,23,GSW,15,0,4.9,0.9,1.8,.481,0.3,0.6,.444,0.6,1.2,.500,.556,0.1,0.1,1.000,0.0,0.1,0.1,0.7,0.1,0.0,0.7,0.6,2.1,2005
7511,136,Luis Flores,PG,23,DEN,1,0,4.0,1.0,2.0,.500,1.0,1.0,1.000,0.0,1.0,.000,.750,0.0,0.0,,1.0,0.0,1.0,0.0,0.0,0.0,0.0,0.0,3.0,2005
7512,137,Danny Fortson,C,28,SEA,62,0,16.9,1.9,3.6,.522,0.0,0.0,,1.9,3.6,.522,.522,3.7,4.2,.880,2.5,3.1,5.6,0.1,0.2,0.1,1.5,4.3,7.5,2005
7513,138,Jeff Foster,C,28,IND,61,43,26.1,2.8,5.3,.519,0.0,0.1,.000,2.8,5.2,.527,.519,1.5,2.3,.634,3.4,5.7,9.0,0.7,0.8,0.2,0.9,3.0,7.0,2005
7514,139,Tremaine Fowlkes,SF,28,IND,8,0,7.0,1.1,2.1,.529,0.1,0.4,.333,1.0,1.8,.571,.559,0.0,0.3,.000,0.4,0.6,1.0,0.0,0.3,0.0,0.6,0.9,2.4,2005
7515,140,Adonal Foyle,C,29,GSW,78,50,21.8,2.0,4.0,.502,0.0,0.0,,2.0,4.0,.502,.502,0.5,0.9,.556,2.1,3.4,5.5,0.7,0.3,2.0,0.7,2.6,4.5,2005
7516,Rk,Player,Pos,Age,Tm,G,GS,MP,FG,FGA,FG%,3P,3PA,3P%,2P,2PA,2P%,eFG%,FT,FTA,FT%,ORB,DRB,TRB,AST,STL,BLK,TOV,PF,PTS,2005
7517,141,Richie Frahm,SG,27,POR,43,0,11.6,1.3,3.3,.400,0.7,1.9,.388,0.6,1.4,.417,.511,0.5,0.6,.840,0.4,1.0,1.4,0.7,0.3,0.1,0.3,0.8,3.8,2005
7518,142,Steve Francis,PG,27,ORL,78,78,38.2,7.2,17.1,.423,0.5,1.6,.299,6.7,15.4,.436,.438,6.4,7.8,.823,1.6,4.2,5.8,7.0,1.4,0.4,4.1,3.5,21.3,2005
7519,143,Matt Freije,PF,23,NOH,23,11,19.2,1.6,5.5,.291,0.6,2.3,.259,1.0,3.2,.315,.346,0.2,0.3,.625,0.7,2.0,2.7,0.9,0.6,0.1,0.7,1.7,4.0,2005
7520,144,Lawrence Funderburke,PF,34,CHI,2,0,10.5,1.5,3.0,.500,0.0,0.0,,1.5,3.0,.500,.500,1.5,2.5,.600,0.5,1.0,1.5,0.0,0.0,0.0,0.0,1.0,4.5,2005
7521,145,Dan Gadzuric,C,26,MIL,81,81,22.0,3.0,5.6,.539,0.0,0.0,,3.0,5.6,.539,.539,1.3,2.5,.538,3.2,5.1,8.3,0.4,0.6,1.3,1.0,2.8,7.3,2005
7522,146,Reece Gaines,PG,24,TOT,21,0,8.9,0.8,2.4,.340,0.2,0.7,.286,0.6,1.7,.361,.380,0.1,0.2,.750,0.0,0.6,0.7,0.3,0.2,0.0,0.3,0.8,2.0,2005
7523,146,Reece Gaines,PG,24,HOU,10,0,10.8,1.0,2.7,.370,0.3,1.2,.250,0.7,1.5,.467,.426,0.3,0.4,.750,0.0,1.1,1.1,0.3,0.3,0.0,0.4,1.2,2.6,2005
7524,146,Reece Gaines,PG,24,MIL,11,0,7.2,0.6,2.1,.304,0.1,0.2,.500,0.5,1.9,.286,.326,0.0,0.0,,0.1,0.2,0.3,0.4,0.2,0.1,0.3,0.5,1.4,2005
7525,147,Alex Garcia,SG,24,NOH,8,3,18.3,2.3,6.5,.346,0.6,2.3,.278,1.6,4.3,.382,.394,0.4,0.5,.750,0.9,1.0,1.9,2.3,0.5,0.1,1.0,1.9,5.5,2005
7526,148,Kevin Garnett*,PF,28,MIN,82,82,38.1,8.3,16.6,.502,0.1,0.3,.240,8.3,16.3,.507,.504,5.4,6.7,.811,3.0,10.5,13.5,5.7,1.5,1.4,2.7,2.5,22.2,2005
7527,149,Pat Garrity,PF,28,ORL,71,0,13.5,1.7,4.3,.402,0.7,2.1,.333,1.0,2.2,.465,.482,0.4,0.5,.879,0.3,1.5,1.7,0.4,0.3,0.1,0.4,1.5,4.6,2005
7528,150,Pau Gasol,PF,24,MEM,56,53,32.0,6.4,12.4,.514,0.0,0.1,.167,6.4,12.3,.517,.514,5.0,6.6,.768,2.3,5.0,7.3,2.4,0.7,1.7,2.4,2.6,17.8,2005
7529,151,Devean George,SF,27,LAL,15,3,20.4,2.5,6.9,.356,1.4,3.9,.362,1.1,3.1,.348,.457,1.0,1.3,.750,0.9,2.7,3.5,0.9,0.5,0.1,0.8,2.1,7.3,2005
7530,152,Eddie Gill,PG,26,IND,73,3,14.0,1.1,3.3,.335,0.5,1.6,.308,0.6,1.7,.360,.409,1.0,1.1,.877,0.2,1.3,1.5,1.1,0.8,0.1,0.8,1.4,3.7,2005
7531,153,Kendall Gill,SG,36,MIL,14,0,20.3,2.3,5.7,.400,0.2,0.6,.333,2.1,5.1,.408,.419,1.3,1.4,.900,0.8,1.9,2.6,1.9,1.0,0.3,0.6,2.6,6.1,2005
7532,154,Manu Ginóbili*,SG,27,SAS,74,74,29.6,5.0,10.5,.471,1.3,3.5,.376,3.6,7.1,.517,.533,4.8,6.0,.803,1.0,3.4,4.4,3.9,1.6,0.4,2.3,2.6,16.0,2005
7533,155,Gordan Giriček,SG,27,UTA,81,44,20.5,3.5,7.8,.448,0.5,1.3,.362,3.0,6.5,.465,.478,1.4,1.7,.810,0.3,1.9,2.2,1.7,0.6,0.1,1.1,1.9,8.8,2005
7534,156,Dion Glover,SG,26,SAS,7,0,9.7,1.1,3.1,.364,0.1,1.1,.125,1.0,2.0,.500,.386,1.1,1.4,.800,0.4,1.1,1.6,0.6,0.4,0.4,0.3,1.3,3.6,2005
7535,157,Anthony Goldwire,PG,33,TOT,33,2,16.3,1.7,4.1,.419,1.0,2.4,.400,0.8,1.7,.446,.537,0.8,0.9,.839,0.3,1.5,1.8,2.4,0.5,0.0,0.5,1.0,5.2,2005
7536,157,Anthony Goldwire,PG,33,DET,9,0,6.1,0.4,1.7,.267,0.3,1.0,.333,0.1,0.7,.167,.367,0.8,0.9,.875,0.1,0.8,0.9,0.0,0.0,0.0,0.1,0.6,2.0,2005
7537,157,Anthony Goldwire,PG,33,MIL,24,2,20.1,2.2,5.0,.438,1.2,3.0,.408,1.0,2.1,.480,.558,0.8,1.0,.826,0.4,1.8,2.1,3.3,0.6,0.0,0.6,1.1,6.4,2005
7538,158,Drew Gooden,PF,23,CLE,82,80,30.8,5.7,11.5,.492,0.1,0.3,.179,5.6,11.2,.502,.495,3.1,3.8,.810,2.5,6.7,9.2,1.6,0.9,0.9,1.6,2.8,14.4,2005
7539,159,Ben Gordon,SG,21,CHI,82,3,24.4,5.3,12.9,.411,1.6,4.0,.405,3.7,8.8,.414,.474,2.8,3.3,.863,0.7,2.0,2.6,2.0,0.6,0.1,2.3,2.7,15.1,2005
7540,160,Brian Grant,C,32,LAL,69,8,16.5,1.5,3.0,.493,0.0,0.0,,1.5,3.0,.493,.493,0.8,1.1,.722,1.5,2.3,3.7,0.5,0.3,0.3,0.6,2.5,3.8,2005
7541,Rk,Player,Pos,Age,Tm,G,GS,MP,FG,FGA,FG%,3P,3PA,3P%,2P,2PA,2P%,eFG%,FT,FTA,FT%,ORB,DRB,TRB,AST,STL,BLK,TOV,PF,PTS,2005
7542,161,Willie Green,SG,23,PHI,57,21,18.7,2.7,7.4,.366,0.5,1.8,.286,2.2,5.6,.393,.402,1.7,2.2,.776,0.4,1.9,2.3,1.8,0.6,0.1,1.3,2.1,7.7,2005
7543,162,Adrian Griffin,SF,30,CHI,69,1,9.7,0.8,2.3,.360,0.0,0.1,.222,0.8,2.2,.368,.366,0.5,0.6,.750,0.8,1.4,2.1,0.8,0.6,0.1,0.4,1.1,2.2,2005
7544,163,Eddie Griffin,PF,22,MIN,70,0,21.3,2.9,7.5,.387,1.0,2.9,.328,1.9,4.5,.425,.451,0.8,1.1,.718,1.8,4.6,6.5,0.8,0.3,1.7,0.8,1.7,7.5,2005
7545,164,Tom Gugliotta,PF,35,TOT,47,9,20.6,2.1,5.1,.411,0.2,0.6,.308,1.9,4.6,.423,.427,0.7,0.9,.767,1.2,2.9,4.1,1.4,0.9,0.4,1.2,2.2,5.1,2005
7546,164,Tom Gugliotta,PF,35,BOS,20,0,10.9,0.6,1.9,.297,0.0,0.0,,0.6,1.9,.297,.297,0.2,0.3,.667,0.8,1.4,2.2,0.6,0.5,0.2,0.5,1.2,1.3,2005
7547,164,Tom Gugliotta,PF,35,ATL,27,9,27.7,3.3,7.6,.431,0.3,1.0,.308,3.0,6.6,.449,.451,1.1,1.4,.784,1.5,4.0,5.5,2.1,1.2,0.5,1.8,3.0,7.9,2005
7548,165,Marcus Haislip,PF,24,IND,9,0,11.8,1.4,4.2,.342,0.0,0.1,.000,1.4,4.1,.351,.342,0.7,1.2,.545,0.6,1.1,1.7,0.3,0.2,0.2,0.7,1.7,3.6,2005
7549,166,Darvin Ham,SF,31,DET,47,0,5.9,0.4,0.8,.459,0.0,0.0,,0.4,0.8,.459,.459,0.3,0.7,.387,0.4,0.3,0.7,0.1,0.1,0.1,0.2,0.8,1.0,2005
7550,167,Richard Hamilton,SG,26,DET,76,76,38.5,6.7,15.3,.440,0.5,1.6,.305,6.2,13.7,.455,.455,4.8,5.6,.858,1.0,2.9,3.9,4.9,1.0,0.2,2.9,3.1,18.7,2005
7551,168,Zendon Hamilton,C,29,MIL,16,0,9.9,0.7,2.0,.344,0.0,0.0,,0.7,2.0,.344,.344,1.8,3.0,.604,1.1,1.5,2.6,0.4,0.3,0.1,0.8,1.6,3.2,2005
7552,169,Ben Handlogten,C,31,UTA,21,5,14.1,2.0,4.0,.518,0.0,0.0,.000,2.0,3.9,.524,.518,0.4,0.8,.529,1.1,2.0,3.1,0.6,0.3,0.2,0.9,2.6,4.5,2005
7553,170,Anfernee Hardaway,SF,33,NYK,37,0,24.2,3.0,7.0,.423,0.4,1.4,.300,2.6,5.7,.452,.452,0.9,1.2,.739,0.5,1.9,2.4,2.0,0.8,0.1,1.4,2.1,7.3,2005
7554,171,Matt Harpring,SF,28,UTA,78,55,33.1,5.4,11.0,.489,0.1,0.6,.209,5.2,10.4,.504,.494,3.1,4.0,.778,2.5,3.6,6.2,1.8,0.9,0.2,1.7,3.2,14.0,2005
7555,172,Al Harrington,SF,24,ATL,66,66,38.6,6.9,14.9,.459,0.2,1.1,.216,6.6,13.8,.479,.468,3.6,5.3,.672,2.2,4.8,7.0,3.2,1.3,0.2,3.1,3.8,17.5,2005
7556,173,Junior Harrington,SG,24,NOH,29,7,19.0,2.2,6.1,.360,0.2,0.7,.316,2.0,5.5,.365,.376,1.0,1.2,.829,0.4,1.7,2.2,2.1,0.9,0.2,1.4,2.5,5.6,2005
7557,174,Othella Harrington,PF,31,CHI,70,28,18.2,3.1,6.1,.512,0.0,0.0,,3.1,6.1,.512,.512,1.8,2.5,.718,1.5,2.7,4.2,0.8,0.3,0.3,1.2,2.7,8.0,2005
7558,175,Devin Harris,PG,21,DAL,76,19,15.4,2.1,4.8,.429,0.6,1.7,.336,1.5,3.1,.481,.489,1.0,1.4,.757,0.4,1.0,1.3,2.2,1.0,0.3,1.1,1.8,5.7,2005
7559,176,Lucious Harris,SG,34,CLE,73,4,15.5,1.6,4.1,.395,0.3,0.9,.323,1.3,3.2,.415,.430,0.8,0.9,.812,0.5,1.1,1.7,0.7,0.4,0.1,0.4,0.9,4.3,2005
7560,177,David Harrison,C,22,IND,43,14,17.7,2.5,4.3,.576,0.0,0.0,,2.5,4.3,.576,.576,1.2,2.1,.571,1.1,2.0,3.1,0.3,0.4,1.3,1.2,3.1,6.1,2005
7561,178,Jason Hart,PG,26,CHA,74,27,25.5,3.5,7.7,.449,0.5,1.3,.368,3.0,6.5,.464,.479,2.1,2.7,.785,0.2,2.5,2.7,5.0,1.3,0.2,1.4,2.3,9.5,2005
7562,179,Donnell Harvey,PF,24,NJN,3,0,5.3,0.7,0.7,1.000,0.0,0.0,,0.7,0.7,1.000,1.000,1.3,1.3,1.000,0.7,1.7,2.3,0.3,0.3,0.3,0.3,0.7,2.7,2005
7563,180,Udonis Haslem,PF,24,MIA,80,80,33.4,4.3,8.0,.540,0.0,0.1,.000,4.3,8.0,.543,.540,2.2,2.8,.791,3.0,6.1,9.1,1.4,0.8,0.5,1.4,3.3,10.9,2005
7564,Rk,Player,Pos,Age,Tm,G,GS,MP,FG,FGA,FG%,3P,3PA,3P%,2P,2PA,2P%,eFG%,FT,FTA,FT%,ORB,DRB,TRB,AST,STL,BLK,TOV,PF,PTS,2005
7565,181,Trenton Hassell,SG,25,MIN,82,51,25.2,2.7,5.8,.474,0.0,0.1,.091,2.7,5.7,.483,.475,1.1,1.4,.789,1.0,1.7,2.7,1.6,0.4,0.4,0.8,2.4,6.6,2005
7566,182,Jarvis Hayes,SF,23,WAS,54,22,28.9,3.8,9.8,.389,0.8,2.3,.341,3.0,7.5,.403,.428,1.8,2.2,.839,0.8,3.4,4.2,1.7,0.9,0.2,1.1,2.0,10.2,2005
7567,183,Brendan Haywood,C,25,WAS,68,68,27.4,3.5,6.3,.560,0.0,0.0,,3.5,6.3,.560,.560,2.3,3.8,.609,3.0,3.9,6.8,0.8,0.8,1.7,1.4,3.2,9.4,2005
7568,184,Alan Henderson,PF,32,DAL,78,10,15.4,1.5,2.8,.527,0.0,0.0,.000,1.5,2.8,.532,.527,0.5,1.0,.539,2.1,2.4,4.5,0.3,0.4,0.5,0.6,1.9,3.5,2005
7569,185,Nenê,C,22,DEN,55,18,23.9,3.5,7.0,.503,0.0,0.0,.000,3.5,7.0,.505,.503,2.5,3.9,.660,1.9,4.0,5.9,1.5,0.9,0.9,1.7,3.0,9.6,2005
7570,186,Grant Hill*,SF,32,ORL,67,67,34.9,7.7,15.1,.509,0.0,0.2,.231,7.7,15.0,.513,.511,4.2,5.1,.821,1.1,3.6,4.7,3.3,1.4,0.4,2.4,2.1,19.7,2005
7571,187,Kirk Hinrich,PG,24,CHI,77,77,36.4,5.8,14.6,.397,1.9,5.3,.355,3.9,9.3,.420,.461,2.2,2.8,.792,0.4,3.5,3.9,6.4,1.6,0.3,2.3,3.2,15.7,2005
7572,188,Fred Hoiberg,SG,32,MIN,76,0,16.7,1.8,3.7,.489,0.9,1.9,.483,0.9,1.8,.496,.613,1.2,1.3,.873,0.4,2.0,2.4,1.1,0.7,0.2,0.3,1.4,5.8,2005
7573,189,Robert Horry,PF,34,SAS,75,16,18.6,2.1,5.0,.419,0.7,1.8,.370,1.4,3.2,.447,.487,1.1,1.5,.789,1.2,2.4,3.6,1.1,0.9,0.8,0.9,1.8,6.0,2005
7574,190,Eddie House,PG-SG,26,TOT,68,7,13.1,2.4,5.4,.451,0.6,1.4,.454,1.8,4.0,.450,.511,0.3,0.4,.852,0.2,1.0,1.2,1.4,0.6,0.1,0.5,1.0,5.8,2005
7575,190,Eddie House,SG,26,CHA,13,5,23.1,4.7,10.4,.452,0.9,2.2,.414,3.8,8.2,.462,.496,0.8,1.0,.769,0.2,1.3,1.5,1.8,1.8,0.2,1.0,1.8,11.1,2005
7576,190,Eddie House,SG,26,MIL,5,0,8.2,1.2,3.4,.353,0.8,1.2,.667,0.4,2.2,.182,.471,0.0,0.0,,0.0,0.6,0.6,1.0,0.4,0.0,0.0,0.6,3.2,2005
7577,190,Eddie House,PG,26,SAC,50,2,11.0,2.0,4.3,.458,0.6,1.2,.452,1.4,3.0,.461,.523,0.3,0.3,.929,0.3,0.9,1.2,1.3,0.4,0.1,0.4,0.8,4.7,2005
7578,191,Allan Houston,SG,33,NYK,20,11,26.6,4.3,10.3,.415,1.6,4.0,.388,2.7,6.3,.432,.490,1.8,2.2,.837,0.2,1.0,1.2,2.1,0.4,0.1,1.1,2.0,11.9,2005
7579,192,Dwight Howard,PF,19,ORL,82,82,32.6,4.3,8.3,.520,0.0,0.0,.000,4.3,8.2,.521,.520,3.4,5.0,.671,3.5,6.5,10.0,0.9,0.9,1.7,2.0,2.8,12.0,2005
7580,193,Josh Howard,SF,24,DAL,76,76,32.2,5.0,10.4,.475,0.4,1.5,.296,4.5,8.9,.506,.497,2.2,3.1,.733,2.2,4.1,6.4,1.4,1.5,0.6,1.6,2.8,12.6,2005
7581,194,Juwan Howard,PF,31,HOU,61,47,26.6,4.0,8.9,.451,0.0,0.0,.000,4.0,8.9,.452,.451,1.6,1.9,.843,2.1,3.6,5.7,1.5,0.5,0.1,1.3,2.3,9.6,2005
7582,195,Troy Hudson,PG,28,MIN,79,32,21.9,3.4,8.4,.401,1.1,3.3,.345,2.2,5.1,.436,.468,0.9,1.1,.778,0.2,1.1,1.3,3.6,0.3,0.1,1.4,1.5,8.7,2005
7583,196,Larry Hughes,SG,26,WAS,61,61,38.7,7.7,17.8,.430,1.0,3.4,.282,6.7,14.4,.465,.457,5.8,7.4,.777,1.2,5.0,6.3,4.7,2.9,0.3,2.5,2.8,22.0,2005
7584,197,Ryan Humphrey,SF,25,MEM,35,0,9.1,1.2,2.9,.408,0.0,0.1,.000,1.2,2.9,.416,.408,0.5,1.1,.486,1.4,1.1,2.5,0.2,0.3,0.0,0.7,1.0,2.9,2005
7585,198,Kris Humphries,PF,19,UTA,67,4,13.0,1.7,4.3,.404,0.0,0.1,.333,1.7,4.2,.406,.408,0.7,1.5,.436,1.1,1.9,2.9,0.6,0.4,0.3,0.8,1.4,4.1,2005
7586,199,Brandon Hunter,PF,24,ORL,31,0,7.2,1.2,2.4,.507,0.0,0.0,,1.2,2.4,.507,.507,0.7,1.3,.538,0.8,1.4,2.2,0.1,0.1,0.2,0.7,1.4,3.1,2005
7587,200,Lindsey Hunter,SG,34,DET,76,3,15.1,1.4,4.0,.358,0.3,1.1,.274,1.1,2.9,.390,.396,0.6,0.8,.793,0.5,1.1,1.6,1.7,0.9,0.2,0.9,1.6,3.8,2005
7588,Rk,Player,Pos,Age,Tm,G,GS,MP,FG,FGA,FG%,3P,3PA,3P%,2P,2PA,2P%,eFG%,FT,FTA,FT%,ORB,DRB,TRB,AST,STL,BLK,TOV,PF,PTS,2005
7589,201,Steven Hunter,C,23,PHO,76,3,13.8,1.8,2.9,.614,0.0,0.0,.000,1.8,2.9,.616,.614,1.0,2.1,.479,1.3,1.7,3.0,0.2,0.1,1.3,0.6,1.7,4.6,2005
7590,202,Andre Iguodala,SG,21,PHI,82,82,32.8,3.3,6.7,.493,0.6,1.7,.331,2.7,4.9,.550,.536,1.9,2.6,.743,1.1,4.6,5.7,3.0,1.7,0.6,1.7,2.5,9.0,2005
7591,203,Zydrunas Ilgauskas,C,29,CLE,78,78,33.5,5.9,12.6,.468,0.0,0.1,.286,5.8,12.5,.469,.469,5.2,6.4,.799,3.8,4.8,8.6,1.3,0.7,2.1,2.4,4.0,16.9,2005
7592,204,D.J. Mbenga,C,24,DAL,15,1,3.9,0.4,0.9,.429,0.0,0.0,,0.4,0.9,.429,.429,0.2,0.3,.750,0.2,0.3,0.5,0.0,0.0,0.3,0.3,0.9,1.0,2005
7593,205,Allen Iverson*,PG,29,PHI,75,75,42.3,10.3,24.2,.424,1.4,4.5,.308,8.9,19.7,.451,.453,8.7,10.5,.835,0.7,3.3,4.0,7.9,2.4,0.1,4.6,1.9,30.7,2005
7594,206,Royal Ivey,PG,23,ATL,62,5,13.0,1.4,3.2,.429,0.0,0.1,.333,1.3,3.0,.434,.437,0.8,1.1,.701,0.3,1.0,1.4,1.7,0.6,0.1,0.9,2.3,3.5,2005
7595,207,Bobby Jackson,SG,31,SAC,25,0,21.4,4.4,10.2,.427,1.3,3.8,.344,3.0,6.4,.478,.492,2.0,2.3,.862,0.9,2.5,3.4,2.4,0.6,0.1,1.1,2.3,12.0,2005
7596,208,Jermaine Jackson,SG,28,NYK,21,0,11.0,0.8,1.6,.515,0.0,0.1,.000,0.8,1.5,.548,.515,0.4,0.6,.615,0.1,1.0,1.1,1.1,0.3,0.0,0.5,1.2,2.0,2005
7597,209,Jim Jackson,SF,34,TOT,64,27,31.0,3.9,9.1,.426,1.9,4.6,.414,2.0,4.5,.439,.531,0.8,0.9,.931,0.5,3.7,4.2,2.9,0.5,0.1,1.8,2.4,10.5,2005
7598,209,Jim Jackson,SF,34,HOU,24,24,41.3,4.9,11.8,.417,2.3,6.1,.367,2.7,5.7,.471,.512,1.3,1.4,.909,0.4,4.4,4.8,3.6,1.0,0.0,2.3,2.8,13.3,2005
7599,209,Jim Jackson,SF,34,PHO,40,3,24.9,3.3,7.5,.435,1.7,3.7,.459,1.6,3.8,.411,.548,0.6,0.6,.960,0.6,3.3,3.9,2.4,0.3,0.1,1.5,2.2,8.8,2005
7600,210,Luke Jackson,SF,23,CLE,10,0,4.3,1.0,2.7,.370,0.4,0.6,.667,0.6,2.1,.286,.444,0.5,0.6,.833,0.2,0.4,0.6,0.3,0.0,0.0,0.2,0.4,2.9,2005
7601,211,Marc Jackson,C,30,PHI,81,23,24.4,4.2,9.0,.465,0.0,0.0,.000,4.2,9.0,.466,.465,3.6,4.3,.828,2.3,2.7,5.0,1.0,0.4,0.2,1.6,2.1,12.0,2005
7602,212,Stephen Jackson,SF,26,IND,51,49,35.4,6.5,16.1,.403,2.0,5.6,.360,4.5,10.5,.426,.466,3.7,4.5,.830,0.9,4.0,4.9,2.3,1.3,0.3,2.4,3.0,18.7,2005
7603,213,Casey Jacobsen,SG-SF,23,TOT,84,1,21.4,2.0,4.9,.404,0.8,2.1,.373,1.2,2.8,.429,.485,1.8,2.3,.786,0.4,1.6,2.0,1.3,0.4,0.1,0.8,1.2,6.5,2005
7604,213,Casey Jacobsen,SF,23,PHO,40,0,19.2,1.6,3.9,.414,0.9,2.2,.382,0.8,1.7,.456,.522,1.2,1.6,.774,0.4,1.3,1.7,0.9,0.3,0.0,0.7,1.4,5.3,2005
7605,213,Casey Jacobsen,SG,23,NOH,44,1,23.4,2.3,5.7,.398,0.7,2.0,.364,1.5,3.7,.417,.462,2.3,3.0,.792,0.4,1.9,2.3,1.7,0.5,0.2,1.0,1.1,7.6,2005
7606,214,Jerome James,C,29,SEA,80,80,16.6,2.2,4.3,.509,0.0,0.0,.000,2.2,4.3,.512,.509,0.6,0.8,.723,1.0,2.0,3.0,0.2,0.3,1.4,1.1,3.5,4.9,2005
7607,215,LeBron James,SF,20,CLE,80,80,42.4,9.9,21.1,.472,1.4,3.9,.351,8.6,17.2,.499,.504,6.0,8.0,.750,1.4,6.0,7.4,7.2,2.2,0.7,3.3,1.8,27.2,2005
7608,216,Mike James,PG,29,TOT,74,5,25.1,4.5,10.1,.441,1.4,3.5,.386,3.1,6.6,.470,.507,1.5,2.0,.752,0.5,2.3,2.8,3.6,0.9,0.1,1.4,2.4,11.8,2005
7609,216,Mike James,PG,29,MIL,47,0,24.8,4.4,9.8,.446,1.2,3.2,.382,3.1,6.6,.477,.509,1.4,1.9,.744,0.5,2.1,2.6,3.9,0.9,0.1,1.7,2.4,11.4,2005
7610,216,Mike James,PG,29,HOU,27,5,25.6,4.7,10.8,.433,1.6,4.0,.393,3.1,6.8,.457,.505,1.6,2.0,.764,0.4,2.7,3.2,2.9,0.9,0.1,1.0,2.2,12.4,2005
7611,217,Antawn Jamison,PF,28,WAS,68,68,38.3,7.6,17.5,.437,1.0,3.1,.341,6.6,14.4,.457,.466,3.3,4.4,.760,2.4,5.3,7.6,2.3,0.8,0.2,1.7,2.2,19.6,2005
7612,218,Marko Jarić,PG,26,LAC,50,41,33.1,3.8,9.1,.414,1.1,3.0,.371,2.7,6.1,.435,.475,1.2,1.6,.720,0.4,2.8,3.2,6.1,1.7,0.3,2.0,2.1,9.9,2005
7613,219,Al Jefferson,PF,20,BOS,71,1,14.8,2.7,5.2,.528,0.0,0.0,.000,2.7,5.2,.533,.528,1.2,1.9,.630,1.7,2.7,4.4,0.3,0.3,0.8,0.9,2.7,6.7,2005
7614,220,Richard Jefferson,SF,24,NJN,33,33,41.1,7.2,17.1,.422,0.9,2.7,.337,6.3,14.4,.438,.449,6.9,8.2,.844,1.5,5.8,7.3,4.0,1.0,0.5,4.0,3.3,22.2,2005
7615,Rk,Player,Pos,Age,Tm,G,GS,MP,FG,FGA,FG%,3P,3PA,3P%,2P,2PA,2P%,eFG%,FT,FTA,FT%,ORB,DRB,TRB,AST,STL,BLK,TOV,PF,PTS,2005
7616,221,Jared Jeffries,SF,23,WAS,77,71,26.1,2.6,5.6,.468,0.2,0.7,.314,2.4,5.0,.488,.486,1.3,2.2,.584,2.0,2.9,4.9,2.0,0.9,0.5,1.5,2.7,6.8,2005
7617,222,Horace Jenkins,PG,30,DET,15,0,6.9,1.0,3.0,.333,0.0,0.6,.000,1.0,2.4,.417,.333,0.8,0.9,.923,0.2,0.4,0.6,0.6,0.3,0.1,0.5,0.4,2.8,2005
7618,223,Britton Johnsen,SF,25,IND,6,1,14.5,1.0,3.7,.273,0.0,0.7,.000,1.0,3.0,.333,.273,0.0,0.0,,0.8,0.8,1.7,0.7,0.2,0.0,0.5,1.7,2.0,2005
7619,224,Anthony Johnson,PG,30,IND,63,36,27.7,3.2,7.2,.445,0.7,1.7,.380,2.6,5.5,.466,.490,1.3,1.8,.752,0.5,2.3,2.8,4.8,0.9,0.2,1.5,2.3,8.4,2005
7620,225,DerMarr Johnson,SG,24,DEN,71,40,17.4,2.6,5.2,.499,0.7,2.1,.358,1.9,3.1,.592,.570,1.1,1.4,.792,0.6,1.5,2.1,1.1,0.6,0.3,0.9,2.0,7.1,2005
7621,226,Ervin Johnson,C,37,MIN,46,23,8.9,0.6,1.2,.519,0.0,0.0,1.000,0.6,1.2,.509,.528,0.3,0.5,.640,0.9,1.5,2.5,0.1,0.2,0.3,0.4,1.9,1.6,2005
7622,227,Joe Johnson,SF,23,PHO,82,82,39.5,6.6,14.4,.461,2.2,4.5,.478,4.5,9.9,.454,.536,1.6,2.2,.750,1.5,3.7,5.1,3.5,1.0,0.3,1.8,2.0,17.1,2005
7623,228,Linton Johnson,SF,24,SAS,2,0,7.5,0.0,1.0,.000,0.0,0.5,.000,0.0,0.5,.000,.000,0.0,0.0,,0.0,1.5,1.5,0.0,0.5,0.0,0.5,0.5,0.0,2005
7624,229,Dahntay Jones,SG,24,MEM,52,7,12.5,1.6,3.7,.437,0.4,1.2,.383,1.2,2.5,.462,.497,0.8,1.2,.688,0.2,1.1,1.3,0.4,0.3,0.2,0.6,1.6,4.5,2005
7625,230,Damon Jones,PG,28,MIA,82,66,31.4,4.0,8.9,.456,2.7,6.4,.432,1.3,2.5,.517,.611,0.8,1.0,.791,0.2,2.6,2.8,4.3,0.5,0.1,1.2,1.5,11.6,2005
7626,231,Eddie Jones,SF,33,MIA,80,80,35.5,4.4,10.3,.428,1.8,4.8,.372,2.6,5.5,.477,.515,2.2,2.7,.806,0.5,4.6,5.1,2.7,1.1,0.5,1.2,3.1,12.7,2005
7627,232,Fred Jones,SG,25,IND,77,14,29.5,3.6,8.4,.425,1.1,3.0,.380,2.4,5.4,.450,.492,2.3,2.7,.850,0.4,2.7,3.1,2.5,0.8,0.4,1.5,2.2,10.6,2005
7628,233,James Jones,SF,24,IND,75,24,17.7,1.7,4.2,.396,0.9,2.2,.398,0.8,2.0,.395,.500,0.7,0.8,.855,0.5,1.8,2.3,0.8,0.4,0.4,0.6,1.6,4.9,2005
7629,234,Jumaine Jones,SF,25,LAL,76,23,24.1,2.8,6.4,.432,1.3,3.4,.391,1.4,3.0,.480,.537,0.7,1.0,.733,1.4,3.8,5.2,0.9,0.6,0.3,0.6,2.2,7.6,2005
7630,235,Mark Jones,SF,29,ORL,10,0,11.6,0.9,3.1,.290,0.0,0.4,.000,0.9,2.7,.333,.290,0.5,1.0,.500,0.6,0.7,1.3,0.6,0.5,0.2,0.3,1.6,2.3,2005
7631,236,Chris Kaman,C,22,LAC,63,50,25.9,3.9,7.9,.497,0.0,0.0,.000,3.9,7.8,.498,.497,1.3,1.9,.661,2.1,4.6,6.7,1.2,0.4,1.1,1.8,2.9,9.1,2005
7632,237,Jason Kapono,SF,23,CHA,81,14,18.4,3.3,8.3,.401,1.0,2.4,.412,2.3,5.9,.396,.461,0.9,1.0,.824,0.4,1.6,2.0,0.8,0.5,0.1,0.6,1.6,8.5,2005
7633,238,Mario Kasun,C,24,ORL,45,0,7.9,1.0,2.2,.480,0.0,0.0,.000,1.0,2.2,.485,.480,0.5,1.0,.558,1.2,1.7,2.8,0.2,0.2,0.3,0.6,1.9,2.6,2005
7634,239,Viktor Khryapa,SF,22,POR,32,5,16.3,1.7,3.9,.435,0.1,0.3,.364,1.6,3.5,.442,.452,0.7,1.3,.548,0.9,2.5,3.4,0.8,0.6,0.6,1.0,2.5,4.2,2005
7635,240,Jason Kidd*,PG,31,NJN,66,65,36.9,5.2,13.0,.398,2.0,5.4,.360,3.2,7.5,.425,.473,2.2,2.9,.740,1.4,6.0,7.4,8.3,1.9,0.1,2.5,1.7,14.4,2005
7636,Rk,Player,Pos,Age,Tm,G,GS,MP,FG,FGA,FG%,3P,3PA,3P%,2P,2PA,2P%,eFG%,FT,FTA,FT%,ORB,DRB,TRB,AST,STL,BLK,TOV,PF,PTS,2005
7637,241,Andrei Kirilenko,PF,23,UTA,41,37,32.9,5.0,10.2,.493,0.6,1.9,.299,4.5,8.4,.536,.520,5.0,6.3,.784,2.2,4.0,6.2,3.2,1.6,3.3,2.2,2.5,15.6,2005
7638,242,Kerry Kittles,SG,30,LAC,11,0,22.1,2.5,6.6,.384,0.6,1.9,.333,1.9,4.7,.404,.432,0.5,0.9,.600,0.1,2.8,2.9,1.8,0.7,0.3,0.6,1.1,6.3,2005
7639,243,Brandin Knight,PG,23,HOU,1,0,3.0,0.0,1.0,.000,0.0,0.0,,0.0,1.0,.000,.000,0.0,0.0,,0.0,0.0,0.0,1.0,0.0,0.0,0.0,0.0,0.0,2005
7640,244,Brevin Knight,PG,29,CHA,66,61,29.5,3.8,8.9,.422,0.0,0.3,.150,3.7,8.6,.432,.425,2.5,3.0,.852,0.3,2.3,2.6,9.0,2.0,0.1,2.2,2.9,10.1,2005
7641,245,Kyle Korver,SF,23,PHI,82,57,32.5,3.9,9.3,.418,2.8,6.8,.405,1.1,2.5,.453,.567,1.0,1.2,.854,0.5,4.1,4.6,2.2,1.3,0.4,1.3,3.2,11.5,2005
7642,246,Nenad Krstić,PF,21,NJN,75,57,26.2,3.7,7.6,.493,0.0,0.0,.000,3.7,7.6,.495,.493,2.5,3.4,.725,2.1,3.2,5.3,1.0,0.4,0.8,1.5,3.7,10.0,2005
7643,247,Toni Kukoč*,SF,36,MIL,53,6,20.7,2.0,4.8,.410,0.8,2.2,.362,1.2,2.6,.450,.492,0.8,1.2,.721,0.6,2.4,3.0,3.0,0.7,0.2,1.2,1.3,5.6,2005
7644,248,Ibo Kutluay,SG,30,SEA,5,0,2.4,0.0,0.2,.000,0.0,0.0,,0.0,0.2,.000,.000,0.0,0.0,,0.0,0.2,0.2,0.0,0.0,0.0,0.4,0.2,0.0,2005
7645,249,Christian Laettner,PF,35,MIA,49,0,15.1,2.2,3.8,.582,0.0,0.1,.143,2.2,3.6,.599,.584,0.9,1.2,.763,0.7,1.9,2.7,0.8,0.7,0.3,0.6,1.6,5.3,2005
7646,250,Raef LaFrentz,PF,28,BOS,80,80,27.5,4.3,8.6,.496,1.0,2.8,.364,3.2,5.8,.559,.555,1.5,1.9,.811,1.9,5.0,6.9,1.2,0.5,1.2,0.9,3.3,11.1,2005
7647,251,Maciej Lampe,C,19,TOT,37,0,10.3,1.3,3.6,.371,0.1,0.1,.500,1.3,3.5,.367,.379,0.4,0.6,.682,0.6,1.8,2.4,0.3,0.1,0.2,0.5,1.4,3.1,2005
7648,251,Maciej Lampe,C,19,PHO,16,0,7.4,1.1,3.1,.347,0.1,0.2,.667,0.9,2.9,.326,.367,0.5,0.8,.667,0.6,1.4,2.0,0.1,0.1,0.1,0.6,1.3,2.8,2005
7649,251,Maciej Lampe,C,19,NOH,21,0,12.4,1.5,4.0,.386,0.0,0.0,.000,1.5,3.9,.390,.386,0.3,0.5,.700,0.7,2.0,2.7,0.5,0.2,0.2,0.3,1.5,3.4,2005
7650,252,Voshon Lenard,SG,31,DEN,3,1,18.0,3.3,8.7,.385,1.3,4.0,.333,2.0,4.7,.429,.462,1.7,2.7,.625,0.0,2.0,2.0,2.0,0.3,0.0,0.7,0.7,9.7,2005
7651,253,Rashard Lewis,SF,25,SEA,71,71,38.0,7.5,16.2,.462,2.4,6.1,.400,5.1,10.1,.499,.537,3.1,4.0,.777,1.5,3.9,5.5,1.3,1.1,0.9,1.7,2.2,20.5,2005
7652,254,Randy Livingston,PG,29,UTA,17,4,13.4,1.3,3.1,.423,0.3,0.5,.625,1.0,2.6,.386,.471,0.9,1.0,.882,0.2,0.5,0.7,2.6,0.7,0.1,0.8,1.6,3.8,2005
7653,255,Shaun Livingston,PG,19,LAC,30,15,27.1,3.0,7.2,.414,0.0,0.1,.000,3.0,7.1,.418,.414,1.5,2.0,.746,0.7,2.2,3.0,5.0,1.1,0.4,2.5,2.7,7.4,2005
7654,256,Raül López,PG,24,UTA,31,15,16.7,1.8,4.4,.422,0.6,1.5,.444,1.2,2.9,.411,.496,0.9,1.1,.818,0.2,1.0,1.3,4.0,0.7,0.1,1.5,2.5,5.2,2005
7655,257,Tyronn Lue,PG,27,TOT,70,49,28.7,4.2,9.3,.451,0.8,2.2,.355,3.4,7.1,.481,.493,2.0,2.4,.861,0.2,1.9,2.1,4.6,0.5,0.0,1.5,2.4,11.2,2005
7656,257,Tyronn Lue,PG,27,HOU,21,3,22.8,2.3,5.8,.393,0.7,2.1,.333,1.6,3.7,.429,.455,0.7,0.9,.778,0.0,1.9,1.9,2.8,0.4,0.0,1.1,2.3,6.0,2005
7657,257,Tyronn Lue,PG,27,ATL,49,46,31.2,5.0,10.9,.464,0.8,2.2,.364,4.2,8.6,.491,.502,2.6,3.0,.871,0.3,1.9,2.2,5.4,0.5,0.0,1.7,2.4,13.5,2005
7658,258,George Lynch,SF,34,NOH,44,27,21.2,1.5,4.3,.360,0.3,0.8,.297,1.3,3.5,.375,.389,0.4,0.5,.739,1.3,2.7,4.0,2.0,0.7,0.3,1.3,1.9,3.7,2005
7659,259,Mark Madsen,C,29,MIN,41,14,14.7,0.8,1.6,.515,0.0,0.0,,0.8,1.6,.515,.515,0.5,1.0,.500,1.5,1.6,3.1,0.4,0.2,0.3,0.6,2.5,2.1,2005
7660,260,Corey Maggette,SG,25,LAC,66,60,36.9,6.4,14.9,.431,0.8,2.5,.304,5.7,12.4,.457,.457,8.5,10.0,.857,1.1,4.9,6.0,3.4,1.1,0.1,3.0,2.9,22.2,2005
7661,Rk,Player,Pos,Age,Tm,G,GS,MP,FG,FGA,FG%,3P,3PA,3P%,2P,2PA,2P%,eFG%,FT,FTA,FT%,ORB,DRB,TRB,AST,STL,BLK,TOV,PF,PTS,2005
7662,261,Jamaal Magloire,C,26,NOH,23,22,30.6,4.3,9.9,.432,0.0,0.0,,4.3,9.9,.432,.432,3.2,5.3,.602,3.4,5.5,8.9,1.3,0.3,1.0,2.6,3.2,11.7,2005
7663,262,Stephon Marbury,PG,27,NYK,82,82,40.0,7.4,16.0,.462,1.4,4.0,.354,6.0,12.0,.497,.506,5.6,6.7,.834,0.6,2.4,3.0,8.1,1.5,0.1,2.8,2.3,21.7,2005
7664,263,Shawn Marion,PF,26,PHO,81,81,38.8,7.6,15.9,.476,1.4,4.2,.334,6.2,11.7,.526,.520,2.8,3.4,.833,2.9,8.4,11.3,1.9,2.0,1.5,1.5,2.5,19.4,2005
7665,264,Sean Marks,PF,29,SAS,23,0,10.6,1.2,3.5,.338,0.0,0.1,.000,1.2,3.3,.351,.338,1.0,1.2,.786,0.8,1.7,2.4,0.3,0.1,0.5,0.6,1.3,3.3,2005
7666,265,Donyell Marshall,PF,31,TOR,65,2,25.3,4.0,9.1,.443,2.3,5.6,.416,1.7,3.5,.485,.570,1.1,1.4,.791,1.5,5.1,6.6,1.2,0.9,0.7,0.6,2.1,11.5,2005
7667,266,Darrick Martin,PG,33,LAC,11,0,17.3,1.5,4.5,.320,0.5,1.6,.278,1.0,2.9,.344,.370,0.5,0.7,.625,0.3,0.6,0.9,2.5,0.5,0.0,0.5,1.7,3.8,2005
7668,267,Kenyon Martin,PF,27,DEN,70,67,32.5,6.3,13.0,.490,0.0,0.2,.000,6.3,12.8,.496,.490,2.8,4.4,.646,2.1,5.2,7.3,2.4,1.4,1.1,2.1,3.3,15.5,2005
7669,268,Kevin Martin,PG,21,SAC,45,0,10.1,1.0,2.6,.385,0.1,0.6,.200,0.9,2.0,.435,.406,0.8,1.2,.655,0.6,0.6,1.3,0.5,0.4,0.1,0.5,0.8,2.9,2005
7670,269,Desmond Mason,SF,27,MIL,80,71,36.2,6.0,13.5,.443,0.0,0.1,.125,6.0,13.4,.445,.443,5.3,6.6,.802,1.1,2.8,3.9,2.7,0.7,0.3,2.1,2.5,17.2,2005
7671,270,Tony Massenburg,PF,37,SAS,61,6,11.5,1.2,3.0,.407,0.0,0.0,,1.2,3.0,.407,.407,0.8,1.0,.762,0.9,1.8,2.7,0.2,0.3,0.3,0.7,2.0,3.2,2005
7672,271,Walter McCarty,PF,30,TOT,72,0,12.6,1.3,3.3,.404,0.8,2.2,.355,0.6,1.1,.500,.521,0.2,0.4,.517,0.4,1.5,1.9,0.5,0.3,0.2,0.5,2.0,3.6,2005
7673,271,Walter McCarty,PF,30,BOS,44,0,12.6,1.4,3.4,.413,0.7,2.0,.333,0.7,1.4,.533,.513,0.2,0.3,.533,0.5,1.3,1.8,0.6,0.3,0.2,0.4,1.9,3.7,2005
7674,271,Walter McCarty,PF,30,PHO,28,0,12.6,1.2,3.0,.388,0.9,2.3,.385,0.3,0.7,.400,.535,0.3,0.5,.500,0.3,1.9,2.2,0.4,0.4,0.2,0.7,2.1,3.5,2005
7675,272,Jelani McCoy,C,27,ATL,10,0,8.8,0.7,1.3,.538,0.0,0.0,,0.7,1.3,.538,.538,0.1,0.5,.200,0.7,1.4,2.1,0.0,0.3,0.8,0.6,2.4,1.5,2005
7676,273,Antonio McDyess,PF,30,DET,77,8,23.3,4.0,7.8,.513,0.0,0.0,.000,4.0,7.8,.514,.513,1.6,2.5,.656,2.3,4.0,6.3,0.9,0.6,0.7,1.2,2.6,9.6,2005
7677,274,Tracy McGrady*,SF,25,HOU,78,78,40.8,9.2,21.3,.431,1.8,5.6,.326,7.3,15.7,.468,.473,5.5,7.1,.774,0.9,5.3,6.2,5.7,1.7,0.7,2.6,2.1,25.7,2005
7678,275,Jeff McInnis,PG,30,CLE,76,69,34.9,5.0,12.0,.412,1.2,3.5,.345,3.8,8.6,.439,.462,1.7,2.1,.813,0.4,1.6,2.1,5.1,0.7,0.0,1.5,2.3,12.8,2005
7679,276,Aaron McKie,SG,32,PHI,68,3,16.4,0.9,2.1,.430,0.3,0.9,.323,0.6,1.2,.513,.500,0.1,0.2,.625,0.3,2.2,2.5,1.5,0.7,0.3,0.5,1.7,2.2,2005
7680,277,Keith McLeod,PG,25,UTA,53,47,26.1,2.7,7.7,.350,0.3,1.4,.250,2.4,6.3,.372,.373,2.1,2.8,.767,0.4,1.8,2.1,4.5,1.2,0.2,1.9,2.6,7.8,2005
7681,278,Stanislav Medvedenko,PF,25,LAL,43,4,9.8,1.7,3.6,.455,0.0,0.0,.000,1.7,3.6,.458,.455,0.5,0.7,.821,0.7,1.1,1.8,0.3,0.2,0.0,0.3,1.5,3.8,2005
7682,279,Ron Mercer,SF,28,NJN,18,3,21.7,3.6,8.8,.411,0.0,0.2,.000,3.6,8.6,.419,.411,0.4,0.6,.700,0.5,1.7,2.2,1.1,0.9,0.1,0.8,1.1,7.6,2005
7683,280,Chris Mihm,C,25,LAL,75,75,24.9,3.7,7.4,.507,0.0,0.0,.000,3.7,7.3,.509,.507,2.3,3.4,.678,2.6,4.1,6.7,0.7,0.2,1.4,1.5,3.2,9.8,2005
7684,Rk,Player,Pos,Age,Tm,G,GS,MP,FG,FGA,FG%,3P,3PA,3P%,2P,2PA,2P%,eFG%,FT,FTA,FT%,ORB,DRB,TRB,AST,STL,BLK,TOV,PF,PTS,2005
7685,281,Darius Miles,SF,23,POR,63,22,27.0,5.3,11.1,.482,0.1,0.4,.348,5.2,10.7,.487,.488,2.0,3.4,.600,1.1,3.6,4.7,2.0,1.2,1.2,2.5,3.0,12.8,2005
7686,282,Darko Miličić,C,19,DET,37,2,6.9,0.7,2.1,.329,0.0,0.0,,0.7,2.1,.329,.329,0.5,0.6,.708,0.1,1.1,1.2,0.2,0.1,0.5,0.4,0.8,1.8,2005
7687,283,Andre Miller,PG,28,DEN,82,82,34.8,5.2,10.9,.477,0.1,0.5,.154,5.1,10.4,.492,.480,3.1,3.7,.838,1.2,2.9,4.1,6.9,1.5,0.1,2.7,2.5,13.6,2005
7688,284,Anthony Miller,PF,33,ATL,2,0,4.5,1.0,1.5,.667,0.0,0.0,,1.0,1.5,.667,.667,0.0,0.0,,0.0,0.5,0.5,0.5,0.5,0.0,0.5,1.0,2.0,2005
7689,285,Brad Miller,C,28,SAC,56,56,37.3,5.7,10.9,.524,0.1,0.3,.263,5.6,10.5,.532,.528,4.2,5.1,.812,2.5,6.8,9.3,3.9,1.2,1.2,1.5,3.2,15.6,2005
7690,286,Mike Miller,SF,24,MEM,76,51,30.0,5.1,10.1,.505,1.8,4.3,.433,3.3,5.8,.558,.597,1.4,2.0,.720,0.5,3.5,3.9,2.9,0.7,0.3,1.7,2.6,13.4,2005
7691,287,Reggie Miller*,SG,39,IND,66,66,31.9,4.8,10.9,.437,1.5,4.5,.322,3.3,6.4,.518,.503,3.8,4.1,.933,0.3,2.1,2.4,2.2,0.8,0.1,1.2,1.7,14.8,2005
7692,288,Yao Ming*,C,24,HOU,80,80,30.6,6.7,12.2,.552,0.0,0.0,,6.7,12.2,.552,.552,4.9,6.2,.783,2.6,5.8,8.4,0.8,0.4,2.0,2.5,3.7,18.3,2005
7693,289,Cuttino Mobley,SG,29,TOT,66,64,36.2,6.2,14.1,.438,2.3,5.2,.439,3.9,8.9,.437,.518,2.5,3.1,.820,0.7,2.8,3.5,2.8,1.1,0.5,2.0,2.3,17.2,2005
7694,289,Cuttino Mobley,SG,29,ORL,23,21,31.6,5.6,12.9,.432,2.5,5.4,.464,3.0,7.4,.409,.530,2.4,3.0,.797,0.5,2.3,2.7,1.8,1.0,0.4,1.8,2.1,16.0,2005
7695,289,Cuttino Mobley,SG,29,SAC,43,43,38.7,6.5,14.8,.440,2.1,5.0,.424,4.4,9.7,.449,.513,2.6,3.2,.831,0.8,3.1,3.9,3.4,1.2,0.5,2.1,2.4,17.8,2005
7696,290,Nazr Mohammed,C,27,TOT,77,59,25.1,3.8,7.8,.480,0.0,0.0,.000,3.8,7.8,.481,.480,2.0,2.9,.674,3.2,4.4,7.6,0.4,0.8,1.1,1.4,3.1,9.5,2005
7697,290,Nazr Mohammed,C,27,NYK,54,54,28.1,4.3,8.5,.509,0.0,0.0,.000,4.3,8.5,.510,.509,2.2,3.2,.708,3.1,5.0,8.1,0.5,1.0,1.0,1.5,3.2,10.9,2005
7698,290,Nazr Mohammed,C,27,SAS,23,5,18.0,2.4,6.2,.387,0.0,0.0,,2.4,6.2,.387,.387,1.4,2.4,.571,3.4,3.0,6.4,0.3,0.2,1.4,1.2,2.8,6.2,2005
7699,291,Jérôme Moïso,C-PF,26,TOT,20,1,6.0,0.5,0.9,.500,0.0,0.1,.000,0.5,0.9,.529,.500,0.5,0.7,.769,0.5,1.4,1.9,0.1,0.2,0.3,0.4,0.7,1.4,2005
7700,291,Jérôme Moïso,C,26,TOR,8,1,8.6,0.4,1.1,.333,0.0,0.1,.000,0.4,1.0,.375,.333,1.0,1.1,.889,0.8,2.1,2.9,0.0,0.3,0.4,0.8,0.9,1.8,2005
7701,291,Jérôme Moïso,C,26,NJN,8,0,3.0,0.4,0.5,.750,0.0,0.0,,0.4,0.5,.750,.750,0.3,0.5,.500,0.4,0.5,0.9,0.0,0.0,0.1,0.1,0.3,1.0,2005
7702,291,Jérôme Moïso,PF,26,CLE,4,0,6.8,0.8,1.3,.600,0.0,0.0,,0.8,1.3,.600,.600,0.0,0.0,,0.3,1.5,1.8,0.3,0.3,0.5,0.0,1.0,1.5,2005
7703,292,Mikki Moore,PF,29,LAC,74,4,15.9,1.9,3.9,.502,0.0,0.1,.200,1.9,3.8,.507,.503,1.4,1.8,.787,1.3,2.0,3.3,0.6,0.3,0.4,0.9,2.3,5.4,2005
7704,293,Alonzo Mourning*,C-PF,34,TOT,37,17,19.0,2.7,5.7,.472,0.0,0.0,,2.7,5.7,.472,.472,2.2,3.8,.582,1.4,3.9,5.4,0.5,0.2,2.0,1.5,2.2,7.6,2005
7705,293,Alonzo Mourning*,PF,34,NJN,18,14,25.4,3.8,8.3,.453,0.0,0.0,,3.8,8.3,.453,.453,2.8,4.8,.593,1.7,5.3,7.1,0.8,0.3,2.3,2.5,2.8,10.4,2005
7706,293,Alonzo Mourning*,C,34,MIA,19,3,12.9,1.7,3.3,.516,0.0,0.0,,1.7,3.3,.516,.516,1.6,2.9,.564,1.2,2.6,3.7,0.2,0.2,1.7,0.6,1.7,5.0,2005
7707,294,Troy Murphy,PF,24,GSW,70,69,33.9,5.6,13.5,.414,0.8,2.1,.399,4.8,11.4,.417,.445,3.3,4.6,.730,3.6,7.2,10.8,1.4,0.8,0.5,1.5,2.7,15.4,2005
7708,295,Lamond Murray,SF,31,TOR,62,1,14.8,2.1,5.0,.426,0.7,1.7,.438,1.4,3.3,.420,.500,1.0,1.3,.763,0.7,1.9,2.6,0.8,0.5,0.3,0.9,1.4,6.0,2005
7709,296,Ronald Murray,SG,25,SEA,49,6,18.0,2.7,7.4,.361,0.5,1.9,.253,2.2,5.5,.399,.394,1.2,1.6,.738,0.3,1.7,2.0,1.3,0.6,0.2,1.2,1.2,7.0,2005
7710,297,Dikembe Mutombo*,C,38,HOU,80,2,15.2,1.4,2.7,.498,0.0,0.0,,1.4,2.7,.498,.498,1.3,1.8,.741,1.9,3.5,5.3,0.1,0.2,1.3,0.6,1.7,4.0,2005
7711,298,Mamadou N'Diaye,C,29,LAC,11,0,6.5,0.7,1.8,.400,0.0,0.1,.000,0.7,1.7,.421,.400,0.4,0.6,.571,0.8,0.8,1.6,0.1,0.1,0.5,0.0,1.8,1.8,2005
7712,299,Boštjan Nachbar,PF-SF,24,TOT,71,6,18.9,2.3,5.8,.392,1.1,2.8,.383,1.2,3.0,.400,.483,1.4,1.6,.829,0.3,2.2,2.6,1.0,0.4,0.2,1.0,2.6,7.0,2005
7713,299,Boštjan Nachbar,SF,24,HOU,16,2,12.8,0.9,2.7,.349,0.6,1.3,.476,0.3,1.4,.227,.465,0.6,0.8,.750,0.3,1.6,1.9,0.6,0.1,0.0,0.3,1.9,3.1,2005
7714,299,Boštjan Nachbar,PF,24,NOH,55,4,20.7,2.7,6.7,.397,1.2,3.2,.371,1.5,3.5,.420,.485,1.6,1.9,.838,0.4,2.4,2.8,1.2,0.5,0.3,1.2,2.8,8.1,2005
7715,300,Lee Nailon,SF,29,NOH,68,51,29.7,6.1,12.8,.478,0.0,0.0,.000,6.1,12.8,.479,.478,2.0,2.4,.806,1.9,2.5,4.4,1.6,0.5,0.2,1.6,2.8,14.2,2005
7716,Rk,Player,Pos,Age,Tm,G,GS,MP,FG,FGA,FG%,3P,3PA,3P%,2P,2PA,2P%,eFG%,FT,FTA,FT%,ORB,DRB,TRB,AST,STL,BLK,TOV,PF,PTS,2005
7717,301,Eduardo Nájera,PF,28,TOT,68,4,17.4,2.1,4.7,.450,0.1,0.3,.286,2.0,4.4,.462,.460,0.9,1.3,.637,1.5,2.1,3.6,1.0,0.6,0.4,0.9,2.2,5.2,2005
7718,301,Eduardo Nájera,PF,28,GSW,42,4,14.5,1.7,4.1,.407,0.1,0.4,.400,1.5,3.7,.408,.424,0.7,1.1,.644,1.3,1.5,2.8,0.9,0.4,0.2,0.8,1.7,4.2,2005
7719,301,Eduardo Nájera,PF,28,DEN,26,0,22.1,2.9,5.8,.500,0.0,0.2,.000,2.9,5.5,.521,.500,1.1,1.8,.630,1.9,2.9,4.8,1.1,0.9,0.5,1.1,3.0,6.9,2005
7720,302,Steve Nash*,PG,30,PHO,75,75,34.3,5.7,11.4,.502,1.3,2.9,.431,4.5,8.5,.526,.557,2.8,3.2,.887,0.8,2.6,3.3,11.5,1.0,0.1,3.3,1.8,15.5,2005
7721,303,Jameer Nelson,PG,22,ORL,79,21,20.4,3.6,7.9,.455,0.6,1.8,.312,3.1,6.2,.497,.490,0.9,1.4,.682,0.7,1.8,2.4,3.0,1.0,0.0,1.5,2.5,8.7,2005
7722,304,Rasho Nesterović,C,28,SAS,70,70,25.5,2.8,6.1,.460,0.0,0.0,,2.8,6.1,.460,.460,0.2,0.4,.467,2.6,3.9,6.6,1.0,0.4,1.7,1.0,3.0,5.9,2005
7723,305,Ira Newble,SG,30,CLE,74,69,24.8,2.5,5.7,.429,0.3,0.7,.358,2.2,5.0,.439,.452,0.7,0.9,.797,1.1,1.9,3.0,1.2,0.7,0.2,0.8,1.9,5.9,2005
7724,306,Andrés Nocioni,SF,25,CHI,81,38,23.4,3.0,7.4,.401,0.3,1.2,.258,2.7,6.2,.429,.422,2.1,2.7,.766,0.9,3.9,4.8,1.5,0.5,0.4,1.7,2.6,8.4,2005
7725,307,Moochie Norris,PG,31,TOT,38,0,9.5,0.9,2.9,.321,0.0,0.3,.000,0.9,2.6,.361,.321,0.5,0.6,.833,0.3,0.9,1.2,1.0,0.5,0.1,0.7,1.2,2.4,2005
7726,307,Moochie Norris,PG,31,NYK,32,0,10.0,1.0,2.9,.344,0.0,0.4,.000,1.0,2.5,.395,.344,0.6,0.7,.818,0.3,1.0,1.3,1.1,0.5,0.1,0.8,1.3,2.6,2005
7727,307,Moochie Norris,PG,31,HOU,6,0,6.5,0.5,2.7,.188,0.0,0.0,,0.5,2.7,.188,.188,0.3,0.3,1.000,0.2,0.5,0.7,0.8,0.2,0.0,0.3,0.3,1.3,2005
7728,308,Dirk Nowitzki,PF,26,DAL,78,78,38.7,8.5,18.5,.459,1.2,2.9,.399,7.3,15.6,.470,.490,7.9,9.1,.869,1.2,8.5,9.7,3.1,1.2,1.5,2.3,2.8,26.1,2005
7729,309,Jermaine O'Neal,PF,26,IND,44,41,34.8,8.8,19.4,.452,0.0,0.1,.167,8.8,19.3,.454,.453,6.7,8.9,.754,1.9,6.9,8.8,1.9,0.6,2.0,3.0,3.9,24.3,2005
7730,310,Shaquille O'Neal*,C,32,MIA,73,73,34.1,9.0,15.0,.601,0.0,0.0,,9.0,15.0,.601,.601,4.8,10.5,.461,3.5,6.9,10.4,2.7,0.5,2.3,2.8,3.6,22.9,2005
7731,311,Lamar Odom,PF,25,LAL,64,64,36.3,5.7,12.1,.473,0.6,1.8,.308,5.2,10.3,.502,.496,3.2,4.7,.695,2.1,8.1,10.2,3.7,0.7,1.0,2.5,3.3,15.2,2005
7732,312,Emeka Okafor,PF,22,CHA,73,73,35.6,6.1,13.7,.447,0.0,0.0,.000,6.1,13.7,.447,.447,2.9,4.7,.609,3.8,7.1,10.9,0.9,0.8,1.7,1.7,2.9,15.1,2005
7733,313,Mehmet Okur,C,25,UTA,82,25,28.1,4.3,9.2,.468,0.2,0.8,.270,4.1,8.5,.486,.479,4.0,4.7,.850,2.4,5.1,7.5,2.0,0.4,0.8,1.7,2.8,12.9,2005
7734,314,Kevin Ollie,PG,32,PHI,26,0,6.1,0.4,1.2,.355,0.0,0.0,,0.4,1.2,.355,.355,0.2,0.3,.667,0.1,0.6,0.7,0.7,0.2,0.0,0.2,0.6,1.1,2005
7735,315,Michael Olowokandi,C,29,MIN,62,34,19.6,2.6,5.7,.456,0.0,0.0,,2.6,5.7,.456,.456,0.7,1.1,.667,1.7,3.5,5.2,0.5,0.2,0.9,1.1,3.1,5.9,2005
7736,316,Greg Ostertag,C,31,SAC,56,3,9.9,0.7,1.5,.440,0.0,0.0,.000,0.7,1.5,.451,.440,0.2,0.7,.342,1.0,2.0,3.0,0.7,0.1,0.7,0.4,1.6,1.6,2005
7737,317,Bo Outlaw,PF,33,PHO,39,0,5.5,0.3,0.9,.353,0.0,0.0,,0.3,0.9,.353,.353,0.1,0.2,.556,0.4,0.9,1.4,0.3,0.2,0.3,0.2,0.7,0.7,2005
7738,318,Travis Outlaw,SF,20,POR,59,2,13.4,2.3,4.5,.498,0.1,0.2,.400,2.2,4.4,.502,.506,0.8,1.3,.653,0.7,1.4,2.1,0.6,0.5,0.7,0.7,1.3,5.4,2005
7739,319,Zaza Pachulia,C,20,MIL,74,4,18.9,2.2,4.8,.452,0.0,0.0,.000,2.2,4.8,.453,.452,1.9,2.5,.746,1.8,3.3,5.1,0.8,0.6,0.5,0.9,2.2,6.2,2005
7740,320,Scott Padgett,PF,28,HOU,66,0,14.3,1.5,3.5,.421,0.8,1.9,.397,0.7,1.6,.449,.528,0.4,0.6,.725,0.7,2.1,2.8,0.8,0.5,0.2,0.5,1.8,4.2,2005
7741,Rk,Player,Pos,Age,Tm,G,GS,MP,FG,FGA,FG%,3P,3PA,3P%,2P,2PA,2P%,eFG%,FT,FTA,FT%,ORB,DRB,TRB,AST,STL,BLK,TOV,PF,PTS,2005
7742,321,Milt Palacio,PG,26,TOR,80,4,19.2,2.2,4.9,.446,0.0,0.2,.167,2.2,4.8,.455,.449,1.4,1.9,.742,0.3,1.4,1.7,3.5,0.6,0.2,1.3,1.6,5.8,2005
7743,322,Jannero Pargo,PG,25,CHI,32,0,14.2,2.6,6.7,.385,0.7,2.1,.348,1.8,4.6,.401,.439,0.5,0.7,.739,0.4,1.1,1.5,2.4,0.5,0.0,1.4,1.7,6.4,2005
7744,323,Smush Parker,PG,23,TOT,16,1,9.0,1.1,2.7,.419,0.2,0.8,.231,0.9,1.9,.500,.453,0.6,0.8,.692,0.3,0.5,0.8,0.9,0.3,0.0,1.2,1.0,3.0,2005
7745,323,Smush Parker,PG,23,DET,11,1,10.0,1.0,2.5,.393,0.2,0.8,.222,0.8,1.7,.474,.429,0.8,1.2,.692,0.2,0.6,0.8,1.0,0.3,0.0,0.9,1.2,3.0,2005
7746,323,Smush Parker,PG,23,PHO,5,0,6.8,1.4,3.0,.467,0.2,0.8,.250,1.2,2.2,.545,.500,0.0,0.0,,0.4,0.2,0.6,0.8,0.4,0.0,1.8,0.6,3.0,2005
7747,324,Tony Parker,PG,22,SAS,80,80,34.2,6.7,14.0,.482,0.5,2.0,.276,6.2,12.0,.516,.501,2.6,4.0,.650,0.6,3.1,3.7,6.1,1.2,0.1,2.7,2.1,16.6,2005
7748,325,Ruben Patterson,SF,29,POR,70,36,28.0,4.6,8.6,.531,0.0,0.4,.080,4.5,8.2,.550,.532,2.4,4.0,.599,1.8,2.1,3.9,2.0,1.5,0.3,2.0,2.3,11.6,2005
7749,326,Sasha Pavlović,SG,21,CLE,65,9,13.3,1.8,4.2,.435,0.5,1.2,.385,1.4,3.0,.455,.489,0.7,1.0,.688,0.2,0.9,1.1,0.8,0.4,0.1,0.7,1.9,4.8,2005
7750,327,Gary Payton*,PG,36,BOS,77,77,33.0,4.4,9.4,.468,0.5,1.7,.326,3.9,7.7,.498,.497,2.0,2.6,.761,0.6,2.4,3.1,6.1,1.1,0.2,1.9,1.6,11.3,2005
7751,328,Anthony Peeler,SG,35,WAS,40,0,13.2,1.4,3.8,.373,0.6,1.6,.385,0.8,2.1,.365,.457,0.4,0.5,.889,0.4,1.3,1.6,1.4,0.5,0.1,0.7,1.0,3.8,2005
7752,329,Kirk Penney,SG,24,LAC,4,0,3.0,0.3,0.8,.333,0.0,0.3,.000,0.3,0.5,.500,.333,0.0,0.0,,0.0,0.3,0.3,0.3,0.0,0.0,0.5,0.0,0.5,2005
7753,330,Kendrick Perkins,C,20,BOS,60,3,9.1,0.9,2.0,.471,0.0,0.0,,0.9,2.0,.471,.471,0.6,1.0,.638,0.9,2.1,2.9,0.4,0.2,0.6,0.7,1.6,2.5,2005
7754,331,Wesley Person,SF,33,TOT,41,3,16.3,2.6,5.5,.473,1.0,2.2,.461,1.6,3.3,.482,.564,0.2,0.3,.692,0.1,2.0,2.0,1.0,0.5,0.1,0.4,0.7,6.4,2005
7755,331,Wesley Person,SF,33,MIA,16,3,12.9,1.6,3.6,.439,0.5,1.3,.381,1.1,2.3,.472,.509,0.3,0.3,1.000,0.1,1.3,1.4,0.7,0.4,0.0,0.4,0.4,3.9,2005
7756,331,Wesley Person,SF,33,DEN,25,0,18.4,3.3,6.8,.485,1.3,2.7,.485,2.0,4.0,.485,.583,0.2,0.4,.556,0.1,2.4,2.4,1.1,0.5,0.2,0.4,1.0,8.1,2005
7757,332,Morris Peterson,SG,27,TOR,82,61,30.6,4.3,10.3,.420,1.6,4.1,.385,2.8,6.3,.442,.496,2.3,2.8,.832,0.9,3.3,4.1,2.1,1.1,0.2,1.1,2.7,12.5,2005
7758,333,Eric Piatkowski,SG,34,CHI,68,11,12.4,1.6,3.8,.430,0.8,2.0,.425,0.8,1.8,.435,.541,0.7,0.8,.804,0.2,0.9,1.2,0.8,0.4,0.0,0.5,1.0,4.8,2005
7759,334,Paul Pierce*,SF,27,BOS,82,82,36.1,6.8,14.9,.455,1.3,3.6,.370,5.5,11.4,.481,.499,6.7,8.1,.822,1.0,5.6,6.6,4.2,1.6,0.5,2.8,3.1,21.6,2005
7760,335,Mickaël Piétrus,SF,22,GSW,67,3,20.0,3.2,7.5,.427,1.0,2.9,.344,2.2,4.6,.480,.494,2.1,3.0,.698,1.0,1.9,2.8,1.2,0.7,0.3,1.4,2.1,9.5,2005
7761,336,Zoran Planinić,PG,22,NJN,43,8,12.0,1.8,4.0,.448,0.3,0.9,.375,1.5,3.1,.470,.491,1.1,1.5,.697,0.4,1.2,1.6,1.0,0.6,0.0,1.0,1.8,5.0,2005
7762,337,Pavel Podkolzin,C,20,DAL,5,0,2.0,0.0,0.0,,0.0,0.0,,0.0,0.0,,,0.2,0.4,.500,0.0,0.4,0.4,0.0,0.0,0.0,0.4,0.8,0.2,2005
7763,338,Scot Pollard,C,29,IND,49,17,17.7,1.6,3.4,.473,0.0,0.0,,1.6,3.4,.473,.473,0.7,1.0,.673,1.7,2.4,4.2,0.4,0.6,0.5,0.6,2.5,3.9,2005
7764,339,Mark Pope,PF,32,DEN,9,0,3.0,0.2,0.7,.333,0.0,0.0,,0.2,0.7,.333,.333,0.0,0.0,,0.6,0.3,0.9,0.1,0.1,0.2,0.1,0.6,0.4,2005
7765,340,James Posey,SF,28,MEM,50,18,27.6,2.5,7.1,.357,1.1,3.6,.309,1.4,3.6,.404,.434,1.9,2.2,.865,0.9,3.5,4.4,1.8,1.0,0.5,1.4,2.7,8.1,2005
7766,Rk,Player,Pos,Age,Tm,G,GS,MP,FG,FGA,FG%,3P,3PA,3P%,2P,2PA,2P%,eFG%,FT,FTA,FT%,ORB,DRB,TRB,AST,STL,BLK,TOV,PF,PTS,2005
7767,341,Vitaly Potapenko,C,29,SEA,33,1,10.2,1.4,2.6,.517,0.0,0.0,.000,1.4,2.6,.523,.517,0.8,0.9,.871,0.9,1.5,2.4,0.3,0.2,0.1,0.4,1.6,3.5,2005
7768,342,Tayshaun Prince,SF,24,DET,82,82,37.1,5.7,11.7,.487,0.6,1.7,.341,5.1,10.1,.512,.511,2.7,3.3,.807,1.6,3.7,5.3,3.0,0.7,0.9,1.6,2.0,14.7,2005
7769,343,Laron Profit,SF,27,WAS,42,4,10.2,1.3,3.0,.438,0.2,0.7,.286,1.1,2.4,.480,.469,0.4,0.6,.640,0.6,1.2,1.8,0.9,0.4,0.1,0.6,1.0,3.2,2005
7770,344,Joel Przybilla,C,25,POR,76,50,24.4,2.6,4.4,.598,0.0,0.0,,2.6,4.4,.598,.598,1.2,2.3,.517,2.3,5.4,7.7,1.0,0.3,2.1,1.3,3.1,6.4,2005
7771,345,Vladimir Radmanović,PF,24,SEA,63,0,29.5,4.2,10.3,.409,2.0,5.2,.389,2.2,5.1,.430,.508,1.3,1.6,.786,0.8,3.8,4.6,1.4,0.9,0.5,1.3,2.7,11.8,2005
7772,346,Aleksandar Radojević,C,28,UTA,12,6,10.7,0.5,1.6,.316,0.0,0.0,,0.5,1.6,.316,.316,0.6,0.8,.700,0.8,1.6,2.3,0.5,0.0,0.2,1.3,2.7,1.6,2005
7773,347,Peter John Ramos,C,19,WAS,6,0,3.3,0.8,1.7,.500,0.0,0.0,,0.8,1.7,.500,.500,0.2,0.3,.500,0.2,0.5,0.7,0.0,0.0,0.2,0.5,0.7,1.8,2005
7774,348,Zach Randolph,PF,23,POR,46,37,34.8,7.2,16.1,.448,0.0,0.1,.000,7.2,16.0,.452,.448,4.5,5.5,.815,3.1,6.5,9.6,1.9,0.7,0.4,2.4,2.4,18.9,2005
7775,349,Theo Ratliff,C,31,POR,63,45,27.5,1.8,4.1,.447,0.0,0.0,,1.8,4.1,.447,.447,1.2,1.7,.692,1.8,3.5,5.3,0.5,0.4,2.5,0.9,2.9,4.8,2005
7776,350,Željko Rebrača,C,32,LAC,58,2,16.0,2.3,4.0,.568,0.0,0.0,,2.3,4.0,.568,.568,1.3,1.5,.859,0.8,2.3,3.2,0.4,0.2,0.7,0.8,2.2,5.8,2005
7777,351,Michael Redd,SG,25,MIL,75,75,38.0,8.3,18.9,.441,1.4,3.9,.355,6.9,15.0,.463,.477,4.9,5.8,.854,1.0,3.2,4.2,2.3,0.8,0.1,1.8,2.0,23.0,2005
7778,352,Justin Reed,SF,23,BOS,23,0,5.3,0.7,1.3,.517,0.0,0.1,.000,0.7,1.1,.577,.517,0.5,0.7,.733,0.3,0.3,0.7,0.4,0.1,0.0,0.2,0.5,1.8,2005
7779,353,Jared Reiner,C,22,CHI,19,2,6.9,0.5,1.6,.333,0.0,0.0,,0.5,1.6,.333,.333,0.1,0.2,.250,0.7,1.3,2.0,0.1,0.2,0.4,0.5,1.8,1.1,2005
7780,354,Jason Richardson,SG,24,GSW,72,72,37.8,8.5,19.0,.446,1.7,5.1,.338,6.7,13.9,.486,.492,3.0,4.3,.693,1.7,4.2,5.9,3.9,1.5,0.4,2.3,2.2,21.7,2005
7781,355,Quentin Richardson,SG,24,PHO,79,78,35.9,5.2,13.2,.389,2.9,8.0,.358,2.3,5.2,.437,.498,1.7,2.3,.739,1.2,4.9,6.1,2.0,1.2,0.3,1.3,2.5,14.9,2005
7782,356,Luke Ridnour,PG,23,SEA,82,82,31.4,3.6,9.0,.405,0.8,2.2,.376,2.8,6.8,.414,.450,1.9,2.2,.883,0.7,1.8,2.5,5.9,1.1,0.3,1.8,2.3,10.0,2005
7783,357,Bernard Robinson,SG,24,CHA,31,1,10.6,1.2,2.6,.444,0.1,0.3,.375,1.1,2.4,.452,.463,0.6,0.8,.692,0.5,1.1,1.5,1.0,0.4,0.1,0.6,1.4,3.0,2005
7784,358,Clifford Robinson,C-PF,38,TOT,71,29,23.8,2.8,7.4,.386,0.9,2.7,.347,1.9,4.6,.409,.450,0.9,1.4,.639,0.8,2.2,2.9,1.5,0.9,0.7,0.9,2.5,7.5,2005
7785,358,Clifford Robinson,C,38,GSW,42,29,26.0,3.4,8.4,.398,1.0,3.0,.331,2.4,5.4,.436,.458,0.8,1.4,.603,0.7,2.0,2.7,1.8,1.0,0.9,1.0,2.5,8.5,2005
7786,358,Clifford Robinson,PF,38,NJN,29,0,20.7,2.1,5.8,.361,0.9,2.3,.379,1.2,3.6,.350,.435,0.9,1.3,.692,0.8,2.5,3.3,1.0,0.6,0.5,0.9,2.6,6.0,2005
7787,359,Glenn Robinson,SF,32,SAS,9,0,17.4,3.8,8.6,.442,0.2,0.7,.333,3.6,7.9,.451,.455,2.2,2.6,.870,0.4,2.2,2.7,0.9,0.4,0.3,0.8,2.1,10.0,2005
7788,360,Rodney Rogers,SF-PF,33,TOT,58,33,23.6,3.0,7.8,.382,0.8,2.9,.286,2.1,4.9,.440,.436,0.9,1.2,.743,1.1,3.2,4.2,1.5,0.7,0.3,1.5,3.0,7.7,2005
7789,360,Rodney Rogers,SF,33,NOH,30,26,29.4,3.6,9.6,.377,0.8,3.1,.272,2.8,6.6,.426,.420,1.1,1.4,.762,0.9,3.8,4.7,2.0,0.6,0.4,2.2,3.4,9.2,2005
7790,360,Rodney Rogers,PF,33,PHI,28,7,17.3,2.3,5.8,.391,0.8,2.7,.303,1.4,3.0,.471,.463,0.7,1.0,.714,1.2,2.5,3.7,0.9,0.8,0.3,0.7,2.5,6.0,2005
7791,Rk,Player,Pos,Age,Tm,G,GS,MP,FG,FGA,FG%,3P,3PA,3P%,2P,2PA,2P%,eFG%,FT,FTA,FT%,ORB,DRB,TRB,AST,STL,BLK,TOV,PF,PTS,2005
7792,361,Jalen Rose,SF,32,TOR,81,65,33.5,6.5,14.3,.455,1.3,3.4,.394,5.2,10.9,.473,.501,4.1,4.8,.854,0.5,2.9,3.4,2.6,0.8,0.1,2.2,2.3,18.5,2005
7793,362,Malik Rose,PF,30,TOT,76,5,19.4,2.6,5.8,.449,0.0,0.1,.100,2.6,5.7,.457,.450,1.8,2.4,.737,1.7,2.8,4.5,0.8,0.6,0.2,1.3,2.7,7.0,2005
7794,362,Malik Rose,PF,30,SAS,50,1,17.2,2.5,5.3,.464,0.0,0.1,.000,2.5,5.3,.471,.464,1.4,2.0,.697,1.9,2.6,4.5,0.8,0.6,0.2,1.1,2.5,6.3,2005
7795,362,Malik Rose,PF,30,NYK,26,4,23.6,2.8,6.7,.425,0.0,0.2,.167,2.8,6.5,.435,.428,2.6,3.3,.782,1.3,3.1,4.4,0.7,0.6,0.3,1.8,3.2,8.3,2005
7796,363,Quinton Ross,SG,23,LAC,78,19,21.3,2.1,4.8,.432,0.0,0.1,.250,2.1,4.7,.434,.433,0.9,1.4,.673,0.8,1.9,2.7,1.4,0.7,0.3,0.7,2.1,5.1,2005
7797,364,Michael Ruffin,C,28,WAS,79,7,16.0,0.5,1.3,.414,0.0,0.0,.000,0.5,1.2,.418,.414,0.4,0.8,.433,2.0,2.2,4.2,0.8,0.5,0.5,0.6,2.4,1.4,2005
7798,365,Kareem Rush,SG,24,TOT,48,22,20.2,3.3,8.5,.387,1.1,2.9,.372,2.2,5.6,.394,.450,0.8,1.0,.771,0.4,1.4,1.9,1.4,0.4,0.1,1.0,1.5,8.4,2005
7799,365,Kareem Rush,SG,24,LAL,14,0,6.5,0.3,1.4,.200,0.1,0.7,.200,0.1,0.7,.200,.250,0.1,0.1,1.000,0.2,0.5,0.7,0.2,0.1,0.1,0.2,0.5,0.9,2005
7800,365,Kareem Rush,SG,24,CHA,34,22,25.8,4.5,11.4,.396,1.4,3.7,.386,3.1,7.6,.402,.460,1.0,1.4,.761,0.5,1.8,2.3,1.9,0.5,0.2,1.3,2.0,11.5,2005
7801,366,Bryon Russell,SF,34,DEN,70,2,14.7,1.4,3.6,.377,0.8,2.1,.376,0.6,1.5,.379,.488,0.9,1.1,.792,0.7,1.7,2.5,1.0,0.6,0.2,0.5,1.9,4.4,2005
7802,367,John Salmons,SG,25,PHI,58,8,17.1,1.5,3.6,.405,0.5,1.6,.341,0.9,2.1,.454,.479,0.6,0.8,.729,0.2,1.9,2.1,2.0,0.7,0.2,0.9,1.6,4.1,2005
7803,368,Jamal Sampson,PF,21,CHA,23,0,14.3,1.2,2.7,.452,0.0,0.0,,1.2,2.7,.452,.452,1.0,1.7,.590,1.6,3.7,5.3,0.3,0.2,0.7,0.7,2.3,3.4,2005
7804,369,Daniel Santiago,C,28,MIL,11,0,9.5,0.6,1.9,.333,0.0,0.0,,0.6,1.9,.333,.333,0.7,1.0,.727,0.5,1.2,1.7,0.1,0.3,0.4,0.4,2.5,2.0,2005
7805,370,Brian Scalabrine,PF,26,NJN,54,14,21.6,2.4,6.1,.398,0.4,1.3,.324,2.0,4.9,.417,.431,1.0,1.3,.768,1.5,3.0,4.5,1.6,0.6,0.3,1.2,2.1,6.3,2005
7806,371,Ansu Sesay,SF,28,GSW,16,0,8.0,1.1,2.6,.405,0.1,0.5,.250,0.9,2.1,.441,.429,0.8,1.5,.542,1.1,1.3,2.4,0.8,0.1,0.2,0.5,1.0,3.1,2005
7807,372,Ha Seung-Jin,C,19,POR,19,0,5.5,0.5,1.2,.435,0.0,0.0,,0.5,1.2,.435,.435,0.3,0.6,.545,0.3,0.6,0.9,0.1,0.1,0.3,0.6,1.1,1.4,2005
7808,373,Paul Shirley,PF,27,PHO,9,0,3.3,0.6,1.2,.455,0.0,0.0,,0.6,1.2,.455,.455,0.2,0.4,.500,0.1,0.1,0.2,0.3,0.0,0.0,0.1,0.3,1.3,2005
7809,374,Bobby Simmons,SF,24,LAC,75,74,37.3,6.3,13.6,.466,0.7,1.5,.435,5.7,12.0,.470,.491,3.1,3.6,.846,1.7,4.2,5.9,2.7,1.4,0.2,1.8,3.0,16.4,2005
7810,375,Brian Skinner,C-PF,28,TOT,49,23,19.2,2.1,4.2,.507,0.0,0.0,.000,2.1,4.2,.510,.507,0.5,1.4,.357,2.2,3.5,5.7,0.9,0.6,1.0,0.8,2.1,4.8,2005
7811,375,Brian Skinner,PF,28,PHI,24,0,10.3,0.9,2.4,.386,0.0,0.0,.000,0.9,2.3,.393,.386,0.2,0.7,.294,1.0,1.6,2.6,0.2,0.2,0.3,0.5,1.2,2.0,2005
7812,375,Brian Skinner,C,28,SAC,25,23,27.8,3.3,5.9,.554,0.0,0.0,,3.3,5.9,.554,.554,0.8,2.1,.377,3.4,5.4,8.7,1.5,1.0,1.7,1.1,2.9,7.4,2005
7813,376,Tamar Slay,SG,24,CHA,8,0,9.8,1.6,4.9,.333,0.3,1.5,.167,1.4,3.4,.407,.359,0.0,0.3,.000,0.8,1.0,1.8,0.4,0.6,0.0,1.0,2.5,3.5,2005
7814,377,Donta Smith,SG,21,ATL,38,0,11.4,1.2,3.0,.389,0.2,0.6,.273,1.0,2.4,.418,.416,0.9,1.3,.688,0.5,0.9,1.4,1.0,0.6,0.1,0.7,1.3,3.3,2005
7815,378,J.R. Smith,SG,19,NOH,76,56,24.5,3.9,9.8,.394,1.1,3.7,.288,2.8,6.1,.458,.449,1.5,2.1,.689,0.5,1.5,2.0,1.9,0.7,0.1,1.4,1.8,10.3,2005
7816,379,Jabari Smith,PF,27,NJN,45,2,14.4,1.4,3.3,.419,0.0,0.0,.500,1.4,3.2,.418,.422,0.9,1.2,.745,0.6,1.8,2.5,0.8,0.6,0.3,0.9,2.3,3.7,2005
7817,380,Joe Smith,PF,29,MIL,74,73,30.6,4.3,8.4,.514,0.0,0.0,.000,4.3,8.4,.515,.514,2.4,3.1,.768,2.4,4.9,7.3,0.9,0.6,0.5,1.1,3.0,11.0,2005
7818,Rk,Player,Pos,Age,Tm,G,GS,MP,FG,FGA,FG%,3P,3PA,3P%,2P,2PA,2P%,eFG%,FT,FTA,FT%,ORB,DRB,TRB,AST,STL,BLK,TOV,PF,PTS,2005
7819,381,Josh Smith,SF,19,ATL,74,59,27.7,3.7,8.1,.455,0.1,0.3,.174,3.6,7.8,.466,.458,2.2,3.2,.688,2.0,4.2,6.2,1.7,0.8,1.9,1.8,2.1,9.7,2005
7820,382,Steve Smith,SG,35,TOT,50,1,15.0,2.0,5.0,.411,0.8,2.1,.390,1.2,2.9,.427,.494,1.4,1.6,.863,0.3,1.0,1.3,1.4,0.3,0.1,0.5,1.6,6.3,2005
7821,382,Steve Smith,SG,35,CHA,37,1,17.2,2.5,5.9,.427,1.0,2.4,.422,1.5,3.5,.430,.514,1.8,2.1,.870,0.4,1.0,1.3,1.5,0.3,0.2,0.6,2.0,7.9,2005
7822,382,Steve Smith,SG,35,MIA,13,0,8.8,0.7,2.3,.300,0.2,1.2,.200,0.5,1.2,.400,.350,0.2,0.2,.667,0.2,1.1,1.2,1.1,0.2,0.0,0.2,0.6,1.8,2005
7823,383,Theron Smith,SF,24,CHA,33,5,15.5,1.3,4.1,.324,0.1,0.4,.250,1.2,3.8,.331,.335,0.4,0.5,.875,1.2,2.3,3.5,0.8,0.2,0.1,0.8,1.8,3.2,2005
7824,384,Eric Snow,SG,31,CLE,81,15,22.8,1.5,4.0,.382,0.2,0.6,.289,1.4,3.5,.397,.402,0.7,1.0,.738,0.5,1.5,1.9,3.9,0.8,0.2,1.1,2.3,4.0,2005
7825,385,Kirk Snyder,SG,21,UTA,68,7,13.3,1.8,4.8,.372,0.4,1.3,.353,1.4,3.6,.379,.418,0.9,1.4,.667,0.7,1.0,1.8,0.5,0.4,0.3,0.9,1.7,5.0,2005
7826,386,Darius Songaila,PF,26,SAC,81,21,20.6,3.2,6.0,.527,0.0,0.0,.000,3.2,6.0,.530,.527,1.2,1.4,.847,1.5,2.7,4.2,1.4,0.6,0.2,0.9,2.5,7.5,2005
7827,387,Pape Sow,C,23,TOR,27,4,9.4,0.9,2.1,.397,0.0,0.0,,0.9,2.1,.397,.397,0.6,1.0,.593,0.7,1.4,2.1,0.1,0.4,0.1,0.4,1.7,2.3,2005
7828,388,Latrell Sprewell,SF,34,MIN,80,79,30.6,5.0,12.0,.414,0.9,2.6,.327,4.1,9.4,.439,.450,2.0,2.4,.830,0.8,2.4,3.2,2.2,0.7,0.3,1.6,1.6,12.8,2005
7829,389,Jerry Stackhouse,SG,30,DAL,56,7,28.9,4.9,11.8,.414,0.6,2.1,.267,4.3,9.7,.446,.438,4.5,5.3,.849,0.7,2.6,3.3,2.3,0.9,0.2,1.9,1.9,14.9,2005
7830,390,DeShawn Stevenson,SG,23,ORL,55,27,19.8,3.2,7.7,.408,0.5,1.2,.373,2.7,6.5,.415,.438,1.0,1.8,.554,0.7,1.2,1.9,1.3,0.3,0.2,1.0,1.3,7.8,2005
7831,391,Michael Stewart,PF,29,ATL,12,1,12.1,0.9,1.8,.524,0.0,0.0,,0.9,1.8,.524,.524,0.3,0.6,.429,1.8,1.6,3.3,0.4,0.5,0.4,0.5,2.7,2.1,2005
7832,392,Peja Stojaković,SF,27,SAC,66,66,38.4,6.8,15.4,.444,2.6,6.6,.402,4.2,8.8,.475,.530,3.8,4.2,.920,0.9,3.4,4.3,2.1,1.2,0.2,1.5,2.4,20.1,2005
7833,393,Awvee Storey,SG,27,NJN,9,0,3.6,0.3,1.1,.300,0.1,0.2,.500,0.2,0.9,.250,.350,0.1,0.2,.500,0.4,0.1,0.6,0.1,0.0,0.0,0.0,0.3,0.9,2005
7834,394,Damon Stoudamire,PG,31,POR,81,70,34.1,5.6,14.4,.392,2.2,6.0,.369,3.4,8.3,.409,.470,2.2,2.5,.915,0.7,3.1,3.8,5.7,1.1,0.0,2.0,2.0,15.8,2005
7835,395,Amar'e Stoudemire,C,22,PHO,80,80,36.1,9.3,16.7,.559,0.0,0.2,.188,9.3,16.5,.564,.560,7.3,9.9,.733,2.7,6.2,8.9,1.6,1.0,1.6,2.4,3.5,26.0,2005
7836,396,Erick Strickland,SG,31,MIL,62,5,16.4,1.8,4.9,.375,0.3,1.3,.253,1.5,3.6,.421,.410,0.8,1.0,.813,0.2,1.5,1.7,1.9,0.5,0.0,1.0,1.7,4.9,2005
7837,397,Rod Strickland,PG,38,HOU,16,2,12.3,0.6,2.7,.209,0.1,0.1,.500,0.5,2.6,.195,.221,0.6,0.6,.900,0.2,1.5,1.7,2.4,0.2,0.1,1.0,0.9,1.8,2005
7838,398,Bruno Šundov,C,24,NYK,21,0,3.5,0.5,1.8,.297,0.0,0.1,.333,0.5,1.6,.294,.311,0.1,0.1,1.000,0.3,0.3,0.6,0.1,0.1,0.1,0.3,0.8,1.2,2005
7839,399,Bob Sura,PG,31,HOU,61,59,31.5,3.5,8.3,.427,0.9,2.5,.355,2.6,5.7,.458,.481,2.3,3.1,.750,1.3,4.2,5.5,5.2,1.1,0.1,2.4,2.8,10.3,2005
7840,400,Mike Sweetney,C,22,NYK,77,28,19.6,3.1,5.8,.531,0.0,0.0,.000,3.1,5.8,.533,.531,2.3,3.1,.749,2.2,3.2,5.4,0.6,0.4,0.4,1.4,2.9,8.4,2005
7841,Rk,Player,Pos,Age,Tm,G,GS,MP,FG,FGA,FG%,3P,3PA,3P%,2P,2PA,2P%,eFG%,FT,FTA,FT%,ORB,DRB,TRB,AST,STL,BLK,TOV,PF,PTS,2005
7842,401,Robert Swift,C,19,SEA,16,0,4.5,0.3,0.7,.455,0.0,0.0,,0.3,0.7,.455,.455,0.3,0.6,.556,0.1,0.3,0.3,0.1,0.1,0.4,0.3,1.0,0.9,2005
7843,402,Stromile Swift,PF,25,MEM,60,14,21.3,3.7,8.1,.449,0.0,0.1,.000,3.7,8.1,.452,.449,2.8,3.7,.758,1.5,3.0,4.6,0.7,0.7,1.5,1.5,3.0,10.1,2005
7844,403,Wally Szczerbiak,SF,27,MIN,81,37,31.6,5.7,11.3,.506,0.8,2.1,.373,5.0,9.3,.536,.540,3.2,3.8,.855,1.0,2.7,3.7,2.4,0.5,0.2,1.6,2.2,15.5,2005
7845,404,Yuta Tabuse,PG,24,PHO,4,0,4.3,0.3,1.5,.167,0.3,0.3,1.000,0.0,1.3,.000,.250,1.0,1.0,1.000,0.5,0.5,1.0,0.8,0.0,0.0,0.3,0.3,1.8,2005
7846,405,Maurice Taylor,PF-C,28,TOT,65,16,20.6,3.1,6.9,.455,0.0,0.1,.333,3.1,6.7,.458,.459,1.0,1.6,.612,1.0,2.9,4.0,1.0,0.4,0.3,1.4,2.8,7.3,2005
7847,405,Maurice Taylor,PF,28,HOU,38,16,23.8,3.3,7.7,.435,0.1,0.2,.375,3.3,7.5,.437,.440,1.0,1.6,.650,1.1,3.2,4.3,1.4,0.4,0.3,1.7,3.2,7.8,2005
7848,405,Maurice Taylor,C,28,NYK,27,0,16.0,2.8,5.7,.494,0.0,0.0,.000,2.8,5.7,.497,.494,0.9,1.6,.558,1.0,2.5,3.4,0.5,0.4,0.3,1.1,2.1,6.5,2005
7849,406,Sebastian Telfair,PG,19,POR,68,26,19.6,2.5,6.3,.393,0.3,1.0,.246,2.2,5.3,.421,.413,1.5,2.0,.789,0.1,1.4,1.5,3.3,0.5,0.1,1.8,1.8,6.8,2005
7850,407,Jason Terry,PG,27,DAL,80,57,30.0,4.7,9.3,.501,1.3,3.1,.420,3.4,6.2,.540,.570,1.8,2.2,.844,0.5,1.9,2.4,5.4,1.4,0.2,1.8,2.2,12.4,2005
7851,408,Billy Thomas,SF,29,NJN,25,0,14.2,1.4,3.8,.362,0.7,2.2,.304,0.7,1.5,.447,.452,0.3,0.4,.778,0.3,1.2,1.4,0.7,0.6,0.0,0.4,1.2,3.7,2005
7852,409,Etan Thomas,C,26,WAS,47,10,20.8,2.7,5.4,.502,0.0,0.0,,2.7,5.4,.502,.502,1.6,3.1,.528,1.8,3.4,5.2,0.4,0.4,1.1,1.1,2.8,7.1,2005
7853,410,James Thomas,PF,24,TOT,11,2,10.6,1.1,1.8,.600,0.0,0.0,,1.1,1.8,.600,.600,0.2,0.5,.333,1.5,1.8,3.4,0.4,0.4,0.4,0.6,1.2,2.4,2005
7854,410,James Thomas,PF,24,POR,9,2,12.4,1.2,2.0,.611,0.0,0.0,,1.2,2.0,.611,.611,0.2,0.7,.333,1.7,2.2,3.9,0.4,0.4,0.4,0.8,1.3,2.7,2005
7855,410,James Thomas,PF,24,ATL,2,0,2.5,0.5,1.0,.500,0.0,0.0,,0.5,1.0,.500,.500,0.0,0.0,,1.0,0.0,1.0,0.0,0.0,0.0,0.0,0.5,1.0,2005
7856,411,John Thomas,C,29,MIN,44,8,11.8,1.0,2.0,.488,0.0,0.0,,1.0,2.0,.488,.488,0.6,1.0,.587,0.9,1.3,2.2,0.4,0.3,0.3,0.4,1.9,2.5,2005
7857,412,Kenny Thomas,PF,27,TOT,73,58,29.7,5.0,10.7,.470,0.0,0.1,.200,5.0,10.6,.472,.471,2.4,3.1,.762,2.5,4.8,7.3,2.1,0.9,0.2,1.8,3.1,12.4,2005
7858,412,Kenny Thomas,PF,27,PHI,47,43,28.6,4.6,10.1,.456,0.0,0.1,.250,4.6,10.0,.458,.457,2.0,2.5,.798,2.3,4.3,6.6,1.6,0.9,0.1,1.8,3.2,11.3,2005
7859,412,Kenny Thomas,PF,27,SAC,26,15,31.7,5.8,11.7,.492,0.0,0.0,.000,5.8,11.7,.493,.492,3.0,4.2,.722,3.0,5.7,8.7,2.9,1.0,0.4,1.8,2.9,14.5,2005
7860,413,Kurt Thomas,PF,32,NYK,80,80,35.7,5.3,11.3,.471,0.0,0.1,.500,5.3,11.2,.470,.472,0.8,1.1,.786,2.1,8.3,10.4,2.0,0.9,1.0,1.2,3.9,11.5,2005
7861,414,Tim Thomas,SF,27,NYK,71,68,27.3,4.4,10.1,.439,1.2,2.9,.409,3.2,7.2,.451,.498,1.9,2.4,.786,0.6,2.7,3.3,1.5,0.6,0.2,1.6,3.1,12.0,2005
7862,415,Jamaal Tinsley,PG,26,IND,40,40,32.5,5.5,13.1,.418,1.5,3.9,.372,4.0,9.2,.437,.473,3.1,4.1,.744,0.7,3.4,4.0,6.4,2.0,0.3,3.4,2.8,15.4,2005
7863,416,Robert Traylor,C,27,CLE,74,6,17.9,2.4,5.4,.444,0.0,0.1,.000,2.4,5.3,.453,.444,0.7,1.4,.539,1.8,2.6,4.5,0.8,0.7,0.7,1.0,2.9,5.5,2005
7864,417,Jake Tsakalidis,C,25,MEM,31,1,9.0,1.0,2.1,.500,0.0,0.0,,1.0,2.1,.500,.500,0.5,0.6,.778,0.7,1.1,1.8,0.3,0.1,0.5,0.4,1.4,2.5,2005
7865,418,Nikoloz Tskitishvili,PF,21,TOT,35,0,6.3,0.6,2.1,.297,0.1,0.5,.118,0.6,1.6,.351,.311,0.1,0.2,.571,0.3,0.8,1.2,0.3,0.2,0.3,0.5,0.9,1.4,2005
7866,418,Nikoloz Tskitishvili,PF,21,DEN,23,0,6.9,0.7,2.2,.294,0.0,0.3,.000,0.7,1.9,.341,.294,0.2,0.3,.571,0.5,0.8,1.3,0.2,0.3,0.3,0.6,1.0,1.5,2005
7867,418,Nikoloz Tskitishvili,PF,21,GSW,12,0,5.2,0.6,1.9,.304,0.2,0.8,.200,0.4,1.1,.385,.348,0.0,0.0,,0.1,0.9,1.0,0.5,0.0,0.3,0.4,0.8,1.3,2005
7868,419,Hedo Türkoğlu,SF,25,ORL,67,11,26.2,4.9,11.7,.419,1.4,3.7,.380,3.5,8.0,.438,.479,2.8,3.4,.836,0.9,2.6,3.5,2.3,0.6,0.3,1.8,2.1,14.0,2005
7869,420,Beno Udrih,PG,22,SAS,80,2,14.4,2.2,4.9,.444,0.7,1.8,.408,1.4,3.1,.464,.518,0.8,1.1,.753,0.2,0.8,1.0,1.9,0.5,0.1,1.0,1.2,5.9,2005
7870,Rk,Player,Pos,Age,Tm,G,GS,MP,FG,FGA,FG%,3P,3PA,3P%,2P,2PA,2P%,eFG%,FT,FTA,FT%,ORB,DRB,TRB,AST,STL,BLK,TOV,PF,PTS,2005
7871,421,Nick Van Exel,SG,33,POR,53,34,30.5,4.0,10.6,.381,1.9,4.8,.389,2.2,5.7,.375,.471,1.1,1.4,.784,0.4,2.7,3.0,4.3,0.8,0.0,1.7,1.3,11.1,2005
7872,422,Keith Van Horn,SF-PF,29,TOT,62,16,24.2,4.1,9.1,.456,0.9,2.3,.380,3.3,6.8,.481,.504,2.1,2.5,.815,1.4,3.3,4.7,1.2,0.6,0.3,1.3,2.7,11.2,2005
7873,422,Keith Van Horn,SF,29,MIL,33,13,24.8,3.9,8.6,.449,0.9,2.4,.385,3.0,6.3,.473,.502,1.7,2.0,.862,1.7,3.3,5.0,1.2,0.6,0.3,1.4,2.5,10.4,2005
7874,422,Keith Van Horn,PF,29,DAL,29,3,23.6,4.4,9.6,.462,0.8,2.2,.375,3.6,7.4,.488,.505,2.5,3.2,.783,1.2,3.3,4.4,1.2,0.5,0.3,1.2,3.0,12.2,2005
7875,423,Anderson Varejão,PF,22,CLE,54,0,16.0,1.8,3.6,.513,0.0,0.0,.000,1.8,3.5,.518,.513,1.3,2.4,.535,2.0,2.7,4.8,0.5,0.8,0.7,0.5,2.3,4.9,2005
7876,424,Jacque Vaughn,SG,29,NJN,71,34,19.9,2.1,4.6,.449,0.1,0.2,.333,2.0,4.4,.455,.457,1.1,1.3,.835,0.2,1.3,1.5,1.9,0.6,0.0,0.9,1.9,5.3,2005
7877,425,Jake Voskuhl,C,27,PHO,38,1,9.5,0.7,1.6,.458,0.0,0.0,,0.7,1.6,.458,.458,0.7,1.0,.684,0.8,1.6,2.4,0.4,0.1,0.3,0.5,1.6,2.1,2005
7878,426,Jackson Vroman,C-PF,23,TOT,46,18,15.3,1.8,4.3,.412,0.0,0.1,.000,1.8,4.3,.418,.412,1.0,1.6,.640,1.4,2.4,3.8,0.9,0.5,0.4,1.4,2.3,4.6,2005
7879,426,Jackson Vroman,PF,23,PHO,10,1,5.7,0.6,1.6,.375,0.0,0.0,,0.6,1.6,.375,.375,0.4,0.7,.571,0.5,0.8,1.3,0.7,0.3,0.2,0.7,1.1,1.6,2005
7880,426,Jackson Vroman,C,23,NOH,36,17,18.0,2.1,5.1,.415,0.0,0.1,.000,2.1,5.0,.422,.415,1.2,1.9,.647,1.6,2.9,4.5,0.9,0.6,0.5,1.6,2.6,5.4,2005
7881,427,Sasha Vujačić,SG,20,LAL,35,3,11.5,0.9,3.3,.282,0.5,1.8,.270,0.5,1.5,.296,.355,0.5,0.5,.947,0.4,1.4,1.8,1.5,0.3,0.1,0.4,1.2,2.9,2005
7882,428,Dwyane Wade,SG,23,MIA,77,77,38.6,8.2,17.1,.478,0.2,0.6,.289,8.0,16.5,.485,.483,7.5,9.9,.762,1.4,3.7,5.2,6.8,1.6,1.1,4.2,3.0,24.1,2005
7883,429,Dajuan Wagner,SG,21,CLE,11,0,9.3,1.6,5.0,.327,0.5,2.4,.192,1.2,2.6,.448,.373,0.3,0.4,.750,0.0,0.2,0.2,1.2,0.5,0.0,0.8,1.4,4.0,2005
7884,430,Antoine Walker,PF,28,TOT,77,77,38.4,7.5,17.9,.422,1.4,4.4,.323,6.1,13.5,.455,.462,2.6,4.8,.539,2.4,6.7,9.0,3.4,1.2,0.8,3.3,2.8,19.1,2005
7885,430,Antoine Walker,PF,28,ATL,53,53,40.2,7.9,19.1,.415,1.6,5.1,.317,6.3,14.1,.450,.457,3.0,5.5,.534,2.4,7.0,9.4,3.7,1.2,0.6,3.5,2.8,20.4,2005
7886,430,Antoine Walker,PF,28,BOS,24,24,34.5,6.7,15.2,.442,1.0,3.0,.342,5.7,12.1,.467,.477,1.8,3.3,.557,2.3,5.9,8.3,3.0,1.0,1.1,2.9,2.9,16.3,2005
7887,431,Samaki Walker,PF,28,WAS,14,0,9.6,0.8,2.2,.355,0.0,0.0,,0.8,2.2,.355,.355,0.1,0.2,.667,0.6,0.7,1.3,0.3,0.2,0.5,0.6,1.8,1.7,2005
7888,432,Ben Wallace*,C,30,DET,74,74,36.1,4.0,8.8,.453,0.0,0.1,.111,4.0,8.7,.458,.454,1.8,4.1,.428,3.9,8.2,12.2,1.7,1.4,2.4,1.1,2.1,9.7,2005
7889,433,Gerald Wallace,SF,22,CHA,70,68,30.7,4.1,9.1,.449,0.2,0.9,.274,3.8,8.2,.468,.462,2.7,4.1,.661,1.7,3.8,5.5,2.0,1.7,1.3,2.3,2.6,11.1,2005
7890,434,Rasheed Wallace,PF,30,DET,79,79,34.0,5.9,13.4,.440,0.9,3.0,.318,5.0,10.5,.475,.475,1.7,2.5,.697,2.2,5.9,8.2,1.8,0.8,1.5,1.6,3.0,14.5,2005
7891,435,Luke Walton,SF,24,LAL,61,5,12.6,1.2,3.0,.411,0.3,1.0,.262,1.0,2.0,.487,.456,0.6,0.8,.708,0.9,1.4,2.3,1.5,0.4,0.2,1.0,1.1,3.2,2005
7892,436,Charlie Ward,PG,34,HOU,14,13,25.7,1.7,5.5,.312,1.1,3.6,.314,0.6,1.9,.308,.416,0.8,0.9,.846,0.4,2.4,2.8,3.1,1.1,0.0,1.3,1.6,5.4,2005
7893,437,Earl Watson,PG,25,MEM,80,14,22.6,3.0,6.9,.426,0.7,2.0,.319,2.3,4.9,.471,.473,1.1,1.7,.659,0.4,1.6,2.1,4.5,1.0,0.2,2.1,2.3,7.7,2005
7894,438,Clarence Weatherspoon,PF,34,HOU,40,18,13.1,1.2,2.9,.412,0.0,0.0,,1.2,2.9,.412,.412,0.7,0.9,.829,0.9,2.2,3.1,0.4,0.2,0.2,0.4,1.9,3.1,2005
7895,439,Chris Webber*,PF,31,TOT,67,67,35.4,8.3,19.1,.433,0.2,0.7,.341,8.1,18.5,.436,.438,2.7,3.4,.794,1.9,7.2,9.1,4.7,1.4,0.8,2.7,3.2,19.5,2005
7896,439,Chris Webber*,PF,31,SAC,46,46,36.3,9.0,19.9,.449,0.2,0.6,.379,8.7,19.3,.452,.455,3.1,3.9,.799,2.0,7.7,9.7,5.5,1.5,0.7,2.9,3.1,21.3,2005
7897,439,Chris Webber*,PF,31,PHI,21,21,33.4,6.8,17.4,.391,0.2,0.7,.267,6.6,16.7,.396,.396,1.8,2.3,.776,1.7,6.1,7.9,3.1,1.2,0.9,2.3,3.3,15.6,2005
7898,440,Bonzi Wells,SG,28,MEM,69,19,21.6,3.9,8.9,.441,0.5,1.5,.346,3.4,7.4,.460,.470,2.0,2.7,.750,0.7,2.6,3.3,1.2,1.2,0.4,1.3,2.4,10.4,2005
7899,Rk,Player,Pos,Age,Tm,G,GS,MP,FG,FGA,FG%,3P,3PA,3P%,2P,2PA,2P%,eFG%,FT,FTA,FT%,ORB,DRB,TRB,AST,STL,BLK,TOV,PF,PTS,2005
7900,441,Jiří Welsch,SG-SF,25,TOT,71,32,18.5,2.1,5.2,.402,0.5,1.5,.309,1.6,3.7,.441,.447,1.8,2.4,.763,0.4,2.0,2.4,1.5,0.6,0.1,1.0,1.7,6.5,2005
7901,441,Jiří Welsch,SG,25,BOS,55,32,20.5,2.5,5.8,.428,0.6,1.8,.323,1.9,4.0,.475,.478,2.0,2.6,.773,0.4,2.2,2.5,1.5,0.7,0.1,1.1,1.9,7.5,2005
7902,441,Jiří Welsch,SF,25,CLE,16,0,12.0,0.8,3.2,.235,0.1,0.7,.182,0.6,2.5,.250,.255,1.3,1.8,.714,0.4,1.4,1.8,1.2,0.3,0.0,0.9,1.0,2.9,2005
7903,442,David Wesley,SG,34,TOT,80,79,34.7,4.2,10.5,.398,1.5,3.9,.375,2.7,6.6,.411,.468,2.0,2.4,.857,0.5,2.4,2.9,3.3,1.2,0.1,1.4,2.7,11.9,2005
7904,442,David Wesley,SG,34,NOH,26,26,35.9,5.1,13.2,.389,1.1,3.1,.350,4.0,10.1,.401,.430,2.6,2.9,.882,0.5,2.8,3.3,4.2,1.3,0.0,2.1,2.5,13.9,2005
7905,442,David Wesley,SG,34,HOU,54,53,34.1,3.7,9.2,.404,1.7,4.4,.383,2.1,4.9,.422,.494,1.8,2.1,.841,0.5,2.2,2.6,2.9,1.1,0.1,1.1,2.8,10.9,2005
7906,443,David West,SF,24,NOH,30,8,18.4,2.5,5.7,.436,0.1,0.2,.400,2.4,5.6,.437,.442,1.1,1.7,.680,1.3,3.0,4.3,0.8,0.4,0.5,1.2,2.1,6.2,2005
7907,444,Delonte West,SG,21,BOS,39,7,13.0,1.7,4.0,.426,0.6,1.7,.358,1.1,2.3,.477,.503,0.5,0.7,.704,0.4,1.3,1.7,1.4,0.5,0.2,0.6,1.8,4.5,2005
7908,445,Jahidi White,C,28,CHA,17,0,7.9,0.8,1.8,.452,0.0,0.0,,0.8,1.8,.452,.452,0.8,2.4,.350,0.6,1.4,2.0,0.1,0.1,0.7,0.6,1.8,2.5,2005
7909,446,Rodney White,SF,24,TOT,58,2,11.7,2.1,5.0,.419,0.4,1.0,.400,1.7,3.9,.424,.460,0.5,0.8,.614,0.4,1.1,1.5,0.8,0.6,0.2,0.6,1.1,5.1,2005
7910,446,Rodney White,SF,24,DEN,42,2,12.6,2.3,5.4,.432,0.5,1.0,.432,1.9,4.4,.432,.474,0.5,0.8,.618,0.5,1.3,1.8,0.9,0.7,0.2,0.6,1.2,5.6,2005
7911,446,Rodney White,SF,24,GSW,16,0,9.1,1.4,3.9,.371,0.3,1.0,.313,1.1,2.9,.391,.411,0.4,0.6,.600,0.3,0.7,0.9,0.5,0.1,0.1,0.6,0.8,3.6,2005
7912,447,Chris Wilcox,C,22,LAC,54,25,18.6,3.1,6.1,.514,0.0,0.0,,3.1,6.1,.514,.514,1.6,2.7,.611,1.2,3.1,4.2,0.7,0.5,0.4,1.4,2.4,7.9,2005
7913,448,Damien Wilkins,SF,25,SEA,29,7,17.9,2.5,5.8,.435,0.6,2.0,.271,2.0,3.8,.523,.482,0.7,1.2,.618,1.0,1.3,2.3,0.9,0.8,0.3,0.6,1.9,6.3,2005
7914,449,Mike Wilks,PG,25,SAS,48,0,5.8,0.7,1.6,.416,0.1,0.3,.313,0.6,1.3,.443,.448,0.3,0.3,.750,0.1,0.4,0.5,0.7,0.3,0.0,0.3,0.5,1.7,2005
7915,450,Aaron Williams,C,33,TOT,42,4,7.5,0.7,1.5,.460,0.0,0.0,,0.7,1.5,.460,.460,0.4,0.4,.882,0.4,1.0,1.4,0.2,0.1,0.2,0.4,1.7,1.7,2005
7916,450,Aaron Williams,C,33,NJN,19,0,7.9,0.7,1.4,.519,0.0,0.0,,0.7,1.4,.519,.519,0.5,0.5,.900,0.4,1.3,1.6,0.3,0.2,0.3,0.6,1.3,1.9,2005
7917,450,Aaron Williams,C,33,TOR,23,4,7.2,0.7,1.6,.417,0.0,0.0,,0.7,1.6,.417,.417,0.3,0.3,.857,0.4,0.8,1.3,0.1,0.0,0.1,0.3,2.0,1.6,2005
7918,451,Eric Williams,SG,32,TOT,55,39,24.0,2.6,6.0,.430,0.5,1.3,.384,2.1,4.7,.444,.473,2.0,2.9,.696,0.8,2.3,3.1,1.7,0.7,0.1,1.1,2.7,7.7,2005
7919,451,Eric Williams,SG,32,NJN,21,21,35.2,4.1,8.8,.470,0.8,1.9,.425,3.3,6.9,.483,.516,3.5,5.1,.685,1.3,3.2,4.5,2.0,0.8,0.1,1.6,3.8,12.6,2005
7920,451,Eric Williams,SG,32,TOR,34,18,17.1,1.6,4.3,.379,0.3,1.0,.333,1.3,3.3,.393,.417,1.1,1.6,.717,0.5,1.8,2.3,1.5,0.6,0.1,0.8,2.0,4.7,2005
7921,452,Frank Williams,SG,24,CHI,9,0,7.9,0.3,2.2,.150,0.0,0.4,.000,0.3,1.8,.188,.150,0.0,0.0,,0.2,0.4,0.7,1.2,0.2,0.3,0.3,1.0,0.7,2005
7922,453,Jason Williams,PG,29,MEM,71,68,27.5,3.7,9.1,.413,1.5,4.6,.324,2.2,4.4,.506,.496,1.1,1.4,.792,0.3,1.5,1.7,5.6,1.1,0.1,1.8,1.3,10.1,2005
7923,454,Jerome Williams,SF,31,NYK,79,4,15.3,1.5,3.1,.502,0.0,0.1,.000,1.5,3.0,.513,.502,1.5,2.2,.669,1.5,2.1,3.6,0.5,0.7,0.1,0.8,2.0,4.5,2005
7924,455,Mo Williams,PG,22,MIL,80,80,28.2,4.0,9.2,.438,0.4,1.2,.323,3.6,8.0,.456,.460,1.7,2.0,.850,0.6,2.4,3.1,6.1,0.9,0.1,2.5,2.8,10.2,2005
7925,456,Scott Williams,C,36,CLE,19,0,8.0,0.6,2.2,.293,0.0,0.1,.000,0.6,2.1,.300,.293,0.5,0.6,.818,0.8,0.8,1.6,0.4,0.2,0.3,0.3,1.6,1.7,2005
7926,457,Corliss Williamson,PF,31,TOT,72,9,21.2,3.8,8.1,.467,0.0,0.0,.000,3.8,8.1,.469,.467,2.7,3.4,.799,1.4,2.2,3.6,1.1,0.5,0.2,1.2,3.0,10.3,2005
7927,457,Corliss Williamson,PF,31,PHI,48,5,22.0,4.0,8.7,.465,0.0,0.0,.000,4.0,8.6,.467,.465,2.7,3.4,.788,1.5,2.2,3.7,0.9,0.5,0.3,1.3,3.0,10.8,2005
7928,457,Corliss Williamson,PF,31,SAC,24,4,19.6,3.3,7.0,.473,0.0,0.0,,3.3,7.0,.473,.473,2.7,3.3,.823,1.3,2.1,3.4,1.5,0.5,0.1,1.1,3.1,9.3,2005
7929,458,Kevin Willis,C,42,ATL,29,5,11.9,1.2,3.1,.389,0.0,0.1,.000,1.2,3.0,.398,.389,0.6,0.8,.739,1.0,1.6,2.6,0.3,0.3,0.2,0.5,1.8,3.0,2005
7930,459,Loren Woods,C,26,TOR,45,30,15.8,1.6,3.6,.433,0.0,0.0,.000,1.6,3.6,.436,.433,0.8,1.3,.576,1.8,3.1,4.9,0.4,0.2,0.9,0.8,1.7,3.9,2005
7931,460,Qyntel Woods,SF,23,MIA,3,0,13.3,1.7,4.0,.417,0.0,0.0,,1.7,4.0,.417,.417,0.0,0.0,,0.7,1.3,2.0,0.0,1.3,0.0,0.7,2.0,3.3,2005
7932,Rk,Player,Pos,Age,Tm,G,GS,MP,FG,FGA,FG%,3P,3PA,3P%,2P,2PA,2P%,eFG%,FT,FTA,FT%,ORB,DRB,TRB,AST,STL,BLK,TOV,PF,PTS,2005
7933,461,Metta World Peace,SF,25,IND,7,7,41.6,8.4,17.0,.496,1.0,2.4,.412,7.4,14.6,.510,.525,6.7,7.3,.922,1.1,5.3,6.4,3.1,1.7,0.9,2.4,3.9,24.6,2005
7934,462,Dorell Wright,SF,19,MIA,3,0,9.0,1.0,3.7,.273,0.0,1.3,.000,1.0,2.3,.429,.273,0.3,0.3,1.000,0.0,0.3,0.3,1.0,1.3,0.0,1.0,0.7,2.3,2005
7935,463,Lorenzen Wright,C,29,MEM,80,77,28.6,4.0,8.5,.469,0.0,0.0,.000,4.0,8.5,.471,.469,1.6,2.5,.662,2.2,5.5,7.7,1.1,0.7,0.9,1.3,3.1,9.6,2005
7936,464,Wang Zhizhi,C,27,MIA,20,0,4.6,0.9,1.8,.472,0.1,0.2,.667,0.8,1.7,.455,.500,0.4,0.6,.583,0.3,0.6,0.9,0.3,0.2,0.1,0.3,0.5,2.2,2005
7937,1,Shareef Abdur-Rahim,PF,29,SAC,72,30,27.2,4.6,8.8,.525,0.1,0.3,.227,4.5,8.5,.536,.529,3.0,3.9,.784,1.5,3.5,5.0,2.1,0.7,0.6,1.5,3.2,12.3,2006
7938,2,Alex Acker,SG,23,DET,5,0,7.0,0.8,3.2,.250,0.2,1.0,.200,0.6,2.2,.273,.281,0.0,0.0,,0.2,0.8,1.0,0.8,0.2,0.0,0.8,0.8,1.8,2006
7939,3,Malik Allen,PF,27,CHI,54,20,13.0,2.2,4.6,.490,0.0,0.0,1.000,2.2,4.6,.488,.492,0.4,0.7,.605,0.8,1.8,2.6,0.4,0.3,0.3,0.6,1.7,4.9,2006
7940,4,Ray Allen*,SG,30,SEA,78,78,38.7,8.7,19.2,.454,3.4,8.4,.412,5.3,10.9,.486,.544,4.2,4.6,.903,0.9,3.3,4.3,3.7,1.3,0.2,2.4,1.9,25.1,2006
7941,5,Tony Allen,PG,24,BOS,51,9,19.2,2.5,5.4,.471,0.2,0.7,.324,2.3,4.7,.492,.491,2.0,2.6,.746,0.6,1.5,2.2,1.3,1.0,0.4,1.3,2.5,7.2,2006
7942,6,Rafer Alston,PG,29,HOU,63,63,38.6,4.4,11.7,.379,1.6,5.0,.327,2.8,6.8,.418,.449,1.6,2.3,.692,0.6,3.5,4.0,6.7,1.6,0.2,2.5,3.1,12.1,2006
7943,7,Chris Andersen,C,27,NOK,32,2,17.8,1.8,3.1,.571,0.0,0.0,,1.8,3.1,.571,.571,1.5,3.2,.476,1.9,2.9,4.8,0.2,0.3,1.3,0.8,2.6,5.0,2006
7944,8,Alan Anderson,SF,23,CHA,36,7,15.7,2.1,5.0,.414,0.7,1.6,.414,1.4,3.4,.415,.481,0.9,1.1,.805,0.6,1.3,1.9,0.9,0.3,0.1,0.9,1.3,5.8,2006
7945,9,Derek Anderson,SG,31,TOT,43,11,24.3,2.5,7.0,.356,0.9,3.1,.299,1.6,3.9,.402,.422,2.2,2.6,.838,0.5,2.8,3.3,2.3,0.5,0.1,1.3,2.3,8.1,2006
7946,9,Derek Anderson,SG,31,HOU,20,8,29.1,3.4,8.7,.393,1.0,3.4,.284,2.5,5.3,.462,.448,3.1,3.7,.836,0.6,3.6,4.2,2.7,0.8,0.2,1.9,2.5,10.8,2006
7947,9,Derek Anderson,SG,31,MIA,23,3,20.2,1.7,5.7,.308,0.9,2.9,.313,0.8,2.7,.302,.388,1.4,1.7,.842,0.4,2.2,2.6,2.1,0.3,0.1,0.7,2.1,5.8,2006
7948,10,Shandon Anderson,SF,32,MIA,48,1,13.3,1.1,2.6,.429,0.1,0.4,.263,1.0,2.2,.458,.448,0.3,0.4,.722,0.4,1.3,1.7,0.6,0.4,0.1,0.5,1.6,2.6,2006
7949,11,Martynas Andriuškevičius,C,19,CLE,6,0,1.5,0.0,0.2,.000,0.0,0.0,,0.0,0.2,.000,.000,0.0,0.0,,0.2,0.5,0.7,0.0,0.3,0.0,0.0,0.2,0.0,2006
7950,12,Carmelo Anthony,SF,21,DEN,80,80,36.8,9.5,19.7,.481,0.5,1.9,.243,9.0,17.8,.506,.493,7.2,8.9,.808,1.5,3.4,4.9,2.7,1.1,0.5,2.7,2.9,26.5,2006
7951,13,Rafael Araújo,C,25,TOR,52,34,11.6,1.0,2.8,.366,0.0,0.0,.000,1.0,2.8,.368,.366,0.3,0.5,.536,0.8,1.9,2.8,0.3,0.5,0.1,0.8,2.0,2.3,2006
7952,14,Gilbert Arenas,PG,24,WAS,80,80,42.3,9.3,20.9,.447,2.5,6.8,.369,6.8,14.1,.485,.507,8.2,10.0,.820,0.7,2.8,3.5,6.1,2.0,0.3,3.7,3.6,29.3,2006
7953,15,Trevor Ariza,SF,20,TOT,57,10,17.5,1.6,4.0,.412,0.0,0.1,.200,1.6,3.9,.416,.414,1.4,2.2,.606,1.4,2.5,3.8,1.1,1.0,0.2,1.1,1.8,4.6,2006
7954,15,Trevor Ariza,SF,20,NYK,36,10,19.7,1.7,4.1,.418,0.0,0.1,.333,1.7,4.0,.420,.421,1.2,2.1,.545,1.4,2.4,3.8,1.3,1.2,0.3,1.3,2.2,4.6,2006
7955,15,Trevor Ariza,SF,20,ORL,21,0,13.8,1.5,3.8,.400,0.0,0.1,.000,1.5,3.7,.410,.400,1.7,2.4,.700,1.4,2.5,3.9,0.7,0.7,0.1,0.8,1.0,4.7,2006
7956,16,Darrell Armstrong,PG,37,DAL,62,2,10.0,0.7,2.1,.336,0.2,0.8,.229,0.5,1.3,.400,.379,0.5,0.7,.786,0.3,1.0,1.3,1.4,0.4,0.0,0.9,1.1,2.1,2006
7957,17,Carlos Arroyo,PG-SG,26,TOT,77,0,15.5,2.2,4.9,.444,0.1,0.3,.350,2.1,4.6,.450,.454,1.4,1.8,.774,0.4,1.3,1.7,3.0,0.5,0.1,1.1,1.5,5.8,2006
7958,17,Carlos Arroyo,PG,26,DET,50,0,12.0,1.1,3.1,.363,0.0,0.1,.333,1.1,3.0,.364,.369,0.8,1.2,.724,0.5,0.9,1.4,3.1,0.4,0.1,0.9,1.5,3.2,2006
7959,17,Carlos Arroyo,SG,26,ORL,27,0,22.0,4.1,8.2,.502,0.2,0.5,.357,3.9,7.7,.512,.514,2.4,2.9,.810,0.3,1.9,2.2,2.9,0.7,0.0,1.4,1.6,10.8,2006
7960,18,Chucky Atkins,PG-SG,31,TOT,71,41,24.1,3.2,8.1,.394,1.4,3.9,.354,1.8,4.2,.431,.479,1.8,2.3,.791,0.3,1.4,1.7,2.8,0.6,0.0,1.2,2.1,9.5,2006
7961,18,Chucky Atkins,SG,31,WAS,28,2,19.7,2.4,6.2,.379,1.2,3.3,.359,1.2,2.9,.402,.474,0.8,1.1,.710,0.4,1.2,1.6,2.5,0.5,0.0,1.1,2.1,6.7,2006
7962,18,Chucky Atkins,PG,31,MEM,43,39,27.0,3.7,9.3,.401,1.5,4.2,.352,2.2,5.0,.442,.481,2.5,3.1,.811,0.3,1.5,1.7,3.0,0.7,0.0,1.3,2.2,11.4,2006
7963,19,Stacey Augmon,SF,37,ORL,36,3,10.7,0.7,2.0,.342,0.0,0.0,,0.7,2.0,.342,.342,0.6,0.8,.700,0.5,1.0,1.5,0.6,0.3,0.2,0.3,1.1,2.0,2006
7964,20,Vin Baker,C,34,LAC,8,1,10.6,0.9,1.9,.467,0.0,0.0,,0.9,1.9,.467,.467,1.6,2.3,.722,0.3,2.1,2.4,0.5,0.5,0.5,1.1,1.6,3.4,2006
7965,21,Marcus Banks,PG,24,TOT,58,29,25.8,3.8,8.1,.468,0.4,1.1,.349,3.4,7.0,.486,.491,2.0,2.5,.803,0.4,1.9,2.3,3.8,0.9,0.2,2.1,2.8,10.0,2006
7966,21,Marcus Banks,PG,24,BOS,18,1,14.9,1.8,4.4,.413,0.3,1.1,.316,1.5,3.4,.443,.450,1.5,1.7,.900,0.2,0.8,1.1,1.8,0.4,0.0,1.3,2.1,5.5,2006
7967,21,Marcus Banks,PG,24,MIN,40,28,30.7,4.7,9.7,.479,0.4,1.1,.364,4.3,8.6,.494,.500,2.3,2.9,.778,0.5,2.4,2.9,4.7,1.2,0.3,2.4,3.1,12.0,2006
7968,22,Leandro Barbosa,SG,23,PHO,57,11,27.9,4.8,9.9,.481,1.5,3.4,.444,3.3,6.5,.501,.558,1.9,2.6,.755,0.5,2.1,2.6,2.8,0.8,0.1,1.6,2.5,13.1,2006
7969,23,Matt Barnes,PF-SF,25,TOT,56,5,11.3,1.3,2.5,.500,0.1,0.3,.200,1.2,2.2,.536,.511,0.6,0.8,.681,0.9,1.3,2.2,0.5,0.4,0.1,0.5,1.8,3.1,2006
7970,23,Matt Barnes,SF,25,NYK,6,5,15.5,1.8,5.0,.367,0.2,0.7,.250,1.7,4.3,.385,.383,0.5,0.7,.750,1.2,2.8,4.0,1.0,0.7,0.0,1.0,1.3,4.3,2006
7971,23,Matt Barnes,PF,25,PHI,50,0,10.8,1.2,2.2,.536,0.0,0.2,.182,1.1,2.0,.576,.545,0.6,0.9,.674,0.8,1.1,1.9,0.4,0.3,0.1,0.5,1.8,3.0,2006
7972,24,Andre Barrett,PG,23,TOT,19,0,14.8,2.0,5.5,.365,0.1,0.7,.143,1.9,4.7,.400,.375,0.5,0.6,.750,0.5,0.8,1.3,2.7,0.5,0.0,0.8,0.7,4.6,2006
7973,24,Andre Barrett,PG,23,PHO,2,0,10.5,1.5,3.5,.429,0.0,0.5,.000,1.5,3.0,.500,.429,1.5,1.5,1.000,0.5,1.0,1.5,1.0,0.0,0.0,0.5,0.5,4.5,2006
7974,24,Andre Barrett,PG,23,TOR,17,0,15.4,2.1,5.7,.361,0.1,0.8,.154,1.9,4.9,.393,.371,0.4,0.5,.667,0.5,0.8,1.3,2.9,0.6,0.0,0.8,0.7,4.6,2006
7975,25,Earl Barron,C,24,MIA,8,0,5.6,0.6,2.0,.313,0.0,0.0,,0.6,2.0,.313,.313,0.4,0.5,.750,0.3,1.0,1.3,0.0,0.0,0.0,0.6,1.3,1.6,2006
7976,26,Brent Barry,SG,34,SAS,74,5,17.0,2.1,4.7,.452,1.1,2.7,.396,1.0,1.9,.531,.568,0.5,0.8,.661,0.4,1.8,2.1,1.7,0.5,0.4,0.7,1.3,5.8,2006
7977,27,Jon Barry,SG,36,HOU,20,0,17.1,1.3,3.3,.385,0.6,1.6,.375,0.7,1.7,.394,.477,1.2,1.5,.828,0.1,1.5,1.6,1.3,0.7,0.1,1.1,1.3,4.3,2006
7978,28,Eddie Basden,SF,22,CHI,19,0,7.4,0.8,1.9,.405,0.1,0.4,.143,0.7,1.6,.467,.419,0.4,0.5,.800,0.4,1.1,1.5,0.4,0.5,0.1,0.5,0.9,2.1,2006
7979,29,Brandon Bass,PF,20,NOK,29,1,9.2,1.0,2.4,.400,0.0,0.0,,1.0,2.4,.400,.400,0.4,0.7,.632,0.6,1.7,2.3,0.1,0.1,0.2,0.4,0.6,2.3,2006
7980,30,Esteban Batista,PF,22,ATL,57,3,8.7,0.6,1.4,.425,0.0,0.0,.000,0.6,1.4,.430,.425,0.6,0.9,.623,1.1,1.5,2.5,0.1,0.3,0.2,0.7,1.9,1.8,2006
7981,31,Tony Battie,C,29,ORL,82,82,27.0,3.4,6.7,.507,0.0,0.1,.000,3.4,6.7,.513,.507,1.1,1.6,.664,1.8,3.8,5.6,0.6,0.6,0.8,1.1,3.0,7.9,2006
7982,32,Shane Battier,SF,27,MEM,81,81,35.0,3.7,7.7,.488,0.8,2.0,.394,2.9,5.6,.522,.540,1.8,2.6,.707,2.0,3.3,5.3,1.7,1.1,1.4,1.1,2.8,10.1,2006
7983,33,Lonny Baxter,C-PF,27,TOT,41,0,9.8,1.1,2.5,.433,0.0,0.0,,1.1,2.5,.433,.433,0.7,0.9,.800,1.1,1.8,2.9,0.1,0.3,0.2,0.5,1.4,2.9,2006
7984,33,Lonny Baxter,C,27,HOU,23,0,12.2,1.4,3.1,.458,0.0,0.0,,1.4,3.1,.458,.458,0.7,0.8,.842,1.7,2.0,3.7,0.1,0.4,0.3,0.6,2.1,3.6,2006
7985,33,Lonny Baxter,PF,27,CHA,18,0,6.6,0.7,1.8,.375,0.0,0.0,,0.7,1.8,.375,.375,0.7,0.9,.750,0.4,1.4,1.8,0.1,0.1,0.1,0.4,0.4,2.0,2006
7986,34,Charlie Bell,SG,26,MIL,59,6,21.7,3.1,6.9,.439,1.2,2.8,.423,1.8,4.1,.450,.526,1.1,1.5,.708,0.4,1.7,2.0,2.2,1.0,0.1,0.7,2.1,8.4,2006
7987,35,Raja Bell,SG,29,PHO,79,79,37.5,5.4,11.8,.457,2.5,5.6,.442,2.9,6.1,.471,.563,1.5,1.8,.788,0.6,2.6,3.2,2.6,1.0,0.3,1.1,3.1,14.7,2006
7988,36,Jonathan Bender,SF,25,IND,2,0,10.5,2.0,2.5,.800,0.0,0.0,,2.0,2.5,.800,.800,1.0,1.0,1.000,0.0,2.0,2.0,1.0,0.0,0.5,0.0,1.0,5.0,2006
7989,37,Mike Bibby,PG,27,SAC,82,82,38.6,7.3,16.9,.432,2.3,6.1,.386,4.9,10.8,.458,.501,4.2,4.9,.849,0.4,2.6,2.9,5.4,1.0,0.1,2.4,2.1,21.1,2006
7990,38,Andris Biedriņš,C,19,GSW,68,2,14.7,1.7,2.7,.638,0.0,0.0,,1.7,2.7,.638,.638,0.3,1.1,.306,1.8,2.3,4.2,0.4,0.3,0.7,0.5,2.8,3.8,2006
7991,39,Chauncey Billups,PG,29,DET,81,81,36.1,5.2,12.5,.418,2.3,5.2,.433,3.0,7.2,.407,.509,5.7,6.4,.894,0.5,2.6,3.1,8.6,0.9,0.1,2.1,2.0,18.5,2006
7992,40,Steve Blake,PG,25,POR,68,57,26.2,3.0,6.9,.438,1.1,2.7,.413,1.9,4.2,.455,.519,1.1,1.3,.791,0.4,1.8,2.1,4.5,0.6,0.1,1.2,1.6,8.2,2006
7993,Rk,Player,Pos,Age,Tm,G,GS,MP,FG,FGA,FG%,3P,3PA,3P%,2P,2PA,2P%,eFG%,FT,FTA,FT%,ORB,DRB,TRB,AST,STL,BLK,TOV,PF,PTS,2006
7994,41,Andray Blatche,PF,19,WAS,29,0,6.0,0.9,2.3,.388,0.1,0.4,.231,0.8,1.9,.426,.410,0.3,0.4,.833,0.4,0.9,1.3,0.3,0.2,0.2,0.4,1.2,2.2,2006
7995,42,Mark Blount,C,30,TOT,81,55,27.7,4.6,9.1,.508,0.0,0.0,,4.6,9.1,.508,.508,2.1,2.7,.757,1.2,3.3,4.5,1.2,0.5,0.9,2.4,3.1,11.3,2006
7996,42,Mark Blount,C,30,BOS,39,25,27.8,5.0,9.7,.511,0.0,0.0,,5.0,9.7,.511,.511,2.5,3.3,.764,0.9,3.2,4.2,1.7,0.4,0.9,3.1,2.7,12.4,2006
7997,42,Mark Blount,C,30,MIN,42,30,27.5,4.3,8.4,.506,0.0,0.0,,4.3,8.4,.506,.506,1.7,2.3,.747,1.4,3.4,4.8,0.8,0.6,1.0,1.8,3.5,10.2,2006
7998,43,Keith Bogans,SG-SF,25,TOT,72,31,26.6,3.0,7.6,.395,0.9,2.8,.325,2.1,4.8,.436,.455,1.8,2.6,.683,0.8,2.8,3.5,1.8,1.0,0.1,1.3,2.3,8.6,2006
7999,43,Keith Bogans,SG,25,CHA,39,9,21.7,2.9,7.4,.396,0.8,2.5,.337,2.1,4.9,.426,.453,2.1,2.7,.762,0.7,2.0,2.7,1.2,1.0,0.1,1.1,2.0,8.7,2006
8000,43,Keith Bogans,SF,25,HOU,33,22,32.2,3.1,7.8,.395,1.0,3.1,.314,2.1,4.7,.448,.457,1.4,2.5,.580,0.8,3.7,4.5,2.5,1.0,0.2,1.5,2.7,8.5,2006
8001,44,Andrew Bogut,PF,21,MIL,82,77,28.6,3.9,7.4,.533,0.0,0.0,.000,3.9,7.4,.536,.533,1.5,2.4,.629,2.3,4.7,7.0,2.3,0.6,0.8,1.5,3.2,9.4,2006
8002,45,Matt Bonner,PF,25,TOR,78,6,21.9,2.7,6.0,.448,1.3,3.1,.420,1.4,2.9,.478,.557,0.8,1.0,.829,1.1,2.5,3.6,0.7,0.6,0.4,0.4,2.8,7.5,2006
8003,46,Calvin Booth,C,29,WAS,33,2,7.6,0.6,1.4,.426,0.0,0.1,.500,0.6,1.4,.422,.436,0.2,0.3,.556,0.6,1.0,1.6,0.4,0.3,0.3,0.2,1.3,1.4,2006
8004,47,Carlos Boozer,PF,24,UTA,33,19,31.1,6.6,12.1,.549,0.0,0.0,,6.6,12.1,.549,.549,3.0,4.2,.723,2.2,6.4,8.6,2.7,0.9,0.2,2.1,3.2,16.3,2006
8005,48,Chris Bosh*,C,21,TOR,70,70,39.3,7.8,15.5,.505,0.0,0.2,.000,7.8,15.3,.511,.505,6.8,8.3,.816,2.9,6.3,9.2,2.6,0.7,1.1,2.2,3.0,22.5,2006
8006,49,Bruce Bowen,SF,34,SAS,82,82,33.6,2.8,6.5,.433,1.3,3.0,.424,1.6,3.5,.440,.530,0.6,1.0,.607,0.4,3.5,3.9,1.5,1.0,0.4,0.8,2.3,7.5,2006
8007,50,Ryan Bowen,SF,30,HOU,68,19,9.6,0.5,1.8,.298,0.0,0.3,.136,0.5,1.5,.333,.310,0.2,0.2,.786,0.5,0.8,1.3,0.4,0.3,0.1,0.2,1.3,1.3,2006
8008,51,Earl Boykins,PG,29,DEN,60,0,25.7,4.5,11.0,.410,1.0,3.0,.346,3.5,8.0,.434,.457,2.5,2.9,.874,0.4,1.0,1.4,3.8,0.8,0.1,1.4,1.2,12.6,2006
8009,52,Michael Bradley,PF,26,PHI,46,1,8.0,0.7,1.7,.405,0.0,0.1,.200,0.7,1.6,.419,.411,0.0,0.1,.667,0.9,1.5,2.3,0.4,0.1,0.2,0.4,0.8,1.5,2006
8010,53,Elton Brand,PF,26,LAC,79,79,39.2,9.6,18.2,.527,0.0,0.0,.333,9.6,18.1,.527,.527,5.6,7.2,.775,3.0,7.0,10.0,2.6,1.0,2.5,2.2,2.9,24.7,2006
8011,54,Primož Brezec,C,26,CHA,79,79,27.4,5.2,10.0,.517,0.0,0.0,.000,5.2,10.0,.518,.517,2.1,2.8,.732,2.3,3.3,5.6,0.6,0.2,0.4,1.1,2.9,12.4,2006
8012,55,Devin Brown,SG,27,UTA,81,14,21.1,2.6,6.5,.393,0.5,1.5,.331,2.1,5.0,.411,.430,2.0,2.6,.745,0.9,1.7,2.6,1.3,0.5,0.2,1.2,1.9,7.5,2006
8013,56,Kwame Brown,C,23,LAL,72,49,27.5,2.8,5.4,.526,0.0,0.0,.000,2.8,5.4,.527,.526,1.8,3.3,.545,2.5,4.0,6.6,1.0,0.4,0.6,1.4,2.7,7.4,2006
8014,57,P.J. Brown,C,36,NOK,75,73,31.7,3.6,7.8,.461,0.0,0.0,,3.6,7.8,.461,.461,1.9,2.2,.827,2.4,4.9,7.3,1.2,0.6,0.7,1.2,2.9,9.0,2006
8015,58,Rick Brunson,PG,33,TOT,27,0,9.1,0.8,2.0,.389,0.2,0.5,.385,0.6,1.5,.390,.435,0.3,0.4,.583,0.0,0.8,0.8,1.3,0.3,0.0,0.8,0.8,2.0,2006
8016,58,Rick Brunson,PG,33,SEA,4,0,7.8,1.3,2.0,.625,0.0,0.3,.000,1.3,1.8,.714,.625,0.0,0.0,,0.0,0.5,0.5,0.5,0.0,0.0,0.8,0.3,2.5,2006
8017,58,Rick Brunson,PG,33,HOU,23,0,9.3,0.7,2.0,.348,0.2,0.5,.417,0.5,1.5,.324,.402,0.3,0.5,.583,0.0,0.8,0.9,1.4,0.3,0.0,0.8,0.9,1.9,2006
8018,59,Kobe Bryant*,SG,27,LAL,80,80,41.0,12.2,27.2,.450,2.3,6.5,.347,10.0,20.7,.482,.491,8.7,10.2,.850,0.9,4.4,5.3,4.5,1.8,0.4,3.1,2.9,35.4,2006
8019,60,Greg Buckner,SG,29,DEN,73,27,24.1,2.5,5.7,.434,1.2,3.3,.354,1.3,2.4,.546,.537,0.6,0.8,.782,0.4,2.4,2.9,1.7,1.2,0.3,0.7,2.5,6.7,2006
8020,Rk,Player,Pos,Age,Tm,G,GS,MP,FG,FGA,FG%,3P,3PA,3P%,2P,2PA,2P%,eFG%,FT,FTA,FT%,ORB,DRB,TRB,AST,STL,BLK,TOV,PF,PTS,2006
8021,61,Pat Burke,C,32,PHO,42,0,8.2,1.5,3.0,.496,0.0,0.2,.286,1.5,2.9,.508,.504,0.3,0.5,.619,0.5,1.2,1.7,0.4,0.1,0.3,0.8,1.5,3.4,2006
8022,62,Antonio Burks,PG,25,MEM,57,1,10.0,0.9,2.5,.354,0.0,0.1,.167,0.9,2.4,.362,.358,0.2,0.4,.435,0.1,0.6,0.6,1.3,0.4,0.0,0.6,0.8,2.0,2006
8023,63,Kevin Burleson,PG,26,CHA,39,1,8.7,0.6,2.3,.250,0.3,1.4,.185,0.3,0.9,.353,.307,0.4,0.4,.941,0.1,0.6,0.7,1.2,0.7,0.1,0.6,1.6,1.8,2006
8024,64,Caron Butler,SF,25,WAS,75,54,36.1,6.6,14.5,.455,0.5,1.6,.342,6.0,12.9,.469,.474,3.9,4.4,.870,1.5,4.7,6.2,2.5,1.7,0.2,2.3,3.2,17.6,2006
8025,65,Jackie Butler,C,20,NYK,55,0,13.5,2.1,3.9,.544,0.0,0.0,,2.1,3.9,.544,.544,1.1,1.4,.753,1.2,2.1,3.3,0.5,0.3,0.6,1.1,2.3,5.3,2006
8026,66,Rasual Butler,SF,26,NOK,79,20,23.7,3.3,8.0,.406,1.2,3.1,.380,2.1,4.9,.422,.479,1.0,1.4,.693,0.6,2.3,2.9,0.5,0.4,0.6,0.8,1.8,8.7,2006
8027,67,Andrew Bynum,C,18,LAL,46,0,7.3,0.7,1.8,.402,0.0,0.0,,0.7,1.8,.402,.402,0.2,0.6,.296,0.7,1.0,1.7,0.2,0.1,0.5,0.4,1.2,1.6,2006
8028,68,Will Bynum,PG,23,GSW,15,0,10.8,1.4,3.5,.404,0.1,0.6,.222,1.3,2.9,.442,.423,0.7,1.1,.625,0.2,0.6,0.8,1.3,0.5,0.0,0.9,0.7,3.6,2006
8029,69,Žarko Čabarkapa,PF,24,GSW,61,0,8.3,1.1,2.9,.385,0.1,0.3,.250,1.0,2.5,.403,.399,1.0,1.4,.714,0.6,1.2,1.8,0.3,0.2,0.1,0.6,1.4,3.3,2006
8030,70,José Calderón,SG,24,TOR,64,11,23.2,2.1,4.9,.423,0.1,0.7,.163,2.0,4.2,.465,.434,1.2,1.4,.848,0.5,1.7,2.2,4.5,0.7,0.1,1.6,1.5,5.5,2006
8031,71,Marcus Camby,C,31,DEN,56,54,33.2,5.4,11.6,.465,0.0,0.2,.091,5.4,11.4,.472,.466,2.0,2.8,.712,2.4,9.6,11.9,2.1,1.4,3.3,1.6,2.8,12.8,2006
8032,72,Brian Cardinal,PF,28,MEM,36,0,11.2,1.3,3.1,.414,0.4,0.8,.448,0.9,2.3,.402,.473,0.5,0.8,.704,0.3,1.2,1.5,0.9,0.6,0.0,0.8,1.8,3.4,2006
8033,73,Matt Carroll,SG,25,CHA,78,6,16.3,2.5,6.1,.403,0.9,2.4,.389,1.5,3.7,.412,.479,1.8,2.2,.821,0.4,1.6,2.0,0.4,0.6,0.1,0.6,1.5,7.6,2006
8034,74,Anthony Carter,PG,30,MIN,45,8,13.1,1.2,3.0,.387,0.1,0.3,.267,1.1,2.7,.402,.401,0.9,1.2,.727,0.2,1.2,1.4,2.2,0.5,0.2,0.9,1.6,3.3,2006
8035,75,Vince Carter,SG,29,NJN,79,79,36.8,8.3,19.2,.430,1.6,4.6,.341,6.7,14.6,.459,.471,6.1,7.6,.799,1.7,4.1,5.8,4.3,1.2,0.7,2.7,3.0,24.2,2006
8036,76,Sam Cassell,PG,36,LAC,78,75,34.0,6.3,14.3,.443,0.9,2.4,.368,5.4,11.8,.459,.475,3.7,4.3,.863,0.5,3.2,3.7,6.3,0.9,0.1,2.2,2.9,17.2,2006
8037,77,Kelvin Cato,C,31,TOT,27,0,12.3,1.3,3.1,.429,0.0,0.0,,1.3,3.1,.429,.429,1.0,1.3,.743,0.7,1.9,2.6,0.1,0.2,0.4,0.7,1.9,3.6,2006
8038,77,Kelvin Cato,C,31,ORL,23,0,13.0,1.3,3.1,.431,0.0,0.0,,1.3,3.1,.431,.431,1.1,1.5,.743,0.8,1.9,2.7,0.1,0.3,0.4,0.7,2.1,3.8,2006
8039,77,Kelvin Cato,C,31,DET,4,0,8.5,1.3,3.0,.417,0.0,0.0,,1.3,3.0,.417,.417,0.0,0.0,,0.3,1.5,1.8,0.5,0.0,0.5,0.5,1.0,2.5,2006
8040,78,Tyson Chandler,C,23,CHI,79,50,26.8,2.0,3.6,.565,0.0,0.0,.000,2.0,3.6,.567,.565,1.2,2.4,.503,3.4,5.7,9.0,1.0,0.5,1.3,1.6,3.8,5.3,2006
8041,79,Calbert Cheaney,SF,34,GSW,42,0,10.7,1.0,2.6,.389,0.0,0.2,.000,1.0,2.4,.420,.389,0.2,0.2,1.000,0.5,1.0,1.5,0.5,0.3,0.0,0.4,0.9,2.2,2006
8042,80,Josh Childress,SF,22,ATL,74,10,30.4,3.8,6.8,.552,0.4,0.9,.492,3.3,5.9,.560,.583,2.1,2.7,.766,1.8,3.4,5.2,1.8,1.2,0.5,1.4,2.5,10.0,2006
8043,Rk,Player,Pos,Age,Tm,G,GS,MP,FG,FGA,FG%,3P,3PA,3P%,2P,2PA,2P%,eFG%,FT,FTA,FT%,ORB,DRB,TRB,AST,STL,BLK,TOV,PF,PTS,2006
8044,81,Doug Christie,SG,35,DAL,7,7,26.4,1.3,3.7,.346,0.0,0.1,.000,1.3,3.6,.360,.346,1.1,1.7,.667,0.3,1.6,1.9,2.0,1.3,0.1,0.9,1.4,3.7,2006
8045,82,Speedy Claxton,PG,27,NOK,71,3,28.4,4.3,10.4,.413,0.2,0.9,.270,4.0,9.5,.426,.425,3.5,4.5,.769,0.5,2.2,2.7,4.8,1.5,0.1,2.2,2.5,12.3,2006
8046,83,Mateen Cleaves,PG,28,SEA,27,0,8.5,0.9,2.6,.352,0.1,0.6,.250,0.8,2.0,.382,.380,0.7,0.9,.792,0.1,0.4,0.5,1.6,0.1,0.1,0.5,1.1,2.7,2006
8047,84,Jarron Collins,C,27,UTA,79,41,21.9,1.6,3.5,.461,0.0,0.0,,1.6,3.5,.461,.461,2.0,2.8,.717,1.7,2.5,4.2,1.2,0.5,0.3,0.8,3.2,5.3,2006
8048,85,Jason Collins,C,27,NJN,71,70,26.7,1.5,3.7,.397,0.0,0.2,.250,1.4,3.5,.404,.403,0.6,1.2,.512,1.3,3.5,4.8,1.0,0.6,0.6,0.9,3.5,3.6,2006
8049,86,Nick Collison,PF,25,SEA,66,27,21.9,3.1,6.0,.525,0.0,0.0,.000,3.1,5.9,.529,.525,1.2,1.7,.699,2.2,3.4,5.6,1.1,0.3,0.5,1.2,3.2,7.5,2006
8050,87,Brian Cook,PF,25,LAL,81,46,19.0,3.2,6.3,.511,0.4,1.0,.429,2.8,5.3,.527,.546,1.0,1.2,.832,1.1,2.3,3.4,0.9,0.5,0.4,0.8,2.5,7.9,2006
8051,88,Jamal Crawford,SG,25,NYK,79,27,32.3,4.6,11.1,.416,1.3,3.7,.345,3.4,7.4,.452,.474,3.7,4.5,.826,0.5,2.7,3.1,3.8,1.1,0.2,2.2,1.9,14.3,2006
8052,89,Austin Croshere,PF,30,IND,50,26,23.0,2.6,5.7,.463,1.1,2.8,.386,1.6,2.9,.538,.558,1.8,2.0,.882,1.2,4.1,5.3,1.2,0.4,0.1,1.0,2.1,8.2,2006
8053,90,Eddy Curry,C,23,NYK,72,69,25.9,4.7,8.3,.563,0.0,0.0,,4.7,8.3,.563,.563,4.3,6.8,.632,2.0,4.0,6.0,0.3,0.4,0.8,2.5,3.3,13.6,2006
8054,91,Samuel Dalembert,C,24,PHI,66,52,26.7,3.0,5.6,.531,0.0,0.0,.000,3.0,5.6,.533,.531,1.4,2.0,.705,2.4,5.8,8.2,0.4,0.5,2.4,1.6,3.7,7.3,2006
8055,92,Erick Dampier,C,30,DAL,82,36,23.6,2.1,4.2,.493,0.0,0.0,,2.1,4.2,.493,.493,1.5,2.6,.591,3.3,4.5,7.8,0.6,0.3,1.3,1.4,3.2,5.7,2006
8056,93,Antonio Daniels,SG,30,WAS,80,17,28.5,2.9,6.9,.418,0.3,1.3,.228,2.6,5.6,.461,.439,3.6,4.2,.845,0.2,1.9,2.2,3.6,0.7,0.1,1.1,1.2,9.6,2006
8057,94,Marquis Daniels,SG,25,DAL,62,29,28.5,4.0,8.3,.480,0.1,0.3,.211,3.9,8.0,.491,.484,2.2,3.0,.754,1.3,2.3,3.6,2.8,1.1,0.2,1.6,2.3,10.2,2006
8058,95,Antonio Davis,PF-C,37,TOT,44,39,21.4,1.9,4.3,.432,0.0,0.0,.000,1.9,4.3,.434,.432,1.2,1.8,.642,2.0,2.7,4.7,0.5,0.5,0.2,1.2,2.8,4.9,2006
8059,95,Antonio Davis,PF,37,NYK,36,31,20.8,1.9,4.4,.428,0.0,0.0,.000,1.9,4.4,.430,.428,1.3,1.7,.738,2.1,2.7,4.8,0.4,0.6,0.3,1.2,2.8,5.0,2006
8060,95,Antonio Davis,C,37,TOR,8,8,23.9,1.8,3.9,.452,0.0,0.0,,1.8,3.9,.452,.452,0.9,2.5,.350,1.9,2.6,4.5,0.9,0.4,0.1,1.0,3.3,4.4,2006
8061,96,Baron Davis,PG,26,GSW,54,48,36.5,6.2,15.9,.389,1.9,6.0,.315,4.3,9.9,.434,.448,3.6,5.4,.675,0.8,3.5,4.4,8.9,1.6,0.3,2.9,3.1,17.9,2006
8062,97,Dale Davis,C,36,DET,28,2,6.4,0.3,0.9,.375,0.0,0.0,.000,0.3,0.8,.391,.375,0.3,0.5,.533,0.8,1.1,1.9,0.2,0.0,0.3,0.1,0.8,0.9,2006
8063,98,Josh Davis,PF,25,TOT,6,0,2.8,0.3,1.2,.286,0.0,0.3,.000,0.3,0.8,.400,.286,0.3,0.5,.667,0.5,0.2,0.7,0.2,0.3,0.0,0.2,0.5,1.0,2006
8064,98,Josh Davis,PF,25,MIL,4,0,3.0,0.3,1.0,.250,0.0,0.3,.000,0.3,0.8,.333,.250,0.0,0.0,,0.5,0.3,0.8,0.3,0.3,0.0,0.3,0.5,0.5,2006
8065,98,Josh Davis,PF,25,HOU,1,0,0.0,0.0,0.0,,0.0,0.0,,0.0,0.0,,,0.0,0.0,,0.0,0.0,0.0,0.0,0.0,0.0,0.0,1.0,0.0,2006
8066,98,Josh Davis,PF,25,PHO,1,0,5.0,1.0,3.0,.333,0.0,1.0,.000,1.0,2.0,.500,.333,2.0,3.0,.667,1.0,0.0,1.0,0.0,1.0,0.0,0.0,0.0,4.0,2006
8067,99,Ricky Davis,SG-SF,26,TOT,78,78,41.1,7.5,16.7,.448,0.9,3.1,.302,6.6,13.6,.481,.476,3.5,4.4,.797,0.8,3.7,4.5,5.1,1.2,0.2,2.7,2.4,19.4,2006
8068,99,Ricky Davis,SG,26,BOS,42,42,41.6,7.8,16.9,.464,1.0,3.0,.320,6.9,13.9,.495,.492,3.1,3.9,.787,1.0,3.5,4.5,5.3,1.2,0.2,2.7,2.2,19.7,2006
8069,99,Ricky Davis,SF,26,MIN,36,36,40.6,7.1,16.5,.429,0.9,3.3,.282,6.2,13.3,.464,.456,4.1,5.0,.807,0.7,3.9,4.6,4.8,1.2,0.2,2.7,2.8,19.1,2006
8070,100,Carlos Delfino,SG,23,DET,68,1,10.7,1.3,3.3,.403,0.3,0.9,.333,1.0,2.4,.428,.447,0.7,1.0,.672,0.4,1.3,1.7,0.6,0.3,0.2,0.5,1.3,3.6,2006
8071,Rk,Player,Pos,Age,Tm,G,GS,MP,FG,FGA,FG%,3P,3PA,3P%,2P,2PA,2P%,eFG%,FT,FTA,FT%,ORB,DRB,TRB,AST,STL,BLK,TOV,PF,PTS,2006
8072,101,Tony Delk,PG-SG,32,TOT,24,0,16.0,3.0,6.7,.441,0.8,2.0,.426,2.1,4.8,.447,.503,0.8,1.1,.741,0.6,1.6,2.2,1.4,0.5,0.0,0.8,1.2,7.6,2006
8073,101,Tony Delk,SG,32,ATL,1,0,7.0,0.0,1.0,.000,0.0,0.0,,0.0,1.0,.000,.000,2.0,2.0,1.000,1.0,1.0,2.0,0.0,0.0,0.0,0.0,0.0,2.0,2006
8074,101,Tony Delk,PG,32,DET,23,0,16.4,3.1,7.0,.444,0.9,2.0,.426,2.2,4.9,.451,.506,0.8,1.1,.720,0.6,1.7,2.2,1.4,0.6,0.0,0.8,1.2,7.8,2006
8075,102,Luol Deng,SF,20,CHI,78,56,33.4,5.7,12.2,.463,0.3,1.0,.269,5.4,11.2,.481,.474,2.7,3.5,.750,1.6,5.0,6.6,1.9,0.9,0.6,1.3,1.6,14.3,2006
8076,103,Boris Diaw,PF,23,PHO,81,70,35.5,5.5,10.5,.526,0.1,0.4,.267,5.4,10.2,.536,.531,2.1,2.9,.731,2.0,4.9,6.9,6.2,0.7,1.0,2.3,3.2,13.3,2006
8077,104,Dan Dickau,PG,27,BOS,19,0,12.3,0.9,2.4,.370,0.5,1.1,.500,0.4,1.4,.269,.478,0.9,0.9,1.000,0.3,0.6,0.8,2.1,0.6,0.1,0.9,2.1,3.3,2006
8078,105,Travis Diener,PG,23,ORL,23,0,10.7,1.3,3.0,.420,1.1,2.5,.439,0.2,0.5,.333,.601,0.2,0.3,.833,0.2,0.7,0.9,0.7,0.3,0.0,0.4,1.0,3.8,2006
8079,106,Ike Diogu,PF,22,GSW,69,14,14.9,2.5,4.8,.524,0.0,0.0,,2.5,4.8,.524,.524,2.0,2.4,.810,1.4,1.9,3.3,0.4,0.2,0.4,1.1,2.4,7.0,2006
8080,107,DeSagana Diop,C,24,DAL,81,45,18.6,0.9,1.9,.487,0.0,0.0,.500,0.9,1.9,.487,.490,0.5,0.9,.542,1.8,2.8,4.6,0.3,0.5,1.8,0.4,3.1,2.3,2006
8081,108,Juan Dixon,SG,27,POR,76,42,25.3,4.7,10.8,.435,0.9,2.2,.382,3.8,8.6,.449,.474,2.1,2.6,.804,0.4,1.9,2.3,2.0,0.8,0.1,1.5,2.1,12.3,2006
8082,109,Michael Doleac,C,28,MIA,31,3,12.0,1.2,2.8,.420,0.0,0.0,,1.2,2.8,.420,.420,0.8,1.0,.800,0.7,2.0,2.7,0.3,0.3,0.2,0.5,1.5,3.2,2006
8083,110,Keyon Dooling,PG,25,ORL,50,7,22.7,3.6,8.1,.440,0.3,0.9,.302,3.3,7.2,.456,.456,2.0,2.4,.835,0.2,1.3,1.6,2.2,1.0,0.1,1.6,2.3,9.4,2006
8084,111,Chris Duhon,PG,23,CHI,74,38,29.1,2.9,7.3,.400,1.4,3.8,.360,1.6,3.5,.442,.493,1.6,1.9,.818,0.4,2.6,3.0,5.0,0.9,0.0,1.6,2.1,8.7,2006
8085,112,Tim Duncan*,PF,29,SAS,80,80,34.8,7.2,14.8,.484,0.0,0.1,.400,7.2,14.8,.485,.485,4.2,6.7,.629,2.9,8.1,11.0,3.2,0.9,2.0,2.5,2.7,18.6,2006
8086,113,Mike Dunleavy,SF,25,GSW,81,68,31.8,4.1,10.1,.406,0.9,3.2,.285,3.2,6.9,.462,.451,2.4,3.1,.778,1.0,4.0,4.9,2.9,0.7,0.4,1.5,2.5,11.5,2006
8087,114,Ronald Dupree,SF,25,MIN,36,0,7.4,0.9,1.8,.524,0.0,0.0,.000,0.9,1.7,.532,.524,0.4,1.1,.341,0.6,0.8,1.4,0.4,0.3,0.0,0.4,1.2,2.2,2006
8088,115,John Edwards,C,24,ATL,40,4,7.4,0.8,1.6,.484,0.0,0.0,,0.8,1.6,.484,.484,0.2,0.3,.727,0.5,0.8,1.2,0.1,0.1,0.4,0.3,1.9,1.8,2006
8089,116,Howard Eisley,PG,33,TOT,32,0,12.3,1.1,3.2,.330,0.4,1.3,.310,0.7,1.9,.344,.393,0.6,0.8,.833,0.1,0.9,1.0,2.2,0.3,0.1,0.7,1.1,3.2,2006
8090,116,Howard Eisley,PG,33,LAC,13,0,8.6,0.3,1.3,.235,0.1,0.3,.250,0.2,1.0,.231,.265,0.0,0.0,,0.1,1.0,1.1,1.9,0.2,0.0,0.2,0.8,0.7,2006
8091,116,Howard Eisley,PG,33,DEN,19,0,14.8,1.6,4.5,.349,0.6,2.0,.316,0.9,2.5,.375,.419,1.1,1.3,.833,0.1,0.9,1.0,2.3,0.4,0.1,0.9,1.2,4.8,2006
8092,117,Monta Ellis,SG,20,GSW,49,3,18.1,2.7,6.5,.415,0.6,1.7,.341,2.1,4.8,.441,.459,0.9,1.2,.712,0.4,1.7,2.1,1.6,0.7,0.2,1.2,1.4,6.8,2006
8093,118,Francisco Elson,C,29,DEN,72,54,21.9,2.1,3.9,.532,0.0,0.1,.200,2.1,3.9,.538,.533,0.7,1.0,.662,1.4,3.3,4.7,0.7,0.8,0.6,0.9,2.9,4.9,2006
8094,119,Melvin Ely,PF,27,CHA,57,22,23.6,3.8,7.5,.508,0.0,0.0,.000,3.8,7.4,.511,.508,2.2,3.4,.667,1.6,3.2,4.9,1.3,0.5,0.8,1.8,2.8,9.8,2006
8095,120,Maurice Evans,SG,27,DET,80,1,14.2,1.9,4.3,.452,0.5,1.5,.371,1.4,2.8,.493,.515,0.7,0.8,.800,1.0,1.1,2.0,0.8,0.5,0.2,0.5,1.5,5.0,2006
8096,Rk,Player,Pos,Age,Tm,G,GS,MP,FG,FGA,FG%,3P,3PA,3P%,2P,2PA,2P%,eFG%,FT,FTA,FT%,ORB,DRB,TRB,AST,STL,BLK,TOV,PF,PTS,2006
8097,121,Reggie Evans,PF,25,TOT,67,25,20.8,2.0,4.0,.489,0.0,0.0,.000,2.0,4.0,.491,.489,1.7,3.2,.530,2.6,4.9,7.5,0.6,0.6,0.1,1.3,2.5,5.6,2006
8098,121,Reggie Evans,PF,25,SEA,41,23,19.2,2.1,4.2,.509,0.0,0.0,.000,2.1,4.2,.512,.509,1.6,2.9,.550,2.8,4.0,6.7,0.6,0.6,0.1,1.0,2.3,5.9,2006
8099,121,Reggie Evans,PF,25,DEN,26,2,23.3,1.7,3.7,.453,0.0,0.0,,1.7,3.7,.453,.453,1.9,3.7,.505,2.2,6.5,8.7,0.6,0.6,0.2,1.7,2.7,5.2,2006
8100,122,Daniel Ewing,SG,22,LAC,66,5,14.7,1.5,3.9,.380,0.3,1.2,.282,1.1,2.7,.424,.424,0.5,0.7,.783,0.3,0.9,1.3,1.3,0.6,0.1,0.9,1.3,3.8,2006
8101,123,Noel Felix,SF,24,SEA,12,0,6.8,0.5,2.1,.240,0.1,0.3,.333,0.4,1.8,.227,.260,0.4,0.7,.625,0.3,0.8,1.1,0.2,0.2,0.3,0.7,1.1,1.5,2006
8102,124,Raymond Felton,PG,21,CHA,80,54,30.1,4.3,11.0,.391,1.2,3.4,.358,3.1,7.7,.405,.446,2.0,2.8,.725,1.0,2.4,3.3,5.6,1.3,0.1,2.3,2.3,11.9,2006
8103,125,Michael Finley,SG,32,SAS,77,18,26.5,3.7,9.0,.412,1.4,3.6,.394,2.3,5.4,.423,.491,1.3,1.5,.852,0.4,2.8,3.2,1.5,0.5,0.1,0.8,1.3,10.1,2006
8104,126,Derek Fisher,PG,31,GSW,82,36,31.6,4.4,10.8,.410,1.4,3.6,.397,3.0,7.2,.417,.476,3.0,3.6,.833,0.4,2.1,2.6,4.3,1.5,0.1,1.9,2.9,13.3,2006
8105,127,Gerald Fitch,PG,23,MIA,18,1,13.3,1.7,4.9,.337,0.4,1.4,.269,1.3,3.5,.365,.376,0.9,1.3,.739,0.4,1.3,1.7,1.8,0.4,0.3,0.8,1.6,4.7,2006
8106,128,Marcus Fizer,PF,27,NOK,3,0,13.0,3.0,5.7,.529,0.3,0.3,1.000,2.7,5.3,.500,.559,0.3,0.7,.500,0.3,2.0,2.3,0.3,0.0,0.0,0.7,1.7,6.7,2006
8107,129,Sharrod Ford,PF,24,PHO,3,0,4.3,0.7,1.0,.667,0.0,0.0,,0.7,1.0,.667,.667,0.0,0.0,,0.3,0.7,1.0,0.0,0.0,0.3,0.7,2.3,1.3,2006
8108,130,T.J. Ford,PG,22,MIL,72,70,35.5,4.6,11.0,.416,0.5,1.4,.337,4.1,9.5,.428,.438,2.6,3.4,.754,0.9,3.4,4.3,6.6,1.4,0.1,3.0,2.7,12.2,2006
8109,131,Danny Fortson,C,29,SEA,23,1,12.0,1.2,2.2,.529,0.0,0.0,,1.2,2.2,.529,.529,1.4,1.9,.767,1.3,2.0,3.4,0.1,0.2,0.1,1.1,3.3,3.8,2006
8110,132,Jeff Foster,C,29,IND,63,37,25.1,2.2,4.0,.552,0.0,0.1,.000,2.2,3.9,.561,.552,1.5,2.5,.604,3.6,5.6,9.1,0.8,0.7,0.4,1.0,3.0,5.9,2006
8111,133,Adonal Foyle,C,30,GSW,77,72,23.7,2.0,3.9,.507,0.0,0.0,,2.0,3.9,.507,.507,0.5,0.9,.612,1.9,3.6,5.5,0.4,0.6,1.6,1.0,2.8,4.5,2006
8112,134,Richie Frahm,SG,28,TOT,33,0,10.4,1.2,3.0,.390,0.7,2.1,.329,0.5,0.9,.533,.505,0.2,0.3,.700,0.1,0.9,1.0,0.6,0.1,0.1,0.2,0.9,3.3,2006
8113,134,Richie Frahm,SG,28,MIN,25,0,9.0,1.0,2.6,.369,0.6,1.9,.313,0.4,0.7,.529,.485,0.1,0.2,.600,0.1,0.8,0.9,0.6,0.1,0.1,0.2,0.9,2.6,2006
8114,134,Richie Frahm,SG,28,HOU,8,0,14.6,1.9,4.4,.429,1.0,2.8,.364,0.9,1.6,.538,.543,0.5,0.6,.800,0.0,1.3,1.3,0.8,0.1,0.0,0.5,1.0,5.3,2006
8115,135,Steve Francis,PG-SG,28,TOT,70,60,34.2,4.8,10.9,.435,0.4,1.2,.301,4.4,9.7,.452,.452,4.5,5.7,.787,1.1,3.1,4.1,4.9,1.1,0.2,3.1,2.9,14.4,2006
8116,135,Steve Francis,PG,28,ORL,46,45,37.7,5.4,12.5,.433,0.4,1.5,.257,5.0,11.0,.457,.449,5.0,6.3,.797,1.3,3.5,4.8,5.7,1.1,0.2,3.4,3.1,16.2,2006
8117,135,Steve Francis,SG,28,NYK,24,15,27.5,3.5,7.9,.442,0.3,0.5,.538,3.2,7.4,.435,.461,3.5,4.5,.761,0.6,2.4,3.0,3.5,1.0,0.3,2.4,2.6,10.8,2006
8118,136,Channing Frye,C,22,NYK,65,14,24.2,4.7,9.8,.477,0.0,0.1,.333,4.6,9.7,.479,.479,2.9,3.5,.825,2.1,3.6,5.8,0.8,0.5,0.7,1.5,3.1,12.3,2006
8119,137,Dan Gadzuric,C,27,MIL,74,0,12.0,2.3,4.2,.553,0.0,0.0,.000,2.3,4.2,.555,.553,0.6,1.2,.461,1.2,1.9,3.1,0.3,0.3,0.6,0.5,2.3,5.2,2006
8120,138,Deng Gai,C,23,PHI,2,0,2.5,0.0,0.0,,0.0,0.0,,0.0,0.0,,,0.0,0.0,,0.0,0.0,0.0,0.0,0.0,0.0,0.0,0.0,0.0,2006
8121,139,Reece Gaines,PG,25,MIL,12,0,4.5,0.5,1.0,.500,0.0,0.2,.000,0.5,0.8,.600,.500,0.1,0.3,.250,0.0,0.0,0.0,0.3,0.1,0.0,0.1,0.1,1.1,2006
8122,140,Francisco García,SF,24,SAC,67,11,19.4,1.9,4.9,.400,0.6,2.0,.285,1.4,2.8,.484,.460,1.2,1.5,.772,0.6,2.2,2.8,1.4,0.6,0.7,1.1,2.0,5.6,2006
8123,Rk,Player,Pos,Age,Tm,G,GS,MP,FG,FGA,FG%,3P,3PA,3P%,2P,2PA,2P%,eFG%,FT,FTA,FT%,ORB,DRB,TRB,AST,STL,BLK,TOV,PF,PTS,2006
8124,141,Kevin Garnett*,PF,29,MIN,76,76,38.9,8.2,15.7,.526,0.1,0.4,.267,8.1,15.3,.532,.529,5.2,6.4,.810,2.8,9.9,12.7,4.1,1.4,1.4,2.4,2.7,21.8,2006
8125,142,Pat Garrity,PF,29,ORL,57,0,16.5,1.8,4.2,.417,0.9,2.3,.388,0.9,2.0,.451,.521,0.5,0.6,.811,0.5,1.4,1.9,0.7,0.2,0.2,0.7,1.9,4.9,2006
8126,143,Pau Gasol,PF,25,MEM,80,80,39.2,7.5,14.9,.503,0.0,0.2,.250,7.5,14.8,.505,.504,5.3,7.7,.689,2.4,6.5,8.9,4.6,0.6,1.9,2.9,2.3,20.4,2006
8127,144,Devean George,SF,28,LAL,71,5,21.7,2.4,6.0,.400,0.7,2.3,.313,1.7,3.7,.453,.459,0.8,1.2,.674,1.2,2.7,3.9,1.0,0.9,0.5,0.8,2.2,6.3,2006
8128,145,Eddie Gill,PG,27,IND,41,0,3.0,0.2,1.1,.222,0.2,0.6,.304,0.1,0.5,.136,.300,0.4,0.6,.783,0.0,0.4,0.4,0.3,0.3,0.0,0.2,0.3,1.1,2006
8129,146,Manu Ginóbili*,SG,28,SAS,65,56,27.9,4.8,10.3,.462,1.3,3.3,.382,3.5,7.0,.500,.524,4.3,5.5,.778,0.6,2.9,3.5,3.6,1.6,0.4,1.9,2.4,15.1,2006
8130,147,Gordan Giriček,SG,28,UTA,37,36,25.8,4.5,10.4,.433,0.5,1.6,.305,4.0,8.8,.457,.457,1.2,1.5,.754,0.4,1.5,1.9,1.7,0.4,0.1,1.7,2.4,10.6,2006
8131,148,Anthony Goldwire,PG,34,LAC,3,0,7.3,0.3,2.3,.143,0.0,0.7,.000,0.3,1.7,.200,.143,0.0,0.0,,0.0,0.3,0.3,0.7,0.0,0.0,0.3,0.0,0.7,2006
8132,149,Ryan Gomes,PF,23,BOS,61,33,22.6,2.8,5.8,.487,0.0,0.1,.333,2.8,5.7,.491,.492,1.8,2.4,.752,1.7,3.2,4.9,1.0,0.6,0.1,0.9,1.4,7.6,2006
8133,150,Drew Gooden,PF,24,CLE,79,79,27.5,4.2,8.3,.512,0.0,0.0,.333,4.2,8.2,.513,.513,2.2,3.3,.682,3.0,5.4,8.4,0.7,0.7,0.6,1.3,2.4,10.7,2006
8134,151,Ben Gordon,SG,22,CHI,80,47,31.0,6.1,14.4,.422,2.1,4.8,.435,4.0,9.6,.416,.494,2.6,3.4,.787,0.5,2.2,2.7,3.0,0.9,0.1,2.3,3.0,16.9,2006
8135,152,Joey Graham,SF,23,TOR,80,24,19.8,2.5,5.2,.478,0.4,1.1,.333,2.1,4.1,.517,.513,1.4,1.7,.812,0.7,2.3,3.1,0.8,0.5,0.2,1.2,2.9,6.7,2006
8136,153,Stephen Graham,SG,23,TOT,22,0,8.0,1.0,2.5,.389,0.1,0.5,.200,0.9,2.0,.432,.407,0.6,0.7,.933,0.2,1.0,1.2,0.3,0.2,0.1,0.6,1.4,2.6,2006
8137,153,Stephen Graham,SG,23,HOU,6,0,6.3,1.0,2.7,.375,0.2,0.8,.200,0.8,1.8,.455,.406,0.7,0.7,1.000,0.2,1.0,1.2,0.5,0.3,0.0,0.8,0.8,2.8,2006
8138,153,Stephen Graham,SG,23,CHI,3,0,6.7,0.3,1.7,.200,0.3,1.3,.250,0.0,0.3,.000,.300,0.7,0.7,1.000,0.0,1.0,1.0,0.3,0.0,0.0,0.3,1.0,1.7,2006
8139,153,Stephen Graham,SG,23,CLE,13,0,9.0,1.1,2.5,.424,0.0,0.1,.000,1.1,2.5,.438,.424,0.6,0.7,.889,0.3,1.0,1.3,0.2,0.2,0.2,0.5,1.8,2.8,2006
8140,154,Danny Granger,SF,22,IND,78,17,22.6,2.8,6.1,.462,0.4,1.2,.323,2.4,4.9,.496,.494,1.5,1.9,.777,1.7,3.2,4.9,1.2,0.7,0.8,1.0,2.7,7.5,2006
8141,155,Brian Grant,C,33,PHO,21,2,11.8,1.3,3.1,.415,0.0,0.0,,1.3,3.1,.415,.415,0.3,0.4,.875,0.5,2.2,2.7,0.3,0.2,0.1,0.3,2.1,2.9,2006
8142,156,Devin Green,SG,23,LAL,27,0,5.0,0.2,1.0,.214,0.0,0.1,.000,0.2,1.0,.231,.214,0.5,0.8,.619,0.4,0.5,0.9,0.3,0.1,0.0,0.2,0.5,0.9,2006
8143,157,Gerald Green,SG,20,BOS,32,3,11.7,2.1,4.3,.478,0.2,0.6,.300,1.9,3.7,.508,.500,0.9,1.2,.784,0.3,1.0,1.3,0.6,0.4,0.1,0.7,1.3,5.2,2006
8144,158,Willie Green,SG,24,PHI,10,2,15.3,2.8,6.6,.424,1.0,1.9,.526,1.8,4.7,.383,.500,0.4,0.5,.800,0.1,1.4,1.5,0.5,0.2,0.0,1.2,1.3,7.0,2006
8145,159,Orien Greene,PG,23,BOS,80,5,15.4,1.3,3.2,.395,0.1,0.5,.225,1.1,2.7,.427,.413,0.6,0.9,.662,0.5,1.4,1.8,1.6,1.0,0.1,1.4,2.3,3.2,2006
8146,160,Adrian Griffin,SG,31,DAL,52,45,23.9,1.9,3.9,.480,0.0,0.0,.000,1.9,3.9,.485,.480,0.8,1.0,.774,1.4,2.9,4.4,1.7,1.0,0.2,0.8,2.2,4.6,2006
8147,Rk,Player,Pos,Age,Tm,G,GS,MP,FG,FGA,FG%,3P,3PA,3P%,2P,2PA,2P%,eFG%,FT,FTA,FT%,ORB,DRB,TRB,AST,STL,BLK,TOV,PF,PTS,2006
8148,161,Eddie Griffin,C,23,MIN,70,27,19.4,1.9,5.3,.351,0.2,1.2,.195,1.6,4.1,.396,.373,0.6,1.1,.595,1.5,4.0,5.6,0.6,0.2,2.1,0.6,1.8,4.6,2006
8149,162,Anthony Grundy,SG,26,ATL,12,0,9.0,1.6,3.2,.500,0.4,1.3,.333,1.2,1.9,.609,.566,0.8,1.2,.643,0.1,1.3,1.4,0.8,0.6,0.0,0.8,1.2,4.3,2006
8150,163,Richard Hamilton,SG,27,DET,80,80,35.3,8.1,16.5,.491,0.7,1.5,.458,7.4,15.0,.494,.512,3.2,3.8,.845,1.1,2.2,3.2,3.4,0.7,0.2,2.2,2.6,20.1,2006
8151,164,Zendon Hamilton,C,30,TOT,12,0,4.1,0.6,1.2,.500,0.0,0.0,,0.6,1.2,.500,.500,1.0,1.5,.667,0.3,0.7,0.9,0.0,0.3,0.0,0.5,0.4,2.2,2006
8152,164,Zendon Hamilton,C,30,CLE,11,0,4.2,0.6,1.2,.538,0.0,0.0,,0.6,1.2,.538,.538,1.0,1.5,.688,0.3,0.7,1.0,0.0,0.3,0.0,0.5,0.4,2.3,2006
8153,164,Zendon Hamilton,C,30,PHI,1,0,3.0,0.0,1.0,.000,0.0,0.0,,0.0,1.0,.000,.000,1.0,2.0,.500,0.0,0.0,0.0,0.0,1.0,0.0,0.0,1.0,1.0,2006
8154,165,Anfernee Hardaway,SF,34,NYK,4,0,18.0,1.0,3.5,.286,0.0,0.3,.000,1.0,3.3,.308,.286,0.5,0.5,1.000,0.0,2.5,2.5,2.0,0.5,0.0,1.5,1.8,2.5,2006
8155,166,Matt Harpring,SF,29,UTA,71,32,27.4,4.5,9.5,.475,0.2,0.5,.359,4.3,9.0,.482,.485,3.2,4.4,.725,2.2,3.0,5.2,1.4,0.8,0.2,1.5,2.8,12.5,2006
8156,167,Al Harrington,PF,25,ATL,76,76,36.6,7.3,16.1,.452,0.9,2.5,.346,6.4,13.5,.471,.479,3.2,4.6,.694,1.7,5.1,6.9,3.1,1.1,0.2,2.6,4.0,18.6,2006
8157,168,Othella Harrington,C,32,CHI,72,23,11.4,1.9,3.8,.495,0.0,0.0,,1.9,3.8,.495,.495,1.1,1.7,.626,0.8,1.4,2.1,0.5,0.1,0.2,0.8,1.8,4.8,2006
8158,169,Devin Harris,PG,22,DAL,56,4,22.8,3.4,7.2,.469,0.1,0.4,.238,3.3,6.9,.482,.475,3.0,4.2,.716,0.5,1.8,2.2,3.2,0.9,0.3,1.5,2.2,9.9,2006
8159,170,David Harrison,C,23,IND,67,17,15.4,2.2,4.4,.503,0.0,0.0,,2.2,4.4,.503,.503,1.3,2.6,.511,1.3,2.5,3.8,0.2,0.3,0.9,1.2,2.9,5.7,2006
8160,171,Jason Hart,PG,27,SAC,66,0,12.4,1.3,3.3,.389,0.1,0.5,.290,1.2,2.9,.405,.410,0.6,0.8,.661,0.2,0.9,1.1,1.1,0.5,0.1,0.7,1.3,3.3,2006
8161,172,Udonis Haslem,PF,25,MIA,81,80,30.8,3.7,7.3,.508,0.0,0.0,.000,3.7,7.3,.509,.508,1.9,2.5,.789,2.1,5.8,7.8,1.2,0.6,0.2,1.0,2.7,9.3,2006
8162,173,Trenton Hassell,SG,26,MIN,77,67,32.6,3.7,8.0,.464,0.1,0.3,.304,3.6,7.7,.470,.470,1.7,2.3,.744,1.1,1.7,2.8,2.6,0.6,0.4,1.6,2.6,9.2,2006
8163,174,Chuck Hayes,PF,22,HOU,40,0,13.4,1.5,2.6,.562,0.0,0.0,.000,1.5,2.6,.567,.562,0.7,1.1,.644,1.7,2.8,4.5,0.4,0.7,0.4,0.3,1.9,3.7,2006
8164,175,Jarvis Hayes,SG,24,WAS,21,13,24.6,3.7,8.7,.421,0.8,2.2,.362,2.9,6.5,.441,.467,1.2,1.4,.833,0.9,2.7,3.6,1.3,0.8,0.0,1.0,1.8,9.3,2006
8165,176,Brendan Haywood,C,26,WAS,79,70,23.8,2.8,5.5,.514,0.0,0.0,,2.8,5.5,.514,.514,1.7,2.8,.585,2.5,3.4,5.9,0.6,0.4,1.3,1.2,2.9,7.3,2006
8166,177,Luther Head,SG,23,HOU,80,27,28.9,3.2,7.9,.403,1.4,3.9,.361,1.8,4.0,.445,.493,1.1,1.5,.699,0.4,2.9,3.3,2.7,1.1,0.1,1.5,2.1,8.8,2006
8167,178,Alan Henderson,C,33,CLE,51,3,10.4,0.9,1.8,.516,0.0,0.0,,0.9,1.8,.516,.516,0.6,1.0,.673,1.2,1.5,2.7,0.2,0.2,0.2,0.4,1.1,2.5,2006
8168,179,Nenê,PF,23,DEN,1,0,3.0,0.0,1.0,.000,0.0,0.0,,0.0,1.0,.000,.000,0.0,0.0,,0.0,0.0,0.0,0.0,0.0,0.0,2.0,1.0,0.0,2006
8169,180,Grant Hill*,SF,33,ORL,21,17,29.2,5.7,11.6,.490,0.1,0.4,.250,5.6,11.2,.498,.494,3.7,4.9,.765,0.7,3.1,3.8,2.3,1.1,0.3,1.7,2.4,15.1,2006
8170,Rk,Player,Pos,Age,Tm,G,GS,MP,FG,FGA,FG%,3P,3PA,3P%,2P,2PA,2P%,eFG%,FT,FTA,FT%,ORB,DRB,TRB,AST,STL,BLK,TOV,PF,PTS,2006
8171,181,Kirk Hinrich,PG,25,CHI,81,81,36.5,5.6,13.3,.418,1.6,4.2,.370,4.0,9.1,.441,.477,3.2,3.9,.815,0.4,3.2,3.6,6.3,1.2,0.3,2.3,3.1,15.9,2006
8172,182,Julius Hodge,SG,22,DEN,14,0,2.4,0.4,0.9,.385,0.0,0.0,,0.4,0.9,.385,.385,0.2,0.6,.375,0.4,0.1,0.5,0.4,0.1,0.0,0.6,0.5,0.9,2006
8173,183,Randy Holcomb,SF,26,CHI,4,0,2.8,0.3,0.3,1.000,0.0,0.0,,0.3,0.3,1.000,1.000,0.0,0.0,,0.3,0.0,0.3,0.0,0.0,0.0,0.0,0.5,0.5,2006
8174,184,Robert Horry,PF,35,SAS,63,3,18.8,1.8,4.6,.384,0.8,2.3,.368,0.9,2.3,.399,.474,0.7,1.1,.647,1.1,2.7,3.8,1.3,0.7,0.8,0.7,1.8,5.1,2006
8175,185,Eddie House,PG,27,PHO,81,0,17.5,4.0,9.4,.422,1.5,3.9,.389,2.4,5.5,.445,.503,0.4,0.5,.805,0.2,1.4,1.6,1.8,0.5,0.1,0.9,1.2,9.8,2006
8176,186,Dwight Howard,PF,20,ORL,82,81,36.8,5.7,10.7,.531,0.0,0.0,.000,5.7,10.7,.532,.531,4.3,7.3,.595,3.5,9.0,12.5,1.5,0.8,1.4,2.6,3.4,15.8,2006
8177,187,Josh Howard,SF,25,DAL,59,58,32.5,5.9,12.6,.471,0.5,1.1,.429,5.5,11.5,.475,.489,3.3,4.5,.734,2.1,4.2,6.3,1.9,1.2,0.4,1.3,2.8,15.6,2006
8178,188,Juwan Howard,PF,32,HOU,80,80,31.7,4.9,10.7,.459,0.0,0.1,.000,4.9,10.7,.461,.459,1.9,2.4,.806,2.1,4.6,6.7,1.4,0.6,0.1,1.7,2.9,11.8,2006
8179,189,Troy Hudson,PG,29,MIN,36,0,22.2,3.5,9.3,.381,1.1,2.8,.396,2.4,6.4,.375,.441,1.3,1.4,.923,0.2,1.0,1.2,2.9,0.3,0.1,1.1,1.5,9.5,2006
8180,190,Larry Hughes,SG,27,CLE,36,31,35.6,5.3,13.0,.409,0.8,2.1,.368,4.6,10.9,.417,.439,4.1,5.4,.756,0.7,3.8,4.5,3.6,1.5,0.6,2.8,3.3,15.5,2006
8181,191,Kris Humphries,PF,20,UTA,62,2,10.0,1.2,3.3,.379,0.0,0.1,.000,1.2,3.2,.389,.379,0.5,1.0,.523,0.9,1.6,2.5,0.5,0.4,0.3,0.5,1.3,3.0,2006
8182,192,Lindsey Hunter,PG,35,DET,30,1,11.8,1.2,3.3,.370,0.4,1.4,.256,0.9,1.9,.456,.425,0.1,0.1,.500,0.3,1.0,1.3,2.1,0.6,0.0,0.7,1.5,2.9,2006
8183,193,Steven Hunter,C,24,PHI,69,35,19.0,2.5,4.2,.601,0.0,0.0,,2.5,4.2,.601,.601,1.0,2.0,.514,1.6,2.3,3.9,0.2,0.2,1.1,0.9,1.7,6.1,2006
8184,194,Andre Iguodala,SF,22,PHI,82,82,37.6,4.2,8.4,.500,0.7,1.9,.354,3.5,6.5,.543,.541,3.2,4.3,.754,1.4,4.4,5.9,3.1,1.6,0.3,1.9,2.4,12.3,2006
8185,195,Zydrunas Ilgauskas,C,30,CLE,78,78,29.3,5.8,11.4,.506,0.0,0.1,.000,5.8,11.3,.509,.506,4.1,4.9,.834,3.1,4.4,7.6,1.2,0.5,1.7,2.0,3.6,15.6,2006
8186,196,D.J. Mbenga,C,25,DAL,43,1,5.5,0.7,1.4,.533,0.0,0.0,.000,0.7,1.4,.542,.533,0.2,0.5,.500,0.4,0.9,1.3,0.0,0.1,0.6,0.4,1.1,1.7,2006
8187,197,Allen Iverson*,PG,30,PHI,72,72,43.1,11.3,25.3,.447,1.0,3.1,.323,10.3,22.2,.465,.467,9.4,11.5,.814,0.6,2.6,3.2,7.4,1.9,0.1,3.4,1.7,33.0,2006
8188,198,Royal Ivey,PG,24,ATL,73,66,13.4,1.6,3.6,.439,0.1,0.1,.400,1.5,3.5,.441,.447,0.3,0.5,.727,0.4,0.9,1.3,1.0,0.3,0.1,0.3,2.0,3.6,2006
8189,199,Jarrett Jack,SG,22,POR,79,4,20.2,2.4,5.4,.442,0.3,1.0,.263,2.1,4.5,.480,.465,1.6,2.0,.800,0.2,1.8,2.0,2.8,0.5,0.0,1.3,1.7,6.7,2006
8190,200,Bobby Jackson,PG,32,MEM,71,15,25.0,4.0,10.5,.382,1.8,4.7,.389,2.2,5.9,.377,.469,1.5,2.1,.733,0.6,2.5,3.1,2.7,0.9,0.0,1.4,2.2,11.4,2006
8191,Rk,Player,Pos,Age,Tm,G,GS,MP,FG,FGA,FG%,3P,3PA,3P%,2P,2PA,2P%,eFG%,FT,FTA,FT%,ORB,DRB,TRB,AST,STL,BLK,TOV,PF,PTS,2006
8192,201,Jermaine Jackson,PG,29,MIL,30,2,6.7,0.4,0.9,.423,0.0,0.1,.250,0.3,0.7,.455,.442,0.4,0.5,.857,0.3,0.6,0.9,0.8,0.1,0.0,0.4,0.6,1.2,2006
8193,202,Jim Jackson,SF,35,TOT,40,1,12.8,1.2,4.0,.294,0.5,1.9,.243,0.7,2.2,.337,.350,0.2,0.3,.692,0.3,1.6,1.9,0.9,0.3,0.2,0.9,1.3,3.0,2006
8194,202,Jim Jackson,SF,35,PHO,27,1,15.6,1.4,4.8,.295,0.5,2.3,.222,0.9,2.4,.364,.349,0.3,0.5,.692,0.4,2.0,2.4,1.1,0.4,0.2,1.1,1.7,3.7,2006
8195,202,Jim Jackson,SF,35,LAL,13,0,7.1,0.7,2.4,.290,0.3,0.8,.364,0.4,1.5,.250,.355,0.0,0.0,,0.0,0.9,0.9,0.3,0.2,0.0,0.4,0.4,1.7,2006
8196,203,Luke Jackson,SF,24,CLE,36,0,8.8,0.8,2.4,.341,0.3,1.0,.333,0.5,1.4,.347,.412,0.7,0.9,.788,0.4,0.7,1.1,0.7,0.3,0.1,0.9,0.8,2.7,2006
8197,204,Marc Jackson,C,31,TOT,64,10,16.0,2.7,5.8,.472,0.0,0.0,.500,2.7,5.7,.471,.473,1.0,1.3,.805,1.3,2.0,3.4,0.7,0.2,0.1,1.0,2.0,6.5,2006
8198,204,Marc Jackson,C,31,NJN,37,0,11.7,1.8,4.0,.446,0.0,0.0,,1.8,4.0,.446,.446,1.0,1.3,.792,0.8,1.6,2.4,0.6,0.1,0.2,0.8,1.9,4.6,2006
8199,204,Marc Jackson,C,31,NOK,27,10,22.0,4.0,8.2,.489,0.0,0.1,.500,4.0,8.1,.489,.491,1.0,1.3,.824,2.1,2.7,4.7,0.8,0.3,0.1,1.4,2.1,9.1,2006
8200,205,Stephen Jackson,SG,27,IND,81,81,35.9,5.8,14.2,.411,1.4,4.2,.345,4.4,10.0,.439,.462,3.3,4.2,.786,0.6,3.3,3.9,2.8,1.3,0.5,2.5,2.4,16.4,2006
8201,206,Jerome James,C,30,NYK,45,9,9.0,1.2,2.7,.463,0.0,0.0,,1.2,2.7,.463,.463,0.6,0.9,.625,0.9,1.2,2.0,0.3,0.1,0.5,1.1,2.3,3.0,2006
8202,207,LeBron James,SF,21,CLE,79,79,42.5,11.1,23.1,.480,1.6,4.8,.335,9.5,18.3,.518,.515,7.6,10.3,.738,0.9,6.1,7.0,6.6,1.6,0.8,3.3,2.3,31.4,2006
8203,208,Mike James,PG,30,TOR,79,79,37.0,7.3,15.5,.469,2.1,4.8,.442,5.2,10.7,.481,.538,3.6,4.3,.837,0.6,2.7,3.3,5.8,0.9,0.0,2.6,2.7,20.3,2006
8204,209,Antawn Jamison,SF,29,WAS,82,80,40.1,8.0,18.2,.442,1.8,4.5,.394,6.3,13.7,.458,.491,2.6,3.6,.731,2.0,7.3,9.3,1.9,1.1,0.1,1.7,2.3,20.5,2006
8205,210,Marko Jarić,PG,27,MIN,75,49,28.0,3.0,7.5,.399,0.5,1.8,.301,2.5,5.8,.430,.435,1.3,1.8,.688,0.8,2.3,3.1,3.9,1.4,0.3,1.7,2.5,7.8,2006
8206,211,Šarūnas Jasikevičius,PG,29,IND,75,15,20.8,2.3,5.7,.396,1.1,3.1,.364,1.1,2.6,.435,.497,1.6,1.8,.910,0.3,1.8,2.0,3.0,0.5,0.1,1.5,1.4,7.3,2006
8207,212,Al Jefferson,PF,21,BOS,59,7,18.0,3.2,6.4,.499,0.0,0.1,.000,3.2,6.4,.504,.499,1.5,2.3,.642,1.6,3.4,5.1,0.5,0.5,0.8,1.1,2.8,7.9,2006
8208,213,Richard Jefferson,SF,25,NJN,78,78,39.2,6.3,12.9,.493,0.8,2.4,.319,5.6,10.5,.532,.522,6.0,7.4,.812,1.2,5.6,6.8,3.8,0.8,0.2,2.2,2.5,19.5,2006
8209,214,Jared Jeffries,PF,24,WAS,77,77,25.3,2.4,5.4,.451,0.2,0.6,.320,2.2,4.7,.468,.470,1.3,2.2,.589,2.1,2.8,4.9,1.9,0.8,0.6,1.3,2.9,6.4,2006
8210,215,Amir Johnson,SF,18,DET,3,0,13.0,2.3,3.3,.700,0.7,1.0,.667,1.7,2.3,.714,.800,1.3,1.3,1.000,1.0,0.3,1.3,1.0,0.0,0.7,1.3,2.3,6.7,2006
8211,216,Anthony Johnson,PG,31,IND,75,53,26.4,3.6,8.0,.443,0.7,2.1,.329,2.9,6.0,.482,.485,1.4,1.9,.752,0.4,1.8,2.2,4.3,0.8,0.3,1.5,1.8,9.2,2006
8212,217,DerMarr Johnson,SG,25,DEN,58,21,15.9,2.3,5.3,.431,1.0,2.8,.350,1.3,2.5,.521,.523,0.6,0.7,.810,0.3,1.3,1.7,0.9,0.4,0.4,0.8,1.5,6.1,2006
8213,218,Ervin Johnson,C,38,MIL,18,0,4.5,0.4,0.9,.412,0.0,0.0,,0.4,0.9,.412,.412,0.1,0.1,.500,0.3,1.1,1.3,0.1,0.1,0.1,0.3,1.3,0.8,2006
8214,219,Joe Johnson,SG,24,ATL,82,82,40.7,7.7,17.0,.453,1.6,4.4,.356,6.1,12.6,.487,.499,3.2,4.0,.791,1.2,2.9,4.1,6.5,1.3,0.4,3.3,2.3,20.2,2006
8215,220,Linton Johnson,SF,25,TOT,36,7,14.6,1.7,4.1,.409,0.4,1.0,.361,1.3,3.1,.425,.453,0.5,0.8,.667,1.1,2.3,3.4,0.4,0.3,0.3,0.8,1.7,4.3,2006
8216,220,Linton Johnson,SF,25,NJN,9,0,3.9,0.6,1.1,.500,0.0,0.0,,0.6,1.1,.500,.500,0.1,0.4,.250,0.0,0.8,0.8,0.2,0.2,0.0,0.4,0.8,1.2,2006
8217,220,Linton Johnson,SF,25,NOK,27,7,18.1,2.1,5.1,.403,0.5,1.3,.361,1.6,3.8,.417,.450,0.6,0.9,.739,1.5,2.8,4.3,0.4,0.4,0.4,0.9,2.0,5.3,2006
8218,Rk,Player,Pos,Age,Tm,G,GS,MP,FG,FGA,FG%,3P,3PA,3P%,2P,2PA,2P%,eFG%,FT,FTA,FT%,ORB,DRB,TRB,AST,STL,BLK,TOV,PF,PTS,2006
8219,221,Dahntay Jones,SF,25,MEM,71,4,13.6,1.5,3.7,.414,0.0,0.3,.143,1.5,3.4,.438,.420,0.8,1.3,.645,0.3,1.2,1.5,0.5,0.5,0.2,0.7,1.5,4.0,2006
8220,222,Damon Jones,PG,29,CLE,82,7,25.5,2.3,6.0,.387,1.7,4.5,.377,0.6,1.5,.417,.530,0.4,0.6,.640,0.2,1.5,1.6,2.1,0.5,0.0,0.7,1.4,6.7,2006
8221,223,Dwayne Jones,PF,22,BOS,14,0,6.2,0.3,0.7,.400,0.0,0.0,,0.3,0.7,.400,.400,0.4,0.9,.462,0.7,1.5,2.2,0.1,0.1,0.2,0.2,1.0,1.0,2006
8222,224,Eddie Jones,SG,34,MEM,75,75,32.5,3.9,9.6,.404,1.8,5.0,.356,2.1,4.6,.457,.497,2.2,2.9,.781,0.5,3.3,3.7,2.4,1.7,0.4,1.2,2.7,11.8,2006
8223,225,Fred Jones,SG,26,IND,68,2,27.0,3.4,8.2,.417,0.9,2.8,.337,2.5,5.5,.457,.473,1.8,2.4,.763,0.3,2.2,2.5,2.3,0.8,0.3,1.6,2.1,9.6,2006
8224,226,James Jones,SF,25,PHO,75,24,23.6,3.2,7.7,.418,1.5,3.8,.386,1.8,3.9,.449,.513,1.4,1.6,.851,0.6,2.8,3.4,0.8,0.5,0.7,0.5,1.9,9.3,2006
8225,227,Jumaine Jones,PF,26,CHA,76,42,27.5,3.9,9.7,.405,1.5,4.4,.343,2.4,5.3,.456,.483,1.2,1.6,.727,1.4,3.6,4.9,0.8,0.9,0.3,1.0,2.6,10.5,2006
8226,228,Chris Kaman,C,23,LAC,78,78,32.8,4.7,9.1,.523,0.0,0.0,.000,4.7,9.0,.524,.523,2.5,3.2,.770,2.4,7.2,9.6,1.0,0.6,1.4,2.3,3.4,11.9,2006
8227,229,Jason Kapono,SF,24,MIA,51,2,13.0,1.5,3.5,.446,0.4,1.0,.396,1.1,2.4,.468,.506,0.5,0.6,.848,0.2,1.2,1.4,0.7,0.1,0.1,0.4,1.7,4.1,2006
8228,230,Mario Kasun,C,25,ORL,28,0,7.6,1.1,2.5,.449,0.0,0.0,,1.1,2.5,.449,.449,0.6,0.8,.783,0.9,1.3,2.1,0.1,0.1,0.1,0.5,2.5,2.9,2006
8229,231,Viktor Khryapa,SF,23,POR,69,53,21.6,2.3,5.0,.462,0.1,0.4,.333,2.1,4.5,.474,.477,1.1,1.6,.694,1.7,2.8,4.4,1.3,0.7,0.4,1.2,3.0,5.8,2006
8230,232,Jason Kidd*,PG,32,NJN,80,80,37.2,4.6,11.3,.404,1.7,4.9,.352,2.8,6.4,.445,.481,2.4,3.1,.795,1.1,6.2,7.3,8.4,1.9,0.4,2.4,2.0,13.3,2006
8231,233,Andrei Kirilenko,SF,24,UTA,69,63,37.7,4.9,10.6,.460,0.5,1.7,.308,4.3,8.9,.489,.485,5.0,7.2,.699,2.3,5.7,8.0,4.3,1.5,3.2,2.9,2.3,15.3,2006
8232,234,Linas Kleiza,PF,21,DEN,61,2,8.5,1.3,2.8,.445,0.0,0.2,.154,1.2,2.6,.469,.451,0.9,1.3,.704,0.6,1.3,1.9,0.2,0.2,0.2,0.3,1.4,3.5,2006
8233,235,Brevin Knight,PG,30,CHA,69,67,34.1,4.5,11.2,.399,0.0,0.2,.231,4.4,11.0,.402,.401,3.7,4.6,.803,0.5,2.7,3.2,8.8,2.3,0.1,2.4,2.9,12.6,2006
8234,236,Yaroslav Korolev,SF,18,LAC,24,0,5.3,0.4,1.3,.300,0.1,0.3,.286,0.3,1.0,.304,.333,0.3,0.4,.700,0.2,0.3,0.5,0.4,0.1,0.0,0.3,0.5,1.1,2006
8235,237,Kyle Korver,SF,24,PHI,82,43,31.3,4.0,9.3,.430,2.2,5.3,.420,1.7,3.9,.443,.551,1.2,1.5,.849,0.3,3.0,3.3,2.0,0.8,0.3,1.2,2.7,11.5,2006
8236,238,Nenad Krstić,PF,22,NJN,80,80,30.9,5.6,11.0,.507,0.0,0.1,.250,5.6,11.0,.509,.508,2.3,3.3,.698,2.3,4.1,6.4,1.1,0.4,0.8,1.7,3.7,13.5,2006
8237,239,Toni Kukoč*,PF,37,MIL,65,0,15.7,1.8,4.6,.389,0.7,2.3,.306,1.1,2.3,.470,.465,0.6,0.9,.714,0.4,1.9,2.3,2.1,0.5,0.3,1.0,1.3,4.9,2006
8238,240,Raef LaFrentz,PF,29,BOS,82,63,24.8,2.9,6.7,.431,1.4,3.5,.392,1.5,3.2,.474,.533,0.6,0.9,.680,1.0,4.0,5.0,1.4,0.4,0.9,0.8,3.3,7.8,2006
8239,Rk,Player,Pos,Age,Tm,G,GS,MP,FG,FGA,FG%,3P,3PA,3P%,2P,2PA,2P%,eFG%,FT,FTA,FT%,ORB,DRB,TRB,AST,STL,BLK,TOV,PF,PTS,2006
8240,241,Maciej Lampe,C,20,TOT,6,0,4.7,0.3,1.8,.182,0.0,0.0,,0.3,1.8,.182,.182,0.0,0.3,.000,0.7,0.8,1.5,0.3,0.0,0.0,0.5,0.3,0.7,2006
8241,241,Maciej Lampe,C,20,NOK,2,0,8.0,0.0,2.0,.000,0.0,0.0,,0.0,2.0,.000,.000,0.0,0.0,,0.5,1.5,2.0,1.0,0.0,0.0,0.5,1.0,0.0,2006
8242,241,Maciej Lampe,C,20,HOU,4,0,3.0,0.5,1.8,.286,0.0,0.0,,0.5,1.8,.286,.286,0.0,0.5,.000,0.8,0.5,1.3,0.0,0.0,0.0,0.5,0.0,1.0,2006
8243,242,David Lee,SF,22,NYK,67,14,16.9,2.0,3.4,.596,0.0,0.0,,2.0,3.4,.596,.596,1.1,1.8,.577,1.6,2.9,4.5,0.6,0.4,0.3,0.8,1.9,5.1,2006
8244,243,Voshon Lenard,SG,32,TOT,26,6,17.6,2.9,7.3,.393,1.0,3.0,.321,1.9,4.3,.442,.458,0.6,1.2,.516,0.2,1.6,1.8,1.6,0.8,0.2,1.2,1.5,7.3,2006
8245,243,Voshon Lenard,SG,32,DEN,12,6,19.8,3.5,8.6,.408,0.8,2.9,.286,2.7,5.7,.471,.456,0.4,1.1,.385,0.2,2.2,2.3,1.5,0.7,0.2,0.9,1.8,8.3,2006
8246,243,Voshon Lenard,SG,32,POR,14,0,15.7,2.4,6.3,.375,1.1,3.1,.349,1.3,3.2,.400,.460,0.8,1.3,.611,0.2,1.1,1.4,1.6,0.9,0.1,1.4,1.3,6.6,2006
8247,244,Rashard Lewis,SF,26,SEA,78,77,36.9,6.9,14.8,.467,1.8,4.7,.384,5.1,10.0,.507,.529,4.5,5.5,.818,1.4,3.6,5.0,2.3,1.3,0.6,1.8,2.4,20.1,2006
8248,245,Randy Livingston,PG,30,CHI,5,0,4.4,0.0,0.4,.000,0.0,0.0,,0.0,0.4,.000,.000,0.0,0.0,,0.2,0.6,0.8,0.2,0.2,0.0,0.2,1.2,0.0,2006
8249,246,Shaun Livingston,PG,20,LAC,61,14,25.0,2.4,5.7,.427,0.0,0.1,.125,2.4,5.6,.434,.428,0.9,1.3,.688,0.7,2.3,3.0,4.5,0.8,0.5,1.8,2.6,5.8,2006
8250,247,John Lucas III,PG,23,HOU,13,0,8.2,1.1,2.8,.389,0.2,0.7,.222,0.9,2.1,.444,.417,0.0,0.0,,0.2,0.2,0.4,0.9,0.4,0.0,0.5,0.5,2.3,2006
8251,248,Tyronn Lue,PG,28,ATL,51,10,24.2,3.8,8.2,.459,1.1,2.5,.457,2.6,5.7,.460,.529,2.3,2.7,.855,0.3,1.4,1.6,3.1,0.5,0.1,1.5,2.2,11.0,2006
8252,249,Arvydas Macijauskas,SG,26,NOK,19,0,7.1,0.7,2.2,.341,0.2,0.6,.250,0.6,1.5,.379,.378,0.7,0.8,.867,0.2,0.4,0.5,0.3,0.4,0.0,0.4,0.5,2.3,2006
8253,250,Mark Madsen,C,30,MIN,62,7,10.9,0.4,1.1,.409,0.0,0.1,.000,0.4,1.0,.458,.409,0.3,0.8,.426,0.8,1.5,2.3,0.2,0.4,0.3,0.4,1.8,1.2,2006
8254,251,Corey Maggette,SF,26,LAC,32,13,29.5,5.2,11.7,.445,0.8,2.2,.338,4.5,9.5,.470,.477,6.6,8.0,.828,0.9,4.4,5.3,2.1,0.6,0.1,2.4,3.0,17.8,2006
8255,252,Jamaal Magloire,C,27,MIL,82,82,30.1,3.5,7.5,.467,0.0,0.0,,3.5,7.5,.467,.467,2.2,4.1,.535,2.7,6.8,9.5,0.7,0.4,1.0,2.0,3.4,9.2,2006
8256,253,Stephon Marbury,PG,28,NYK,60,60,36.6,5.8,12.9,.451,0.6,1.7,.317,5.3,11.2,.472,.472,4.1,5.4,.755,0.4,2.5,2.9,6.4,1.1,0.1,2.6,2.4,16.3,2006
8257,254,Shawn Marion,PF,27,PHO,81,81,40.3,8.8,16.9,.525,1.2,3.6,.331,7.7,13.3,.577,.560,3.0,3.7,.809,3.1,8.8,11.8,1.8,2.0,1.7,1.5,2.8,21.8,2006
8258,255,Sean Marks,PF,30,SAS,25,0,7.2,1.5,2.8,.521,0.0,0.1,.000,1.5,2.7,.544,.521,0.3,0.5,.583,0.5,1.2,1.7,0.3,0.2,0.3,0.3,0.8,3.2,2006
8259,256,Donyell Marshall,PF,32,CLE,81,0,25.6,3.3,8.3,.395,1.6,4.9,.324,1.7,3.4,.496,.490,1.1,1.5,.748,1.3,4.8,6.1,0.7,0.7,0.5,1.1,2.0,9.3,2006
8260,257,Rawle Marshall,SF,23,DAL,23,9,10.5,1.0,2.6,.400,0.0,0.1,.333,1.0,2.5,.404,.408,1.0,1.3,.759,0.3,1.0,1.3,0.4,0.3,0.3,0.7,0.7,3.1,2006
8261,258,Darrick Martin,PG,34,TOR,40,0,8.5,0.9,2.4,.351,0.4,1.0,.400,0.5,1.4,.316,.433,0.5,0.6,.750,0.1,0.5,0.5,1.4,0.4,0.0,0.4,1.1,2.6,2006
8262,259,Kenyon Martin,PF,28,DEN,56,49,27.6,5.3,10.7,.495,0.1,0.4,.227,5.2,10.3,.505,.499,2.2,3.0,.712,1.7,4.6,6.3,1.4,0.8,0.9,1.3,3.1,12.9,2006
8263,260,Kevin Martin,SG,22,SAC,72,41,26.6,3.6,7.6,.480,0.9,2.5,.369,2.7,5.1,.534,.540,2.6,3.1,.847,0.8,2.8,3.6,1.3,0.8,0.1,1.1,1.9,10.8,2006
8264,Rk,Player,Pos,Age,Tm,G,GS,MP,FG,FGA,FG%,3P,3PA,3P%,2P,2PA,2P%,eFG%,FT,FTA,FT%,ORB,DRB,TRB,AST,STL,BLK,TOV,PF,PTS,2006
8265,261,Desmond Mason,SF,28,NOK,70,55,30.0,3.9,9.9,.399,0.0,0.1,.167,3.9,9.8,.401,.399,2.9,4.3,.682,0.9,3.3,4.3,0.9,0.6,0.2,1.6,1.9,10.8,2006
8266,262,Jason Maxiell,PF,22,DET,26,0,6.1,0.9,2.1,.426,0.0,0.0,,0.9,2.1,.426,.426,0.5,1.6,.333,0.5,0.6,1.1,0.1,0.2,0.2,0.4,0.5,2.3,2006
8267,263,Sean May,PF,21,CHA,23,1,17.3,3.0,7.4,.409,0.0,0.2,.000,3.0,7.2,.422,.409,2.1,2.8,.766,1.8,2.9,4.7,1.0,0.7,0.5,1.4,2.5,8.2,2006
8268,264,Rashad McCants,SG,21,MIN,79,12,17.2,3.1,6.8,.450,0.8,2.3,.372,2.2,4.5,.490,.513,1.0,1.3,.736,0.4,1.4,1.8,0.8,0.6,0.3,1.1,2.2,7.9,2006
8269,265,Walter McCarty,SF,31,LAC,36,1,9.8,0.9,2.8,.333,0.3,1.3,.222,0.6,1.5,.426,.384,0.3,0.6,.571,0.4,1.5,1.9,0.6,0.2,0.1,0.5,1.4,2.4,2006
8270,266,Antonio McDyess,PF,31,DET,82,0,21.1,3.5,6.8,.509,0.0,0.0,.000,3.5,6.8,.511,.509,0.8,1.5,.557,1.9,3.4,5.3,1.1,0.6,0.6,0.9,2.7,7.8,2006
8271,267,Tracy McGrady*,SF,26,HOU,47,47,37.1,8.7,21.5,.406,1.6,5.0,.312,7.2,16.5,.434,.442,5.4,7.2,.747,1.0,5.6,6.5,4.8,1.3,0.9,2.6,1.9,24.4,2006
8272,268,Jeff McInnis,SG,31,NJN,28,1,17.4,2.3,5.1,.441,0.1,0.6,.188,2.1,4.5,.472,.451,0.7,1.0,.690,0.4,1.4,1.8,1.9,0.4,0.1,1.0,1.3,5.3,2006
8273,269,Aaron McKie,PG,33,LAL,14,0,8.6,0.2,0.9,.250,0.0,0.1,.000,0.2,0.7,.300,.250,0.1,0.1,.500,0.2,1.2,1.4,0.8,0.4,0.0,0.1,0.5,0.5,2006
8274,270,Keith McLeod,PG,26,UTA,66,32,18.7,1.8,5.2,.353,0.4,1.2,.293,1.5,3.9,.372,.388,1.6,2.0,.797,0.2,1.0,1.2,2.3,0.6,0.1,1.2,2.0,5.6,2006
8275,271,Stanislav Medvedenko,PF,26,LAL,2,0,3.0,0.5,1.0,.500,0.0,0.0,,0.5,1.0,.500,.500,0.0,0.0,,0.0,0.0,0.0,0.5,0.0,0.0,0.0,0.5,1.0,2006
8276,272,Chris Mihm,C,26,LAL,59,56,26.1,3.9,7.8,.501,0.0,0.0,,3.9,7.8,.501,.501,2.4,3.4,.716,2.3,4.0,6.3,1.0,0.3,1.2,1.4,3.6,10.2,2006
8277,273,Aaron Miles,PG,22,GSW,19,0,6.2,0.3,0.9,.333,0.0,0.0,,0.3,0.9,.333,.333,0.2,0.2,1.000,0.0,0.7,0.7,1.3,0.2,0.1,0.6,0.7,0.8,2006
8278,274,C.J. Miles,PG,18,UTA,23,0,8.8,1.2,3.3,.368,0.2,0.9,.250,1.0,2.4,.411,.401,0.8,1.0,.750,0.8,0.9,1.7,0.7,0.3,0.1,0.4,0.9,3.4,2006
8279,275,Darius Miles,SF,24,POR,40,23,32.2,5.9,12.8,.461,0.1,0.3,.200,5.8,12.5,.466,.463,2.2,4.1,.534,0.6,4.0,4.6,1.8,1.1,1.0,2.5,2.5,14.0,2006
8280,276,Darko Miličić,C,20,TOT,55,1,13.9,2.2,4.3,.509,0.0,0.0,.000,2.2,4.2,.513,.509,0.5,0.9,.560,0.8,1.9,2.7,0.7,0.3,1.4,0.9,1.7,4.8,2006
8281,276,Darko Miličić,C,20,DET,25,0,5.6,0.7,1.3,.515,0.0,0.1,.000,0.7,1.2,.548,.515,0.1,0.3,.375,0.4,0.7,1.1,0.4,0.1,0.6,0.6,1.0,1.5,2006
8282,276,Darko Miličić,C,20,ORL,30,1,20.9,3.4,6.7,.507,0.0,0.0,,3.4,6.7,.507,.507,0.8,1.4,.595,1.1,3.0,4.1,1.1,0.4,2.1,1.2,2.2,7.6,2006
8283,277,Andre Miller,PG,29,DEN,82,82,35.8,4.9,10.6,.463,0.1,0.3,.185,4.9,10.3,.472,.466,3.8,5.2,.738,1.1,3.2,4.3,8.2,1.3,0.2,3.1,2.6,13.7,2006
8284,278,Brad Miller,C,29,SAC,79,79,37.0,5.5,11.1,.495,0.4,1.1,.386,5.1,10.0,.507,.514,3.5,4.3,.828,1.5,6.2,7.8,4.7,0.8,0.8,2.3,3.0,15.0,2006
8285,279,Mike Miller,SG,25,MEM,74,9,30.6,4.8,10.3,.466,1.9,4.6,.407,2.9,5.7,.513,.557,2.3,2.8,.800,0.6,4.8,5.4,2.7,0.7,0.4,1.9,2.3,13.7,2006
8286,280,Yao Ming*,C,25,HOU,57,57,34.2,8.2,15.8,.519,0.0,0.0,.000,8.2,15.8,.519,.519,5.9,6.9,.853,2.6,7.6,10.2,1.5,0.5,1.6,2.6,3.4,22.3,2006
8287,Rk,Player,Pos,Age,Tm,G,GS,MP,FG,FGA,FG%,3P,3PA,3P%,2P,2PA,2P%,eFG%,FT,FTA,FT%,ORB,DRB,TRB,AST,STL,BLK,TOV,PF,PTS,2006
8288,281,Cuttino Mobley,SG,30,LAC,79,74,37.7,5.4,12.8,.426,1.1,3.1,.339,4.4,9.7,.453,.467,2.9,3.5,.839,0.6,3.7,4.3,3.0,1.2,0.5,1.8,2.6,14.8,2006
8289,282,Nazr Mohammed,C,28,SAS,80,30,17.4,2.4,4.7,.504,0.0,0.0,,2.4,4.7,.504,.504,1.4,1.8,.785,2.0,3.2,5.2,0.5,0.3,0.6,1.1,2.8,6.2,2006
8290,283,Sergei Monia,SF,22,TOT,26,15,13.2,1.1,3.3,.333,0.3,1.3,.265,0.8,2.0,.377,.385,0.4,0.5,.714,0.4,1.6,2.0,0.7,0.3,0.2,0.5,1.6,3.0,2006
8291,283,Sergei Monia,SF,22,POR,23,15,14.6,1.3,3.7,.341,0.4,1.4,.273,0.9,2.3,.385,.394,0.3,0.5,.667,0.5,1.7,2.2,0.8,0.3,0.2,0.5,1.8,3.3,2006
8292,283,Sergei Monia,SF,22,SAC,3,0,2.3,0.0,0.7,.000,0.0,0.3,.000,0.0,0.3,.000,.000,0.7,0.7,1.000,0.0,0.3,0.3,0.0,0.3,0.0,0.0,0.0,0.7,2006
8293,284,Mikki Moore,C,30,SEA,47,1,12.4,1.1,2.6,.435,0.0,0.0,.000,1.1,2.6,.443,.435,1.0,1.3,.742,0.9,1.8,2.8,0.6,0.1,0.3,0.9,2.0,3.3,2006
8294,285,Terence Morris,SF,27,ORL,22,0,8.7,0.7,2.2,.327,0.0,0.1,.000,0.7,2.1,.340,.327,0.1,0.1,1.000,0.3,1.5,1.7,0.2,0.3,0.2,0.3,0.9,1.6,2006
8295,286,Alonzo Mourning*,C,35,MIA,65,20,20.0,2.9,4.8,.597,0.0,0.0,.000,2.9,4.8,.599,.597,2.0,3.4,.594,1.9,3.6,5.5,0.2,0.2,2.7,1.2,2.7,7.8,2006
8296,287,Troy Murphy,PF,25,GSW,74,74,34.0,4.9,11.3,.433,0.8,2.4,.320,4.1,8.9,.464,.468,3.4,4.3,.787,2.6,7.4,10.0,1.4,0.6,0.4,1.5,2.6,14.0,2006
8297,288,Lamond Murray,SF,32,NJN,57,1,10.1,1.3,3.2,.398,0.5,1.4,.346,0.8,1.8,.437,.472,0.4,0.7,.625,0.5,1.8,2.3,0.2,0.3,0.1,0.4,1.2,3.4,2006
8298,289,Ronald Murray,SG,26,TOT,76,27,27.8,4.2,10.1,.418,0.5,1.9,.262,3.7,8.3,.453,.442,2.3,3.2,.711,0.4,1.6,2.0,2.6,0.9,0.1,1.8,1.8,11.2,2006
8299,289,Ronald Murray,SG,26,SEA,48,2,22.6,3.7,9.4,.397,0.4,1.6,.224,3.4,7.8,.432,.416,2.1,2.9,.717,0.4,1.4,1.8,2.5,0.6,0.1,1.6,1.4,9.9,2006
8300,289,Ronald Murray,SG,26,CLE,28,25,36.7,5.1,11.3,.448,0.7,2.3,.308,4.4,9.0,.484,.479,2.6,3.7,.702,0.5,1.9,2.4,2.8,1.4,0.3,2.0,2.3,13.5,2006
8301,290,Dikembe Mutombo*,C,39,HOU,64,23,14.9,0.8,1.5,.526,0.0,0.0,,0.8,1.5,.526,.526,1.1,1.4,.758,1.6,3.2,4.8,0.1,0.3,0.9,0.5,2.0,2.6,2006
8302,291,Boniface N'Dong,C,28,LAC,23,1,6.6,1.0,2.3,.415,0.0,0.0,.000,1.0,2.3,.423,.415,0.3,0.4,.667,0.7,1.0,1.6,0.3,0.1,0.2,0.3,1.0,2.2,2006
8303,292,Boštjan Nachbar,PF-SF,25,TOT,36,13,13.9,1.5,4.3,.346,0.5,2.0,.268,1.0,2.4,.412,.407,0.8,1.2,.682,0.2,1.4,1.7,0.8,0.4,0.1,0.7,1.8,4.4,2006
8304,292,Boštjan Nachbar,PF,25,NOK,25,13,16.2,1.7,5.0,.339,0.7,2.3,.298,1.0,2.7,.373,.407,1.0,1.4,.694,0.2,1.8,2.0,0.9,0.5,0.2,0.8,2.1,5.0,2006
8305,292,Boštjan Nachbar,SF,25,NJN,11,0,8.8,1.1,2.9,.375,0.2,1.3,.143,0.9,1.6,.556,.406,0.5,0.7,.625,0.4,0.6,1.0,0.5,0.3,0.0,0.4,1.2,2.8,2006
8306,293,Lee Nailon,PF,30,PHI,22,0,10.8,1.8,3.6,.500,0.0,0.0,,1.8,3.6,.500,.500,0.6,0.7,.867,1.0,0.9,1.9,0.3,0.4,0.2,0.5,1.5,4.2,2006
8307,294,Eduardo Nájera,PF,29,DEN,64,3,22.6,2.0,4.7,.422,0.1,0.2,.333,1.9,4.5,.426,.429,1.4,1.8,.781,2.0,3.1,5.1,0.8,0.8,0.5,0.8,2.6,5.4,2006
8308,295,Steve Nash*,PG,31,PHO,79,79,35.4,6.8,13.4,.512,1.9,4.3,.439,4.9,9.0,.548,.583,3.3,3.5,.921,0.6,3.6,4.2,10.5,0.8,0.2,3.5,1.5,18.8,2006
8309,296,Jameer Nelson,PG,23,ORL,62,33,28.8,5.6,11.6,.483,1.1,2.7,.424,4.5,8.9,.500,.531,2.3,2.9,.779,0.6,2.3,2.9,4.9,1.1,0.1,2.4,2.8,14.6,2006
8310,297,Rasho Nesterović,C,29,SAS,80,51,18.9,2.2,4.2,.515,0.0,0.0,.000,2.2,4.2,.518,.515,0.2,0.4,.600,1.4,2.4,3.9,0.4,0.3,1.1,0.7,2.6,4.5,2006
8311,298,Ira Newble,SG,31,CLE,36,3,9.8,0.5,1.6,.298,0.1,0.4,.231,0.4,1.2,.318,.325,0.3,0.4,.688,0.6,1.0,1.6,0.3,0.1,0.3,0.3,1.3,1.3,2006
8312,299,Andrés Nocioni,PF,26,CHI,82,43,27.3,4.7,10.1,.461,1.1,2.9,.391,3.5,7.2,.489,.517,2.5,3.0,.843,1.1,5.0,6.1,1.4,0.5,0.6,1.5,3.1,13.0,2006
8313,300,Moochie Norris,PG,32,TOT,45,0,9.4,1.0,2.5,.411,0.1,0.3,.286,0.9,2.2,.429,.429,0.6,0.9,.690,0.3,0.9,1.2,1.1,0.4,0.0,0.7,1.1,2.8,2006
8314,300,Moochie Norris,PG,32,HOU,29,0,8.3,0.9,2.2,.400,0.0,0.2,.000,0.9,2.1,.433,.400,0.4,0.6,.765,0.3,0.9,1.2,1.0,0.5,0.0,0.6,1.1,2.2,2006
8315,300,Moochie Norris,PG,32,NOK,16,0,11.4,1.3,2.9,.426,0.3,0.6,.444,1.0,2.4,.421,.468,1.0,1.6,.640,0.2,1.1,1.3,1.3,0.4,0.0,1.1,1.1,3.8,2006
8316,Rk,Player,Pos,Age,Tm,G,GS,MP,FG,FGA,FG%,3P,3PA,3P%,2P,2PA,2P%,eFG%,FT,FTA,FT%,ORB,DRB,TRB,AST,STL,BLK,TOV,PF,PTS,2006
8317,301,Dirk Nowitzki,PF,27,DAL,81,81,38.1,9.3,19.3,.480,1.4,3.3,.406,7.9,16.0,.496,.515,6.7,7.4,.901,1.4,7.6,9.0,2.8,0.7,1.0,1.9,2.0,26.6,2006
8318,302,Jermaine O'Neal,PF,27,IND,51,47,35.3,7.5,15.8,.472,0.1,0.2,.300,7.4,15.6,.474,.474,5.1,7.2,.709,2.0,7.3,9.3,2.6,0.5,2.3,3.0,3.5,20.1,2006
8319,303,Shaquille O'Neal*,C,33,MIA,59,58,30.6,8.1,13.6,.600,0.0,0.0,,8.1,13.6,.600,.600,3.7,8.0,.469,2.9,6.3,9.2,1.9,0.4,1.8,2.8,3.9,20.0,2006
8320,304,Fabricio Oberto,C,30,SAS,59,0,8.3,0.7,1.6,.473,0.0,0.0,.000,0.7,1.5,.484,.473,0.3,0.5,.556,1.0,1.1,2.1,0.5,0.2,0.2,0.5,1.5,1.7,2006
8321,305,Lamar Odom,PF,26,LAL,80,80,40.3,5.6,11.6,.481,1.0,2.7,.372,4.6,8.9,.514,.524,2.7,3.9,.690,2.3,7.0,9.2,5.5,0.9,0.8,2.7,3.2,14.8,2006
8322,306,Emeka Okafor,PF,23,CHA,26,25,33.6,5.0,12.2,.415,0.0,0.0,,5.0,12.2,.415,.415,3.2,4.8,.656,3.6,6.4,10.0,1.2,0.8,1.9,2.0,3.4,13.2,2006
8323,307,Mehmet Okur,PF,26,UTA,82,82,35.9,6.3,13.8,.460,1.0,2.9,.342,5.4,10.9,.491,.496,4.3,5.5,.780,2.6,6.5,9.1,2.4,0.5,0.9,2.0,3.5,18.0,2006
8324,308,Kevin Ollie,SG,33,PHI,70,23,15.3,1.1,2.5,.431,0.0,0.0,.333,1.1,2.4,.433,.434,0.6,0.7,.837,0.2,1.2,1.4,1.4,0.5,0.0,0.4,1.5,2.7,2006
8325,309,Michael Olowokandi,C,30,TOT,48,24,19.1,2.2,5.0,.446,0.0,0.0,,2.2,5.0,.446,.446,0.5,1.0,.511,1.0,3.5,4.6,0.5,0.5,0.7,1.1,2.5,5.0,2006
8326,309,Michael Olowokandi,C,30,MIN,32,24,23.5,2.7,6.1,.446,0.0,0.0,,2.7,6.1,.446,.446,0.6,1.2,.487,1.4,4.2,5.6,0.5,0.6,0.8,1.3,3.1,6.0,2006
8327,309,Michael Olowokandi,C,30,BOS,16,0,10.4,1.3,2.8,.444,0.0,0.0,,1.3,2.8,.444,.444,0.3,0.5,.625,0.3,2.3,2.6,0.4,0.2,0.4,0.9,1.4,2.8,2006
8328,310,Greg Ostertag,C,32,UTA,60,22,13.5,1.0,2.1,.492,0.0,0.0,,1.0,2.1,.492,.492,0.4,0.8,.500,1.4,2.4,3.8,1.0,0.1,1.1,0.8,2.2,2.4,2006
8329,311,Bo Outlaw,PF,34,ORL,32,0,11.1,1.1,1.8,.603,0.0,0.0,,1.1,1.8,.603,.603,0.2,0.3,.625,1.0,1.4,2.4,0.4,0.3,0.4,0.5,1.6,2.3,2006
8330,312,Travis Outlaw,PF,21,POR,69,11,16.7,2.3,5.3,.440,0.2,0.8,.264,2.1,4.6,.470,.459,0.9,1.3,.697,0.7,2.0,2.7,0.5,0.4,0.7,0.5,1.6,5.8,2006
8331,313,Andre Owens,PG,25,UTA,23,2,9.1,1.2,3.2,.365,0.1,0.7,.188,1.0,2.5,.414,.385,0.5,0.8,.667,0.5,0.4,0.9,0.3,0.2,0.0,0.6,1.1,3.0,2006
8332,314,Zaza Pachulia,C,21,ATL,78,78,31.4,3.9,8.7,.451,0.0,0.0,.000,3.9,8.7,.452,.451,3.8,5.2,.735,3.4,4.5,7.9,1.7,1.1,0.5,2.3,3.7,11.7,2006
8333,315,Scott Padgett,PF,29,NJN,62,1,11.6,1.1,3.2,.353,0.7,2.0,.347,0.5,1.3,.363,.458,0.4,0.5,.794,0.9,1.8,2.7,0.7,0.5,0.2,0.3,1.5,3.4,2006
8334,316,Milt Palacio,PG,27,UTA,71,18,19.4,2.4,5.7,.424,0.0,0.2,.063,2.4,5.5,.439,.426,1.4,2.1,.653,0.2,1.6,1.9,2.7,0.7,0.2,1.5,1.8,6.2,2006
8335,317,Jannero Pargo,PG,26,CHI,57,0,11.3,1.9,5.1,.373,0.7,1.8,.379,1.2,3.3,.370,.440,0.3,0.4,.810,0.1,0.9,1.1,1.6,0.4,0.0,1.1,1.0,4.8,2006
8336,318,Smush Parker,PG,24,LAL,82,82,33.8,4.2,9.5,.447,1.5,4.0,.366,2.8,5.5,.506,.524,1.5,2.2,.694,0.5,2.9,3.3,3.7,1.7,0.2,1.8,2.6,11.5,2006
8337,319,Tony Parker,PG,23,SAS,80,80,33.9,7.8,14.2,.548,0.1,0.5,.306,7.7,13.8,.556,.553,3.2,4.5,.707,0.5,2.8,3.3,5.8,1.0,0.1,3.1,2.0,18.9,2006
8338,320,Ruben Patterson,SF-SG,30,TOT,71,22,25.2,4.6,8.9,.515,0.0,0.2,.077,4.6,8.8,.524,.516,2.9,4.8,.601,1.7,1.8,3.4,1.8,1.1,0.3,2.1,2.1,12.1,2006
8339,320,Ruben Patterson,SF,30,POR,45,2,23.5,4.2,8.4,.496,0.0,0.2,.000,4.2,8.3,.505,.496,3.1,5.0,.611,1.6,1.8,3.4,1.3,0.9,0.3,1.8,1.8,11.4,2006
8340,320,Ruben Patterson,SG,30,DEN,26,20,28.3,5.3,9.8,.543,0.0,0.2,.167,5.3,9.6,.552,.545,2.5,4.3,.580,1.7,1.7,3.5,2.6,1.3,0.3,2.6,2.7,13.2,2006
8341,Rk,Player,Pos,Age,Tm,G,GS,MP,FG,FGA,FG%,3P,3PA,3P%,2P,2PA,2P%,eFG%,FT,FTA,FT%,ORB,DRB,TRB,AST,STL,BLK,TOV,PF,PTS,2006
8342,321,Chris Paul,PG,20,NOK,78,78,36.0,5.2,12.1,.430,0.6,2.3,.282,4.6,9.9,.464,.456,5.1,6.0,.847,0.8,4.3,5.1,7.8,2.2,0.1,2.3,2.8,16.1,2006
8343,322,Sasha Pavlović,SG,22,CLE,53,19,15.3,1.6,4.0,.410,0.7,1.8,.365,1.0,2.2,.448,.493,0.6,0.9,.653,0.3,1.2,1.5,0.5,0.4,0.1,0.8,1.9,4.5,2006
8344,323,Gary Payton*,PG,37,MIA,81,25,28.5,2.8,6.8,.420,0.8,2.8,.287,2.0,3.9,.517,.481,1.2,1.6,.794,0.4,2.5,2.9,3.2,0.9,0.1,1.3,2.1,7.7,2006
8345,324,Kendrick Perkins,C,21,BOS,68,40,19.6,2.0,3.9,.515,0.0,0.0,.000,2.0,3.9,.519,.515,1.2,1.9,.615,2.1,3.9,5.9,1.0,0.3,1.5,1.6,2.9,5.2,2006
8346,325,Morris Peterson,SG,28,TOR,82,77,38.3,5.8,13.4,.436,2.2,5.5,.395,3.7,7.9,.465,.517,2.9,3.6,.820,0.8,3.9,4.6,2.3,1.3,0.2,1.5,2.7,16.8,2006
8347,326,Johan Petro,C,20,SEA,68,41,18.9,2.3,4.4,.510,0.0,0.0,,2.3,4.4,.510,.510,0.7,1.1,.627,1.6,2.8,4.4,0.2,0.4,0.8,0.9,3.1,5.2,2006
8348,327,Eric Piatkowski,SG,35,CHI,29,1,7.9,0.8,2.1,.393,0.3,1.1,.273,0.5,1.0,.536,.467,0.1,0.2,.400,0.1,0.7,0.8,0.4,0.2,0.0,0.4,0.7,2.0,2006
8349,328,Paul Pierce*,SF,28,BOS,79,79,39.0,8.7,18.5,.471,1.4,4.0,.354,7.3,14.5,.503,.509,7.9,10.3,.772,1.0,5.7,6.7,4.7,1.4,0.4,3.5,2.8,26.8,2006
8350,329,Mickaël Piétrus,SF,23,GSW,52,18,22.7,3.3,8.0,.404,1.1,3.4,.318,2.2,4.7,.467,.471,1.7,2.8,.608,1.1,2.0,3.1,0.8,0.6,0.2,1.5,2.5,9.3,2006
8351,330,Zoran Planinić,PG,23,NJN,56,1,10.6,1.2,3.3,.361,0.2,1.0,.232,0.9,2.3,.417,.396,0.8,1.2,.697,0.3,1.1,1.3,0.9,0.4,0.1,0.8,1.6,3.4,2006
8352,331,Pavel Podkolzin,C,21,DAL,1,0,18.0,0.0,2.0,.000,0.0,0.0,,0.0,2.0,.000,.000,3.0,6.0,.500,0.0,7.0,7.0,0.0,0.0,1.0,2.0,0.0,3.0,2006
8353,332,Scot Pollard,C,30,IND,45,32,17.1,1.6,3.4,.455,0.0,0.0,,1.6,3.4,.455,.455,0.6,0.8,.763,1.6,3.2,4.8,0.5,0.8,0.4,0.6,2.6,3.8,2006
8354,333,James Posey,SF,29,MIA,67,63,28.6,2.4,5.9,.403,1.7,4.3,.403,0.6,1.6,.400,.551,0.7,0.9,.787,0.5,4.3,4.8,1.3,0.8,0.3,0.9,2.9,7.2,2006
8355,334,Vitaly Potapenko,C,30,TOT,33,12,10.7,1.1,2.2,.521,0.0,0.0,,1.1,2.2,.521,.521,0.3,0.5,.588,0.8,1.1,1.9,0.3,0.1,0.1,0.5,1.5,2.5,2006
8356,334,Vitaly Potapenko,C,30,SEA,24,12,13.4,1.3,2.7,.500,0.0,0.0,,1.3,2.7,.500,.500,0.4,0.7,.588,1.1,1.5,2.6,0.3,0.1,0.1,0.6,1.8,3.1,2006
8357,334,Vitaly Potapenko,C,30,SAC,9,0,3.6,0.6,0.8,.714,0.0,0.0,,0.6,0.8,.714,.714,0.0,0.0,,0.1,0.1,0.2,0.2,0.0,0.0,0.2,0.7,1.1,2006
8358,335,Josh Powell,PF,23,DAL,37,2,11.6,1.0,2.2,.457,0.0,0.0,,1.0,2.2,.457,.457,1.0,1.2,.800,0.8,1.4,2.2,0.2,0.2,0.1,0.6,1.4,3.0,2006
8359,336,Ronnie Price,PG,22,SAC,29,0,5.2,0.7,2.0,.362,0.2,0.9,.222,0.5,1.1,.484,.414,0.4,0.4,1.000,0.2,0.3,0.5,0.4,0.2,0.0,0.3,0.3,2.1,2006
8360,337,Tayshaun Prince,SF,25,DET,82,82,35.3,5.5,12.2,.455,0.8,2.2,.350,4.8,10.0,.479,.487,2.2,2.9,.765,1.3,3.0,4.2,2.3,0.8,0.5,1.1,1.2,14.1,2006
8361,338,Laron Profit,SG,28,LAL,25,1,11.2,1.6,3.4,.476,0.1,0.7,.167,1.5,2.6,.561,.494,0.8,1.0,.875,0.3,1.4,1.7,0.6,0.4,0.2,1.0,1.0,4.2,2006
8362,339,Joel Przybilla,C,26,POR,56,52,24.9,2.3,4.3,.548,0.0,0.0,,2.3,4.3,.548,.548,1.5,2.8,.532,2.6,4.4,7.0,0.8,0.4,2.3,1.4,2.7,6.1,2006
8363,340,Vladimir Radmanović,PF,25,TOT,77,27,25.6,3.4,8.4,.407,1.8,4.6,.390,1.6,3.8,.429,.515,1.2,1.5,.816,0.8,3.8,4.6,1.8,0.8,0.4,1.2,2.7,9.8,2006
8364,340,Vladimir Radmanović,PF,25,SEA,47,16,23.2,3.3,8.2,.401,1.5,4.2,.367,1.7,4.0,.436,.495,1.2,1.3,.887,0.8,3.1,4.0,1.5,0.7,0.3,1.1,2.8,9.3,2006
8365,340,Vladimir Radmanović,PF,25,LAC,30,11,29.5,3.6,8.6,.417,2.2,5.3,.418,1.4,3.4,.416,.544,1.3,1.7,.731,0.8,4.9,5.7,2.1,1.0,0.5,1.3,2.7,10.7,2006
8366,Rk,Player,Pos,Age,Tm,G,GS,MP,FG,FGA,FG%,3P,3PA,3P%,2P,2PA,2P%,eFG%,FT,FTA,FT%,ORB,DRB,TRB,AST,STL,BLK,TOV,PF,PTS,2006
8367,341,Shavlik Randolph,PF,22,PHI,57,1,8.5,0.8,1.7,.454,0.0,0.0,,0.8,1.7,.454,.454,0.8,1.2,.606,1.0,1.4,2.3,0.3,0.3,0.2,0.4,1.5,2.3,2006
8368,342,Zach Randolph,PF,24,POR,74,71,34.4,7.2,16.6,.436,0.2,0.7,.291,7.0,15.9,.443,.443,3.3,4.6,.714,2.6,5.4,8.0,1.9,0.8,0.2,2.2,2.5,18.0,2006
8369,343,Theo Ratliff,C,32,POR,55,19,23.7,2.0,3.4,.571,0.0,0.0,,2.0,3.4,.571,.571,1.0,1.5,.651,1.6,3.5,5.1,0.5,0.3,1.6,0.9,2.6,4.9,2006
8370,344,Željko Rebrača,C,33,LAC,29,2,14.2,1.8,3.3,.542,0.0,0.0,,1.8,3.3,.542,.542,1.1,1.4,.756,0.4,1.8,2.2,0.3,0.2,0.7,0.8,2.0,4.7,2006
8371,345,Michael Redd,SG,26,MIL,80,80,39.1,8.5,19.0,.450,2.0,5.2,.395,6.5,13.8,.471,.504,6.3,7.1,.877,1.0,3.3,4.3,2.9,1.2,0.1,2.1,2.0,25.4,2006
8372,346,Justin Reed,SF,24,TOT,72,6,13.8,1.7,4.1,.403,0.0,0.0,.000,1.7,4.1,.405,.403,1.2,1.7,.725,0.7,1.0,1.7,0.6,0.3,0.2,0.7,2.3,4.5,2006
8373,346,Justin Reed,SF,24,BOS,32,0,9.1,0.8,2.3,.338,0.0,0.0,,0.8,2.3,.338,.338,0.8,1.3,.625,0.4,0.5,0.9,0.2,0.2,0.1,0.5,1.4,2.3,2006
8374,346,Justin Reed,SF,24,MIN,40,6,17.7,2.4,5.5,.425,0.0,0.0,.000,2.4,5.5,.427,.425,1.6,2.0,.775,1.0,1.4,2.4,0.9,0.5,0.3,0.9,3.0,6.3,2006
8375,347,Jason Richardson,SG,25,GSW,75,75,38.4,8.5,19.2,.446,2.4,6.4,.384,6.1,12.8,.477,.509,3.7,5.5,.673,1.4,4.4,5.8,3.1,1.3,0.5,2.2,2.7,23.2,2006
8376,348,Quentin Richardson,SF,25,NYK,55,43,26.2,3.0,8.3,.355,1.2,3.4,.340,1.8,4.9,.365,.425,1.1,1.7,.670,1.2,3.0,4.2,1.6,0.7,0.1,1.0,2.4,8.2,2006
8377,349,Luke Ridnour,PG,24,SEA,79,77,33.2,4.2,10.1,.418,0.5,1.9,.289,3.7,8.2,.448,.445,2.5,2.9,.877,0.6,2.4,3.0,7.0,1.6,0.3,2.1,2.3,11.5,2006
8378,350,Anthony Roberson,PG,22,MEM,16,0,5.5,0.9,1.9,.452,0.3,0.6,.500,0.6,1.3,.429,.532,0.1,0.1,1.000,0.0,0.4,0.4,0.3,0.1,0.0,0.2,0.4,2.2,2006
8379,351,Lawrence Roberts,C,23,MEM,33,0,5.5,0.6,1.3,.455,0.0,0.1,.000,0.6,1.3,.476,.455,0.3,0.7,.478,0.8,0.7,1.5,0.2,0.2,0.1,0.2,0.9,1.5,2006
8380,352,Bernard Robinson,SF,25,CHA,66,18,19.7,2.4,5.5,.430,0.0,0.3,.095,2.3,5.2,.451,.433,1.6,2.0,.791,0.9,2.4,3.3,1.2,1.2,0.2,1.1,2.1,6.4,2006
8381,353,Clifford Robinson,PF,39,NJN,80,13,23.3,2.7,6.4,.427,0.8,2.2,.343,2.0,4.2,.470,.485,0.7,1.0,.658,0.7,2.7,3.3,1.1,0.6,0.5,0.8,2.6,6.9,2006
8382,354,Nate Robinson,PG,21,NYK,72,26,21.4,3.2,7.8,.407,0.8,2.0,.397,2.4,5.8,.411,.458,2.1,2.8,.752,0.8,1.5,2.3,2.0,0.8,0.0,1.6,2.8,9.3,2006
8383,355,Jalen Rose,SF-SG,33,TOT,72,45,27.5,4.0,9.5,.423,0.8,2.4,.343,3.2,7.1,.450,.466,3.4,4.4,.780,0.4,2.5,2.9,2.5,0.4,0.2,1.6,2.2,12.3,2006
8384,355,Jalen Rose,SF,33,TOR,46,22,26.9,3.9,9.7,.404,0.7,2.5,.270,3.2,7.2,.450,.438,3.6,4.7,.765,0.3,2.5,2.8,2.5,0.4,0.2,1.4,2.2,12.1,2006
8385,355,Jalen Rose,SG,33,NYK,26,23,28.7,4.2,9.2,.460,1.1,2.2,.491,3.2,7.0,.451,.519,3.2,3.9,.812,0.5,2.7,3.2,2.6,0.4,0.1,1.9,2.1,12.7,2006
8386,356,Malik Rose,PF,31,NYK,72,35,15.5,1.5,3.9,.374,0.0,0.0,1.000,1.4,3.9,.371,.375,1.5,1.9,.781,1.2,2.4,3.6,0.9,0.6,0.2,1.1,2.0,4.4,2006
8387,357,Quinton Ross,SF,24,LAC,67,45,22.6,1.9,4.6,.422,0.0,0.1,.000,1.9,4.5,.432,.422,0.9,1.1,.760,0.6,2.0,2.5,1.2,0.8,0.2,0.7,2.3,4.7,2006
8388,358,Michael Ruffin,C,29,WAS,76,4,13.3,0.4,1.0,.442,0.0,0.0,.000,0.4,1.0,.453,.442,0.5,1.0,.500,1.6,2.0,3.6,0.4,0.4,0.4,0.5,2.4,1.4,2006
8389,359,Kareem Rush,SG,25,CHA,47,25,23.6,3.9,10.0,.386,1.2,3.5,.348,2.6,6.5,.407,.447,1.2,1.6,.714,0.4,1.8,2.2,1.1,0.8,0.3,1.4,1.7,10.1,2006
8390,360,Bryon Russell,SF,35,DEN,1,0,3.0,0.0,0.0,,0.0,0.0,,0.0,0.0,,,0.0,0.0,,0.0,1.0,1.0,1.0,0.0,0.0,0.0,0.0,0.0,2006
8391,Rk,Player,Pos,Age,Tm,G,GS,MP,FG,FGA,FG%,3P,3PA,3P%,2P,2PA,2P%,eFG%,FT,FTA,FT%,ORB,DRB,TRB,AST,STL,BLK,TOV,PF,PTS,2006
8392,361,John Salmons,SG,26,PHI,82,24,25.1,2.7,6.4,.420,0.3,1.1,.299,2.4,5.3,.445,.445,1.9,2.4,.775,0.6,2.1,2.7,2.7,0.9,0.2,1.5,2.2,7.5,2006
8393,362,Jamal Sampson,PF,22,SAC,12,0,3.3,0.4,0.6,.714,0.0,0.0,,0.4,0.6,.714,.714,0.0,0.2,.000,0.4,1.1,1.5,0.4,0.0,0.3,0.0,0.4,0.8,2006
8394,363,Melvin Sanders,SG,25,SAS,16,0,7.1,1.0,2.1,.485,0.1,0.2,.667,0.9,1.9,.467,.515,0.4,0.6,.700,0.3,1.2,1.4,0.2,0.3,0.0,0.5,1.3,2.6,2006
8395,364,Brian Scalabrine,PF,27,BOS,71,1,13.2,1.0,2.7,.383,0.4,1.2,.356,0.6,1.5,.406,.464,0.4,0.5,.722,0.4,1.2,1.6,0.7,0.3,0.3,0.7,1.8,2.9,2006
8396,365,Alex Scales,SG,27,SAS,1,0,0.0,0.0,0.0,,0.0,0.0,,0.0,0.0,,,0.0,0.0,,0.0,0.0,0.0,0.0,0.0,0.0,0.0,0.0,0.0,2006
8397,366,Luke Schenscher,C,23,CHI,20,0,7.5,0.8,1.3,.615,0.0,0.0,,0.8,1.3,.615,.615,0.2,0.7,.308,0.4,1.1,1.5,0.4,0.1,0.2,0.3,1.1,1.8,2006
8398,367,Ha Seung-Jin,C,20,POR,27,4,7.9,0.7,1.1,.581,0.0,0.0,,0.7,1.1,.581,.581,0.3,0.6,.471,0.5,1.3,1.8,0.0,0.1,0.3,0.5,1.5,1.6,2006
8399,368,Wayne Simien,PF,22,MIA,43,2,9.6,1.3,2.8,.483,0.0,0.0,,1.3,2.8,.483,.483,0.7,0.8,.882,0.9,1.2,2.0,0.2,0.3,0.0,0.6,1.6,3.4,2006
8400,369,Bobby Simmons,SF,25,MIL,75,74,33.8,4.9,10.8,.453,1.4,3.3,.420,3.5,7.4,.468,.518,2.2,2.7,.825,1.2,3.2,4.4,2.3,1.1,0.3,1.6,3.4,13.4,2006
8401,370,James Singleton,SF,24,LAC,59,10,12.8,1.3,2.6,.510,0.2,0.3,.500,1.1,2.2,.511,.543,0.7,0.8,.780,1.1,2.3,3.3,0.5,0.3,0.4,0.5,1.6,3.4,2006
8402,371,Brian Skinner,PF-C,29,TOT,65,5,14.5,1.3,2.5,.513,0.0,0.0,,1.3,2.5,.513,.513,0.4,0.9,.482,1.2,2.3,3.5,0.5,0.4,0.7,0.7,1.8,2.9,2006
8403,371,Brian Skinner,PF,29,SAC,38,0,11.3,1.0,1.8,.551,0.0,0.0,,1.0,1.8,.551,.551,0.3,0.7,.444,0.8,1.9,2.7,0.4,0.3,0.5,0.5,1.4,2.3,2006
8404,371,Brian Skinner,C,29,POR,27,5,19.1,1.6,3.4,.484,0.0,0.0,,1.6,3.4,.484,.484,0.6,1.1,.517,1.7,3.0,4.7,0.5,0.5,0.9,1.0,2.4,3.8,2006
8405,372,Charles Smith,SG,30,TOT,22,4,9.5,1.4,3.3,.417,0.7,1.7,.395,0.7,1.5,.441,.521,0.2,0.4,.625,0.1,0.6,0.7,0.4,0.2,0.3,0.2,1.3,3.6,2006
8406,372,Charles Smith,SG,30,POR,21,4,9.9,1.4,3.4,.423,0.7,1.8,.405,0.7,1.6,.441,.528,0.2,0.4,.625,0.1,0.6,0.8,0.4,0.2,0.3,0.2,1.3,3.8,2006
8407,372,Charles Smith,SG,30,DEN,1,0,2.0,0.0,1.0,.000,0.0,1.0,.000,0.0,0.0,,.000,0.0,0.0,,0.0,0.0,0.0,0.0,0.0,0.0,0.0,1.0,0.0,2006
8408,373,Donta Smith,SG,22,ATL,23,0,5.5,0.7,1.2,.556,0.1,0.2,.500,0.6,1.0,.565,.593,0.3,0.5,.500,0.1,0.5,0.6,0.4,0.3,0.0,0.2,0.9,1.7,2006
8409,374,J.R. Smith,SG,20,NOK,55,25,18.0,2.6,6.7,.393,0.9,2.5,.371,1.7,4.1,.407,.464,1.5,1.8,.822,0.3,1.7,2.0,1.1,0.7,0.1,1.0,1.6,7.7,2006
8410,375,Joe Smith,PF,30,MIL,44,5,20.2,3.3,6.9,.475,0.0,0.0,.000,3.3,6.9,.479,.475,2.0,2.6,.774,1.9,3.3,5.2,0.7,0.5,0.3,0.9,2.7,8.6,2006
8411,376,Josh Smith,SF,20,ATL,80,73,32.0,4.1,9.7,.425,0.4,1.4,.309,3.7,8.3,.444,.447,2.6,3.7,.719,2.2,4.4,6.6,2.4,0.8,2.6,2.0,3.3,11.3,2006
8412,377,Eric Snow,PG,32,CLE,82,82,28.7,2.0,4.9,.409,0.0,0.1,.100,2.0,4.7,.416,.410,0.8,1.1,.688,0.5,2.0,2.4,4.2,0.9,0.2,1.4,2.7,4.8,2006
8413,378,Kirk Snyder,SG,22,NOK,68,45,19.3,3.0,6.7,.453,0.7,1.9,.357,2.3,4.8,.491,.503,1.3,1.7,.735,0.8,1.6,2.4,1.5,0.4,0.3,1.0,1.6,8.0,2006
8414,379,Darius Songaila,PF,27,CHI,62,7,21.4,3.8,7.9,.481,0.0,0.1,.400,3.8,7.8,.481,.483,1.5,1.9,.817,1.2,2.7,4.0,1.4,0.6,0.3,1.4,2.5,9.2,2006
8415,380,Pape Sow,C,24,TOR,42,25,14.0,1.3,2.9,.431,0.0,0.0,,1.3,2.9,.431,.431,1.0,1.4,.719,1.3,2.2,3.5,0.2,0.5,0.5,0.7,2.8,3.5,2006
8416,Rk,Player,Pos,Age,Tm,G,GS,MP,FG,FGA,FG%,3P,3PA,3P%,2P,2PA,2P%,eFG%,FT,FTA,FT%,ORB,DRB,TRB,AST,STL,BLK,TOV,PF,PTS,2006
8417,381,Jerry Stackhouse,SG,31,DAL,55,11,27.7,4.4,11.0,.401,0.7,2.4,.277,3.7,8.6,.436,.431,3.5,4.0,.882,0.6,2.2,2.8,2.9,0.7,0.2,2.2,1.7,13.0,2006
8418,382,DeShawn Stevenson,SG,24,ORL,82,82,32.3,4.4,9.5,.460,0.0,0.2,.133,4.4,9.3,.466,.461,2.2,3.0,.744,0.7,2.2,2.9,2.0,0.7,0.2,1.5,2.2,11.0,2006
8419,383,Peja Stojaković,SF,28,TOT,71,71,36.6,6.3,14.3,.437,2.3,5.7,.401,4.0,8.6,.461,.517,3.4,3.7,.915,1.1,4.7,5.8,1.9,0.6,0.1,1.5,2.4,18.2,2006
8420,383,Peja Stojaković,SF,28,SAC,31,31,37.0,5.5,13.7,.403,2.3,5.8,.397,3.2,7.9,.408,.487,3.2,3.4,.933,1.1,4.2,5.3,2.2,0.6,0.1,1.6,2.6,16.5,2006
8421,383,Peja Stojaković,SF,28,IND,40,40,36.4,6.9,14.9,.461,2.3,5.6,.404,4.6,9.2,.496,.538,3.5,3.9,.903,1.1,5.1,6.3,1.7,0.7,0.2,1.3,2.2,19.5,2006
8422,384,Awvee Storey,SF,28,WAS,25,1,4.6,0.6,1.6,.390,0.1,0.3,.429,0.5,1.4,.382,.427,0.3,0.6,.571,0.3,0.6,0.9,0.2,0.1,0.0,0.2,0.9,1.7,2006
8423,385,Damon Stoudamire,PG,32,MEM,27,27,31.9,4.2,10.6,.397,1.3,3.9,.346,2.9,6.8,.426,.460,2.0,2.3,.855,0.9,2.7,3.5,4.7,0.7,0.0,2.0,1.8,11.7,2006
8424,386,Salim Stoudamire,SG,23,ATL,61,1,20.3,3.3,8.1,.415,1.3,3.5,.380,2.0,4.5,.442,.498,1.6,1.8,.900,0.2,1.7,1.9,1.2,0.4,0.0,1.3,1.9,9.7,2006
8425,387,Amar'e Stoudemire,C,23,PHO,3,3,16.7,3.0,9.0,.333,0.0,0.3,.000,3.0,8.7,.346,.333,2.7,3.0,.889,2.0,3.3,5.3,0.7,0.3,1.0,0.3,1.3,8.7,2006
8426,388,Mike Sweetney,C,23,CHI,66,44,18.5,3.0,6.7,.450,0.0,0.0,,3.0,6.7,.450,.450,2.0,3.1,.652,1.8,3.5,5.3,0.9,0.3,0.8,1.4,3.2,8.1,2006
8427,389,Robert Swift,C,20,SEA,47,20,21.0,2.6,5.1,.515,0.0,0.0,,2.6,5.1,.515,.515,1.1,1.9,.582,2.0,3.6,5.6,0.2,0.3,1.2,1.0,3.0,6.4,2006
8428,390,Stromile Swift,C,26,HOU,66,5,20.4,3.4,6.9,.491,0.0,0.0,.000,3.4,6.9,.493,.491,2.1,3.2,.651,1.6,2.8,4.4,0.4,0.6,0.8,1.4,3.0,8.9,2006
8429,391,Wally Szczerbiak,SF,28,TOT,72,71,37.9,6.8,14.1,.487,1.4,3.5,.400,5.4,10.5,.517,.538,3.9,4.3,.897,1.1,3.3,4.3,3.0,0.6,0.3,1.9,2.1,19.0,2006
8430,391,Wally Szczerbiak,SF,28,MIN,40,40,38.9,7.3,14.8,.495,1.5,3.6,.406,5.9,11.2,.523,.544,4.1,4.6,.896,0.9,3.9,4.8,2.8,0.5,0.4,2.2,2.3,20.1,2006
8431,391,Wally Szczerbiak,SF,28,BOS,32,31,36.7,6.3,13.2,.476,1.4,3.5,.393,4.9,9.7,.506,.528,3.6,4.0,.898,1.3,2.6,3.8,3.2,0.6,0.1,1.6,1.9,17.5,2006
8432,392,Chris Taft,C,20,GSW,17,0,8.5,1.4,2.2,.605,0.0,0.0,,1.4,2.2,.605,.605,0.1,0.4,.167,1.1,1.0,2.1,0.1,0.1,0.4,0.1,1.5,2.8,2006
8433,393,Donell Taylor,SG,23,WAS,51,1,9.1,1.0,2.7,.390,0.1,0.3,.235,1.0,2.3,.412,.404,0.6,0.8,.698,0.3,0.7,1.0,0.9,0.6,0.1,0.7,0.9,2.7,2006
8434,394,Maurice Taylor,PF,29,NYK,67,13,18.1,2.7,5.8,.468,0.0,0.0,.000,2.7,5.8,.469,.468,0.9,1.2,.699,1.0,2.4,3.4,0.8,0.3,0.2,1.5,2.6,6.3,2006
8435,395,Sebastian Telfair,PG,20,POR,68,30,24.1,3.4,8.5,.394,0.8,2.4,.352,2.5,6.1,.411,.444,1.9,2.6,.743,0.3,1.5,1.8,3.6,1.0,0.1,1.7,2.5,9.5,2006
8436,396,Jason Terry,PG,28,DAL,80,80,35.0,6.5,13.7,.470,2.1,5.2,.411,4.3,8.5,.505,.547,2.1,2.6,.800,0.4,1.6,2.0,3.8,1.3,0.3,1.7,2.5,17.1,2006
8437,397,Billy Thomas,SG,30,WAS,17,0,7.7,0.8,2.4,.325,0.6,1.8,.333,0.2,0.6,.300,.450,0.1,0.1,1.000,0.3,0.5,0.8,0.5,0.6,0.1,0.4,1.1,2.2,2006
8438,398,Etan Thomas,C,27,WAS,71,9,15.8,1.8,3.5,.533,0.0,0.0,,1.8,3.5,.533,.533,1.1,1.8,.600,1.4,2.5,3.9,0.2,0.3,1.0,0.7,2.1,4.7,2006
8439,399,James Thomas,PF,25,TOT,22,0,6.8,0.5,0.9,.526,0.0,0.0,,0.5,0.9,.526,.526,0.4,0.6,.571,0.5,1.2,1.8,0.0,0.0,0.1,0.3,1.6,1.3,2006
8440,399,James Thomas,PF,25,PHI,15,0,8.3,0.5,0.9,.538,0.0,0.0,,0.5,0.9,.538,.538,0.5,0.9,.571,0.5,1.5,2.1,0.1,0.0,0.2,0.5,2.1,1.5,2006
8441,399,James Thomas,PF,25,CHI,7,0,3.7,0.4,0.9,.500,0.0,0.0,,0.4,0.9,.500,.500,0.0,0.0,,0.6,0.6,1.1,0.0,0.0,0.0,0.0,0.4,0.9,2006
8442,400,John Thomas,C,30,TOT,16,0,7.9,0.4,0.9,.400,0.0,0.0,,0.4,0.9,.400,.400,0.2,0.3,.750,0.6,0.6,1.3,0.1,0.2,0.1,0.5,1.1,0.9,2006
8443,400,John Thomas,C,30,MEM,3,0,8.3,0.7,0.7,1.000,0.0,0.0,,0.7,0.7,1.000,1.000,0.0,0.0,,0.0,0.0,0.0,0.3,0.0,0.3,0.7,1.0,1.3,2006
8444,400,John Thomas,C,30,ATL,11,0,6.0,0.3,0.6,.429,0.0,0.0,,0.3,0.6,.429,.429,0.3,0.4,.750,0.3,0.6,0.9,0.1,0.2,0.0,0.4,0.9,0.8,2006
8445,400,John Thomas,C,30,NJN,2,0,18.0,0.5,3.0,.167,0.0,0.0,,0.5,3.0,.167,.167,0.0,0.0,,3.5,1.5,5.0,0.0,0.5,0.5,1.0,2.0,1.0,2006
8446,Rk,Player,Pos,Age,Tm,G,GS,MP,FG,FGA,FG%,3P,3PA,3P%,2P,2PA,2P%,eFG%,FT,FTA,FT%,ORB,DRB,TRB,AST,STL,BLK,TOV,PF,PTS,2006
8447,401,Kenny Thomas,PF,28,SAC,82,55,28.0,3.7,7.4,.505,0.0,0.0,.000,3.7,7.4,.506,.505,1.7,2.5,.676,2.4,5.1,7.5,2.0,0.9,0.5,1.6,2.4,9.1,2006
8448,402,Kurt Thomas,C,33,PHO,53,50,26.6,3.6,7.4,.486,0.0,0.0,,3.6,7.4,.486,.486,1.4,1.7,.815,1.9,5.9,7.8,1.1,0.4,1.0,1.1,3.6,8.6,2006
8449,403,Tim Thomas,PF-SF,28,TOT,29,10,23.0,3.9,9.0,.431,1.6,3.8,.414,2.3,5.2,.444,.519,1.0,1.4,.667,0.8,3.8,4.5,0.7,0.6,0.2,1.1,2.7,10.3,2006
8450,403,Tim Thomas,SF,28,CHI,3,0,10.7,2.0,5.3,.375,0.3,2.0,.167,1.7,3.3,.500,.406,0.0,0.0,,0.0,1.3,1.3,0.7,0.0,0.3,0.3,0.3,4.3,2006
8451,403,Tim Thomas,PF,28,PHO,26,10,24.4,4.1,9.5,.435,1.7,4.0,.429,2.4,5.4,.440,.526,1.1,1.6,.667,0.8,4.0,4.9,0.7,0.6,0.2,1.2,3.0,11.0,2006
8452,404,Dijon Thompson,SG,22,PHO,10,0,4.3,1.1,2.5,.440,0.4,1.1,.364,0.7,1.4,.500,.520,0.2,0.2,1.000,0.4,0.7,1.1,0.1,0.3,0.1,0.2,0.6,2.8,2006
8453,405,Jamaal Tinsley,PG,27,IND,42,27,26.7,3.8,9.2,.409,0.4,1.7,.229,3.4,7.5,.449,.430,1.4,2.2,.637,0.8,2.3,3.2,5.0,1.2,0.1,2.6,2.3,9.3,2006
8454,406,Jake Tsakalidis,C,26,MEM,51,19,14.4,2.0,3.2,.606,0.0,0.0,,2.0,3.2,.606,.606,1.1,1.7,.655,1.5,2.6,4.2,0.3,0.3,0.6,0.8,2.1,5.0,2006
8455,407,Nikoloz Tskitishvili,SF-PF,22,TOT,17,0,5.8,0.8,2.2,.351,0.1,0.2,.333,0.7,2.0,.353,.365,0.5,0.8,.643,0.5,0.8,1.3,0.2,0.1,0.1,0.4,0.5,2.1,2006
8456,407,Nikoloz Tskitishvili,PF,22,MIN,5,0,2.6,0.2,0.8,.250,0.0,0.0,,0.2,0.8,.250,.250,0.2,0.4,.500,0.0,0.4,0.4,0.0,0.0,0.0,0.4,0.0,0.6,2006
8457,407,Nikoloz Tskitishvili,SF,22,PHO,12,0,7.2,1.0,2.8,.364,0.1,0.3,.333,0.9,2.5,.367,.379,0.7,1.0,.667,0.8,0.9,1.7,0.3,0.1,0.2,0.3,0.7,2.8,2006
8458,408,Ronny Turiaf,C,23,LAL,23,1,7.0,0.7,1.3,.500,0.0,0.0,,0.7,1.3,.500,.500,0.7,1.2,.556,0.5,1.1,1.6,0.3,0.1,0.4,0.3,1.3,2.0,2006
8459,409,Hedo Türkoğlu,SF,26,ORL,78,59,33.5,5.1,11.2,.454,1.5,3.6,.403,3.6,7.6,.478,.519,3.3,3.8,.861,0.9,3.4,4.3,2.8,0.9,0.3,1.7,3.0,14.9,2006
8460,410,Ime Udoka,SF,28,NYK,8,0,14.3,1.1,3.0,.375,0.1,0.4,.333,1.0,2.6,.381,.396,0.4,0.8,.500,0.4,1.8,2.1,0.8,0.1,0.0,0.3,1.0,2.8,2006
8461,411,Beno Udrih,PG,23,SAS,54,3,10.9,2.0,4.3,.455,0.4,1.3,.343,1.5,3.0,.503,.506,0.7,0.9,.780,0.3,0.6,1.0,1.7,0.3,0.0,1.0,1.0,5.1,2006
8462,412,Nick Van Exel,PG,34,SAS,65,2,15.2,2.1,5.3,.397,0.8,2.4,.357,1.2,2.9,.429,.477,0.4,0.6,.683,0.1,1.3,1.4,1.9,0.2,0.0,0.9,0.9,5.5,2006
8463,413,Keith Van Horn,SF,30,DAL,53,0,20.6,3.1,7.3,.424,0.9,2.6,.368,2.2,4.7,.454,.488,1.8,2.1,.832,1.0,2.6,3.6,0.7,0.6,0.2,1.3,2.3,8.9,2006
8464,414,Anderson Varejão,C,23,CLE,48,4,15.8,1.6,3.1,.527,0.0,0.0,.000,1.6,3.1,.530,.527,1.3,2.5,.513,1.6,3.3,4.9,0.4,0.6,0.4,0.6,2.5,4.6,2006
8465,415,Jacque Vaughn,SG,30,NJN,80,6,15.4,1.3,3.1,.437,0.0,0.1,.167,1.3,3.0,.444,.439,0.7,1.0,.728,0.2,0.9,1.1,1.5,0.5,0.0,0.7,1.8,3.4,2006
8466,416,Charlie Villanueva,PF,21,TOR,81,36,29.1,5.4,11.6,.463,0.9,2.6,.327,4.5,9.0,.503,.500,1.4,2.0,.706,2.2,4.2,6.4,1.1,0.7,0.8,1.2,3.0,13.0,2006
8467,417,Jake Voskuhl,C,28,CHA,51,2,16.0,2.2,5.1,.437,0.0,0.1,.333,2.2,5.1,.438,.439,0.8,1.2,.683,1.2,2.4,3.6,0.8,0.5,0.5,0.6,3.1,5.3,2006
8468,418,Jackson Vroman,PF,24,NOK,41,2,9.9,0.6,1.6,.394,0.0,0.0,,0.6,1.6,.394,.394,0.5,1.1,.477,0.8,1.3,2.1,0.3,0.3,0.3,0.5,1.9,1.8,2006
8469,419,Sasha Vujačić,PG,21,LAL,82,4,17.7,1.3,3.8,.346,0.7,2.1,.343,0.6,1.7,.350,.441,0.6,0.6,.885,0.4,1.5,1.9,1.7,0.6,0.0,0.6,1.8,3.9,2006
8470,420,Dwyane Wade,SG,24,MIA,75,75,38.6,9.3,18.8,.495,0.2,1.0,.171,9.1,17.8,.513,.499,8.4,10.7,.783,1.4,4.3,5.7,6.7,1.9,0.8,3.6,2.9,27.2,2006
8471,Rk,Player,Pos,Age,Tm,G,GS,MP,FG,FGA,FG%,3P,3PA,3P%,2P,2PA,2P%,eFG%,FT,FTA,FT%,ORB,DRB,TRB,AST,STL,BLK,TOV,PF,PTS,2006
8472,421,Von Wafer,SG,20,LAL,16,0,4.6,0.4,2.4,.158,0.1,1.1,.118,0.3,1.3,.190,.184,0.4,0.5,.750,0.3,0.2,0.5,0.3,0.2,0.0,0.1,0.8,1.3,2006
8473,422,Antoine Walker,PF,29,MIA,82,19,26.8,4.8,11.0,.435,1.7,4.7,.358,3.1,6.3,.493,.512,1.0,1.6,.628,1.3,3.9,5.1,2.0,0.6,0.4,1.8,2.3,12.2,2006
8474,423,Samaki Walker,PF,29,IND,7,0,3.1,0.0,0.3,.000,0.0,0.0,,0.0,0.3,.000,.000,0.3,0.3,1.000,0.0,0.4,0.4,0.0,0.0,0.1,0.3,1.0,0.3,2006
8475,424,Ben Wallace*,C,31,DET,82,82,35.2,2.9,5.7,.510,0.0,0.0,.000,2.9,5.6,.514,.510,1.5,3.6,.416,3.7,7.6,11.3,1.9,1.8,2.2,1.1,2.0,7.3,2006
8476,425,Gerald Wallace,SF,23,CHA,55,52,34.5,5.8,10.7,.538,0.3,0.9,.280,5.5,9.8,.562,.550,3.4,5.6,.614,2.2,5.3,7.5,1.7,2.5,2.1,1.8,2.7,15.2,2006
8477,426,Rasheed Wallace,PF,31,DET,80,80,34.8,5.7,13.3,.430,1.9,5.4,.357,3.8,7.9,.480,.503,1.7,2.3,.743,1.1,5.7,6.8,2.3,1.0,1.6,1.1,2.9,15.1,2006
8478,427,Matt Walsh,SG,23,MIA,2,0,1.5,0.5,0.5,1.000,0.0,0.0,,0.5,0.5,1.000,1.000,0.0,1.0,.000,0.0,0.0,0.0,0.0,0.0,0.0,0.5,0.0,1.0,2006
8479,428,Luke Walton,SF,25,LAL,69,6,19.3,2.0,4.8,.412,0.3,0.8,.327,1.7,4.0,.429,.439,0.8,1.1,.750,1.3,2.3,3.6,2.3,0.6,0.2,1.1,1.7,5.0,2006
8480,429,Hakim Warrick,PF,23,MEM,68,2,10.6,1.5,3.4,.443,0.0,0.0,,1.5,3.4,.443,.443,1.1,1.7,.661,0.6,1.5,2.1,0.4,0.2,0.3,0.8,1.7,4.1,2006
8481,430,Earl Watson,PG,26,TOT,70,10,22.5,3.1,7.3,.430,1.6,3.9,.404,1.6,3.4,.460,.538,1.1,1.6,.676,0.3,1.9,2.3,4.1,1.0,0.1,1.9,2.3,8.9,2006
8482,430,Earl Watson,PG,26,DEN,46,10,21.2,2.6,6.1,.429,1.5,3.7,.395,1.2,2.4,.482,.550,0.8,1.3,.627,0.4,1.5,1.9,3.5,0.8,0.2,1.6,2.1,7.5,2006
8483,430,Earl Watson,PG,26,SEA,24,0,25.1,4.1,9.5,.432,1.8,4.2,.420,2.3,5.3,.441,.524,1.6,2.2,.731,0.3,2.7,3.0,5.4,1.3,0.1,2.5,2.7,11.5,2006
8484,431,Chris Webber*,PF,32,PHI,75,75,38.6,8.2,19.0,.434,0.3,1.0,.273,7.9,17.9,.443,.441,3.5,4.6,.756,2.5,7.4,9.9,3.4,1.4,0.8,2.4,2.9,20.2,2006
8485,432,Martell Webster,SF,19,POR,61,18,17.5,2.3,5.7,.399,1.1,3.0,.357,1.2,2.7,.446,.493,1.0,1.2,.859,0.5,1.7,2.1,0.6,0.3,0.2,0.7,1.5,6.6,2006
8486,433,Bonzi Wells,SG,29,SAC,52,41,32.4,5.5,11.8,.463,0.2,0.9,.222,5.3,10.9,.482,.471,2.5,3.7,.679,2.7,5.0,7.7,2.8,1.8,0.5,2.4,3.0,13.6,2006
8487,434,Jiří Welsch,SF,26,MIL,58,2,14.9,1.5,3.8,.387,0.2,0.8,.286,1.2,3.0,.416,.419,1.1,1.5,.747,0.4,1.5,1.9,1.1,0.6,0.0,0.7,1.1,4.3,2006
8488,435,David Wesley,SG,35,HOU,71,59,33.4,3.2,7.9,.403,1.4,3.8,.365,1.8,4.1,.438,.491,2.1,2.6,.807,0.3,2.2,2.5,2.9,0.8,0.1,1.7,3.0,9.9,2006
8489,436,David West,PF,25,NOK,74,74,34.1,7.2,14.0,.512,0.0,0.1,.273,7.1,13.9,.514,.513,2.7,3.2,.843,2.3,5.1,7.4,1.2,0.8,0.9,1.4,2.9,17.1,2006
8490,437,Delonte West,PG,22,BOS,71,71,34.1,4.7,9.6,.487,1.2,3.1,.385,3.5,6.6,.534,.548,1.2,1.4,.851,0.8,3.3,4.1,4.6,1.2,0.6,1.9,2.8,11.8,2006
8491,438,Robert Whaley,C,23,UTA,23,0,9.2,1.0,2.5,.404,0.0,0.0,,1.0,2.5,.404,.404,0.1,0.3,.500,0.7,1.2,1.9,0.7,0.3,0.3,0.6,1.8,2.1,2006
8492,439,Chris Wilcox,C-PF,23,TOT,77,24,19.9,3.3,5.8,.571,0.0,0.0,.000,3.3,5.8,.574,.571,1.5,2.0,.732,1.5,3.8,5.3,0.7,0.4,0.4,0.9,2.4,8.1,2006
8493,439,Chris Wilcox,C,23,LAC,48,1,13.7,1.9,3.5,.536,0.0,0.0,.000,1.9,3.5,.542,.536,0.8,1.2,.644,1.0,2.6,3.6,0.4,0.3,0.4,0.7,2.1,4.5,2006
8494,439,Chris Wilcox,PF,23,SEA,29,23,30.1,5.8,9.7,.592,0.0,0.0,,5.8,9.7,.592,.592,2.6,3.2,.787,2.5,5.7,8.2,1.2,0.6,0.4,1.4,2.8,14.1,2006
8495,440,Damien Wilkins,SF,26,SEA,82,12,18.6,2.4,5.3,.444,0.2,0.7,.250,2.2,4.6,.472,.460,1.7,2.0,.840,1.0,1.4,2.3,1.3,0.9,0.1,1.0,1.8,6.5,2006
8496,Rk,Player,Pos,Age,Tm,G,GS,MP,FG,FGA,FG%,3P,3PA,3P%,2P,2PA,2P%,eFG%,FT,FTA,FT%,ORB,DRB,TRB,AST,STL,BLK,TOV,PF,PTS,2006
8497,441,Mike Wilks,PG,26,TOT,47,0,7.4,0.6,1.9,.322,0.1,0.4,.158,0.6,1.5,.366,.339,0.5,0.9,.610,0.2,0.6,0.8,0.7,0.3,0.0,0.5,0.7,1.8,2006
8498,441,Mike Wilks,PG,26,CLE,37,0,6.6,0.5,1.6,.288,0.1,0.4,.143,0.4,1.2,.333,.305,0.2,0.3,.500,0.2,0.6,0.7,0.5,0.2,0.0,0.4,0.7,1.1,2006
8499,441,Mike Wilks,PG,26,SEA,10,0,10.5,1.2,3.1,.387,0.1,0.5,.200,1.1,2.6,.423,.403,1.9,2.9,.655,0.3,0.9,1.2,1.4,0.6,0.0,0.9,0.7,4.4,2006
8500,442,Aaron Williams,C,34,TOT,48,5,16.5,1.9,3.7,.517,0.0,0.0,,1.9,3.7,.517,.517,0.8,1.2,.690,1.3,2.4,3.8,0.4,0.4,0.4,0.6,2.9,4.6,2006
8501,442,Aaron Williams,C,34,TOR,14,3,7.1,0.7,1.4,.526,0.0,0.0,,0.7,1.4,.526,.526,0.4,0.4,.833,0.4,0.7,1.1,0.1,0.3,0.2,0.4,2.0,1.8,2006
8502,442,Aaron Williams,C,34,NOK,34,2,20.4,2.4,4.6,.516,0.0,0.0,,2.4,4.6,.516,.516,1.0,1.5,.673,1.7,3.1,4.9,0.5,0.4,0.5,0.7,3.2,5.8,2006
8503,443,Alvin Williams,PG,31,TOR,1,0,10.0,0.0,3.0,.000,0.0,2.0,.000,0.0,1.0,.000,.000,1.0,2.0,.500,0.0,3.0,3.0,0.0,0.0,0.0,0.0,0.0,1.0,2006
8504,444,Deron Williams,PG,21,UTA,80,47,28.8,4.2,10.1,.421,1.1,2.7,.416,3.1,7.3,.423,.478,1.2,1.7,.704,0.4,2.0,2.4,4.5,0.8,0.2,1.8,2.9,10.8,2006
8505,445,Eric Williams,SF,33,TOR,28,11,12.6,1.0,2.7,.387,0.2,0.6,.278,0.9,2.0,.421,.420,1.0,1.4,.737,0.4,1.4,1.8,0.5,0.3,0.1,0.5,2.0,3.3,2006
8506,446,Jason Williams,PG,30,MIA,59,56,31.8,4.5,10.3,.442,1.8,4.9,.372,2.7,5.4,.506,.531,1.4,1.7,.867,0.1,2.3,2.4,4.9,0.9,0.1,1.7,1.7,12.3,2006
8507,447,Lou Williams,PG,19,PHI,30,0,4.8,0.8,1.7,.442,0.1,0.3,.222,0.7,1.4,.488,.462,0.3,0.4,.615,0.1,0.5,0.6,0.3,0.2,0.0,0.4,0.4,1.9,2006
8508,448,Marvin Williams,PF,19,ATL,79,7,24.7,3.0,6.7,.443,0.2,0.7,.245,2.8,6.1,.464,.455,2.4,3.2,.747,1.5,3.3,4.8,0.8,0.6,0.3,1.1,2.9,8.5,2006
8509,449,Mo Williams,PG,23,MIL,58,12,26.4,4.6,10.8,.424,1.3,3.3,.382,3.3,7.6,.443,.483,1.7,1.9,.850,0.5,1.9,2.5,4.0,0.9,0.1,1.8,2.5,12.1,2006
8510,450,Corliss Williamson,SF,32,SAC,37,0,9.8,1.2,2.8,.417,0.1,0.1,1.000,1.1,2.7,.406,.427,1.0,1.3,.776,0.6,1.2,1.8,0.4,0.2,0.1,0.8,1.5,3.4,2006
8511,451,Loren Woods,C,27,TOR,27,4,12.0,1.0,2.2,.475,0.0,0.0,.000,1.0,2.1,.483,.475,0.2,0.5,.429,1.6,2.4,4.1,0.1,0.3,0.9,0.6,1.8,2.3,2006
8512,452,Qyntel Woods,SF,24,NYK,49,16,20.7,2.6,5.2,.508,0.4,1.2,.367,2.2,4.0,.552,.551,1.0,1.6,.645,0.9,3.0,3.9,1.0,0.7,0.3,1.2,2.0,6.7,2006
8513,453,Metta World Peace,SF,26,TOT,56,56,39.4,6.3,15.5,.404,1.4,4.5,.308,4.9,11.0,.443,.449,3.7,5.4,.675,1.3,3.8,5.1,3.6,2.2,0.7,2.3,2.9,17.6,2006
8514,453,Metta World Peace,SF,26,IND,16,16,37.7,6.8,14.8,.460,1.1,3.4,.333,5.7,11.4,.497,.498,4.6,7.6,.612,1.6,3.3,4.9,2.2,2.6,0.7,2.7,2.8,19.4,2006
8515,453,Metta World Peace,SF,26,SAC,40,40,40.1,6.0,15.8,.383,1.5,5.0,.302,4.5,10.8,.420,.430,3.3,4.6,.717,1.2,4.0,5.2,4.2,2.0,0.8,2.2,3.0,16.9,2006
8516,454,Antoine Wright,SG,21,NJN,39,0,9.5,0.7,2.1,.358,0.0,0.4,.067,0.7,1.7,.424,.364,0.3,0.6,.500,0.2,0.6,0.8,0.3,0.1,0.1,0.5,1.1,1.8,2006
8517,455,Bracey Wright,SG,21,MIN,7,0,19.3,3.0,7.3,.412,0.9,2.4,.353,2.1,4.9,.441,.471,2.0,2.3,.875,0.4,2.1,2.6,0.7,0.1,0.0,1.1,1.1,8.9,2006
8518,456,Dorell Wright,SF,20,MIA,20,2,6.6,1.0,2.2,.465,0.2,0.3,.500,0.9,1.9,.459,.500,0.8,0.9,.882,0.1,1.5,1.6,0.4,0.2,0.1,0.7,0.6,2.9,2006
8519,457,Lorenzen Wright,C,30,MEM,78,58,21.7,2.5,5.2,.478,0.0,0.0,.000,2.5,5.2,.480,.478,0.8,1.5,.564,1.8,3.2,5.1,0.6,0.7,0.6,0.9,2.6,5.8,2006
8520,458,Derrick Zimmerman,PG,24,NJN,2,0,16.0,1.0,1.5,.667,0.0,0.0,,1.0,1.5,.667,.667,0.0,0.0,,0.5,1.5,2.0,3.5,0.0,0.0,2.0,2.0,2.0,2006
8521,1,Shareef Abdur-Rahim,C,30,SAC,80,45,25.2,3.9,8.2,.474,0.0,0.3,.150,3.8,7.9,.484,.476,2.1,2.9,.726,1.5,3.5,5.0,1.4,0.7,0.5,1.5,3.0,9.9,2007
8522,2,Hassan Adams,SG,22,NJN,61,8,8.1,1.2,2.2,.556,0.0,0.0,.000,1.2,2.2,.560,.556,0.4,0.6,.667,0.6,0.7,1.3,0.2,0.3,0.1,0.4,0.8,2.9,2007
8523,3,Maurice Ager,SG,22,DAL,32,1,6.7,0.7,2.2,.314,0.2,0.5,.333,0.5,1.7,.309,.350,0.6,1.0,.606,0.0,0.6,0.7,0.2,0.1,0.1,0.5,0.8,2.2,2007
8524,4,LaMarcus Aldridge,C,21,POR,63,22,22.1,3.8,7.6,.503,0.0,0.0,.000,3.8,7.6,.505,.503,1.3,1.8,.722,2.3,2.7,5.0,0.4,0.3,1.2,0.7,3.0,9.0,2007
8525,5,Malik Allen,PF,28,CHI,60,1,10.6,1.8,4.3,.415,0.0,0.0,.000,1.8,4.3,.416,.415,0.5,0.6,.824,0.7,1.3,2.0,0.3,0.3,0.3,0.4,1.4,4.0,2007
8526,6,Ray Allen*,SG,31,SEA,55,55,40.3,9.2,21.0,.438,3.0,8.1,.372,6.2,12.9,.479,.510,5.1,5.6,.903,1.0,3.5,4.5,4.1,1.5,0.2,2.8,2.1,26.4,2007
8527,7,Tony Allen,SG,25,BOS,33,18,24.4,4.0,7.8,.514,0.2,1.0,.242,3.8,6.8,.553,.529,3.2,4.1,.784,1.1,2.7,3.8,1.7,1.5,0.4,2.3,2.6,11.5,2007
8528,8,Rafer Alston,PG,30,HOU,82,82,37.1,4.7,12.4,.375,2.3,6.5,.363,2.3,6.0,.389,.470,1.6,2.2,.734,0.4,3.1,3.4,5.4,1.6,0.1,2.1,2.4,13.3,2007
8529,9,Lou Amundson,PF,24,TOT,11,0,8.1,0.5,1.4,.400,0.0,0.0,,0.5,1.4,.400,.400,0.4,0.9,.400,1.2,1.4,2.5,0.1,0.1,0.7,0.5,1.4,1.5,2007
8530,9,Lou Amundson,PF,24,UTA,1,0,2.0,0.0,0.0,,0.0,0.0,,0.0,0.0,,,0.0,0.0,,0.0,0.0,0.0,0.0,0.0,0.0,0.0,0.0,0.0,2007
8531,9,Lou Amundson,PF,24,PHI,10,0,8.7,0.6,1.5,.400,0.0,0.0,,0.6,1.5,.400,.400,0.4,1.0,.400,1.3,1.5,2.8,0.1,0.1,0.8,0.5,1.5,1.6,2007
8532,10,Alan Anderson,SG,24,CHA,17,0,15.1,2.2,4.8,.457,0.3,1.2,.250,1.9,3.6,.525,.488,1.1,1.4,.826,0.6,1.2,1.9,1.2,0.4,0.0,1.3,1.9,5.8,2007
8533,11,Derek Anderson,SF,32,CHA,50,32,23.8,2.5,5.9,.429,1.1,3.0,.355,1.4,2.8,.507,.520,1.9,2.1,.877,0.6,1.7,2.3,2.7,1.0,0.1,1.1,2.3,8.0,2007
8534,12,Carmelo Anthony,SF,22,DEN,65,65,38.2,10.6,22.4,.476,0.6,2.3,.268,10.0,20.1,.499,.489,7.1,8.7,.808,2.2,3.8,6.0,3.8,1.2,0.4,3.6,3.1,28.9,2007
8535,13,Rafael Araújo,C,26,UTA,28,0,8.9,1.0,2.3,.415,0.0,0.0,,1.0,2.3,.415,.415,0.6,1.0,.621,0.8,1.6,2.4,0.4,0.2,0.1,0.6,1.4,2.6,2007
8536,14,Gilbert Arenas,PG,25,WAS,74,73,39.8,8.7,20.9,.418,2.8,7.9,.351,6.0,13.0,.459,.484,8.2,9.7,.844,0.8,3.7,4.6,6.0,1.9,0.2,3.2,3.4,28.4,2007
8537,15,Trevor Ariza,SG,21,ORL,57,7,22.4,3.5,6.5,.539,0.0,0.1,.000,3.5,6.4,.549,.539,1.9,3.0,.620,1.7,2.6,4.4,1.1,1.0,0.3,1.5,2.4,8.9,2007
8538,16,Darrell Armstrong,PG,38,IND,81,4,15.7,1.9,4.7,.414,0.9,2.6,.336,1.0,2.0,.515,.509,0.9,1.1,.785,0.4,1.2,1.7,2.4,0.9,0.1,0.9,1.3,5.6,2007
8539,17,Hilton Armstrong,C,22,NOK,56,5,11.3,1.2,2.2,.544,0.0,0.0,,1.2,2.2,.544,.544,0.7,1.2,.597,1.0,1.6,2.7,0.2,0.2,0.5,0.6,1.4,3.1,2007
8540,18,Carlos Arroyo,PG,27,ORL,72,5,18.1,2.8,6.6,.425,0.2,0.7,.275,2.6,5.9,.443,.439,1.8,2.3,.795,0.4,1.4,1.9,2.8,0.5,0.0,1.3,1.8,7.7,2007
8541,19,Chucky Atkins,PG,32,MEM,75,23,27.5,4.1,9.5,.434,1.5,4.1,.379,2.6,5.5,.474,.515,3.4,4.1,.810,0.2,1.6,1.9,4.6,0.7,0.1,1.7,1.8,13.2,2007
8542,20,James Augustine,PF,22,ORL,2,0,3.5,0.5,1.5,.333,0.0,0.0,,0.5,1.5,.333,.333,0.0,0.0,,0.5,1.0,1.5,1.0,0.0,0.0,0.0,1.0,1.0,2007
8543,21,Kelenna Azubuike,SG,23,GSW,41,9,16.3,2.4,5.4,.445,0.8,1.9,.430,1.6,3.4,.454,.523,1.5,1.9,.782,0.6,1.7,2.3,0.7,0.5,0.2,1.0,1.2,7.1,2007
8544,22,Renaldo Balkman,SF,22,NYK,68,1,15.6,2.0,4.0,.505,0.1,0.4,.185,2.0,3.6,.540,.515,0.8,1.3,.567,1.4,2.9,4.3,0.6,0.8,0.6,0.7,2.1,4.9,2007
8545,23,Marcus Banks,PG,25,PHO,45,1,11.2,1.9,4.4,.429,0.1,0.6,.172,1.8,3.7,.473,.441,1.1,1.3,.800,0.2,0.6,0.8,1.3,0.5,0.1,0.9,1.6,4.9,2007
8546,24,Leandro Barbosa,SG,24,PHO,80,18,32.7,6.6,13.9,.476,2.4,5.5,.434,4.2,8.4,.504,.562,2.5,2.9,.845,0.3,2.4,2.7,4.0,1.2,0.2,1.8,2.6,18.1,2007
8547,25,J.J. Barea,PG,22,DAL,33,1,5.8,0.8,2.4,.359,0.2,0.6,.286,0.7,1.7,.386,.397,0.5,0.7,.667,0.2,0.5,0.8,0.7,0.0,0.0,0.4,0.6,2.4,2007
8548,26,Andrea Bargnani,PF,21,TOR,65,2,25.1,4.1,9.6,.427,1.5,4.1,.373,2.6,5.5,.468,.507,1.8,2.2,.824,0.8,3.1,3.9,0.8,0.5,0.8,1.6,2.8,11.6,2007
8549,27,Matt Barnes,PF,26,GSW,76,23,23.9,3.6,8.3,.438,1.4,3.8,.366,2.2,4.4,.500,.522,1.2,1.6,.732,1.2,3.4,4.6,2.1,1.0,0.5,1.4,2.5,9.8,2007
8550,28,Andre Barrett,PG,24,CHI,6,0,4.8,0.7,1.3,.500,0.0,0.0,,0.7,1.3,.500,.500,0.0,0.0,,0.2,0.7,0.8,1.2,0.0,0.0,0.7,0.7,1.3,2007
8551,29,Earl Barron,C,25,MIA,28,0,7.3,0.9,3.0,.289,0.0,0.0,.000,0.9,2.9,.293,.289,0.6,0.6,.944,0.7,0.8,1.5,0.2,0.2,0.1,0.4,0.8,2.3,2007
8552,30,Brent Barry,SG,35,SAS,75,28,21.7,2.7,5.7,.475,1.7,3.8,.446,1.0,1.8,.536,.626,1.4,1.6,.880,0.2,1.9,2.1,1.8,0.7,0.2,0.8,1.2,8.5,2007
8553,31,Brandon Bass,PF,21,NOK,21,3,7.7,0.7,2.1,.341,0.0,0.0,.000,0.7,2.0,.349,.341,0.6,0.8,.750,0.6,1.4,2.0,0.1,0.1,0.1,0.5,0.8,2.0,2007
8554,32,Maceo Baston,PF,31,IND,47,2,8.6,1.0,1.6,.645,0.1,0.1,.429,1.0,1.5,.667,.664,0.8,1.0,.787,0.4,1.1,1.6,0.3,0.3,0.4,0.7,1.4,2.9,2007
8555,33,Esteban Batista,PF,23,ATL,13,0,6.2,0.6,1.2,.500,0.0,0.0,,0.6,1.2,.500,.500,0.3,0.5,.571,0.5,1.8,2.3,0.3,0.2,0.0,0.3,1.0,1.5,2007
8556,34,Tony Battie,PF,30,ORL,66,66,23.9,2.7,5.5,.489,0.0,0.0,.000,2.7,5.4,.490,.489,0.8,1.2,.675,1.4,3.8,5.2,0.5,0.4,0.5,0.9,2.8,6.1,2007
8557,35,Shane Battier,SF,28,HOU,82,82,36.4,3.6,8.0,.446,1.9,4.5,.421,1.6,3.4,.480,.567,1.1,1.4,.779,0.8,3.3,4.1,2.1,1.0,0.7,0.9,2.3,10.1,2007
8558,36,Charlie Bell,SG,27,MIL,82,64,34.7,5.2,11.9,.437,1.5,4.4,.352,3.6,7.5,.488,.503,1.6,2.0,.780,0.7,2.2,2.9,3.0,1.2,0.0,1.3,2.6,13.5,2007
8559,37,Raja Bell,SG,30,PHO,78,78,37.4,5.3,12.2,.432,2.6,6.4,.413,2.6,5.8,.452,.539,1.5,1.9,.776,0.6,2.6,3.2,2.5,0.6,0.3,1.1,3.0,14.7,2007
8560,38,Mike Bibby,PG,28,SAC,82,82,34.0,5.7,14.2,.404,2.1,5.9,.360,3.6,8.4,.435,.478,3.5,4.2,.830,0.5,2.7,3.2,4.7,1.1,0.1,2.4,1.7,17.1,2007
8561,39,Andris Biedriņš,C,20,GSW,82,63,29.0,4.2,7.1,.599,0.0,0.0,,4.2,7.1,.599,.599,1.1,2.0,.521,3.1,6.2,9.3,1.1,0.8,1.7,1.5,3.7,9.5,2007
8562,40,Chauncey Billups,PG,30,DET,70,70,36.2,5.0,11.6,.427,1.6,4.5,.345,3.4,7.1,.479,.494,5.5,6.2,.883,0.3,3.1,3.4,7.2,1.2,0.2,2.0,2.3,17.0,2007
8563,Rk,Player,Pos,Age,Tm,G,GS,MP,FG,FGA,FG%,3P,3PA,3P%,2P,2PA,2P%,eFG%,FT,FTA,FT%,ORB,DRB,TRB,AST,STL,BLK,TOV,PF,PTS,2007
8564,41,Steve Blake,PG,26,TOT,82,42,27.1,2.5,6.2,.411,0.8,2.5,.322,1.7,3.7,.472,.476,0.5,0.8,.672,0.3,1.8,2.1,5.0,0.7,0.1,1.6,1.5,6.4,2007
8565,41,Steve Blake,PG,26,MIL,33,2,17.7,1.4,3.9,.349,0.6,2.1,.279,0.8,1.8,.426,.422,0.3,0.6,.550,0.2,1.2,1.4,2.5,0.3,0.1,0.8,1.5,3.6,2007
8566,41,Steve Blake,PG,26,DEN,49,40,33.5,3.3,7.8,.432,1.0,2.9,.343,2.4,4.9,.483,.495,0.7,0.9,.727,0.3,2.2,2.5,6.6,1.0,0.1,2.1,1.5,8.3,2007
8567,42,Will Blalock,PG,23,DET,14,0,11.9,0.6,2.1,.300,0.1,0.4,.200,0.6,1.8,.320,.317,0.4,0.4,1.000,0.4,0.6,1.1,1.2,0.4,0.0,0.9,0.6,1.8,2007
8568,43,Andray Blatche,PF,20,WAS,56,13,12.2,1.5,3.5,.437,0.1,0.5,.148,1.5,3.0,.482,.447,0.5,0.9,.612,1.4,2.0,3.4,0.7,0.3,0.6,0.9,1.7,3.7,2007
8569,44,Mark Blount,C,31,MIN,82,81,31.0,5.2,10.2,.509,0.1,0.4,.290,5.1,9.9,.517,.514,1.8,2.4,.754,1.7,4.5,6.2,0.8,0.5,0.7,1.9,2.9,12.3,2007
8570,45,Keith Bogans,SG,26,ORL,59,18,16.8,1.7,4.2,.404,0.9,2.3,.387,0.8,1.8,.426,.512,0.8,1.1,.746,0.3,1.3,1.6,1.0,0.5,0.0,0.8,1.7,5.1,2007
8571,46,Andrew Bogut,C,22,MIL,66,66,34.2,5.3,9.5,.553,0.0,0.1,.200,5.3,9.5,.556,.554,1.7,2.9,.577,2.5,6.3,8.8,3.0,0.7,0.5,2.3,3.3,12.3,2007
8572,47,Matt Bonner,PF,26,SAS,56,0,11.7,1.9,4.2,.447,0.6,1.7,.383,1.3,2.6,.490,.523,0.5,0.7,.711,1.1,1.6,2.8,0.4,0.3,0.2,0.4,1.2,4.9,2007
8573,48,Josh Boone,PF,22,NJN,61,0,11.0,1.6,2.8,.579,0.0,0.0,,1.6,2.8,.579,.579,0.9,1.7,.544,1.0,1.8,2.9,0.2,0.2,0.3,0.5,1.5,4.2,2007
8574,49,Calvin Booth,C,30,WAS,44,1,8.6,0.7,1.5,.470,0.0,0.0,.500,0.7,1.5,.469,.477,0.1,0.2,.600,0.6,1.2,1.8,0.4,0.1,0.7,0.2,1.6,1.6,2007
8575,50,Carlos Boozer,PF,25,UTA,74,74,34.6,8.7,15.6,.561,0.0,0.0,,8.7,15.6,.561,.561,3.4,5.0,.685,3.2,8.5,11.7,3.0,0.9,0.3,2.6,2.9,20.9,2007
8576,51,Chris Bosh*,C,22,TOR,69,69,38.5,7.9,15.9,.496,0.2,0.5,.343,7.7,15.3,.501,.502,6.7,8.6,.785,2.7,8.0,10.7,2.5,0.6,1.3,2.6,2.4,22.6,2007
8577,52,Bruce Bowen,SF,35,SAS,82,82,30.0,2.3,5.7,.405,1.1,2.8,.384,1.2,2.9,.426,.500,0.5,0.9,.589,0.3,2.4,2.7,1.4,0.8,0.3,0.8,2.1,6.2,2007
8578,53,Earl Boykins,PG,30,TOT,66,23,30.8,4.9,11.7,.420,1.4,3.6,.397,3.5,8.0,.430,.482,3.3,3.7,.898,0.7,1.4,2.1,4.4,0.8,0.0,1.8,1.4,14.6,2007
8579,53,Earl Boykins,PG,30,DEN,31,4,28.3,5.0,12.2,.413,1.3,3.5,.373,3.7,8.6,.429,.467,3.8,4.2,.908,0.7,1.3,2.0,4.3,0.8,0.1,1.7,1.0,15.2,2007
8580,53,Earl Boykins,PG,30,MIL,35,19,33.0,4.8,11.2,.427,1.5,3.7,.419,3.2,7.5,.431,.496,2.9,3.3,.886,0.7,1.4,2.2,4.5,0.9,0.0,1.9,1.7,14.0,2007
8581,54,Cedric Bozeman,SG,23,ATL,23,5,8.7,0.5,1.7,.282,0.1,0.6,.154,0.4,1.1,.346,.308,0.1,0.3,.333,0.1,0.9,1.0,0.4,0.2,0.1,0.4,1.4,1.1,2007
8582,55,Elton Brand,PF,27,LAC,80,80,38.5,8.1,15.1,.533,0.0,0.0,1.000,8.1,15.1,.532,.533,4.4,5.8,.761,3.4,6.0,9.3,2.9,1.0,2.2,2.5,3.0,20.5,2007
8583,56,Ronnie Brewer,SG,21,UTA,56,14,12.1,1.8,3.4,.528,0.0,0.2,.000,1.8,3.3,.554,.528,1.0,1.5,.675,0.7,0.7,1.3,0.4,0.7,0.1,0.4,0.8,4.6,2007
8584,57,Primož Brezec,C,27,CHA,58,40,14.4,2.1,4.7,.445,0.0,0.1,.333,2.1,4.7,.446,.447,0.7,1.2,.632,1.4,1.8,3.2,0.4,0.2,0.4,0.7,2.8,5.0,2007
8585,58,Andre Brown,PF,25,SEA,38,0,7.1,1.1,1.9,.568,0.0,0.0,.000,1.1,1.9,.575,.568,0.2,0.4,.600,0.7,1.3,1.9,0.1,0.2,0.1,0.8,0.7,2.4,2007
8586,59,Dee Brown,PG,22,UTA,49,0,9.2,0.7,2.0,.327,0.1,0.6,.214,0.5,1.4,.371,.357,0.5,0.8,.649,0.2,0.7,0.8,1.7,0.4,0.1,0.6,1.0,1.9,2007
8587,60,Devin Brown,SG,28,NOK,58,49,28.7,4.0,9.6,.420,1.4,3.9,.357,2.6,5.7,.463,.493,2.1,2.7,.794,0.9,3.4,4.3,2.6,0.8,0.2,1.6,2.4,11.6,2007
8588,Rk,Player,Pos,Age,Tm,G,GS,MP,FG,FGA,FG%,3P,3PA,3P%,2P,2PA,2P%,eFG%,FT,FTA,FT%,ORB,DRB,TRB,AST,STL,BLK,TOV,PF,PTS,2007
8589,61,Kwame Brown,C,24,LAL,41,28,27.6,3.5,5.9,.591,0.0,0.0,.000,3.5,5.9,.593,.591,1.4,3.3,.440,2.0,4.0,6.0,1.8,1.0,1.2,1.9,3.0,8.4,2007
8590,62,P.J. Brown,PF,37,CHI,72,49,20.2,2.4,5.8,.407,0.0,0.0,.000,2.4,5.8,.409,.407,1.3,1.7,.787,1.8,3.0,4.8,0.7,0.3,0.7,1.2,2.6,6.1,2007
8591,63,Shannon Brown,SG,21,CLE,23,5,8.8,1.2,3.2,.378,0.3,1.1,.280,0.9,2.1,.429,.426,0.4,0.6,.714,0.3,0.7,0.9,0.4,0.3,0.1,0.6,1.0,3.2,2007
8592,64,Kobe Bryant*,SG,28,LAL,77,77,40.8,10.6,22.8,.463,1.8,5.2,.344,8.8,17.6,.497,.502,8.7,10.0,.868,1.0,4.7,5.7,5.4,1.4,0.5,3.3,2.7,31.6,2007
8593,65,Greg Buckner,SG,30,DAL,76,11,18.1,1.6,3.9,.411,0.4,1.4,.311,1.2,2.6,.464,.465,0.4,0.4,.794,0.5,1.6,2.1,0.9,0.6,0.1,0.5,2.0,4.0,2007
8594,66,Pat Burke,C,33,PHO,23,0,7.1,1.0,2.8,.354,0.3,1.0,.273,0.7,1.9,.395,.400,0.3,0.6,.615,0.5,1.5,2.0,0.2,0.1,0.1,0.3,0.8,2.6,2007
8595,67,Caron Butler,SF,26,WAS,63,63,39.3,7.2,15.5,.463,0.3,1.1,.250,6.9,14.3,.480,.472,4.5,5.2,.863,2.3,5.1,7.4,3.7,2.1,0.3,2.9,3.0,19.1,2007
8596,68,Jackie Butler,C,21,SAS,11,2,9.4,1.5,3.2,.457,0.0,0.0,,1.5,3.2,.457,.457,0.8,0.9,.900,0.5,1.5,2.0,0.5,0.2,0.0,0.9,1.5,3.7,2007
8597,69,Rasual Butler,SF,27,NOK,81,38,27.4,3.9,9.7,.398,1.7,4.5,.369,2.2,5.2,.424,.484,0.7,1.1,.644,0.5,2.6,3.2,0.8,0.5,0.7,0.8,1.8,10.1,2007
8598,70,Andrew Bynum,C,19,LAL,82,53,21.9,3.0,5.4,.558,0.0,0.0,.000,3.0,5.4,.561,.558,1.7,2.6,.668,1.7,4.2,5.9,1.1,0.1,1.6,1.4,3.0,7.8,2007
8599,71,José Calderón,PG,25,TOR,77,11,21.0,3.4,6.6,.521,0.3,1.0,.333,3.1,5.6,.553,.546,1.5,1.9,.818,0.3,1.5,1.7,5.0,0.8,0.1,1.4,1.8,8.7,2007
8600,72,Marcus Camby,C,32,DEN,70,70,33.8,4.5,9.4,.473,0.0,0.0,.000,4.5,9.4,.475,.473,2.3,3.2,.729,2.3,9.3,11.7,3.2,1.2,3.3,1.7,2.6,11.2,2007
8601,73,Brian Cardinal,PF,29,MEM,28,1,11.2,1.5,3.0,.494,0.6,1.6,.409,0.9,1.5,.585,.600,0.9,1.0,.926,0.5,1.6,2.1,1.1,0.8,0.0,0.8,1.5,4.5,2007
8602,74,Rodney Carney,SF,22,PHI,67,35,17.4,2.7,5.9,.464,0.4,1.1,.347,2.3,4.8,.491,.496,0.8,1.3,.609,0.6,1.3,1.9,0.4,0.6,0.3,0.6,1.8,6.6,2007
8603,75,Matt Carroll,SG,26,CHA,72,47,26.1,4.0,9.1,.433,1.5,3.7,.416,2.4,5.4,.445,.517,2.6,2.9,.904,0.5,2.4,2.9,1.3,0.7,0.1,1.0,2.4,12.1,2007
8604,76,Anthony Carter,PG,31,DEN,2,0,18.5,1.5,4.0,.375,0.0,1.0,.000,1.5,3.0,.500,.375,0.0,0.0,,0.0,1.5,1.5,5.5,0.0,0.5,3.0,2.0,3.0,2007
8605,77,Vince Carter,SG,30,NJN,82,82,38.1,8.9,19.5,.454,1.9,5.3,.357,7.0,14.2,.491,.503,5.6,7.0,.802,1.4,4.6,6.0,4.8,1.0,0.4,2.6,3.2,25.2,2007
8606,78,Sam Cassell,PG,37,LAC,58,30,24.3,4.5,10.8,.418,0.6,1.9,.294,3.9,8.9,.444,.443,2.8,3.1,.879,0.5,2.4,2.9,4.7,0.5,0.1,1.7,2.2,12.3,2007
8607,79,Kelvin Cato,C,32,NYK,18,0,5.3,0.4,1.2,.318,0.0,0.0,,0.4,1.2,.318,.318,0.4,0.7,.667,0.7,1.1,1.7,0.0,0.2,0.6,0.3,0.6,1.2,2007
8608,80,Tyson Chandler,C,24,NOK,73,73,34.6,4.0,6.4,.624,0.0,0.0,.000,4.0,6.4,.625,.624,1.5,2.8,.527,4.4,8.0,12.4,0.9,0.5,1.8,1.7,3.3,9.5,2007
8609,Rk,Player,Pos,Age,Tm,G,GS,MP,FG,FGA,FG%,3P,3PA,3P%,2P,2PA,2P%,eFG%,FT,FTA,FT%,ORB,DRB,TRB,AST,STL,BLK,TOV,PF,PTS,2007
8610,81,Josh Childress,SG,23,ATL,55,13,36.8,4.7,9.4,.504,0.5,1.4,.338,4.3,8.0,.533,.529,3.0,3.8,.795,2.2,3.9,6.2,2.3,1.1,0.7,1.5,2.1,13.0,2007
8611,82,Doug Christie,SG,36,LAC,7,0,11.7,0.7,2.4,.294,0.1,0.9,.167,0.6,1.6,.364,.324,0.3,0.4,.667,0.4,1.1,1.6,1.1,0.4,0.1,0.7,1.6,1.9,2007
8612,83,Speedy Claxton,PG,28,ATL,42,31,25.1,2.2,6.6,.327,0.1,0.7,.214,2.0,6.0,.340,.338,0.8,1.4,.550,0.3,1.6,1.9,4.4,1.7,0.1,1.8,3.1,5.3,2007
8613,84,Jarron Collins,C,28,UTA,82,9,11.1,0.9,2.1,.441,0.0,0.0,,0.9,2.1,.441,.441,0.7,1.0,.651,0.9,1.2,2.1,0.7,0.2,0.1,0.5,1.8,2.5,2007
8614,85,Jason Collins,PF,28,NJN,80,78,23.1,0.7,1.9,.364,0.0,0.0,.000,0.7,1.9,.369,.364,0.7,1.6,.465,1.1,2.8,4.0,0.6,0.5,0.5,0.9,3.4,2.1,2007
8615,86,Mardy Collins,SF,22,NYK,52,9,14.9,1.7,4.4,.382,0.3,0.9,.277,1.4,3.5,.409,.410,0.9,1.6,.585,0.5,1.5,2.0,1.6,0.6,0.1,1.1,1.4,4.5,2007
8616,87,Nick Collison,C,26,SEA,82,56,29.0,3.9,7.8,.500,0.0,0.0,.000,3.9,7.7,.502,.500,1.9,2.4,.774,2.8,5.3,8.1,1.0,0.6,0.8,1.5,3.5,9.6,2007
8617,88,Will Conroy,PG-SG,24,TOT,7,0,7.4,0.0,0.4,.000,0.0,0.0,,0.0,0.4,.000,.000,0.0,0.6,.000,0.4,0.6,1.0,1.3,0.0,0.0,0.3,1.0,0.0,2007
8618,88,Will Conroy,SG,24,MEM,3,0,5.7,0.0,0.0,,0.0,0.0,,0.0,0.0,,,0.0,0.0,,0.3,0.3,0.7,0.3,0.0,0.0,0.0,0.3,0.0,2007
8619,88,Will Conroy,PG,24,LAC,4,0,8.8,0.0,0.8,.000,0.0,0.0,,0.0,0.8,.000,.000,0.0,1.0,.000,0.5,0.8,1.3,2.0,0.0,0.0,0.5,1.5,0.0,2007
8620,89,Brian Cook,PF,26,LAL,65,24,15.7,2.8,6.3,.453,0.7,1.8,.400,2.1,4.5,.474,.510,0.5,0.7,.723,0.9,2.4,3.3,1.0,0.4,0.4,0.8,2.1,6.9,2007
8621,90,Jamal Crawford,SG,26,NYK,59,36,37.3,6.0,15.0,.400,1.7,5.5,.320,4.3,9.6,.445,.458,3.9,4.6,.838,0.7,2.5,3.2,4.4,1.0,0.1,2.7,1.9,17.6,2007
8622,91,Austin Croshere,PF,31,DAL,61,2,11.9,1.3,3.6,.351,0.4,1.5,.286,0.9,2.1,.397,.410,0.7,0.9,.865,0.5,2.5,3.0,0.7,0.2,0.1,0.5,1.1,3.7,2007
8623,92,Eddy Curry,C,24,NYK,81,81,35.2,7.2,12.5,.576,0.0,0.0,1.000,7.2,12.5,.575,.576,5.0,8.1,.615,2.4,4.6,7.0,0.8,0.4,0.5,3.6,3.3,19.5,2007
8624,93,Samuel Dalembert,C,25,PHI,82,82,30.9,4.3,8.0,.541,0.0,0.0,.000,4.3,8.0,.543,.541,2.0,2.7,.746,2.9,6.0,8.9,0.8,0.6,1.9,2.0,3.5,10.7,2007
8625,94,Erick Dampier,C,31,DAL,76,73,25.2,2.8,4.4,.626,0.0,0.0,,2.8,4.4,.626,.626,1.6,2.5,.623,2.9,4.6,7.4,0.6,0.3,1.1,1.4,3.1,7.1,2007
8626,95,Antonio Daniels,SG,31,WAS,80,8,22.0,2.2,4.9,.442,0.2,0.8,.302,1.9,4.1,.469,.467,2.6,3.1,.832,0.2,1.7,1.9,3.6,0.5,0.1,0.9,1.0,7.1,2007
8627,96,Marquis Daniels,SG,26,IND,45,4,17.8,2.9,6.2,.459,0.1,0.6,.231,2.7,5.7,.482,.470,1.2,1.8,.700,0.6,1.2,1.8,1.3,0.6,0.2,1.2,1.2,7.1,2007
8628,97,Baron Davis,PG,27,GSW,63,62,35.3,7.2,16.3,.439,1.3,4.4,.304,5.8,11.9,.489,.480,4.4,5.9,.745,0.8,3.6,4.4,8.1,2.1,0.5,3.1,2.9,20.1,2007
8629,98,Dale Davis,C,37,DET,46,6,10.1,0.7,1.6,.446,0.0,0.0,,0.7,1.6,.446,.446,0.4,0.6,.654,1.3,1.7,3.0,0.3,0.2,0.7,0.3,1.3,1.8,2007
8630,99,Paul Davis,C,22,LAC,31,0,5.8,0.7,1.7,.423,0.0,0.0,,0.7,1.7,.423,.423,0.2,0.3,.700,0.7,0.7,1.4,0.2,0.2,0.2,0.3,0.9,1.6,2007
8631,100,Ricky Davis,SF,27,MIN,81,81,37.3,6.2,13.4,.465,1.5,3.8,.397,4.7,9.6,.492,.521,3.0,3.5,.839,0.7,3.2,3.9,4.8,1.0,0.3,2.6,2.3,17.0,2007
8632,Rk,Player,Pos,Age,Tm,G,GS,MP,FG,FGA,FG%,3P,3PA,3P%,2P,2PA,2P%,eFG%,FT,FTA,FT%,ORB,DRB,TRB,AST,STL,BLK,TOV,PF,PTS,2007
8633,101,Carlos Delfino,SG,24,DET,82,1,16.7,1.9,4.6,.415,0.6,1.7,.333,1.3,2.9,.462,.476,0.9,1.1,.787,0.8,2.4,3.2,1.1,0.6,0.1,0.7,1.2,5.2,2007
8634,102,Luol Deng,SF,21,CHI,82,82,37.5,7.7,14.9,.517,0.0,0.1,.143,7.7,14.8,.519,.518,3.4,4.4,.777,1.8,5.3,7.1,2.5,1.2,0.6,1.9,2.0,18.8,2007
8635,103,Boris Diaw,PF,24,PHO,73,59,31.1,4.2,7.8,.538,0.2,0.6,.333,4.0,7.2,.555,.551,1.1,1.6,.683,1.2,3.1,4.3,4.8,0.4,0.5,2.1,2.4,9.7,2007
8636,104,Yakhouba Diawara,SG,24,DEN,64,19,18.4,1.6,4.6,.342,0.8,2.7,.288,0.8,1.9,.418,.426,0.5,0.8,.660,0.4,1.3,1.7,0.9,0.5,0.1,0.6,2.1,4.4,2007
8637,105,Dan Dickau,PG,28,POR,50,3,8.9,1.1,3.0,.358,0.3,1.2,.262,0.8,1.8,.422,.411,0.8,1.1,.792,0.1,0.7,0.9,1.4,0.3,0.0,0.5,1.1,3.3,2007
8638,106,Travis Diener,PG,24,ORL,26,0,11.1,1.3,3.1,.425,0.7,1.9,.360,0.6,1.2,.533,.538,0.5,0.6,.800,0.1,0.6,0.7,1.3,0.2,0.0,0.5,1.0,3.8,2007
8639,107,Ike Diogu,PF,23,TOT,59,2,12.9,2.2,4.5,.477,0.0,0.0,,2.2,4.5,.477,.477,1.9,2.4,.800,1.3,2.2,3.4,0.4,0.1,0.4,1.1,2.1,6.2,2007
8640,107,Ike Diogu,PF,23,GSW,17,0,13.1,2.6,4.9,.530,0.0,0.0,,2.6,4.9,.530,.530,2.1,2.6,.795,1.2,2.5,3.7,0.3,0.2,0.6,1.1,2.1,7.2,2007
8641,107,Ike Diogu,PF,23,IND,42,2,12.8,2.0,4.4,.454,0.0,0.0,,2.0,4.4,.454,.454,1.8,2.3,.802,1.3,2.0,3.3,0.5,0.1,0.4,1.2,2.1,5.8,2007
8642,108,DeSagana Diop,C,25,DAL,81,9,18.3,0.9,1.9,.470,0.0,0.0,.000,0.9,1.9,.473,.470,0.6,1.1,.558,2.0,3.4,5.4,0.4,0.5,1.4,0.8,3.0,2.3,2007
8643,109,Juan Dixon,SG,28,TOT,81,6,23.8,3.7,8.7,.425,1.0,2.8,.350,2.7,5.9,.461,.482,1.2,1.4,.871,0.3,1.6,2.0,1.5,0.9,0.1,1.2,2.2,9.6,2007
8644,109,Juan Dixon,SG,28,POR,55,1,22.6,3.4,8.1,.426,0.9,2.6,.364,2.5,5.5,.455,.484,1.1,1.3,.833,0.3,1.3,1.5,1.5,0.9,0.1,1.4,2.0,8.9,2007
8645,109,Juan Dixon,SG,28,TOR,26,5,26.3,4.2,10.0,.425,1.0,3.2,.325,3.2,6.8,.472,.477,1.6,1.7,.932,0.4,2.4,2.8,1.6,1.0,0.1,0.9,2.5,11.1,2007
8646,110,Michael Doleac,C,29,MIA,56,0,12.5,1.5,3.1,.469,0.0,0.0,.000,1.5,3.1,.471,.469,0.6,0.7,.878,0.8,2.0,2.8,0.4,0.3,0.3,0.5,1.7,3.6,2007
8647,111,Keyon Dooling,SG,26,ORL,66,2,21.7,2.8,6.9,.410,0.5,1.5,.323,2.4,5.5,.434,.444,1.7,2.1,.809,0.3,1.0,1.3,1.7,0.8,0.2,1.1,1.9,7.9,2007
8648,112,Quincy Douby,PG,22,SAC,42,0,8.5,1.1,3.0,.381,0.3,1.2,.240,0.9,1.8,.474,.429,0.3,0.4,.733,0.3,0.6,0.9,0.4,0.4,0.1,0.4,0.5,2.8,2007
8649,113,Chris Duhon,PG,24,CHI,78,30,24.4,2.5,6.2,.408,1.1,3.1,.359,1.4,3.1,.458,.499,1.0,1.3,.752,0.3,1.9,2.2,4.0,0.9,0.1,1.3,1.9,7.2,2007
8650,114,Tim Duncan*,C,30,SAS,80,80,34.1,7.7,14.1,.546,0.0,0.1,.111,7.7,14.0,.550,.547,4.5,7.1,.637,2.7,7.9,10.6,3.4,0.8,2.4,2.8,2.5,20.0,2007
8651,115,Mike Dunleavy,SG-PF,26,TOT,82,49,31.5,4.7,10.4,.452,0.9,2.7,.313,3.8,7.6,.502,.493,2.6,3.3,.784,1.0,4.2,5.3,2.8,1.0,0.3,1.8,2.5,12.8,2007
8652,115,Mike Dunleavy,PF,26,GSW,39,6,26.9,4.3,9.5,.449,0.9,2.7,.346,3.3,6.8,.489,.497,2.0,2.6,.772,1.0,3.8,4.8,3.0,1.0,0.3,1.8,2.1,11.4,2007
8653,115,Mike Dunleavy,SG,26,IND,43,43,35.6,5.1,11.2,.454,0.8,2.8,.283,4.3,8.4,.511,.490,3.1,3.9,.792,1.0,4.7,5.7,2.6,1.1,0.2,1.8,2.8,14.0,2007
8654,116,Ronald Dupree,SF,26,DET,19,0,4.9,0.6,1.6,.355,0.0,0.0,,0.6,1.6,.355,.355,0.2,0.5,.333,0.3,0.6,0.9,0.3,0.3,0.1,0.2,0.6,1.3,2007
8655,117,Monta Ellis,SG,21,GSW,77,53,34.3,6.2,13.1,.475,0.5,1.9,.273,5.7,11.3,.509,.495,3.5,4.6,.763,0.8,2.4,3.2,4.1,1.7,0.3,2.9,2.7,16.5,2007
8656,118,Francisco Elson,C,30,SAS,70,41,19.0,2.1,4.0,.511,0.0,0.0,.000,2.1,4.0,.514,.511,0.9,1.1,.775,1.2,3.6,4.8,0.8,0.4,0.8,1.2,2.6,5.0,2007
8657,119,Melvin Ely,PF-C,28,TOT,30,0,10.3,1.0,2.7,.363,0.0,0.0,,1.0,2.7,.363,.363,1.0,1.6,.660,0.5,1.3,1.8,0.6,0.2,0.3,0.9,1.7,3.0,2007
8658,119,Melvin Ely,PF,28,CHA,24,0,10.2,1.0,2.5,.383,0.0,0.0,,1.0,2.5,.383,.383,1.0,1.5,.686,0.5,1.1,1.6,0.6,0.1,0.3,1.0,1.6,2.9,2007
8659,119,Melvin Ely,C,28,SAS,6,0,10.8,1.0,3.3,.300,0.0,0.0,,1.0,3.3,.300,.300,1.2,2.0,.583,0.5,1.8,2.3,0.7,0.7,0.3,0.8,2.0,3.2,2007
8660,120,Maurice Evans,SG,28,LAL,76,10,22.8,3.1,7.1,.432,0.6,1.8,.361,2.4,5.4,.455,.476,1.6,2.0,.787,1.2,1.7,2.9,1.0,0.5,0.2,0.8,1.7,8.4,2007
8661,Rk,Player,Pos,Age,Tm,G,GS,MP,FG,FGA,FG%,3P,3PA,3P%,2P,2PA,2P%,eFG%,FT,FTA,FT%,ORB,DRB,TRB,AST,STL,BLK,TOV,PF,PTS,2007
8662,121,Reggie Evans,PF,26,DEN,66,11,17.1,1.8,3.3,.544,0.0,0.0,,1.8,3.3,.544,.544,1.4,2.8,.497,2.4,4.6,7.0,0.7,0.6,0.2,1.4,2.2,4.9,2007
8663,122,Daniel Ewing,PG,23,LAC,61,3,11.7,1.1,2.6,.404,0.2,0.7,.318,0.8,1.9,.436,.447,0.6,0.7,.778,0.1,1.0,1.2,1.5,0.5,0.1,0.8,1.0,2.9,2007
8664,123,Jordan Farmar,PG,20,LAL,72,2,15.1,1.7,4.1,.422,0.6,1.9,.328,1.1,2.2,.503,.498,0.4,0.5,.711,0.3,1.3,1.7,1.9,0.6,0.1,1.0,1.1,4.4,2007
8665,124,Desmon Farmer,SG,25,SEA,8,0,4.0,0.6,1.9,.333,0.3,1.0,.250,0.4,0.9,.429,.400,0.1,0.1,1.000,0.0,0.1,0.1,1.1,0.1,0.0,0.1,0.3,1.6,2007
8666,125,Raymond Felton,PG,22,CHA,78,75,36.3,5.0,13.1,.384,1.3,4.0,.330,3.7,9.1,.407,.434,2.6,3.3,.797,0.7,2.8,3.4,7.0,1.5,0.1,2.9,2.3,14.0,2007
8667,126,Michael Finley,SF,33,SAS,82,16,22.2,3.3,8.1,.412,1.3,3.5,.364,2.1,4.6,.448,.490,1.1,1.2,.918,0.4,2.3,2.7,1.3,0.4,0.2,0.6,0.9,9.0,2007
8668,127,Derek Fisher,SG,32,UTA,82,61,27.9,3.1,8.2,.382,0.6,1.9,.308,2.6,6.3,.405,.418,3.2,3.7,.853,0.4,1.5,1.8,3.3,1.0,0.1,1.5,2.9,10.1,2007
8669,128,T.J. Ford,PG,23,TOR,75,71,29.9,5.2,12.0,.436,0.3,0.9,.304,5.0,11.1,.447,.447,3.2,3.9,.819,0.7,2.4,3.1,7.9,1.3,0.1,3.1,2.5,14.0,2007
8670,129,Danny Fortson,C,30,SEA,14,6,11.3,1.1,2.1,.500,0.0,0.1,.000,1.1,2.1,.517,.500,0.7,0.9,.769,0.9,2.1,3.1,0.1,0.1,0.0,1.1,2.7,2.9,2007
8671,130,Jeff Foster,C,30,IND,75,43,23.2,1.6,3.5,.469,0.0,0.0,.000,1.6,3.5,.471,.469,1.0,1.6,.639,3.4,4.7,8.1,0.8,0.8,0.5,0.9,2.7,4.3,2007
8672,131,Randy Foye,PG,23,MIN,82,12,22.9,3.7,8.4,.434,0.8,2.3,.368,2.8,6.2,.458,.483,2.0,2.3,.854,0.6,2.1,2.7,2.8,0.6,0.3,1.9,2.2,10.1,2007
8673,132,Adonal Foyle,C,31,GSW,48,6,9.9,1.0,1.8,.565,0.0,0.0,,1.0,1.8,.565,.565,0.2,0.5,.440,1.1,1.6,2.6,0.4,0.2,1.0,0.5,1.3,2.2,2007
8674,133,Steve Francis,SG,29,NYK,44,30,28.1,3.2,7.8,.408,1.0,2.5,.378,2.2,5.3,.422,.469,4.0,4.8,.829,0.8,2.8,3.6,3.9,0.9,0.3,2.3,2.9,11.3,2007
8675,134,Matt Freije,PF,25,ATL,19,0,7.7,0.8,2.8,.296,0.2,1.2,.136,0.7,1.7,.406,.324,0.3,0.3,.833,0.4,0.8,1.3,0.4,0.2,0.1,0.2,0.7,2.1,2007
8676,135,Channing Frye,PF,23,NYK,72,59,26.3,4.1,9.6,.433,0.0,0.3,.167,4.1,9.3,.440,.435,1.2,1.5,.787,1.3,4.2,5.5,0.9,0.5,0.6,1.4,3.0,9.5,2007
8677,136,Dan Gadzuric,C,28,MIL,54,8,15.6,2.0,4.2,.474,0.0,0.0,.000,2.0,4.2,.476,.474,0.8,1.7,.467,1.7,2.8,4.6,0.5,0.4,0.6,0.9,2.6,4.8,2007
8678,137,Jorge Garbajosa,PF,29,TOR,67,60,28.5,3.3,7.9,.420,1.0,2.9,.342,2.3,5.0,.464,.482,0.9,1.2,.731,0.7,4.2,4.9,1.9,1.2,0.2,1.0,1.3,8.5,2007
8679,138,Francisco García,SF,25,SAC,79,5,17.8,2.1,4.8,.429,0.7,1.9,.356,1.4,2.9,.476,.499,1.2,1.4,.833,0.7,1.9,2.6,1.1,0.6,0.5,0.9,2.4,6.0,2007
8680,139,Kevin Garnett*,PF,30,MIN,76,76,39.4,8.4,17.6,.476,0.2,0.7,.214,8.2,16.9,.487,.480,5.5,6.6,.835,2.4,10.4,12.8,4.1,1.2,1.7,2.7,2.4,22.4,2007
8681,140,Pat Garrity,PF,30,ORL,33,0,8.4,0.7,2.1,.314,0.3,1.0,.344,0.3,1.2,.289,.393,0.5,0.5,.889,0.4,0.9,1.3,0.4,0.2,0.0,0.4,1.1,2.2,2007
8682,Rk,Player,Pos,Age,Tm,G,GS,MP,FG,FGA,FG%,3P,3PA,3P%,2P,2PA,2P%,eFG%,FT,FTA,FT%,ORB,DRB,TRB,AST,STL,BLK,TOV,PF,PTS,2007
8683,141,Pau Gasol,C,26,MEM,59,59,36.2,7.8,14.5,.538,0.1,0.2,.273,7.8,14.4,.542,.540,5.1,6.8,.748,2.5,7.3,9.8,3.4,0.5,2.1,2.7,2.3,20.8,2007
8684,142,Rudy Gay,SF,20,MEM,78,43,27.0,4.1,9.7,.422,0.7,1.8,.364,3.4,7.9,.436,.457,1.9,2.7,.727,1.2,3.3,4.5,1.3,0.9,0.9,1.8,2.5,10.8,2007
8685,143,Mickaël Gelabale,SF,23,SEA,70,14,17.7,1.7,3.8,.462,0.2,0.7,.234,1.6,3.1,.512,.483,0.9,1.2,.805,0.8,1.6,2.5,0.8,0.3,0.3,0.7,1.5,4.6,2007
8686,144,Devean George,SF,29,DAL,60,17,21.4,2.4,6.2,.395,0.9,2.5,.353,1.6,3.7,.423,.466,0.6,0.8,.750,1.0,2.6,3.6,0.6,0.8,0.4,0.9,2.4,6.4,2007
8687,145,Daniel Gibson,PG,20,CLE,60,16,16.5,1.6,3.9,.424,0.9,2.1,.419,0.8,1.8,.430,.537,0.5,0.7,.718,0.5,1.1,1.5,1.2,0.4,0.1,0.7,1.6,4.6,2007
8688,146,Manu Ginóbili*,SG,29,SAS,75,36,27.5,5.3,11.4,.464,1.7,4.3,.396,3.6,7.1,.505,.539,4.3,5.0,.860,0.8,3.6,4.4,3.5,1.5,0.4,2.1,2.1,16.5,2007
8689,147,Gordan Giriček,SG,29,UTA,61,6,19.5,2.9,6.2,.462,0.9,2.0,.426,2.0,4.2,.479,.530,1.2,1.4,.816,0.4,1.7,2.1,1.0,0.5,0.1,1.0,2.0,7.8,2007
8690,148,Andreas Glyniadakis,C,25,SEA,13,4,6.2,0.6,1.3,.471,0.0,0.0,,0.6,1.3,.471,.471,0.1,0.2,.500,0.2,0.5,0.6,0.1,0.0,0.0,0.7,1.5,1.3,2007
8691,149,Ryan Gomes,PF,24,BOS,73,60,31.2,4.6,9.9,.467,0.2,0.6,.381,4.4,9.3,.473,.479,2.6,3.2,.811,1.7,3.9,5.6,1.6,0.7,0.2,1.4,2.3,12.1,2007
8692,150,Drew Gooden,PF,25,CLE,80,80,28.0,4.6,9.8,.473,0.0,0.1,.167,4.6,9.7,.476,.474,1.8,2.5,.714,3.3,5.2,8.5,1.1,0.9,0.4,1.4,2.6,11.1,2007
8693,151,Ben Gordon,SG,23,CHI,82,51,33.0,7.4,16.3,.455,1.9,4.6,.413,5.5,11.7,.471,.513,4.6,5.4,.864,0.4,2.7,3.1,3.6,0.8,0.2,3.0,3.1,21.4,2007
8694,152,Joey Graham,SF,24,TOR,79,21,16.7,2.4,4.9,.495,0.1,0.4,.290,2.3,4.5,.513,.506,1.4,1.7,.840,0.7,2.4,3.1,0.6,0.4,0.1,0.6,2.0,6.4,2007
8695,153,Stephen Graham,SG,24,POR,14,1,11.8,1.2,2.9,.425,0.2,0.8,.273,1.0,2.1,.483,.463,0.6,0.6,.889,0.4,1.1,1.5,0.4,0.3,0.1,0.9,1.8,3.2,2007
8696,154,Danny Granger,SF,23,IND,82,57,34.0,4.9,10.6,.459,1.3,3.5,.382,3.5,7.1,.497,.522,2.9,3.6,.803,1.4,3.3,4.6,1.4,0.8,0.7,1.6,3.0,13.9,2007
8697,155,Gerald Green,SF,21,BOS,81,26,22.0,3.8,9.1,.419,1.2,3.2,.368,2.7,5.9,.447,.484,1.6,2.0,.805,0.8,1.7,2.6,1.0,0.5,0.3,1.5,2.4,10.4,2007
8698,156,Willie Green,SG,25,PHI,74,36,24.9,4.8,11.7,.411,0.7,2.1,.325,4.1,9.6,.430,.441,1.0,1.5,.667,0.6,1.6,2.1,1.5,0.8,0.1,1.4,1.9,11.3,2007
8699,157,Orien Greene,SG,24,IND,41,0,6.2,0.6,1.5,.371,0.0,0.3,.182,0.5,1.2,.412,.387,0.4,0.6,.600,0.3,0.8,1.1,0.5,0.4,0.1,0.7,0.9,1.5,2007
8700,158,Lynn Greer,SG,27,MIL,41,0,10.5,1.5,3.4,.433,0.4,1.3,.346,1.0,2.2,.483,.496,0.7,0.8,.844,0.0,0.6,0.7,1.3,0.4,0.0,0.4,0.8,4.1,2007
8701,159,Adrian Griffin,SF,32,CHI,54,1,10.8,1.1,2.4,.473,0.0,0.1,.000,1.1,2.3,.496,.473,0.3,0.4,.789,0.7,1.3,2.0,1.1,0.6,0.1,0.7,1.4,2.5,2007
8702,160,Eddie Griffin,PF,24,MIN,13,0,7.1,0.5,2.1,.259,0.0,0.1,.000,0.5,2.0,.269,.259,0.3,0.4,.800,0.5,1.4,1.9,0.3,0.0,0.5,0.5,0.6,1.4,2007
8703,Rk,Player,Pos,Age,Tm,G,GS,MP,FG,FGA,FG%,3P,3PA,3P%,2P,2PA,2P%,eFG%,FT,FTA,FT%,ORB,DRB,TRB,AST,STL,BLK,TOV,PF,PTS,2007
8704,161,Mike Hall,SF,22,WAS,2,0,6.5,0.5,2.0,.250,0.0,0.0,,0.5,2.0,.250,.250,0.0,0.0,,0.5,0.5,1.0,0.5,0.0,0.0,0.0,0.5,1.0,2007
8705,162,Richard Hamilton,SG,28,DET,75,75,36.8,7.3,15.6,.468,0.6,1.7,.341,6.7,13.9,.483,.486,4.6,5.4,.861,1.0,2.8,3.8,3.8,0.8,0.2,2.1,3.1,19.8,2007
8706,163,Matt Harpring,SF,30,UTA,77,2,25.5,4.2,8.5,.491,0.2,0.5,.333,4.0,8.0,.501,.501,3.1,4.0,.767,1.5,3.1,4.6,1.3,0.7,0.1,1.5,3.0,11.6,2007
8707,164,Al Harrington,PF,26,TOT,78,78,32.9,6.3,13.9,.457,1.6,3.8,.433,4.7,10.1,.466,.516,2.2,3.1,.694,1.9,4.4,6.4,1.9,0.8,0.3,2.2,3.4,16.5,2007
8708,164,Al Harrington,PF,26,IND,36,36,33.6,6.2,13.5,.458,1.5,3.3,.458,4.7,10.3,.458,.513,2.0,2.8,.713,2.0,4.3,6.3,1.4,0.7,0.3,2.5,3.2,15.9,2007
8709,164,Al Harrington,PF,26,GSW,42,42,32.3,6.5,14.2,.456,1.7,4.2,.417,4.7,10.0,.473,.518,2.3,3.4,.681,1.9,4.5,6.4,2.3,1.0,0.3,1.9,3.6,17.0,2007
8710,165,Junior Harrington,PG,26,MEM,29,8,18.7,2.0,4.7,.416,0.2,0.9,.269,1.7,3.8,.450,.442,1.1,1.6,.674,0.4,1.9,2.3,3.1,0.7,0.2,1.8,2.7,5.2,2007
8711,166,Othella Harrington,PF,33,CHA,26,0,8.5,1.0,2.2,.446,0.0,0.0,,1.0,2.2,.446,.446,0.7,0.8,.773,0.5,1.0,1.5,0.2,0.0,0.0,0.6,1.9,2.6,2007
8712,167,Devin Harris,PG,23,DAL,80,61,26.0,3.7,7.4,.492,0.2,0.6,.280,3.5,6.8,.512,.504,2.7,3.3,.824,0.6,1.9,2.5,3.7,1.2,0.3,1.8,3.0,10.2,2007
8713,168,David Harrison,C,24,IND,24,2,7.9,1.3,2.4,.517,0.0,0.0,,1.3,2.4,.517,.517,0.5,0.9,.500,0.4,1.4,1.8,0.3,0.2,0.5,1.1,2.0,3.0,2007
8714,169,Jason Hart,PG,28,TOT,36,22,23.5,2.8,6.2,.446,0.2,0.8,.241,2.6,5.4,.477,.462,1.2,1.3,.894,0.4,2.3,2.7,2.9,1.2,0.0,1.1,2.3,6.9,2007
8715,169,Jason Hart,PG,28,SAC,13,0,7.7,1.2,2.3,.500,0.2,0.5,.500,0.9,1.8,.500,.550,0.8,0.8,.909,0.2,1.0,1.2,0.8,0.2,0.0,0.3,1.8,3.3,2007
8716,169,Jason Hart,PG,28,LAC,23,22,32.4,3.7,8.4,.438,0.2,1.0,.174,3.5,7.4,.474,.448,1.4,1.6,.889,0.5,3.1,3.6,4.0,1.8,0.0,1.5,2.6,9.0,2007
8717,170,Udonis Haslem,PF,26,MIA,79,79,31.4,4.5,9.1,.492,0.0,0.1,.000,4.5,9.0,.495,.492,1.7,2.6,.680,2.4,5.9,8.3,1.2,0.6,0.3,1.4,3.0,10.7,2007
8718,171,Trenton Hassell,SG,27,MIN,76,68,29.3,2.9,5.8,.490,0.1,0.3,.240,2.8,5.5,.505,.497,0.9,1.2,.783,1.1,2.1,3.2,2.7,0.3,0.3,1.1,1.9,6.7,2007
8719,172,Chuck Hayes,PF,23,HOU,78,43,22.0,2.5,4.3,.573,0.0,0.0,,2.5,4.3,.573,.573,0.7,1.1,.618,2.6,4.1,6.7,0.6,0.9,0.2,0.8,3.6,5.6,2007
8720,173,Jarvis Hayes,SF,25,WAS,81,17,20.1,2.8,6.7,.410,0.8,2.3,.361,2.0,4.5,.435,.471,0.9,1.0,.845,0.5,2.1,2.6,1.0,0.6,0.2,0.7,2.0,7.2,2007
8721,174,Brendan Haywood,C,27,WAS,77,49,22.6,2.6,4.6,.558,0.0,0.0,,2.6,4.6,.558,.558,1.5,2.7,.548,2.5,3.7,6.2,0.6,0.4,1.1,1.2,2.7,6.6,2007
8722,175,Luther Head,SG,24,HOU,80,10,27.6,3.8,8.8,.437,2.2,5.0,.441,1.6,3.7,.431,.564,1.0,1.3,.790,0.4,2.8,3.2,2.4,1.0,0.1,1.7,1.7,10.9,2007
8723,176,Alan Henderson,PF,34,PHI,38,5,11.0,1.1,1.8,.642,0.0,0.0,,1.1,1.8,.642,.642,0.9,1.2,.702,1.3,1.6,2.8,0.3,0.2,0.3,0.3,1.6,3.1,2007
8724,177,Walter Herrmann,PF,27,CHA,48,12,19.5,3.6,6.9,.527,1.1,2.4,.461,2.5,4.5,.563,.608,0.9,1.1,.774,0.6,2.3,2.9,0.5,0.4,0.1,0.7,1.6,9.2,2007
8725,178,Nenê,C,24,DEN,64,42,26.8,4.6,8.1,.570,0.0,0.0,.000,4.6,8.0,.571,.570,3.0,4.4,.689,2.3,4.7,7.0,1.2,1.0,0.9,2.0,3.3,12.2,2007
8726,179,Grant Hill*,SG,34,ORL,65,64,30.9,5.3,10.2,.518,0.0,0.2,.167,5.2,10.0,.525,.520,3.8,5.0,.765,0.8,2.8,3.6,2.1,0.9,0.4,2.2,2.2,14.4,2007
8727,180,Kirk Hinrich,PG,26,CHI,80,80,35.5,5.9,13.3,.448,1.8,4.2,.415,4.2,9.1,.463,.514,3.0,3.6,.835,0.4,3.0,3.4,6.3,1.3,0.3,2.4,3.4,16.6,2007
8728,Rk,Player,Pos,Age,Tm,G,GS,MP,FG,FGA,FG%,3P,3PA,3P%,2P,2PA,2P%,eFG%,FT,FTA,FT%,ORB,DRB,TRB,AST,STL,BLK,TOV,PF,PTS,2007
8729,181,Robert Hite,SG,23,MIA,12,0,11.3,1.6,5.0,.317,0.4,1.9,.217,1.2,3.1,.378,.358,0.7,1.0,.667,0.3,1.0,1.3,0.7,0.3,0.2,0.5,0.7,4.3,2007
8730,182,Julius Hodge,SG,23,TOT,9,1,7.2,0.7,1.3,.500,0.0,0.0,,0.7,1.3,.500,.500,0.3,0.4,.750,0.2,0.7,0.9,1.3,0.4,0.0,0.3,0.7,1.7,2007
8731,182,Julius Hodge,SG,23,DEN,4,1,9.3,0.5,1.3,.400,0.0,0.0,,0.5,1.3,.400,.400,0.5,0.5,1.000,0.3,0.5,0.8,2.5,0.8,0.0,0.3,0.8,1.5,2007
8732,182,Julius Hodge,SG,23,MIL,5,0,5.6,0.8,1.4,.571,0.0,0.0,,0.8,1.4,.571,.571,0.2,0.4,.500,0.2,0.8,1.0,0.4,0.2,0.0,0.4,0.6,1.8,2007
8733,183,Ryan Hollins,C,22,CHA,27,0,6.9,0.7,1.3,.556,0.0,0.0,,0.7,1.3,.556,.556,0.9,1.5,.600,0.4,0.7,1.1,0.0,0.1,0.3,0.6,1.5,2.4,2007
8734,184,Robert Horry,PF,36,SAS,68,8,16.5,1.3,3.7,.359,0.7,2.2,.336,0.6,1.5,.392,.458,0.6,0.9,.594,1.1,2.3,3.4,1.1,0.7,0.6,0.6,1.5,3.9,2007
8735,185,Eddie House,SG,28,NJN,56,1,16.9,3.2,7.5,.428,1.3,3.1,.429,1.9,4.4,.427,.517,0.6,0.6,.917,0.3,1.4,1.6,1.2,0.5,0.1,0.5,1.2,8.4,2007
8736,186,Dwight Howard,C,21,ORL,82,82,36.9,6.4,10.6,.603,0.0,0.0,.500,6.4,10.6,.603,.603,4.8,8.1,.586,3.5,8.8,12.3,1.9,0.9,1.9,3.9,3.0,17.6,2007
8737,187,Josh Howard,SF,26,DAL,70,69,35.1,7.0,15.4,.459,1.3,3.4,.385,5.7,11.9,.480,.501,3.5,4.2,.827,1.9,4.9,6.8,1.8,1.2,0.8,1.8,2.6,18.9,2007
8738,188,Juwan Howard,PF,33,HOU,80,38,26.5,3.9,8.3,.465,0.0,0.0,,3.9,8.3,.465,.465,1.9,2.4,.824,1.7,4.2,5.9,1.6,0.4,0.1,1.4,2.6,9.7,2007
8739,189,Troy Hudson,PG,30,MIN,34,6,16.3,2.2,5.7,.379,0.8,2.4,.350,1.4,3.4,.400,.451,0.8,0.9,.813,0.2,1.2,1.4,2.1,0.4,0.1,1.2,0.7,5.9,2007
8740,190,Larry Hughes,SG,28,CLE,70,68,37.1,5.4,13.6,.400,1.1,3.2,.333,4.4,10.4,.420,.439,3.0,4.4,.676,0.6,3.2,3.8,3.7,1.3,0.4,2.2,2.3,14.9,2007
8741,191,Kris Humphries,PF,21,TOR,60,2,11.2,1.5,3.1,.470,0.0,0.0,,1.5,3.1,.470,.470,0.9,1.3,.671,1.3,1.8,3.1,0.3,0.2,0.4,0.5,1.6,3.8,2007
8742,192,Lindsey Hunter,PG,36,DET,52,0,14.3,1.8,4.7,.385,0.7,2.3,.319,1.1,2.4,.448,.463,0.6,0.6,.909,0.2,0.7,0.9,1.8,0.7,0.1,0.7,1.1,4.9,2007
8743,193,Steven Hunter,PF,25,PHI,70,41,22.9,2.7,4.7,.577,0.0,0.0,,2.7,4.7,.577,.577,1.1,2.2,.490,1.6,3.2,4.8,0.4,0.2,1.1,0.9,2.0,6.4,2007
8744,194,Andre Iguodala,SG,23,PHI,76,76,40.3,5.8,13.0,.447,0.6,2.0,.310,5.2,11.0,.472,.471,5.9,7.3,.820,1.0,4.7,5.7,5.7,2.0,0.4,3.4,2.6,18.2,2007
8745,195,Zydrunas Ilgauskas,C,31,CLE,78,78,27.3,4.9,10.2,.485,0.0,0.0,.000,4.9,10.2,.486,.485,2.0,2.5,.807,3.1,4.6,7.7,1.6,0.6,1.3,1.8,3.3,11.9,2007
8746,196,Mile Ilić,C,22,NJN,5,0,1.2,0.0,0.6,.000,0.0,0.0,,0.0,0.6,.000,.000,0.0,0.0,,0.0,0.2,0.2,0.0,0.0,0.0,0.6,0.2,0.0,2007
8747,197,D.J. Mbenga,C,26,DAL,21,0,3.8,0.2,0.8,.313,0.0,0.0,,0.2,0.8,.313,.313,0.3,0.4,.875,0.1,0.4,0.5,0.3,0.1,0.2,0.2,0.8,0.8,2007
8748,198,Ersan İlyasova,PF,19,MIL,66,14,14.7,2.1,5.5,.383,0.8,2.2,.365,1.3,3.3,.395,.457,1.1,1.3,.787,0.9,2.0,2.9,0.7,0.4,0.3,0.8,2.2,6.1,2007
8749,199,Allen Iverson*,SG-PG,31,TOT,65,64,42.5,8.9,20.2,.442,1.0,3.0,.315,8.0,17.2,.465,.466,7.5,9.4,.795,0.4,2.6,3.0,7.2,1.9,0.2,4.1,1.5,26.3,2007
8750,199,Allen Iverson*,PG,31,PHI,15,15,42.7,10.1,24.4,.413,0.8,3.5,.226,9.3,20.9,.444,.429,10.3,11.6,.885,0.5,2.3,2.7,7.3,2.2,0.1,4.4,1.4,31.2,2007
8751,199,Allen Iverson*,SG,31,DEN,50,49,42.4,8.6,18.9,.454,1.0,2.9,.347,7.6,16.1,.473,.480,6.6,8.7,.759,0.3,2.7,3.0,7.2,1.8,0.2,4.0,1.5,24.8,2007
8752,200,Royal Ivey,PG,25,ATL,53,18,10.2,1.2,2.7,.448,0.1,0.3,.313,1.1,2.4,.465,.465,0.5,0.7,.686,0.3,0.7,1.0,0.8,0.5,0.1,0.6,1.2,3.0,2007
8753,Rk,Player,Pos,Age,Tm,G,GS,MP,FG,FGA,FG%,3P,3PA,3P%,2P,2PA,2P%,eFG%,FT,FTA,FT%,ORB,DRB,TRB,AST,STL,BLK,TOV,PF,PTS,2007
8754,201,Jarrett Jack,PG,23,POR,79,79,33.6,4.1,8.9,.454,0.8,2.3,.350,3.3,6.6,.490,.499,3.1,3.5,.871,0.2,2.4,2.6,5.3,1.1,0.1,2.4,2.6,12.0,2007
8755,202,Bobby Jackson,SG,33,NOK,56,2,23.8,3.6,9.3,.394,1.0,2.9,.327,2.7,6.3,.425,.446,2.3,3.0,.774,0.8,2.4,3.2,2.5,0.9,0.1,1.4,1.8,10.6,2007
8756,203,Luke Jackson,SF,25,TOT,13,2,10.6,1.5,3.3,.442,0.4,1.3,.294,1.1,2.0,.538,.500,0.4,0.7,.556,0.2,0.6,0.8,1.0,0.4,0.1,0.5,1.2,3.7,2007
8757,203,Luke Jackson,SF,25,LAC,3,0,5.3,0.3,2.7,.125,0.3,1.3,.250,0.0,1.3,.000,.188,0.0,0.0,,0.0,0.3,0.3,1.3,0.0,0.0,0.3,1.0,1.0,2007
8758,203,Luke Jackson,SF,25,TOR,10,2,12.2,1.8,3.5,.514,0.4,1.3,.308,1.4,2.2,.636,.571,0.5,0.9,.556,0.2,0.7,0.9,0.9,0.5,0.1,0.6,1.2,4.5,2007
8759,204,Marc Jackson,PF,32,NOK,56,25,18.3,2.8,6.9,.410,0.0,0.0,.000,2.8,6.9,.411,.410,1.6,1.8,.874,1.1,2.3,3.4,1.0,0.4,0.1,1.2,1.6,7.3,2007
8760,205,Stephen Jackson,SF-SG,28,TOT,75,69,33.1,5.5,12.6,.433,1.3,4.1,.322,4.1,8.4,.488,.486,3.2,4.0,.813,0.8,2.1,3.0,3.8,1.1,0.5,2.4,2.7,15.5,2007
8761,205,Stephen Jackson,SG,28,IND,37,32,32.1,4.9,11.6,.419,1.1,3.7,.297,3.8,7.9,.476,.466,3.2,3.9,.822,0.5,2.1,2.6,3.1,0.9,0.5,2.2,2.4,14.1,2007
8762,205,Stephen Jackson,SF,28,GSW,38,37,34.0,6.0,13.5,.446,1.6,4.6,.341,4.5,9.0,.499,.503,3.2,4.0,.804,1.2,2.2,3.3,4.6,1.3,0.4,2.7,3.0,16.8,2007
8763,206,Jerome James,C,31,NYK,41,11,6.7,0.8,1.9,.418,0.0,0.0,,0.8,1.9,.418,.418,0.2,0.4,.556,0.5,1.1,1.6,0.1,0.1,0.4,0.6,1.8,1.9,2007
8764,207,LeBron James,SF,22,CLE,78,78,40.9,9.9,20.8,.476,1.3,4.0,.319,8.6,16.8,.513,.507,6.3,9.0,.698,1.1,5.7,6.7,6.0,1.6,0.7,3.2,2.2,27.3,2007
8765,208,Mike James,PG,31,MIN,82,65,25.2,3.6,8.6,.422,1.0,2.6,.372,2.6,6.0,.445,.479,1.9,2.2,.837,0.3,1.7,2.0,3.6,0.7,0.1,1.6,2.1,10.1,2007
8766,209,Antawn Jamison,PF,30,WAS,70,70,38.0,7.3,16.3,.450,2.0,5.4,.364,5.3,10.9,.492,.510,3.2,4.4,.736,1.9,6.1,8.0,1.9,1.1,0.5,1.5,2.8,19.8,2007
8767,210,Marko Jarić,SG,28,MIN,70,13,22.2,1.9,4.6,.418,0.5,1.2,.376,1.5,3.4,.433,.468,1.0,1.3,.761,0.8,1.9,2.6,2.1,1.1,0.2,1.3,2.5,5.3,2007
8768,211,Šarūnas Jasikevičius,SG-PG,30,TOT,63,3,15.4,2.0,5.1,.398,0.7,2.1,.338,1.3,3.0,.438,.466,1.4,1.5,.905,0.2,0.9,1.1,2.7,0.4,0.0,1.4,1.2,6.1,2007
8769,211,Šarūnas Jasikevičius,SG,30,IND,37,1,17.9,2.5,6.0,.412,0.9,2.3,.372,1.6,3.6,.437,.484,1.6,1.7,.922,0.3,1.0,1.3,3.0,0.4,0.0,1.6,1.4,7.4,2007
8770,211,Šarūnas Jasikevičius,PG,30,GSW,26,2,11.9,1.4,3.9,.366,0.5,1.7,.273,1.0,2.2,.439,.426,1.0,1.2,.871,0.2,0.6,0.8,2.3,0.5,0.0,1.2,0.8,4.3,2007
8771,212,Al Jefferson,C,22,BOS,69,60,33.6,6.6,12.8,.514,0.0,0.0,.000,6.6,12.8,.514,.514,2.9,4.3,.681,3.4,7.5,11.0,1.3,0.7,1.5,2.0,3.4,16.0,2007
8772,213,Richard Jefferson,SF,26,NJN,55,53,35.6,5.5,12.1,.456,0.9,2.6,.359,4.6,9.5,.483,.495,4.3,5.9,.733,0.9,3.5,4.4,2.7,0.6,0.1,2.2,2.2,16.3,2007
8773,214,Jared Jeffries,SF,25,NYK,55,43,23.8,1.7,3.7,.461,0.0,0.4,.100,1.7,3.4,.500,.466,0.6,1.2,.456,2.0,2.3,4.3,1.2,0.8,0.5,1.1,2.7,4.1,2007
8774,215,Alexander Johnson,PF,23,MEM,59,19,12.8,1.5,2.9,.538,0.0,0.0,,1.5,2.9,.538,.538,1.3,2.0,.661,0.8,2.2,3.1,0.3,0.4,0.6,0.8,2.3,4.4,2007
8775,216,Amir Johnson,PF,19,DET,8,0,15.5,2.3,4.1,.545,0.0,0.4,.000,2.3,3.8,.600,.545,1.4,1.8,.786,1.9,2.8,4.6,0.4,0.6,1.6,1.1,2.4,5.9,2007
8776,217,Anthony Johnson,PG,32,TOT,67,17,19.4,2.1,5.1,.414,0.4,1.1,.342,1.7,4.0,.433,.450,0.7,0.9,.754,0.3,1.2,1.5,3.0,0.5,0.0,1.1,1.8,5.3,2007
8777,217,Anthony Johnson,PG,32,DAL,40,0,14.1,1.5,3.7,.411,0.3,0.7,.379,1.2,2.9,.419,.449,0.5,0.7,.724,0.3,0.9,1.2,2.0,0.4,0.0,0.8,1.7,3.8,2007
8778,217,Anthony Johnson,PG,32,ATL,27,17,27.4,3.0,7.3,.416,0.5,1.6,.318,2.5,5.7,.444,.452,0.9,1.2,.781,0.3,1.6,2.0,4.6,0.6,0.1,1.7,1.9,7.5,2007
8779,218,DerMarr Johnson,SF,26,DEN,39,7,10.7,1.3,3.9,.325,0.5,2.3,.216,0.8,1.7,.470,.386,0.4,0.5,.762,0.3,1.2,1.5,0.4,0.4,0.3,0.7,1.0,3.5,2007
8780,219,Joe Johnson,SG,25,ATL,57,57,41.4,9.4,20.0,.471,2.1,5.5,.381,7.3,14.5,.504,.523,4.1,5.5,.748,0.9,3.3,4.2,4.4,1.1,0.2,3.1,2.0,25.0,2007
8781,220,Linton Johnson,PF,26,NOK,54,0,13.3,1.7,3.5,.489,0.2,0.6,.333,1.5,3.0,.519,.516,0.6,0.7,.811,1.0,2.1,3.0,0.3,0.6,0.3,0.5,1.9,4.2,2007
8782,Rk,Player,Pos,Age,Tm,G,GS,MP,FG,FGA,FG%,3P,3PA,3P%,2P,2PA,2P%,eFG%,FT,FTA,FT%,ORB,DRB,TRB,AST,STL,BLK,TOV,PF,PTS,2007
8783,221,Bobby Jones,SF,23,PHI,44,5,7.6,1.0,2.1,.462,0.0,0.2,.111,1.0,1.9,.500,.468,0.5,0.9,.561,0.5,0.8,1.3,0.4,0.3,0.0,0.4,1.3,2.5,2007
8784,222,Dahntay Jones,SG,26,MEM,78,25,21.4,2.8,5.9,.477,0.1,0.2,.417,2.8,5.8,.479,.483,1.8,2.2,.793,0.6,1.4,2.0,0.9,0.5,0.3,1.2,2.5,7.5,2007
8785,223,Damon Jones,PG,30,CLE,60,0,19.6,2.3,5.9,.386,1.5,3.9,.385,0.8,2.1,.387,.511,0.5,0.7,.682,0.2,1.0,1.1,1.6,0.3,0.0,0.6,0.9,6.6,2007
8786,224,Dwayne Jones,PF,23,CLE,4,0,4.5,0.0,0.3,.000,0.0,0.0,,0.0,0.3,.000,.000,0.8,1.5,.500,0.3,1.3,1.5,0.0,0.0,0.0,0.5,0.8,0.8,2007
8787,225,Eddie Jones,SG,35,TOT,64,41,24.9,2.8,6.6,.422,1.2,3.5,.351,1.6,3.1,.500,.514,0.9,1.2,.787,0.5,2.5,3.0,1.7,1.1,0.2,0.7,1.9,7.7,2007
8788,225,Eddie Jones,SG,35,MEM,29,14,19.3,2.0,5.2,.377,0.8,2.6,.297,1.2,2.7,.455,.450,0.9,1.2,.735,0.5,1.6,2.1,1.1,0.8,0.1,0.8,1.9,5.6,2007
8789,225,Eddie Jones,SG,35,MIA,35,27,29.5,3.5,7.7,.446,1.6,4.2,.378,1.9,3.5,.528,.550,1.0,1.2,.829,0.5,3.2,3.7,2.2,1.3,0.2,0.7,2.0,9.5,2007
8790,226,Fred Jones,SG,27,TOT,63,12,20.9,2.2,5.7,.385,0.6,2.0,.305,1.6,3.7,.429,.439,1.5,1.8,.833,0.4,1.5,1.8,1.7,0.8,0.3,1.1,1.9,6.5,2007
8791,226,Fred Jones,SG,27,TOR,39,9,22.3,2.5,6.4,.386,0.8,2.6,.317,1.6,3.8,.432,.450,1.9,2.3,.830,0.4,1.7,2.1,1.4,0.8,0.3,1.3,2.1,7.6,2007
8792,226,Fred Jones,SG,27,POR,24,3,18.7,1.8,4.7,.384,0.3,1.1,.259,1.5,3.5,.424,.415,0.9,1.1,.846,0.3,1.1,1.4,2.2,0.8,0.2,0.7,1.7,4.8,2007
8793,227,James Jones,SF,26,PHO,76,7,18.1,2.1,5.8,.368,1.2,3.1,.378,0.9,2.7,.356,.470,0.9,1.1,.877,0.4,1.9,2.3,0.6,0.4,0.6,0.4,1.5,6.4,2007
8794,228,Jumaine Jones,SF,27,PHO,18,0,7.7,0.8,2.8,.275,0.6,1.8,.313,0.2,1.1,.211,.373,0.1,0.1,1.000,0.3,0.9,1.3,0.1,0.3,0.1,0.4,1.1,2.2,2007
8795,229,Solomon Jones,PF,22,ATL,58,8,11.5,1.1,2.2,.508,0.0,0.0,.000,1.1,2.2,.512,.508,1.0,1.3,.787,0.8,1.5,2.3,0.2,0.2,0.7,0.4,2.1,3.3,2007
8796,230,Chris Kaman,C,24,LAC,75,66,29.0,3.9,8.7,.451,0.0,0.0,.000,3.9,8.7,.452,.451,2.2,3.0,.741,2.1,5.7,7.8,1.1,0.5,1.5,2.0,3.3,10.1,2007
8797,231,Jason Kapono,SF,25,MIA,67,35,26.4,4.1,8.4,.494,1.6,3.1,.514,2.5,5.3,.482,.590,1.0,1.1,.892,0.4,2.3,2.7,1.2,0.6,0.0,1.0,2.0,10.9,2007
8798,232,Viktor Khryapa,PF,24,CHI,33,0,7.0,0.8,2.1,.386,0.0,0.2,.000,0.8,1.9,.422,.386,0.6,0.8,.731,0.6,1.1,1.7,0.6,0.3,0.0,0.5,1.6,2.2,2007
8799,233,Jason Kidd*,PG,33,NJN,80,80,36.7,4.6,11.4,.406,1.6,4.5,.343,3.1,6.8,.448,.475,2.2,2.9,.778,1.7,6.5,8.2,9.2,1.6,0.3,2.7,1.8,13.0,2007
8800,234,Tarence Kinsey,SG,22,MEM,48,12,20.1,2.9,6.3,.457,0.3,1.0,.283,2.6,5.4,.488,.479,1.6,2.0,.796,0.6,1.4,2.0,0.9,1.1,0.0,1.0,1.2,7.7,2007
8801,235,Andrei Kirilenko,SF,25,UTA,70,70,29.3,2.8,6.0,.471,0.2,1.1,.213,2.6,4.9,.528,.490,2.5,3.4,.728,1.3,3.4,4.7,2.9,1.1,2.1,1.9,2.5,8.3,2007
8802,236,Linas Kleiza,PF,22,DEN,79,14,18.8,2.5,6.0,.422,1.1,2.8,.376,1.5,3.2,.462,.509,1.5,1.7,.852,1.0,2.4,3.4,0.6,0.4,0.2,1.0,2.5,7.6,2007
8803,237,Brevin Knight,PG,31,CHA,45,25,28.3,3.4,8.1,.419,0.0,0.4,.056,3.4,7.7,.438,.420,2.3,2.8,.805,0.3,2.2,2.6,6.6,1.5,0.1,2.1,2.5,9.1,2007
8804,238,Yaroslav Korolev,SF,19,LAC,10,0,4.1,0.4,1.6,.250,0.1,0.5,.200,0.3,1.1,.273,.281,0.3,0.6,.500,0.1,0.2,0.3,0.4,0.3,0.0,0.1,0.0,1.2,2007
8805,239,Kyle Korver,SF,25,PHI,74,1,30.9,5.0,11.4,.440,1.8,4.1,.430,3.2,7.3,.446,.518,2.6,2.8,.914,0.4,3.1,3.5,1.4,0.8,0.3,1.6,2.5,14.4,2007
8806,240,Nenad Krstić,C,23,NJN,26,26,32.6,6.5,12.4,.526,0.0,0.0,.000,6.5,12.4,.528,.526,3.3,4.7,.711,2.0,4.8,6.8,1.8,0.4,0.9,2.0,3.4,16.4,2007
8807,Rk,Player,Pos,Age,Tm,G,GS,MP,FG,FGA,FG%,3P,3PA,3P%,2P,2PA,2P%,eFG%,FT,FTA,FT%,ORB,DRB,TRB,AST,STL,BLK,TOV,PF,PTS,2007
8808,241,Raef LaFrentz,PF,30,POR,27,9,13.0,1.4,3.8,.382,0.1,0.9,.087,1.4,2.9,.468,.392,0.7,1.0,.769,0.9,1.7,2.6,0.3,0.3,0.4,0.5,2.1,3.7,2007
8809,242,James Lang,C,23,WAS,11,0,5.0,0.4,0.8,.444,0.0,0.0,,0.4,0.8,.444,.444,0.3,0.5,.600,0.5,0.5,1.0,0.2,0.0,0.3,0.2,1.3,1.0,2007
8810,243,David Lee,PF,23,NYK,58,12,29.8,4.1,6.9,.600,0.0,0.0,,4.1,6.9,.600,.600,2.4,3.0,.815,3.4,7.0,10.4,1.8,0.8,0.4,1.6,2.7,10.7,2007
8811,244,Rashard Lewis,SF,27,SEA,60,60,39.1,7.7,16.8,.461,2.5,6.5,.390,5.2,10.3,.505,.536,4.4,5.3,.841,1.5,5.1,6.6,2.4,1.1,0.7,2.0,2.4,22.4,2007
8812,245,Randy Livingston,PG,31,SEA,4,0,6.5,0.0,0.8,.000,0.0,0.0,,0.0,0.8,.000,.000,0.0,0.0,,0.3,0.0,0.3,1.0,0.0,0.0,0.3,0.5,0.0,2007
8813,246,Shaun Livingston,PG,21,LAC,54,31,29.8,3.9,8.3,.463,0.1,0.3,.313,3.8,8.0,.469,.469,1.5,2.1,.707,1.0,2.4,3.4,5.1,1.1,0.5,2.0,2.5,9.3,2007
8814,247,Kyle Lowry,PG,20,MEM,10,0,17.5,1.4,3.8,.368,0.3,0.8,.375,1.1,3.0,.367,.408,2.5,2.8,.893,1.2,1.9,3.1,3.2,1.4,0.1,1.2,2.0,5.6,2007
8815,248,John Lucas III,PG,24,HOU,47,0,8.1,1.3,3.3,.397,0.3,1.3,.254,1.0,2.1,.485,.446,0.3,0.4,.789,0.2,0.6,0.8,0.7,0.4,0.0,0.3,0.8,3.3,2007
8816,249,Tyronn Lue,PG,29,ATL,56,17,26.6,3.9,9.4,.416,1.0,2.9,.348,2.9,6.5,.446,.469,2.6,2.9,.883,0.3,1.5,1.9,3.6,0.4,0.0,1.5,1.8,11.4,2007
8817,250,Mark Madsen,C,31,MIN,56,0,8.4,0.4,0.8,.535,0.0,0.0,,0.4,0.8,.535,.535,0.3,0.5,.517,0.6,0.9,1.6,0.2,0.2,0.2,0.4,1.8,1.1,2007
8818,251,Corey Maggette,SF,27,LAC,75,31,30.5,4.9,10.8,.454,0.2,0.9,.200,4.7,9.9,.476,.462,6.9,8.4,.820,1.2,4.7,5.9,2.8,0.9,0.2,2.7,3.3,16.9,2007
8819,252,Jamaal Magloire,C,28,POR,81,23,21.0,2.5,4.9,.504,0.0,0.0,,2.5,4.9,.504,.504,1.6,3.0,.541,1.9,4.2,6.1,0.4,0.3,0.8,1.6,2.8,6.5,2007
8820,253,Renaldo Major,PF,24,GSW,1,0,27.0,2.0,10.0,.200,0.0,0.0,,2.0,10.0,.200,.200,1.0,2.0,.500,0.0,2.0,2.0,0.0,2.0,0.0,1.0,4.0,5.0,2007
8821,254,Stephon Marbury,PG,29,NYK,74,74,37.1,5.3,12.9,.415,1.7,4.7,.357,3.7,8.2,.448,.480,4.0,5.2,.769,0.5,2.4,2.9,5.4,1.0,0.1,2.4,2.5,16.4,2007
8822,255,Shawn Marion,SF,28,PHO,80,80,37.6,7.0,13.4,.524,1.0,3.2,.317,6.0,10.2,.587,.561,2.5,3.1,.810,2.2,7.7,9.8,1.7,2.0,1.5,1.4,2.7,17.5,2007
8823,256,Damir Markota,PF,21,MIL,30,0,5.7,0.6,1.7,.365,0.2,0.5,.375,0.4,1.2,.361,.423,0.2,0.4,.636,0.4,0.7,1.0,0.2,0.1,0.0,0.5,0.7,1.7,2007
8824,257,Sean Marks,PF,31,PHO,3,0,5.7,0.7,2.0,.333,0.0,0.3,.000,0.7,1.7,.400,.333,0.7,0.7,1.000,0.0,1.0,1.0,0.0,0.0,0.3,0.0,1.3,2.0,2007
8825,258,Donyell Marshall,PF,33,CLE,81,0,16.8,2.6,6.1,.424,1.2,3.3,.351,1.4,2.7,.514,.520,0.7,1.0,.663,1.1,2.9,4.0,0.6,0.5,0.5,0.8,1.6,7.0,2007
8826,259,Rawle Marshall,SG,24,IND,40,2,9.0,0.8,2.2,.360,0.1,0.5,.222,0.7,1.8,.394,.382,0.8,1.1,.689,0.2,0.5,0.7,0.3,0.3,0.1,0.5,0.6,2.5,2007
8827,260,Darrick Martin,PG,35,TOR,31,0,7.1,1.1,3.0,.351,0.4,1.2,.351,0.6,1.8,.351,.420,0.5,0.7,.714,0.1,0.3,0.4,1.4,0.1,0.0,0.4,0.7,3.0,2007
8828,Rk,Player,Pos,Age,Tm,G,GS,MP,FG,FGA,FG%,3P,3PA,3P%,2P,2PA,2P%,eFG%,FT,FTA,FT%,ORB,DRB,TRB,AST,STL,BLK,TOV,PF,PTS,2007
8829,261,Kenyon Martin,PF,29,DEN,2,2,31.5,4.0,8.0,.500,0.0,0.5,.000,4.0,7.5,.533,.500,1.5,6.0,.250,3.0,7.0,10.0,0.5,0.0,0.0,2.5,5.0,9.5,2007
8830,262,Kevin Martin,SG,23,SAC,80,80,35.2,6.3,13.3,.473,1.6,4.2,.381,4.7,9.2,.515,.533,6.0,7.1,.844,0.9,3.4,4.3,2.2,1.2,0.1,1.7,2.3,20.2,2007
8831,263,Desmond Mason,SF,29,NOK,75,75,34.3,5.4,12.0,.452,0.0,0.0,,5.4,12.0,.452,.452,2.9,4.3,.663,1.7,2.9,4.6,1.5,0.7,0.3,2.6,2.3,13.7,2007
8832,264,Roger Mason,SG,26,WAS,62,0,7.9,1.0,2.9,.330,0.5,1.6,.324,0.4,1.2,.338,.422,0.2,0.3,.875,0.1,0.6,0.7,0.6,0.2,0.1,0.3,1.1,2.7,2007
8833,265,Jason Maxiell,C,23,DET,67,8,14.1,2.0,3.9,.500,0.0,0.0,,2.0,3.9,.500,.500,1.1,2.0,.526,1.3,1.5,2.8,0.2,0.4,0.9,0.8,1.6,5.0,2007
8834,266,Sean May,PF,22,CHA,35,8,23.9,4.7,9.4,.500,0.1,0.1,.667,4.6,9.3,.498,.503,2.5,3.2,.768,2.1,4.6,6.7,1.9,0.5,0.7,1.6,2.9,11.9,2007
8835,267,Rashad McCants,SG,22,MIN,37,0,15.0,1.7,4.8,.350,0.5,2.0,.267,1.1,2.8,.412,.407,1.1,1.6,.690,0.4,0.9,1.3,1.0,0.7,0.2,1.1,1.9,5.0,2007
8836,268,Chris McCray,SG,22,MIL,5,0,2.4,0.0,0.6,.000,0.0,0.0,,0.0,0.6,.000,.000,0.0,0.0,,0.0,0.0,0.0,0.0,0.0,0.0,0.4,0.2,0.0,2007
8837,269,Antonio McDyess,PF,32,DET,82,3,21.1,3.5,6.6,.526,0.0,0.0,,3.5,6.6,.526,.526,1.2,1.7,.691,2.0,4.0,6.0,0.9,0.7,0.8,0.9,2.9,8.1,2007
8838,270,Ivan McFarlin,PF,24,PHI,11,0,3.7,0.5,1.2,.385,0.0,0.1,.000,0.5,1.1,.417,.385,0.5,0.6,.714,0.6,0.4,1.0,0.1,0.0,0.0,0.1,0.7,1.4,2007
8839,271,Tracy McGrady*,SG,27,HOU,71,71,35.8,9.0,20.8,.431,1.8,5.4,.331,7.2,15.5,.466,.474,4.9,6.9,.707,0.8,4.5,5.3,6.5,1.3,0.5,3.0,1.9,24.6,2007
8840,272,Jeff McInnis,PG,32,CHA,38,3,18.5,1.9,4.8,.392,0.0,0.2,.125,1.8,4.6,.405,.395,0.6,0.8,.688,0.4,1.3,1.6,3.3,0.4,0.0,1.1,1.9,4.3,2007
8841,273,Aaron McKie,SF,34,LAL,10,0,13.1,1.1,1.7,.647,0.0,0.0,,1.1,1.7,.647,.647,0.0,0.0,,0.1,1.7,1.8,1.3,0.4,0.0,0.8,1.4,2.2,2007
8842,274,Keith McLeod,PG,27,TOT,48,9,15.0,1.5,3.9,.388,0.3,0.9,.356,1.2,3.0,.399,.431,1.4,1.6,.885,0.1,0.8,0.9,1.9,0.5,0.1,1.0,1.1,4.8,2007
8843,274,Keith McLeod,PG,27,GSW,26,2,14.6,1.6,4.0,.390,0.3,0.9,.391,1.2,3.2,.390,.433,1.8,2.0,.887,0.1,0.7,0.8,1.7,0.7,0.1,0.9,0.8,5.3,2007
8844,274,Keith McLeod,PG,27,IND,22,7,15.4,1.5,3.8,.386,0.3,1.0,.318,1.1,2.8,.410,.428,1.0,1.1,.880,0.0,1.0,1.0,2.0,0.3,0.1,1.0,1.4,4.2,2007
8845,275,Stanislav Medvedenko,C,27,ATL,14,0,5.8,0.9,2.1,.414,0.1,0.1,.500,0.8,1.9,.407,.431,1.2,1.4,.850,0.3,0.7,1.0,0.1,0.0,0.1,0.4,1.1,3.0,2007
8846,276,Pops Mensah-Bonsu,PF,23,DAL,12,0,5.9,0.9,1.4,.647,0.0,0.0,,0.9,1.4,.647,.647,0.6,1.5,.389,0.8,1.0,1.8,0.0,0.1,0.0,0.8,0.7,2.4,2007
8847,277,C.J. Miles,SG,19,UTA,37,13,10.1,1.1,3.1,.345,0.2,0.9,.219,0.9,2.3,.393,.375,0.4,0.6,.609,0.3,0.6,0.9,0.7,0.3,0.1,0.8,1.6,2.7,2007
8848,278,Darko Miličić,PF,21,ORL,80,16,23.9,3.1,6.9,.454,0.0,0.0,.000,3.1,6.8,.455,.454,1.8,2.9,.613,1.8,3.7,5.5,1.1,0.6,1.8,1.6,2.7,8.0,2007
8849,279,Andre Miller,PG,30,TOT,80,79,37.1,5.3,11.4,.466,0.1,0.4,.143,5.2,10.9,.479,.469,2.8,3.5,.784,1.2,3.2,4.4,7.8,1.4,0.1,2.8,2.3,13.4,2007
8850,279,Andre Miller,PG,30,DEN,23,23,35.7,5.1,10.8,.472,0.2,0.7,.250,4.9,10.1,.487,.480,2.7,3.7,.729,1.1,3.4,4.5,9.1,1.6,0.2,3.0,2.5,13.0,2007
8851,279,Andre Miller,PG,30,PHI,57,56,37.6,5.4,11.6,.464,0.0,0.3,.053,5.4,11.3,.477,.465,2.8,3.5,.808,1.3,3.1,4.4,7.3,1.3,0.1,2.7,2.2,13.6,2007
8852,280,Brad Miller,C,30,SAC,63,56,28.3,3.6,7.8,.453,0.1,0.5,.152,3.5,7.3,.475,.459,1.8,2.4,.772,1.3,5.1,6.4,3.6,0.6,0.6,1.7,2.5,9.0,2007
8853,Rk,Player,Pos,Age,Tm,G,GS,MP,FG,FGA,FG%,3P,3PA,3P%,2P,2PA,2P%,eFG%,FT,FTA,FT%,ORB,DRB,TRB,AST,STL,BLK,TOV,PF,PTS,2007
8854,281,Mike Miller,SG,26,MEM,70,69,39.1,6.6,14.4,.460,2.9,7.1,.406,3.8,7.3,.514,.560,2.3,2.9,.793,0.7,4.7,5.4,4.3,0.8,0.3,2.6,2.0,18.5,2007
8855,282,Paul Millsap,PF,21,UTA,82,1,18.0,2.5,4.9,.525,0.0,0.0,.333,2.5,4.8,.527,.526,1.7,2.5,.673,2.2,2.9,5.2,0.8,0.8,0.9,1.1,2.9,6.8,2007
8856,283,Yao Ming*,C,26,HOU,48,48,33.8,8.8,17.1,.516,0.0,0.0,.000,8.8,17.0,.518,.516,7.4,8.6,.862,2.1,7.3,9.4,2.0,0.4,2.0,3.5,3.3,25.0,2007
8857,284,Cuttino Mobley,SG,31,LAC,78,73,36.4,5.0,11.3,.440,1.3,3.2,.411,3.7,8.2,.451,.497,2.6,3.1,.837,0.7,2.8,3.4,2.5,1.2,0.3,1.9,2.4,13.8,2007
8858,285,Nazr Mohammed,C,29,DET,51,33,15.2,2.3,4.4,.532,0.0,0.0,,2.3,4.4,.532,.532,1.0,1.6,.610,1.7,2.7,4.5,0.2,0.5,0.8,0.8,2.6,5.6,2007
8859,286,Mikki Moore,C,31,NJN,79,55,26.4,3.9,6.4,.609,0.0,0.0,.000,3.9,6.4,.610,.609,2.0,3.0,.681,1.8,3.3,5.1,0.9,0.6,0.8,1.4,3.3,9.8,2007
8860,287,Randolph Morris,C,21,NYK,5,0,8.8,0.2,1.2,.167,0.0,0.0,,0.2,1.2,.167,.167,0.4,1.2,.333,0.2,1.6,1.8,0.2,0.4,0.2,0.4,0.8,0.8,2007
8861,288,Adam Morrison,PF,22,CHA,78,23,29.8,4.6,12.1,.376,1.1,3.3,.337,3.4,8.8,.391,.422,1.5,2.2,.710,0.7,2.3,2.9,2.1,0.4,0.1,1.7,2.3,11.8,2007
8862,289,Alonzo Mourning*,C,36,MIA,77,43,20.4,3.1,5.5,.560,0.0,0.0,,3.1,5.5,.560,.560,2.4,4.0,.601,1.6,2.9,4.5,0.2,0.2,2.3,1.7,2.8,8.6,2007
8863,290,Troy Murphy,PF,26,TOT,68,48,27.2,3.9,8.5,.458,0.9,2.2,.395,3.1,6.4,.479,.508,1.6,2.1,.745,1.5,4.6,6.1,1.9,0.7,0.6,1.1,2.9,10.3,2007
8864,290,Troy Murphy,PF,26,GSW,26,17,25.7,3.1,6.9,.450,0.8,2.3,.373,2.3,4.7,.488,.511,1.8,2.5,.712,1.4,4.6,6.0,2.3,0.8,0.7,1.1,2.4,8.9,2007
8865,290,Troy Murphy,PF,26,IND,42,31,28.2,4.4,9.5,.461,0.9,2.1,.409,3.5,7.5,.476,.506,1.5,1.9,.772,1.5,4.6,6.1,1.6,0.6,0.6,1.2,3.2,11.1,2007
8866,291,Ronald Murray,SG,27,DET,69,18,21.4,2.6,6.3,.404,0.3,1.2,.289,2.2,5.1,.431,.432,1.3,1.7,.725,0.4,1.3,1.6,2.7,0.7,0.2,1.3,1.4,6.7,2007
8867,292,Dikembe Mutombo*,C,40,HOU,75,33,17.2,1.1,2.0,.556,0.0,0.0,,1.1,2.0,.556,.556,0.8,1.2,.690,2.2,4.3,6.5,0.2,0.3,1.0,0.5,2.1,3.1,2007
8868,293,Boštjan Nachbar,SF,26,NJN,76,1,20.2,3.0,6.5,.457,1.5,3.5,.423,1.5,3.0,.496,.570,1.7,2.2,.805,0.4,3.0,3.3,0.8,0.4,0.3,0.9,2.4,9.2,2007
8869,294,Eduardo Nájera,PF,30,DEN,75,36,22.1,2.7,4.7,.576,0.0,0.2,.083,2.7,4.6,.594,.578,1.2,1.6,.715,1.7,2.4,4.1,0.9,1.0,0.3,0.7,2.8,6.6,2007
8870,295,Steve Nash*,PG,32,PHO,76,76,35.3,6.8,12.8,.532,2.1,4.5,.455,4.8,8.3,.575,.613,2.9,3.3,.899,0.4,3.1,3.5,11.6,0.8,0.1,3.8,1.5,18.6,2007
8871,296,Jameer Nelson,PG,24,ORL,77,77,30.3,4.9,11.4,.430,0.8,2.5,.335,4.0,8.8,.457,.467,2.4,2.9,.828,0.6,2.4,3.1,4.3,0.9,0.1,2.4,2.9,13.0,2007
8872,297,Rasho Nesterović,C,30,TOR,80,73,21.0,2.9,5.3,.546,0.0,0.0,.000,2.9,5.3,.548,.546,0.4,0.6,.680,1.4,3.1,4.5,0.9,0.5,1.1,0.7,2.4,6.2,2007
8873,298,Ira Newble,SF,32,CLE,15,1,8.6,1.1,2.5,.432,0.5,1.0,.533,0.5,1.5,.364,.541,0.4,0.7,.600,0.9,1.1,2.0,0.1,0.4,0.0,0.2,1.1,3.1,2007
8874,299,Andrés Nocioni,PF,27,CHI,53,31,26.5,5.2,11.0,.467,1.5,3.9,.383,3.6,7.1,.515,.536,2.3,2.7,.848,0.8,4.9,5.7,1.1,0.5,0.5,2.0,3.1,14.1,2007
8875,300,David Noel,PF,22,MIL,68,0,11.6,1.0,2.6,.367,0.3,0.8,.321,0.7,1.8,.387,.415,0.5,0.6,.860,0.6,1.2,1.8,1.0,0.4,0.1,0.6,1.1,2.7,2007
8876,Rk,Player,Pos,Age,Tm,G,GS,MP,FG,FGA,FG%,3P,3PA,3P%,2P,2PA,2P%,eFG%,FT,FTA,FT%,ORB,DRB,TRB,AST,STL,BLK,TOV,PF,PTS,2007
8877,301,Steve Novak,SF,23,HOU,35,1,5.5,0.5,1.4,.360,0.4,1.1,.333,0.1,0.3,.455,.490,0.1,0.1,1.000,0.1,0.6,0.7,0.2,0.1,0.0,0.1,0.6,1.5,2007
8878,302,Dirk Nowitzki,PF,28,DAL,78,78,36.2,8.6,17.2,.502,0.9,2.2,.416,7.7,15.0,.515,.529,6.4,7.1,.904,1.6,7.3,8.9,3.4,0.7,0.8,2.1,2.2,24.6,2007
8879,303,Patrick O'Bryant,C,20,GSW,16,0,7.4,0.6,2.0,.313,0.0,0.0,,0.6,2.0,.313,.313,0.7,1.1,.647,0.4,0.9,1.3,0.6,0.4,0.5,0.5,1.6,1.9,2007
8880,304,Jermaine O'Neal,C,28,IND,69,69,35.6,7.2,16.5,.436,0.0,0.1,.000,7.2,16.4,.439,.436,5.0,6.5,.767,2.2,7.4,9.6,2.4,0.7,2.6,2.9,3.4,19.4,2007
8881,305,Shaquille O'Neal*,C,34,MIA,40,39,28.4,7.1,12.0,.591,0.0,0.0,,7.1,12.0,.591,.591,3.1,7.4,.422,2.4,5.0,7.4,2.0,0.2,1.4,2.4,3.5,17.3,2007
8882,306,Fabricio Oberto,C,31,SAS,79,33,17.3,2.0,3.6,.562,0.0,0.0,,2.0,3.6,.562,.562,0.4,0.6,.647,1.7,3.0,4.7,0.9,0.3,0.3,0.9,2.7,4.4,2007
8883,307,Lamar Odom,PF,27,LAL,56,56,39.3,5.7,12.2,.468,1.0,3.3,.297,4.7,8.9,.531,.508,3.5,5.1,.700,1.8,7.9,9.8,4.8,0.9,0.6,2.9,3.3,15.9,2007
8884,308,Emeka Okafor,C,24,CHA,67,65,34.8,5.9,11.0,.532,0.0,0.0,,5.9,11.0,.532,.532,2.6,4.4,.593,3.9,7.4,11.3,1.2,0.9,2.6,1.7,3.1,14.4,2007
8885,309,Mehmet Okur,C,27,UTA,80,80,33.3,6.1,13.3,.462,1.6,4.2,.384,4.5,9.1,.498,.523,3.7,4.8,.765,2.0,5.2,7.2,2.0,0.5,0.5,1.6,3.2,17.6,2007
8886,310,Kevin Ollie,PG,34,PHI,53,23,17.3,1.5,3.5,.433,0.0,0.0,.000,1.5,3.5,.438,.433,0.7,0.8,.822,0.2,1.2,1.4,2.5,0.4,0.0,0.9,1.4,3.8,2007
8887,311,Michael Olowokandi,C,31,BOS,24,0,9.8,0.8,1.9,.413,0.0,0.0,,0.8,1.9,.413,.413,0.1,0.1,.667,0.6,1.4,2.0,0.2,0.3,0.5,0.7,2.0,1.7,2007
8888,312,Bo Outlaw,PF,35,ORL,41,0,11.2,0.8,1.2,.667,0.0,0.0,,0.8,1.2,.667,.667,0.3,0.5,.591,1.1,1.4,2.6,0.4,0.4,0.1,0.5,1.4,2.0,2007
8889,313,Travis Outlaw,PF,22,POR,67,1,22.9,3.7,8.5,.434,0.1,0.6,.270,3.5,7.9,.445,.443,2.1,2.7,.790,1.0,2.3,3.2,0.8,0.9,1.1,1.0,2.2,9.6,2007
8890,314,Zaza Pachulia,C,22,ATL,72,47,28.1,4.0,8.5,.474,0.0,0.0,.000,4.0,8.5,.475,.474,4.1,5.2,.786,2.8,4.2,6.9,1.5,1.1,0.5,2.3,3.7,12.2,2007
8891,315,Scott Padgett,PF,30,TOT,31,0,7.5,0.5,1.8,.286,0.3,1.1,.242,0.3,0.7,.348,.357,0.2,0.4,.462,0.5,1.2,1.7,0.3,0.2,0.1,0.3,1.1,1.5,2007
8892,315,Scott Padgett,PF,30,HOU,24,0,8.3,0.6,2.0,.306,0.3,1.2,.276,0.3,0.8,.350,.388,0.3,0.5,.545,0.5,1.4,1.9,0.3,0.2,0.1,0.3,1.4,1.8,2007
8893,315,Scott Padgett,PF,30,MEM,7,0,4.7,0.1,1.0,.143,0.0,0.6,.000,0.1,0.4,.333,.143,0.0,0.3,.000,0.7,0.6,1.3,0.0,0.1,0.0,0.1,0.3,0.3,2007
8894,316,Jannero Pargo,PG,27,NOK,82,7,20.9,3.5,8.4,.409,1.0,2.5,.388,2.5,5.9,.418,.467,1.3,1.5,.852,0.2,2.0,2.2,2.5,0.6,0.0,1.5,1.5,9.2,2007
8895,317,Anthony Parker,SG,31,TOR,73,73,33.4,4.5,9.4,.477,1.6,3.6,.441,2.9,5.8,.500,.561,1.8,2.2,.835,0.8,3.1,3.9,2.1,1.0,0.2,1.0,1.8,12.4,2007
8896,318,Smush Parker,PG,25,LAL,82,80,30.0,4.2,9.6,.436,1.3,3.7,.365,2.8,5.9,.479,.506,1.4,2.1,.646,0.5,2.0,2.5,2.8,1.5,0.1,1.9,2.6,11.1,2007
8897,319,Tony Parker,PG,24,SAS,77,77,32.5,7.4,14.2,.520,0.2,0.5,.395,7.2,13.7,.525,.527,3.6,4.5,.783,0.4,2.8,3.2,5.5,1.1,0.1,2.5,1.8,18.6,2007
8898,320,Ruben Patterson,SF,31,MIL,81,53,31.0,5.9,10.7,.548,0.0,0.2,.158,5.8,10.5,.557,.550,3.0,4.6,.641,2.3,3.1,5.4,2.9,1.4,0.3,2.5,2.9,14.7,2007
8899,Rk,Player,Pos,Age,Tm,G,GS,MP,FG,FGA,FG%,3P,3PA,3P%,2P,2PA,2P%,eFG%,FT,FTA,FT%,ORB,DRB,TRB,AST,STL,BLK,TOV,PF,PTS,2007
8900,321,Chris Paul,PG,21,NOK,64,64,36.8,6.0,13.6,.437,0.8,2.2,.350,5.2,11.4,.455,.466,4.6,5.6,.818,0.8,3.5,4.4,8.9,1.8,0.0,2.5,2.4,17.3,2007
8901,322,Sasha Pavlović,SG,23,CLE,67,28,22.9,3.3,7.3,.453,0.9,2.2,.405,2.4,5.1,.474,.514,1.5,1.9,.794,0.3,2.0,2.4,1.6,0.8,0.3,1.5,2.2,9.0,2007
8902,323,Gary Payton*,PG,38,MIA,68,28,22.1,2.1,5.4,.393,0.5,1.8,.260,1.6,3.6,.461,.437,0.6,0.8,.667,0.3,1.7,1.9,3.0,0.6,0.0,1.0,1.7,5.3,2007
8903,324,Kendrick Perkins,C,22,BOS,72,53,21.9,1.8,3.7,.491,0.0,0.0,.000,1.8,3.7,.496,.491,0.8,1.4,.600,1.6,3.6,5.2,1.3,0.3,1.3,1.6,3.0,4.5,2007
8904,325,Morris Peterson,SF,29,TOR,71,12,21.3,3.1,7.3,.429,1.5,4.2,.359,1.6,3.1,.523,.532,1.2,1.7,.683,0.5,2.9,3.3,0.7,0.6,0.2,0.7,1.8,8.9,2007
8905,326,Johan Petro,C,21,SEA,81,13,18.6,2.8,5.4,.516,0.0,0.0,,2.8,5.4,.516,.516,0.6,1.0,.649,1.1,3.0,4.1,0.6,0.5,0.6,1.0,2.9,6.2,2007
8906,327,Eric Piatkowski,SG,36,PHO,11,0,6.6,0.8,2.3,.360,0.6,1.6,.389,0.2,0.6,.286,.500,0.2,0.2,1.000,0.2,0.6,0.8,0.4,0.0,0.1,0.5,0.5,2.5,2007
8907,328,Paul Pierce*,SG,29,BOS,47,46,37.0,7.9,18.1,.439,2.3,5.9,.389,5.7,12.2,.463,.502,6.8,8.6,.796,0.8,5.1,5.9,4.1,1.0,0.3,3.2,2.6,25.0,2007
8908,329,Mickaël Piétrus,SF,24,GSW,72,38,26.9,4.0,8.1,.488,1.3,3.3,.388,2.7,4.8,.558,.567,1.9,2.9,.648,1.1,3.4,4.5,0.9,0.7,0.8,1.5,3.1,11.1,2007
8909,330,Kevinn Pinkney,PF,23,BOS,6,0,16.7,2.0,4.5,.444,0.2,0.3,.500,1.8,4.2,.440,.463,1.0,1.5,.667,1.2,1.3,2.5,0.8,0.5,0.5,0.7,2.0,5.2,2007
8910,331,Scot Pollard,C,31,CLE,24,0,4.5,0.5,1.1,.423,0.0,0.0,,0.5,1.1,.423,.423,0.1,0.2,.500,0.6,0.7,1.3,0.1,0.2,0.0,0.2,1.1,1.0,2007
8911,332,James Posey,SF,30,MIA,71,19,27.0,2.6,6.1,.431,1.4,3.6,.375,1.3,2.4,.514,.543,1.1,1.4,.827,0.9,4.1,5.0,1.3,1.0,0.3,0.8,2.7,7.7,2007
8912,333,Vitaly Potapenko,C,31,SAC,3,0,4.3,0.0,1.3,.000,0.0,0.0,,0.0,1.3,.000,.000,0.0,0.0,,0.0,0.7,0.7,0.0,0.0,0.0,0.7,1.0,0.0,2007
8913,334,Leon Powe,C,23,BOS,63,2,11.4,1.3,2.8,.446,0.0,0.0,.000,1.3,2.8,.451,.446,1.7,2.3,.736,1.5,1.9,3.4,0.2,0.2,0.3,0.7,1.7,4.2,2007
8914,335,Josh Powell,PF,24,TOT,37,0,9.5,1.2,2.5,.462,0.0,0.0,,1.2,2.5,.462,.462,0.8,1.1,.714,0.6,1.7,2.4,0.6,0.1,0.3,0.8,1.6,3.1,2007
8915,335,Josh Powell,PF,24,IND,7,0,9.1,0.3,2.1,.133,0.0,0.0,,0.3,2.1,.133,.133,1.1,1.7,.667,1.0,1.7,2.7,0.4,0.0,0.0,0.7,2.6,1.7,2007
8916,335,Josh Powell,PF,24,GSW,30,0,9.6,1.4,2.6,.526,0.0,0.0,,1.4,2.6,.526,.526,0.7,1.0,.733,0.6,1.7,2.3,0.6,0.2,0.4,0.8,1.4,3.5,2007
8917,336,Roger Powell,SF,24,UTA,3,0,4.3,0.0,1.0,.000,0.0,0.3,.000,0.0,0.7,.000,.000,0.7,0.7,1.000,1.0,0.0,1.0,0.0,0.0,0.0,1.0,0.7,0.7,2007
8918,337,Ronnie Price,PG,23,SAC,58,1,9.7,1.2,3.0,.390,0.4,1.1,.323,0.8,1.8,.430,.451,0.6,0.9,.673,0.3,1.0,1.2,0.8,0.5,0.1,0.6,1.1,3.3,2007
8919,338,Tayshaun Prince,SF,26,DET,82,82,36.6,5.6,12.2,.460,1.0,2.6,.386,4.6,9.6,.480,.501,2.1,2.7,.768,1.8,3.5,5.2,2.8,0.6,0.7,1.2,1.4,14.3,2007
8920,339,Joel Przybilla,C,27,POR,43,43,16.3,0.9,1.8,.474,0.0,0.0,,0.9,1.8,.474,.474,0.2,0.6,.370,1.4,2.5,3.9,0.3,0.2,1.6,0.9,2.9,2.0,2007
8921,340,Chris Quinn,PG,23,MIA,42,1,9.7,1.1,3.1,.366,0.5,1.4,.351,0.7,1.8,.378,.443,0.6,0.9,.676,0.1,0.6,0.7,1.5,0.4,0.0,0.5,0.8,3.4,2007
8922,Rk,Player,Pos,Age,Tm,G,GS,MP,FG,FGA,FG%,3P,3PA,3P%,2P,2PA,2P%,eFG%,FT,FTA,FT%,ORB,DRB,TRB,AST,STL,BLK,TOV,PF,PTS,2007
8923,341,Vladimir Radmanović,PF,26,LAL,55,15,17.9,2.4,5.7,.424,0.7,2.1,.339,1.7,3.6,.475,.487,1.0,1.3,.726,1.0,2.3,3.3,1.2,0.5,0.3,1.3,2.3,6.6,2007
8924,342,Shavlik Randolph,PF,23,PHI,13,6,13.8,1.8,3.7,.479,0.0,0.0,,1.8,3.7,.479,.479,0.9,1.7,.545,1.5,2.7,4.2,0.3,0.5,0.8,0.7,1.8,4.5,2007
8925,343,Zach Randolph,PF,25,POR,68,67,35.7,8.8,18.9,.467,0.2,0.7,.292,8.6,18.2,.473,.472,5.8,7.1,.819,2.9,7.2,10.1,2.2,0.8,0.2,3.2,2.7,23.6,2007
8926,344,Theo Ratliff,C,33,BOS,2,2,22.0,0.5,1.5,.333,0.0,0.0,,0.5,1.5,.333,.333,1.5,2.0,.750,1.0,2.5,3.5,0.0,0.5,1.5,0.5,3.0,2.5,2007
8927,345,Allan Ray,SG,22,BOS,47,5,15.1,2.1,5.5,.386,1.0,2.5,.414,1.1,3.0,.364,.479,0.9,1.2,.764,0.4,1.1,1.5,0.9,0.4,0.1,0.9,1.8,6.2,2007
8928,346,Michael Redd,SF,27,MIL,53,53,38.4,9.0,19.3,.465,2.2,5.8,.382,6.8,13.6,.501,.522,6.5,7.8,.829,0.8,2.9,3.7,2.3,1.2,0.2,2.3,1.5,26.7,2007
8929,347,J.J. Redick,PG,22,ORL,42,0,14.8,1.9,4.6,.410,0.9,2.3,.388,1.0,2.3,.433,.508,1.3,1.4,.900,0.2,1.0,1.2,0.9,0.3,0.0,0.5,1.2,6.0,2007
8930,348,Justin Reed,PF,25,MIN,41,3,7.8,1.0,2.6,.374,0.0,0.0,,1.0,2.6,.374,.374,0.6,0.7,.867,0.4,0.8,1.1,0.4,0.1,0.1,0.5,1.1,2.6,2007
8931,349,Jared Reiner,C,24,MIL,27,2,9.0,0.6,1.6,.349,0.0,0.0,,0.6,1.6,.349,.349,0.1,0.4,.300,0.8,1.9,2.6,0.5,0.2,0.2,0.5,1.7,1.2,2007
8932,350,Jason Richardson,SG,26,GSW,51,49,32.8,6.0,14.4,.417,2.2,5.9,.365,3.8,8.5,.453,.492,1.8,2.7,.657,1.4,3.7,5.1,3.4,1.1,0.6,1.6,2.5,16.0,2007
8933,351,Jeremy Richardson,SG-SF,22,TOT,6,0,3.3,0.5,1.0,.500,0.3,0.5,.667,0.2,0.5,.333,.667,0.0,0.0,,0.2,0.2,0.3,0.0,0.2,0.0,0.2,0.3,1.3,2007
8934,351,Jeremy Richardson,SG,22,ATL,5,0,3.8,0.6,1.2,.500,0.4,0.6,.667,0.2,0.6,.333,.667,0.0,0.0,,0.2,0.2,0.4,0.0,0.2,0.0,0.2,0.4,1.6,2007
8935,351,Jeremy Richardson,SF,22,POR,1,0,1.0,0.0,0.0,,0.0,0.0,,0.0,0.0,,,0.0,0.0,,0.0,0.0,0.0,0.0,0.0,0.0,0.0,0.0,0.0,2007
8936,352,Quentin Richardson,SF,26,NYK,49,47,33.1,4.7,11.1,.418,2.0,5.3,.376,2.7,5.9,.456,.507,1.7,2.4,.692,1.3,5.9,7.2,2.2,0.7,0.1,1.4,2.7,13.0,2007
8937,353,Luke Ridnour,PG,25,SEA,71,58,29.5,4.2,9.8,.433,0.7,2.0,.353,3.5,7.8,.453,.468,1.8,2.2,.805,0.4,1.9,2.3,5.2,1.2,0.3,2.2,2.5,11.0,2007
8938,354,Anthony Roberson,PG,23,GSW,20,1,11.4,2.2,5.2,.423,1.1,2.8,.382,1.2,2.5,.469,.524,0.1,0.2,.667,0.1,1.0,1.1,0.5,0.6,0.0,0.7,1.4,5.6,2007
8939,355,Lawrence Roberts,PF,24,MEM,54,18,17.9,1.7,3.9,.452,0.0,0.0,.000,1.7,3.8,.456,.452,1.8,2.4,.725,1.9,3.0,4.8,0.6,0.7,0.2,0.7,2.5,5.2,2007
8940,356,Bernard Robinson,SG-SF,26,TOT,31,0,9.0,0.6,2.0,.306,0.0,0.1,.000,0.6,1.9,.317,.306,0.7,0.9,.852,0.3,1.2,1.5,0.6,0.5,0.1,0.5,1.0,2.0,2007
8941,356,Bernard Robinson,SG,26,CHA,21,0,11.5,0.8,2.6,.296,0.0,0.1,.000,0.8,2.5,.308,.296,0.9,1.0,.864,0.4,1.6,2.0,0.8,0.6,0.0,0.8,1.3,2.4,2007
8942,356,Bernard Robinson,SF,26,NJN,10,0,3.7,0.3,0.8,.375,0.0,0.0,,0.3,0.8,.375,.375,0.4,0.5,.800,0.1,0.5,0.6,0.2,0.4,0.1,0.0,0.4,1.0,2007
8943,357,Clifford Robinson,C,40,NJN,50,1,19.1,1.6,4.4,.372,0.5,1.3,.379,1.1,3.0,.368,.429,0.3,0.7,.444,0.6,1.8,2.4,1.0,0.2,0.5,0.6,2.0,4.1,2007
8944,358,Nate Robinson,PG,22,NYK,64,5,21.2,3.5,8.2,.434,1.3,3.3,.390,2.3,4.8,.465,.513,1.7,2.2,.777,0.9,1.5,2.4,1.4,0.8,0.1,1.1,2.5,10.1,2007
8945,359,Sergio Rodríguez,PG,20,POR,67,1,12.9,1.5,3.6,.423,0.4,1.3,.282,1.1,2.3,.500,.473,0.3,0.4,.808,0.3,1.1,1.4,3.3,0.5,0.0,1.1,1.1,3.7,2007
8946,360,Rajon Rondo,PG,20,BOS,78,25,23.5,2.4,5.8,.418,0.1,0.4,.207,2.3,5.4,.432,.424,1.5,2.4,.647,0.9,2.8,3.7,3.8,1.6,0.1,1.8,2.3,6.4,2007
8947,Rk,Player,Pos,Age,Tm,G,GS,MP,FG,FGA,FG%,3P,3PA,3P%,2P,2PA,2P%,eFG%,FT,FTA,FT%,ORB,DRB,TRB,AST,STL,BLK,TOV,PF,PTS,2007
8948,361,Jalen Rose,SF,34,PHO,29,0,8.5,1.3,3.0,.442,0.7,1.6,.447,0.6,1.3,.436,.564,0.4,0.4,.917,0.1,0.7,0.8,0.6,0.2,0.1,0.3,0.8,3.7,2007
8949,362,Malik Rose,PF,32,NYK,65,2,12.5,1.1,2.9,.398,0.0,0.1,.250,1.1,2.7,.404,.403,0.6,0.8,.808,0.7,2.0,2.7,1.0,0.4,0.1,1.0,1.8,3.0,2007
8950,363,Quinton Ross,SG,25,LAC,81,43,21.0,2.2,4.7,.467,0.0,0.1,.200,2.2,4.6,.474,.470,0.8,1.1,.782,0.7,1.6,2.3,1.1,0.9,0.4,0.4,2.2,5.2,2007
8951,364,Brandon Roy,SG,22,POR,57,55,35.4,6.1,13.4,.456,1.0,2.6,.377,5.2,10.9,.475,.492,3.5,4.2,.838,1.0,3.4,4.4,4.0,1.2,0.2,2.0,2.4,16.8,2007
8952,365,Michael Ruffin,PF,30,WAS,30,0,9.0,0.2,0.6,.278,0.0,0.0,,0.2,0.6,.278,.278,0.2,0.6,.368,1.2,0.9,2.1,0.2,0.2,0.3,0.4,1.4,0.6,2007
8953,366,John Salmons,SG,27,SAC,79,19,27.0,3.0,6.5,.456,0.5,1.4,.357,2.5,5.1,.484,.495,2.0,2.6,.779,0.6,2.7,3.3,3.2,0.9,0.3,1.5,2.2,8.5,2007
8954,367,Jamal Sampson,C,23,DEN,22,3,5.7,0.4,0.6,.643,0.0,0.0,.000,0.4,0.6,.692,.643,0.3,0.6,.429,0.7,1.5,2.2,0.2,0.1,0.3,0.5,0.8,1.1,2007
8955,368,Brian Scalabrine,PF,28,BOS,54,17,19.0,1.4,3.5,.403,0.8,2.0,.400,0.6,1.5,.407,.518,0.3,0.4,.783,0.4,1.5,1.9,1.1,0.4,0.3,0.8,2.4,4.0,2007
8956,369,Luke Schenscher,C,24,POR,11,0,10.7,0.6,2.1,.304,0.0,0.0,,0.6,2.1,.304,.304,0.5,0.6,.714,0.9,1.4,2.3,0.1,0.2,0.4,0.4,2.3,1.7,2007
8957,370,Thabo Sefolosha,SG,22,CHI,71,4,12.2,1.5,3.6,.426,0.2,0.6,.357,1.3,3.0,.439,.455,0.3,0.6,.511,0.5,1.7,2.2,0.8,0.5,0.2,0.8,1.4,3.6,2007
8958,371,Mouhamed Sene,C,20,SEA,28,3,6.0,0.6,1.8,.367,0.0,0.0,,0.6,1.8,.367,.367,0.6,1.0,.586,0.6,1.0,1.6,0.0,0.1,0.4,0.4,1.2,1.9,2007
8959,372,Wayne Simien,PF,23,MIA,8,0,11.6,1.1,2.9,.391,0.0,0.0,,1.1,2.9,.391,.391,0.6,0.9,.714,0.6,0.8,1.4,0.5,0.3,0.0,0.4,1.6,2.9,2007
8960,373,Cedric Simmons,PF,21,NOK,43,4,12.4,1.3,3.1,.417,0.0,0.0,,1.3,3.1,.417,.417,0.4,0.8,.485,1.0,1.5,2.5,0.3,0.2,0.5,0.5,1.7,2.9,2007
8961,374,James Singleton,PF,25,LAC,53,0,7.1,0.6,1.5,.366,0.1,0.3,.214,0.5,1.3,.397,.384,0.4,0.5,.759,0.7,1.3,2.0,0.3,0.3,0.3,0.3,0.8,1.6,2007
8962,375,Brian Skinner,PF,30,MIL,67,44,22.7,1.9,3.8,.490,0.0,0.0,,1.9,3.8,.490,.490,0.7,1.2,.582,1.6,4.2,5.7,0.9,0.3,1.0,1.1,2.9,4.4,2007
8963,376,Uroš Slokar,C,23,TOR,20,0,3.6,0.7,1.3,.538,0.1,0.1,.500,0.7,1.2,.542,.558,0.5,0.7,.692,0.4,0.4,0.7,0.1,0.1,0.1,0.5,0.6,1.9,2007
8964,377,Craig Smith,PF,23,MIN,82,5,18.7,3.0,5.6,.531,0.0,0.1,.000,3.0,5.6,.538,.531,1.4,2.3,.624,1.8,3.3,5.1,0.6,0.6,0.2,0.9,2.7,7.4,2007
8965,378,J.R. Smith,SG,21,DEN,63,24,23.3,4.5,10.2,.441,2.4,6.1,.390,2.1,4.2,.515,.557,1.6,2.0,.810,0.5,1.8,2.3,1.4,0.8,0.1,1.3,2.3,13.0,2007
8966,379,Joe Smith,PF,31,TOT,65,11,23.1,3.3,7.3,.449,0.0,0.1,.000,3.3,7.3,.453,.449,1.9,2.3,.845,1.8,4.3,6.2,0.8,0.6,0.4,1.2,2.3,8.5,2007
8967,379,Joe Smith,PF,31,DEN,11,0,13.5,2.1,4.4,.479,0.0,0.1,.000,2.1,4.3,.489,.479,0.9,1.1,.833,1.2,2.5,3.6,0.3,0.5,0.6,1.2,2.1,5.1,2007
8968,379,Joe Smith,PF,31,PHI,54,11,25.1,3.5,7.9,.445,0.0,0.1,.000,3.5,7.9,.449,.445,2.1,2.5,.846,2.0,4.7,6.7,0.9,0.6,0.4,1.2,2.3,9.2,2007
8969,380,Josh Smith,SF,21,ATL,72,72,36.8,6.1,13.8,.439,0.5,2.1,.250,5.5,11.7,.473,.458,3.7,5.4,.693,2.3,6.3,8.6,3.3,1.4,2.9,3.2,3.3,16.4,2007
8970,Rk,Player,Pos,Age,Tm,G,GS,MP,FG,FGA,FG%,3P,3PA,3P%,2P,2PA,2P%,eFG%,FT,FTA,FT%,ORB,DRB,TRB,AST,STL,BLK,TOV,PF,PTS,2007
8971,381,Steven Smith,PF,23,PHI,8,0,3.5,0.3,1.0,.250,0.0,0.0,,0.3,1.0,.250,.250,0.1,0.3,.500,0.1,0.6,0.8,0.0,0.1,0.0,0.3,0.5,0.6,2007
8972,382,Eric Snow,PG,33,CLE,82,45,23.5,1.6,4.0,.417,0.0,0.0,.000,1.6,3.9,.422,.417,0.9,1.4,.637,0.4,1.9,2.3,4.0,0.7,0.2,1.4,2.3,4.2,2007
8973,383,Kirk Snyder,SF,23,HOU,39,1,14.4,1.7,3.7,.452,0.3,1.1,.250,1.4,2.6,.539,.490,1.3,1.9,.653,0.4,1.7,2.1,1.0,0.3,0.3,0.7,1.3,4.9,2007
8974,384,Darius Songaila,PF,28,WAS,37,1,18.9,3.2,6.1,.524,0.0,0.1,.000,3.2,6.0,.529,.524,1.2,1.5,.852,1.2,2.4,3.6,1.0,0.5,0.3,1.2,2.8,7.6,2007
8975,385,Pape Sow,C,25,TOR,7,0,4.9,0.4,1.3,.333,0.0,0.0,,0.4,1.3,.333,.333,0.6,0.9,.667,0.9,0.7,1.6,0.3,0.1,0.1,0.1,0.3,1.4,2007
8976,386,Vassilis Spanoulis,SG,24,HOU,31,0,8.8,0.7,2.3,.319,0.2,0.9,.172,0.6,1.4,.419,.354,1.1,1.4,.810,0.2,0.5,0.7,0.9,0.2,0.0,0.9,1.1,2.7,2007
8977,387,Jerry Stackhouse,SF,32,DAL,67,8,24.1,4.2,9.8,.428,0.9,2.4,.383,3.3,7.3,.443,.476,2.7,3.2,.847,0.6,1.6,2.2,2.8,0.8,0.1,1.7,1.2,12.0,2007
8978,388,DeShawn Stevenson,SG,25,WAS,82,82,29.5,4.2,9.2,.461,0.9,2.2,.404,3.3,7.0,.479,.510,1.9,2.6,.704,0.7,2.0,2.6,2.7,0.8,0.2,1.5,1.9,11.2,2007
8979,389,Peja Stojaković,SF,29,NOK,13,13,32.7,6.4,15.1,.423,2.6,6.5,.405,3.8,8.6,.438,.510,2.4,2.9,.816,0.8,3.3,4.2,0.8,0.6,0.3,1.5,2.2,17.8,2007
8980,390,Damon Stoudamire,PG,33,MEM,62,51,24.2,2.8,7.0,.391,1.0,2.8,.337,1.8,4.2,.427,.459,1.1,1.3,.795,0.5,1.7,2.2,4.8,0.8,0.0,1.6,1.5,7.5,2007
8981,391,Salim Stoudamire,SG,24,ATL,61,0,17.0,2.9,7.0,.416,0.9,2.5,.361,2.0,4.4,.448,.482,1.0,1.1,.897,0.1,1.1,1.2,1.0,0.3,0.0,0.9,1.4,7.7,2007
8982,392,Amar'e Stoudemire,C,24,PHO,82,78,32.8,7.4,12.9,.575,0.0,0.0,.000,7.4,12.8,.577,.575,5.6,7.1,.781,2.7,6.9,9.6,1.0,1.0,1.3,2.8,3.6,20.4,2007
8983,393,Mike Sweetney,C,24,CHI,48,0,8.0,1.2,2.8,.433,0.0,0.0,,1.2,2.8,.433,.433,0.8,1.4,.561,0.9,1.6,2.5,0.6,0.2,0.2,0.9,1.6,3.2,2007
8984,394,Stromile Swift,C,27,MEM,54,18,19.1,3.0,6.4,.465,0.0,0.1,.000,3.0,6.3,.472,.465,1.8,2.5,.724,1.6,3.1,4.6,0.3,0.6,1.1,1.3,2.7,7.8,2007
8985,395,Wally Szczerbiak,SF,29,BOS,32,19,28.1,5.0,12.1,.415,1.4,3.3,.415,3.7,8.8,.415,.472,3.5,3.9,.897,0.5,2.6,3.1,1.7,0.6,0.1,1.7,2.0,15.0,2007
8986,396,Donell Taylor,SG,24,WAS,47,1,7.9,1.2,3.0,.400,0.1,0.4,.176,1.1,2.6,.431,.411,0.2,0.4,.524,0.3,0.8,1.1,1.0,0.4,0.1,0.5,0.7,2.7,2007
8987,397,Maurice Taylor,PF,30,SAC,12,2,8.6,0.7,2.3,.286,0.0,0.0,,0.7,2.3,.286,.286,0.7,1.1,.615,0.8,1.5,2.3,0.4,0.3,0.1,0.5,1.3,2.0,2007
8988,398,Sebastian Telfair,PG,21,BOS,78,30,20.2,2.3,6.1,.371,0.5,1.6,.289,1.8,4.4,.402,.410,1.2,1.4,.818,0.2,1.2,1.4,2.8,0.6,0.1,1.3,2.1,6.1,2007
8989,399,Jason Terry,SG,29,DAL,81,80,35.1,6.3,13.1,.484,2.0,4.6,.438,4.3,8.6,.508,.560,2.0,2.5,.804,0.5,2.3,2.9,5.2,1.0,0.2,1.9,2.1,16.7,2007
8990,400,Etan Thomas,C,28,WAS,65,32,19.2,2.4,4.3,.574,0.0,0.0,,2.4,4.3,.574,.574,1.2,2.1,.558,2.1,3.7,5.8,0.4,0.3,1.4,1.1,2.5,6.1,2007
8991,Rk,Player,Pos,Age,Tm,G,GS,MP,FG,FGA,FG%,3P,3PA,3P%,2P,2PA,2P%,eFG%,FT,FTA,FT%,ORB,DRB,TRB,AST,STL,BLK,TOV,PF,PTS,2007
8992,401,Kenny Thomas,PF,29,SAC,62,53,22.8,2.4,4.9,.482,0.0,0.0,.000,2.4,4.9,.483,.482,0.6,1.2,.513,2.2,3.9,6.1,1.2,0.7,0.3,1.5,2.3,5.3,2007
8993,402,Kurt Thomas,C,34,PHO,67,13,18.0,1.9,3.9,.486,0.0,0.0,.000,1.9,3.9,.488,.486,0.8,1.1,.789,1.3,4.4,5.7,0.4,0.4,0.4,0.5,2.3,4.6,2007
8994,403,Tim Thomas,PF,29,LAC,76,24,27.0,3.9,9.5,.414,1.8,4.7,.382,2.1,4.8,.444,.508,1.3,1.9,.708,0.8,4.1,5.0,2.3,0.7,0.4,1.4,3.0,11.0,2007
8995,404,Tyrus Thomas,PF,20,CHI,72,4,13.4,1.9,3.9,.475,0.0,0.0,.000,1.9,3.9,.479,.475,1.5,2.4,.606,1.2,2.5,3.7,0.6,0.6,1.1,1.3,2.3,5.2,2007
8996,405,Dijon Thompson,SF,23,ATL,6,0,8.3,1.0,2.5,.400,0.0,0.3,.000,1.0,2.2,.462,.400,0.8,1.0,.833,0.5,0.8,1.3,0.3,0.0,0.0,0.2,0.3,2.8,2007
8997,406,Jamaal Tinsley,PG,28,IND,72,72,31.2,4.8,12.3,.389,0.8,2.7,.316,4.0,9.7,.409,.424,2.4,3.3,.720,0.8,2.5,3.3,6.9,1.6,0.3,2.8,2.6,12.8,2007
8998,407,Jake Tsakalidis,C,27,TOT,36,7,10.8,0.8,2.0,.403,0.0,0.0,,0.8,2.0,.403,.403,0.7,1.1,.667,1.2,1.7,2.9,0.1,0.2,0.3,0.7,1.4,2.3,2007
8999,407,Jake Tsakalidis,C,27,MEM,23,7,11.2,0.9,2.2,.400,0.0,0.0,,0.9,2.2,.400,.400,0.6,1.0,.583,1.0,1.7,2.8,0.1,0.3,0.5,0.9,1.5,2.3,2007
9000,407,Jake Tsakalidis,C,27,HOU,13,0,10.2,0.7,1.7,.409,0.0,0.0,,0.7,1.7,.409,.409,0.9,1.2,.800,1.4,1.7,3.1,0.2,0.1,0.1,0.2,1.3,2.3,2007
9001,408,P.J. Tucker,SF,21,TOR,17,0,4.9,0.6,1.3,.500,0.0,0.0,,0.6,1.3,.500,.500,0.5,0.8,.571,0.6,0.7,1.4,0.2,0.1,0.0,0.4,0.7,1.8,2007
9002,409,Ronny Turiaf,C,24,LAL,72,1,15.1,2.0,3.7,.549,0.0,0.0,.000,2.0,3.7,.551,.549,1.2,1.9,.664,1.2,2.4,3.6,0.9,0.2,1.1,0.7,2.8,5.3,2007
9003,410,Hedo Türkoğlu,SF,27,ORL,73,73,31.1,4.7,11.3,.419,1.5,3.8,.388,3.2,7.4,.435,.485,2.3,3.0,.781,0.8,3.2,4.0,3.2,1.0,0.2,2.0,3.0,13.3,2007
9004,411,Ime Udoka,SF,29,POR,75,75,28.6,3.2,6.9,.461,1.2,2.9,.406,2.0,3.9,.502,.548,0.9,1.2,.742,1.3,2.5,3.7,1.5,0.9,0.2,1.0,2.8,8.4,2007
9005,412,Beno Udrih,PG,24,SAS,73,1,13.0,1.7,4.7,.369,0.5,1.6,.287,1.3,3.1,.410,.417,0.7,0.8,.883,0.2,1.0,1.1,1.7,0.4,0.0,0.8,1.0,4.7,2007
9006,413,Anderson Varejão,C,24,CLE,81,6,23.9,2.4,5.0,.476,0.0,0.1,.000,2.4,4.8,.487,.476,2.0,3.3,.616,2.4,4.4,6.7,0.9,0.9,0.6,0.8,3.3,6.8,2007
9007,414,Jacque Vaughn,PG,31,SAS,64,4,11.9,1.1,2.6,.425,0.0,0.0,.500,1.1,2.6,.424,.428,0.8,1.0,.754,0.1,0.9,1.1,2.0,0.4,0.0,0.6,1.2,3.0,2007
9008,415,Charlie Villanueva,PF,22,MIL,39,17,25.2,4.6,9.8,.470,0.7,2.2,.337,3.9,7.6,.508,.508,1.9,2.3,.820,1.6,4.3,5.8,0.9,0.6,0.3,1.4,2.8,11.8,2007
9009,416,Marcus Vinicius,SF,22,NOK,13,0,7.9,0.5,1.2,.467,0.2,0.5,.429,0.3,0.6,.500,.567,0.4,0.5,.714,0.2,0.7,0.8,0.4,0.2,0.1,0.5,0.8,1.7,2007
9010,417,Jake Voskuhl,C,29,CHA,73,9,14.3,1.7,3.5,.475,0.0,0.0,,1.7,3.5,.475,.475,1.1,1.5,.681,1.2,2.4,3.5,0.6,0.4,0.3,0.8,2.7,4.4,2007
9011,418,Sasha Vujačić,SG,22,LAL,73,4,12.8,1.4,3.7,.392,0.8,2.2,.373,0.6,1.5,.421,.504,0.6,0.7,.878,0.4,1.1,1.5,0.9,0.6,0.0,0.4,1.4,4.3,2007
9012,419,Dwyane Wade,SG,25,MIA,51,50,37.9,9.3,18.9,.491,0.4,1.5,.266,8.8,17.3,.511,.502,8.5,10.5,.807,1.0,3.7,4.7,7.5,2.1,1.2,4.2,2.3,27.4,2007
9013,420,Von Wafer,SF,21,LAC,1,0,1.0,0.0,1.0,.000,0.0,1.0,.000,0.0,0.0,,.000,0.0,0.0,,0.0,0.0,0.0,0.0,0.0,0.0,0.0,0.0,0.0,2007
9014,Rk,Player,Pos,Age,Tm,G,GS,MP,FG,FGA,FG%,3P,3PA,3P%,2P,2PA,2P%,eFG%,FT,FTA,FT%,ORB,DRB,TRB,AST,STL,BLK,TOV,PF,PTS,2007
9015,421,Dajuan Wagner,SG,23,GSW,1,0,7.0,1.0,1.0,1.000,1.0,1.0,1.000,0.0,0.0,,1.500,1.0,2.0,.500,0.0,0.0,0.0,1.0,0.0,0.0,1.0,1.0,4.0,2007
9016,422,Antoine Walker,PF,30,MIA,78,15,23.3,3.4,8.6,.397,1.1,3.9,.275,2.3,4.7,.499,.460,0.6,1.3,.438,1.2,3.2,4.3,1.7,0.6,0.2,1.8,2.2,8.5,2007
9017,423,Ben Wallace*,C,32,CHI,77,77,35.0,2.5,5.5,.453,0.0,0.1,.200,2.5,5.4,.456,.454,1.4,3.5,.408,3.9,6.7,10.7,2.4,1.4,2.0,1.3,2.0,6.4,2007
9018,424,Gerald Wallace,SF,24,CHA,72,71,36.7,6.6,13.2,.502,0.5,1.7,.325,6.1,11.6,.528,.523,4.3,6.2,.691,2.0,5.2,7.2,2.6,2.0,1.0,2.2,2.9,18.1,2007
9019,425,Rasheed Wallace,C,32,DET,75,72,32.3,4.8,11.2,.423,1.4,3.9,.351,3.4,7.3,.463,.485,1.4,1.8,.788,1.2,6.0,7.2,1.7,1.0,1.6,1.3,3.0,12.3,2007
9020,426,Luke Walton,SF,26,LAL,60,60,33.0,4.4,9.3,.474,0.8,2.1,.387,3.6,7.2,.499,.517,1.8,2.4,.745,1.5,3.6,5.0,4.3,1.0,0.4,2.0,2.0,11.4,2007
9021,427,Hakim Warrick,PF,24,MEM,82,43,26.2,4.5,8.7,.524,0.0,0.1,.000,4.5,8.6,.530,.524,3.6,4.7,.771,1.6,3.5,5.1,0.9,0.5,0.4,2.0,2.8,12.7,2007
9022,428,Earl Watson,PG,27,SEA,77,25,27.9,3.4,8.9,.383,1.2,3.6,.329,2.2,5.3,.420,.450,1.4,1.9,.735,0.4,2.0,2.4,5.7,1.3,0.3,2.2,2.0,9.4,2007
9023,429,Chris Webber*,PF,33,TOT,61,60,29.9,4.7,10.5,.452,0.1,0.2,.364,4.7,10.3,.454,.455,1.7,2.6,.638,2.0,5.1,7.2,3.1,1.0,0.7,1.8,2.3,11.2,2007
9024,429,Chris Webber*,PF,33,PHI,18,18,30.2,4.9,12.8,.387,0.1,0.3,.400,4.8,12.5,.387,.391,1.0,1.6,.643,2.1,6.2,8.3,3.4,1.0,0.8,1.8,2.0,11.0,2007
9025,429,Chris Webber*,PF,33,DET,43,42,29.7,4.7,9.5,.489,0.0,0.1,.333,4.6,9.4,.491,.491,2.0,3.1,.636,2.0,4.7,6.7,3.0,1.0,0.6,1.7,2.5,11.3,2007
9026,430,Martell Webster,SF,20,POR,82,27,21.5,2.4,6.0,.396,1.1,3.0,.364,1.3,3.0,.430,.489,1.1,1.6,.705,0.5,2.4,2.9,0.6,0.4,0.2,0.9,1.5,7.0,2007
9027,431,Bonzi Wells,SF,30,HOU,28,1,21.1,3.0,7.4,.411,0.0,0.3,.143,3.0,7.1,.420,.413,1.6,2.9,.561,0.9,3.4,4.3,1.1,0.9,0.5,2.0,2.2,7.8,2007
9028,432,David Wesley,SG,36,CLE,35,5,10.1,0.6,2.1,.293,0.3,1.1,.237,0.4,1.1,.351,.353,0.6,0.8,.714,0.1,0.9,1.0,1.1,0.3,0.1,0.5,0.9,2.1,2007
9029,433,David West,PF,26,NOK,52,52,36.5,7.3,15.2,.476,0.2,0.5,.320,7.1,14.8,.481,.481,3.6,4.4,.824,2.4,5.7,8.2,2.2,0.8,0.7,1.9,2.8,18.3,2007
9030,434,Delonte West,SG,23,BOS,69,47,32.2,4.4,10.4,.427,0.9,2.6,.365,3.5,7.8,.447,.472,2.4,2.9,.853,0.5,2.6,3.0,4.4,1.1,0.5,2.0,2.2,12.2,2007
9031,435,James White,SG,24,SAS,6,2,22.8,3.0,6.8,.439,0.3,1.2,.286,2.7,5.7,.471,.463,2.0,2.5,.800,0.5,2.8,3.3,0.8,0.5,0.2,0.8,1.2,8.3,2007
9032,436,Chris Wilcox,PF,24,SEA,82,81,31.5,5.3,10.0,.529,0.0,0.1,.000,5.3,9.9,.533,.529,2.9,4.3,.684,2.2,5.5,7.7,1.0,0.9,0.5,1.5,3.0,13.5,2007
9033,437,Damien Wilkins,SF,27,SEA,82,31,24.8,3.2,7.3,.435,0.6,1.5,.410,2.6,5.9,.442,.477,1.8,2.1,.882,1.1,1.7,2.8,1.9,1.1,0.2,1.4,1.9,8.8,2007
9034,438,Mike Wilks,PG,27,SEA,47,4,11.4,1.4,3.0,.468,0.1,0.3,.333,1.3,2.7,.484,.486,0.7,0.9,.786,0.3,0.8,1.1,1.7,0.3,0.1,0.7,1.1,3.6,2007
9035,439,Aaron Williams,PF,35,LAC,38,7,9.8,0.8,1.4,.547,0.0,0.0,.000,0.8,1.4,.558,.547,0.5,0.6,.818,0.7,1.5,2.2,0.2,0.2,0.4,0.5,1.5,2.0,2007
9036,440,Alvin Williams,PG,32,LAC,2,0,5.0,0.0,1.0,.000,0.0,0.5,.000,0.0,0.5,.000,.000,1.0,2.0,.500,0.5,0.0,0.5,1.5,1.0,0.0,1.5,0.0,1.0,2007
9037,Rk,Player,Pos,Age,Tm,G,GS,MP,FG,FGA,FG%,3P,3PA,3P%,2P,2PA,2P%,eFG%,FT,FTA,FT%,ORB,DRB,TRB,AST,STL,BLK,TOV,PF,PTS,2007
9038,441,Deron Williams,PG,22,UTA,80,80,36.9,6.2,13.5,.456,1.0,3.2,.322,5.2,10.4,.498,.494,2.8,3.7,.767,0.5,2.8,3.3,9.3,1.0,0.2,3.1,3.2,16.2,2007
9039,442,Eric Williams,SF,34,TOT,21,0,5.8,0.9,2.2,.404,0.4,0.9,.421,0.5,1.3,.393,.489,0.4,0.7,.571,0.1,0.7,0.8,0.3,0.1,0.0,0.3,0.6,2.6,2007
9040,442,Eric Williams,SF,34,SAS,16,0,5.5,0.9,2.1,.441,0.5,1.1,.471,0.4,1.1,.412,.559,0.3,0.4,.571,0.1,0.8,0.9,0.4,0.1,0.0,0.3,0.4,2.6,2007
9041,442,Eric Williams,SF,34,CHA,5,0,6.6,0.8,2.6,.308,0.0,0.4,.000,0.8,2.2,.364,.308,0.8,1.4,.571,0.4,0.2,0.6,0.2,0.2,0.0,0.4,1.2,2.4,2007
9042,443,Jason Williams,PG,31,MIA,61,55,30.6,3.9,9.3,.413,1.6,4.8,.339,2.2,4.5,.493,.501,1.5,1.7,.913,0.3,2.0,2.3,5.3,1.0,0.0,1.6,1.1,10.9,2007
9043,444,Justin Williams,C,22,SAC,26,1,12.8,2.1,3.4,.614,0.0,0.0,.000,2.1,3.3,.621,.614,0.9,2.4,.365,2.0,2.5,4.4,0.1,0.2,0.6,0.6,2.0,5.0,2007
9044,445,Lou Williams,PG,20,PHI,61,0,11.3,1.5,3.5,.441,0.2,0.6,.324,1.3,2.9,.466,.469,1.0,1.5,.696,0.3,0.9,1.1,1.8,0.4,0.0,0.8,0.7,4.3,2007
9045,446,Marcus Williams,PG,21,NJN,79,2,16.6,2.6,6.7,.395,0.6,2.1,.282,2.1,4.6,.446,.439,0.9,1.1,.847,0.4,1.7,2.1,3.3,0.4,0.0,1.8,1.2,6.8,2007
9046,447,Marvin Williams,PF,20,ATL,64,63,34.0,4.8,11.0,.433,0.2,0.7,.244,4.6,10.3,.446,.441,3.4,4.1,.815,1.3,4.0,5.3,1.9,0.8,0.5,2.0,3.0,13.1,2007
9047,448,Mo Williams,PG,24,MIL,68,68,36.4,6.9,15.4,.446,1.2,3.4,.346,5.7,12.1,.474,.484,2.3,2.7,.855,0.8,4.0,4.8,6.1,1.3,0.1,3.0,3.0,17.3,2007
9048,449,Shammond Williams,PG,31,LAL,30,0,11.5,1.2,2.9,.407,0.7,1.7,.400,0.5,1.2,.417,.523,0.1,0.2,.667,0.4,1.0,1.3,1.0,0.4,0.0,0.4,0.7,3.1,2007
9049,450,Shawne Williams,SG,20,IND,46,3,12.1,1.6,3.5,.469,0.4,1.1,.365,1.2,2.3,.519,.528,0.2,0.4,.550,0.7,1.1,1.8,0.5,0.1,0.2,0.5,1.5,3.9,2007
9050,451,Shelden Williams,PF,23,ATL,81,31,18.7,2.0,4.5,.455,0.0,0.0,.500,2.0,4.5,.454,.458,1.4,1.8,.764,1.6,3.8,5.4,0.5,0.6,0.5,1.2,2.5,5.5,2007
9051,452,Corliss Williamson,PF,33,SAC,68,1,19.7,3.5,6.8,.510,0.0,0.0,.000,3.5,6.8,.512,.510,2.2,3.0,.715,0.9,2.3,3.3,0.6,0.4,0.2,1.4,2.7,9.1,2007
9052,453,Kevin Willis,PF,44,DAL,5,0,8.6,1.0,2.6,.385,0.0,0.0,,1.0,2.6,.385,.385,0.4,0.4,1.000,0.4,1.2,1.6,0.2,0.4,0.2,0.4,2.2,2.4,2007
9053,454,Metta World Peace,SF,27,SAC,70,65,37.7,6.5,14.9,.440,1.3,3.7,.358,5.2,11.1,.468,.485,4.4,5.9,.740,1.5,5.0,6.5,3.4,2.1,0.6,2.1,2.9,18.8,2007
9054,455,Antoine Wright,SG,22,NJN,63,23,18.0,1.7,4.0,.438,0.3,0.9,.322,1.4,3.0,.474,.476,0.7,1.2,.603,0.6,2.2,2.8,0.9,0.5,0.2,0.7,1.9,4.5,2007
9055,456,Bracey Wright,SG,22,MIN,19,0,10.0,1.3,3.2,.400,0.3,1.1,.300,0.9,2.1,.450,.450,0.7,0.9,.722,0.4,0.7,1.1,0.8,0.5,0.1,0.3,0.3,3.5,2007
9056,457,Dorell Wright,SF,21,MIA,66,19,19.6,2.5,5.5,.445,0.1,0.5,.147,2.4,5.0,.476,.452,1.0,1.3,.744,0.6,3.5,4.1,1.4,0.6,0.7,1.0,1.7,6.0,2007
9057,458,Lorenzen Wright,C,31,ATL,67,31,15.4,1.2,2.7,.448,0.0,0.0,,1.2,2.7,.448,.448,0.1,0.5,.281,1.3,2.0,3.2,0.6,0.4,0.4,0.6,3.0,2.6,2007
9058,1,Shareef Abdur-Rahim,PF,31,SAC,6,0,8.5,0.5,2.3,.214,0.0,0.0,,0.5,2.3,.214,.214,0.7,0.7,1.000,1.0,0.7,1.7,0.7,0.2,0.0,0.2,1.5,1.7,2008
9059,2,Arron Afflalo,SG,22,DET,75,9,12.9,1.3,3.2,.411,0.1,0.6,.208,1.2,2.6,.461,.432,0.9,1.2,.782,0.5,1.3,1.8,0.7,0.4,0.1,0.5,1.1,3.7,2008
9060,3,Maurice Ager,SG,23,TOT,26,3,6.3,0.8,2.5,.323,0.1,0.7,.158,0.7,1.8,.391,.346,0.2,0.5,.500,0.2,0.3,0.5,0.3,0.0,0.0,0.2,0.7,2.0,2008
9061,3,Maurice Ager,SG,23,DAL,12,3,6.4,0.4,2.3,.185,0.0,0.7,.000,0.4,1.6,.263,.185,0.4,0.5,.833,0.1,0.3,0.3,0.3,0.0,0.1,0.3,0.9,1.3,2008
9062,3,Maurice Ager,SG,23,NJN,14,0,6.3,1.1,2.7,.421,0.2,0.8,.273,0.9,1.9,.481,.461,0.1,0.4,.167,0.2,0.4,0.6,0.3,0.0,0.0,0.2,0.4,2.6,2008
9063,4,Blake Ahearn,PG,23,MIA,12,0,14.8,1.3,4.8,.263,0.8,2.8,.294,0.4,1.9,.217,.351,2.5,2.6,.968,0.1,1.5,1.6,1.6,0.5,0.0,1.3,1.7,5.8,2008
9064,5,LaMarcus Aldridge,PF,22,POR,76,76,34.9,7.4,15.3,.484,0.0,0.1,.143,7.4,15.2,.486,.484,3.0,3.9,.762,2.9,4.7,7.6,1.6,0.7,1.2,1.7,3.2,17.8,2008
9065,6,Malik Allen,PF,29,TOT,73,16,15.0,2.2,4.5,.480,0.0,0.0,.500,2.1,4.5,.480,.482,0.3,0.3,.920,0.9,1.8,2.7,0.6,0.3,0.4,0.6,2.0,4.6,2008
9066,6,Malik Allen,PF,29,NJN,48,12,15.9,2.6,5.4,.475,0.0,0.0,.500,2.6,5.4,.475,.477,0.3,0.3,.923,0.9,1.8,2.7,0.6,0.3,0.4,0.7,1.9,5.4,2008
9067,6,Malik Allen,PF,29,DAL,25,4,13.3,1.3,2.6,.500,0.0,0.0,,1.3,2.6,.500,.500,0.4,0.5,.917,1.0,1.8,2.7,0.6,0.2,0.4,0.5,2.4,3.1,2008
9068,7,Ray Allen*,SG,32,BOS,73,73,35.9,6.0,13.5,.445,2.5,6.2,.398,3.5,7.3,.485,.537,2.9,3.2,.907,1.0,2.6,3.7,3.1,0.9,0.2,1.7,2.0,17.4,2008
9069,8,Tony Allen,SG,26,BOS,75,11,18.3,2.3,5.2,.434,0.2,0.8,.316,2.0,4.4,.455,.458,1.8,2.4,.762,0.5,1.8,2.2,1.5,0.8,0.3,1.5,2.2,6.6,2008
9070,9,Lance Allred,C,26,CLE,3,0,3.3,0.3,1.3,.250,0.0,0.0,,0.3,1.3,.250,.250,0.3,0.7,.500,0.0,0.3,0.3,0.0,0.0,0.0,0.0,0.3,1.0,2008
9071,10,Morris Almond,SG,22,UTA,9,0,4.3,0.4,1.7,.267,0.1,0.4,.250,0.3,1.2,.273,.300,0.4,0.7,.667,0.0,0.2,0.2,0.3,0.1,0.0,0.2,0.6,1.4,2008
9072,11,Rafer Alston,PG,31,HOU,74,74,34.1,4.9,12.5,.394,1.9,5.5,.351,3.0,7.0,.427,.471,1.3,1.9,.715,0.4,3.1,3.5,5.3,1.3,0.2,2.2,1.9,13.1,2008
9073,12,Lou Amundson,PF,25,PHI,16,0,4.0,0.5,1.0,.500,0.0,0.0,,0.5,1.0,.500,.500,0.1,0.4,.286,0.4,0.3,0.8,0.0,0.1,0.1,0.1,0.8,1.1,2008
9074,13,Chris Andersen,C,29,NOH,5,0,6.8,0.4,1.4,.286,0.0,0.0,,0.4,1.4,.286,.286,0.4,0.8,.500,0.4,1.4,1.8,0.0,0.0,0.8,0.2,1.2,1.2,2008
9075,14,Derek Anderson,SG,33,CHA,28,0,14.1,1.7,4.5,.376,0.7,1.9,.365,1.0,2.6,.384,.452,1.0,1.4,.737,0.3,1.5,1.9,1.6,0.4,0.0,0.9,1.8,5.0,2008
9076,15,Carmelo Anthony,SF,23,DEN,77,77,36.4,9.5,19.2,.492,0.8,2.1,.354,8.7,17.1,.509,.511,6.0,7.7,.786,2.3,5.1,7.4,3.4,1.3,0.5,3.3,3.3,25.7,2008
9077,16,Joel Anthony,PF,25,MIA,24,1,20.8,1.2,2.5,.467,0.0,0.0,,1.2,2.5,.467,.467,1.2,2.0,.592,1.6,2.3,3.9,0.1,0.4,1.3,0.7,2.3,3.5,2008
9078,17,Gilbert Arenas,PG,26,WAS,13,8,32.7,6.0,15.1,.398,1.7,6.0,.282,4.3,9.1,.475,.454,5.7,7.4,.771,0.5,3.5,3.9,5.1,1.8,0.1,3.8,2.3,19.4,2008
9079,18,Trevor Ariza,SF,22,TOT,35,3,15.6,2.0,3.9,.507,0.1,0.5,.278,1.8,3.4,.542,.526,1.4,2.1,.653,0.9,2.2,3.1,1.3,0.9,0.3,0.7,1.3,5.5,2008
9080,18,Trevor Ariza,SF,22,ORL,11,0,10.5,1.3,2.8,.452,0.0,0.3,.000,1.3,2.5,.500,.452,0.7,1.4,.533,0.5,1.7,2.2,0.7,0.5,0.3,0.5,0.8,3.3,2008
9081,18,Trevor Ariza,SF,22,LAL,24,3,18.0,2.3,4.4,.524,0.2,0.6,.333,2.1,3.8,.556,.548,1.7,2.5,.683,1.0,2.5,3.5,1.5,1.1,0.3,0.8,1.5,6.5,2008
9082,19,Darrell Armstrong,PG,39,NJN,50,2,11.0,0.8,2.2,.364,0.5,1.4,.333,0.3,0.8,.415,.468,0.4,0.6,.667,0.3,1.0,1.3,1.5,0.6,0.0,0.8,1.1,2.5,2008
9083,20,Hilton Armstrong,C,23,NOH,65,3,11.3,1.0,2.3,.453,0.0,0.0,,1.0,2.3,.453,.453,0.7,1.1,.629,1.0,1.5,2.5,0.4,0.2,0.5,0.9,2.0,2.7,2008
9084,21,Carlos Arroyo,PG,28,ORL,62,20,20.5,2.5,5.6,.451,0.5,1.4,.345,2.1,4.3,.485,.493,1.4,1.6,.853,0.2,1.7,1.8,3.5,0.4,0.0,1.2,1.4,6.9,2008
9085,22,Chucky Atkins,SG,33,DEN,24,0,14.7,1.8,5.1,.344,1.0,3.3,.316,0.7,1.8,.395,.447,0.2,0.4,.444,0.1,1.2,1.3,2.0,0.4,0.0,0.4,1.1,4.7,2008
9086,23,James Augustine,PF,23,ORL,25,0,6.0,0.7,1.4,.529,0.0,0.0,,0.7,1.4,.529,.529,0.2,0.3,.500,0.6,0.6,1.2,0.1,0.2,0.1,0.2,0.7,1.6,2008
9087,24,Kelenna Azubuike,SG,24,GSW,81,17,21.4,3.2,7.2,.445,0.9,2.4,.364,2.3,4.8,.485,.505,1.2,1.7,.717,1.3,2.7,4.0,0.9,0.6,0.4,0.7,2.0,8.5,2008
9088,25,Renaldo Balkman,SF,23,NYK,65,0,14.6,1.4,2.9,.489,0.0,0.2,.083,1.4,2.7,.517,.492,0.6,1.5,.432,1.3,2.0,3.3,0.6,0.7,0.5,0.6,2.0,3.4,2008
9089,26,Marcus Banks,PG,26,TOT,36,3,15.8,2.4,5.3,.450,1.1,2.8,.392,1.3,2.5,.517,.555,0.8,1.0,.771,0.1,1.1,1.3,1.7,0.4,0.4,1.0,1.8,6.6,2008
9090,26,Marcus Banks,PG,26,PHO,24,1,12.9,1.8,4.5,.404,1.0,2.7,.385,0.8,1.8,.432,.518,0.5,0.7,.750,0.1,0.7,0.8,1.0,0.3,0.3,0.7,1.6,5.2,2008
9091,26,Marcus Banks,PG,26,MIA,12,2,21.6,3.5,6.8,.512,1.3,3.1,.405,2.3,3.8,.600,.604,1.3,1.6,.789,0.1,2.0,2.1,3.0,0.5,0.4,1.8,2.3,9.5,2008
9092,27,Leandro Barbosa,SG,25,PHO,82,12,29.5,5.8,12.5,.462,2.0,5.1,.389,3.8,7.3,.514,.543,2.1,2.6,.822,0.5,2.3,2.8,2.6,0.9,0.2,1.4,2.4,15.6,2008
9093,28,J.J. Barea,PG,23,DAL,44,9,10.5,1.6,3.9,.418,0.5,1.2,.389,1.1,2.6,.431,.479,0.6,0.8,.800,0.1,1.0,1.1,1.3,0.3,0.0,0.8,1.1,4.3,2008
9094,29,Andrea Bargnani,PF,22,TOR,78,53,23.9,3.6,9.3,.386,1.2,3.3,.345,2.4,5.9,.409,.448,1.8,2.2,.840,0.6,3.1,3.7,1.1,0.3,0.5,1.1,2.7,10.2,2008
9095,30,Matt Barnes,PF,27,GSW,73,18,19.4,2.6,6.1,.423,0.7,2.5,.293,1.8,3.6,.513,.483,0.8,1.1,.747,1.3,3.2,4.4,1.9,0.7,0.5,1.2,2.2,6.7,2008
9096,31,Andre Barrett,PG,25,LAC,4,0,6.3,0.5,1.3,.400,0.3,0.8,.333,0.3,0.5,.500,.500,0.3,0.5,.500,0.0,0.3,0.3,1.8,0.0,0.0,0.3,0.3,1.5,2008
9097,32,Earl Barron,C,26,MIA,46,15,19.3,2.9,7.1,.404,0.0,0.3,.077,2.8,6.8,.417,.405,1.3,1.9,.701,1.5,2.8,4.3,0.6,0.4,0.2,1.0,2.5,7.1,2008
9098,33,Brent Barry,SF,36,SAS,31,1,17.9,2.5,5.2,.481,1.5,3.6,.429,0.9,1.5,.604,.631,0.6,0.6,.950,0.4,1.4,1.8,1.7,0.5,0.1,0.6,1.4,7.1,2008
9099,34,Brandon Bass,C,22,DAL,79,1,19.7,3.1,6.2,.499,0.0,0.1,.000,3.1,6.2,.503,.499,2.1,2.5,.822,1.5,2.9,4.4,0.7,0.3,0.6,1.0,1.9,8.3,2008
9100,35,Maceo Baston,PF,32,TOR,15,2,6.9,1.1,1.7,.680,0.0,0.0,,1.1,1.7,.680,.680,0.5,0.7,.700,0.6,1.1,1.7,0.2,0.1,0.3,0.3,1.3,2.7,2008
9101,36,Shane Battier,SF,29,HOU,80,78,36.3,3.3,7.7,.428,1.7,4.6,.377,1.6,3.1,.504,.540,0.9,1.3,.743,1.6,3.5,5.1,1.9,1.0,1.1,1.0,2.5,9.3,2008
9102,37,Marco Belinelli,SG,21,GSW,33,0,7.3,1.1,2.8,.387,0.5,1.2,.390,0.6,1.6,.385,.473,0.2,0.3,.778,0.1,0.3,0.4,0.5,0.2,0.0,0.4,0.5,2.9,2008
9103,38,Charlie Bell,SG,28,MIL,68,5,23.9,2.7,7.1,.381,1.1,3.2,.341,1.6,4.0,.413,.457,1.0,1.3,.805,0.5,2.0,2.5,3.1,0.8,0.0,1.1,1.8,7.6,2008
9104,39,Raja Bell,SG,31,PHO,75,75,35.3,4.2,10.0,.421,2.3,5.9,.401,1.9,4.2,.449,.538,1.1,1.2,.868,0.6,3.0,3.7,2.2,0.7,0.4,0.9,2.9,11.9,2008
9105,40,Mike Bibby,PG,29,TOT,48,44,32.8,5.2,12.6,.411,1.9,5.2,.375,3.2,7.4,.437,.488,1.6,2.1,.780,0.3,3.0,3.3,6.0,1.1,0.1,2.5,2.0,13.9,2008
9106,40,Mike Bibby,PG,29,SAC,15,12,31.5,5.2,12.8,.406,1.6,4.1,.393,3.6,8.7,.412,.469,1.5,2.1,.742,0.7,3.0,3.7,5.0,1.3,0.1,2.5,2.3,13.5,2008
9107,40,Mike Bibby,PG,29,ATL,33,32,33.3,5.2,12.5,.414,2.1,5.7,.369,3.1,6.8,.451,.498,1.7,2.1,.797,0.2,3.0,3.2,6.5,1.1,0.1,2.5,1.9,14.1,2008
9108,Rk,Player,Pos,Age,Tm,G,GS,MP,FG,FGA,FG%,3P,3PA,3P%,2P,2PA,2P%,eFG%,FT,FTA,FT%,ORB,DRB,TRB,AST,STL,BLK,TOV,PF,PTS,2008
9109,41,Andris Biedriņš,C,21,GSW,76,59,27.3,4.5,7.1,.626,0.0,0.0,,4.5,7.1,.626,.626,1.5,2.5,.620,3.4,6.4,9.8,1.0,0.7,1.2,1.1,3.4,10.5,2008
9110,42,Chauncey Billups,PG,31,DET,78,78,32.3,5.0,11.2,.448,1.8,4.4,.401,3.3,6.9,.479,.526,5.1,5.6,.918,0.5,2.2,2.7,6.8,1.3,0.2,2.1,1.7,17.0,2008
9111,43,Steve Blake,PG,27,POR,81,78,29.9,3.2,7.9,.408,1.5,3.7,.406,1.7,4.2,.409,.502,0.6,0.8,.766,0.4,2.0,2.4,5.1,0.7,0.0,1.4,1.6,8.5,2008
9112,44,Andray Blatche,PF,21,WAS,82,15,20.4,3.1,6.5,.474,0.0,0.2,.231,3.1,6.4,.480,.477,1.3,1.9,.695,2.0,3.2,5.2,1.1,0.6,1.4,1.4,3.1,7.5,2008
9113,45,Mark Blount,C,32,MIA,69,46,22.3,3.4,7.5,.462,0.2,0.6,.386,3.2,6.8,.469,.479,1.3,2.0,.638,1.0,2.8,3.8,0.6,0.5,0.5,1.0,1.9,8.4,2008
9114,46,Keith Bogans,SG,27,ORL,82,35,26.8,2.9,7.2,.410,1.8,5.0,.362,1.1,2.2,.520,.536,1.0,1.3,.736,0.5,2.7,3.2,1.3,0.7,0.1,0.6,2.0,8.7,2008
9115,47,Andrew Bogut,C,23,MIL,78,78,34.9,6.0,11.7,.511,0.0,0.1,.000,6.0,11.6,.515,.511,2.4,4.1,.587,3.1,6.6,9.8,2.6,0.8,1.7,2.2,3.3,14.3,2008
9116,48,Matt Bonner,PF,27,SAS,68,3,12.5,1.8,4.3,.416,0.7,2.0,.336,1.1,2.3,.487,.495,0.6,0.6,.864,0.8,2.0,2.8,0.5,0.2,0.3,0.6,1.6,4.8,2008
9117,49,Josh Boone,PF,23,NJN,70,53,25.3,3.4,6.2,.548,0.0,0.0,,3.4,6.2,.548,.548,1.4,3.1,.456,2.7,4.5,7.3,0.8,0.5,0.9,1.0,2.2,8.2,2008
9118,50,Calvin Booth,C,31,PHI,31,0,6.6,0.3,0.9,.333,0.0,0.0,,0.3,0.9,.333,.333,0.2,0.3,.600,0.2,1.0,1.2,0.3,0.2,0.6,0.1,1.1,0.8,2008
9119,51,Carlos Boozer,PF,26,UTA,81,81,34.9,8.8,16.0,.547,0.0,0.0,.000,8.8,16.0,.547,.547,3.6,4.9,.738,2.4,8.0,10.4,2.9,1.2,0.5,2.6,3.6,21.1,2008
9120,52,Chris Bosh*,C,23,TOR,67,67,36.2,7.6,15.3,.494,0.1,0.4,.400,7.4,15.0,.496,.499,7.0,8.3,.844,2.6,6.1,8.7,2.6,0.9,1.0,2.3,2.3,22.3,2008
9121,53,Bruce Bowen,SF,36,SAS,81,81,30.2,2.1,5.3,.407,1.1,2.7,.419,1.0,2.6,.394,.512,0.6,0.9,.652,0.4,2.5,2.9,1.1,0.7,0.3,0.6,2.2,6.0,2008
9122,54,Ryan Bowen,SF,32,NOH,53,4,12.5,0.9,1.9,.490,0.0,0.0,.000,0.9,1.9,.495,.490,0.3,0.5,.552,1.0,0.8,1.9,0.5,0.6,0.2,0.3,1.5,2.2,2008
9123,55,Earl Boykins,PG,31,CHA,36,0,16.0,1.7,4.8,.355,0.4,1.2,.318,1.3,3.6,.367,.395,1.4,1.6,.831,0.3,0.7,0.9,2.7,0.4,0.0,1.1,0.6,5.1,2008
9124,56,Elton Brand,PF,28,LAC,8,6,34.3,6.5,14.3,.456,0.0,0.0,,6.5,14.3,.456,.456,4.6,5.9,.787,2.6,5.4,8.0,2.0,0.4,1.9,2.1,2.6,17.6,2008
9125,57,Corey Brewer,SF,21,MIN,79,35,22.8,2.3,6.2,.374,0.1,0.5,.194,2.2,5.7,.389,.382,1.1,1.4,.800,1.0,2.7,3.7,1.4,1.0,0.3,1.1,2.4,5.8,2008
9126,58,Ronnie Brewer,SG,22,UTA,76,76,27.5,4.7,8.3,.558,0.1,0.7,.220,4.5,7.7,.587,.567,2.6,3.4,.759,1.3,1.6,2.9,1.8,1.7,0.3,0.9,1.4,12.0,2008
9127,59,Primož Brezec,C,28,TOT,50,18,9.5,0.9,1.9,.468,0.0,0.0,,0.9,1.9,.468,.468,0.5,0.8,.600,0.6,1.0,1.6,0.2,0.1,0.1,0.5,1.7,2.2,2008
9128,59,Primož Brezec,C,28,CHA,20,18,13.4,0.9,2.2,.395,0.0,0.0,,0.9,2.2,.395,.395,0.2,0.3,.600,0.7,1.5,2.2,0.3,0.0,0.2,0.8,1.8,1.9,2008
9129,59,Primož Brezec,C,28,DET,17,0,5.8,0.6,0.8,.769,0.0,0.0,,0.6,0.8,.769,.769,0.4,0.8,.500,0.4,0.7,1.1,0.2,0.1,0.1,0.3,1.4,1.6,2008
9130,59,Primož Brezec,C,28,TOR,13,0,8.5,1.3,2.9,.447,0.0,0.0,,1.3,2.9,.447,.447,1.1,1.6,.667,0.7,0.7,1.4,0.1,0.1,0.2,0.3,1.9,3.7,2008
9131,60,Aaron Brooks,PG,23,HOU,51,0,11.9,1.8,4.4,.413,0.7,2.1,.330,1.1,2.3,.491,.493,0.8,1.0,.857,0.3,0.8,1.1,1.7,0.3,0.1,0.9,1.4,5.2,2008
9132,Rk,Player,Pos,Age,Tm,G,GS,MP,FG,FGA,FG%,3P,3PA,3P%,2P,2PA,2P%,eFG%,FT,FTA,FT%,ORB,DRB,TRB,AST,STL,BLK,TOV,PF,PTS,2008
9133,61,Andre Brown,PF,26,MEM,33,1,8.7,1.2,2.4,.500,0.0,0.0,,1.2,2.4,.500,.500,0.7,1.5,.449,1.1,1.7,2.8,0.2,0.2,0.1,0.4,1.2,3.0,2008
9134,62,Devin Brown,SG,29,CLE,78,20,22.6,2.8,6.8,.409,0.6,1.9,.308,2.2,4.9,.447,.451,1.4,1.8,.754,0.8,2.5,3.4,2.2,0.7,0.1,1.3,1.8,7.5,2008
9135,63,Kwame Brown,C,25,TOT,38,15,18.8,1.9,3.7,.507,0.0,0.0,,1.9,3.7,.507,.507,1.1,2.6,.408,1.3,3.6,4.9,1.2,0.6,0.6,1.3,2.2,4.8,2008
9136,63,Kwame Brown,C,25,LAL,23,14,22.1,2.3,4.5,.515,0.0,0.0,,2.3,4.5,.515,.515,1.1,2.8,.406,1.3,4.3,5.7,1.2,0.7,0.8,1.6,2.5,5.7,2008
9137,63,Kwame Brown,C,25,MEM,15,1,13.6,1.3,2.6,.487,0.0,0.0,,1.3,2.6,.487,.487,0.9,2.3,.412,1.3,2.5,3.8,1.1,0.4,0.3,0.9,1.6,3.5,2008
9138,64,P.J. Brown,PF,38,BOS,18,0,11.6,0.8,2.3,.341,0.0,0.1,.000,0.8,2.2,.350,.341,0.6,0.9,.688,1.6,2.2,3.8,0.6,0.3,0.4,0.6,1.6,2.2,2008
9139,65,Shannon Brown,SG,22,TOT,21,4,11.4,2.1,6.0,.349,0.4,1.4,.300,1.7,4.6,.365,.385,0.8,1.4,.586,0.3,0.7,1.0,0.8,0.5,0.1,1.1,1.4,5.4,2008
9140,65,Shannon Brown,SG,22,CLE,15,4,14.5,2.7,7.4,.369,0.6,1.9,.310,2.1,5.5,.390,.410,0.9,1.5,.609,0.3,0.9,1.2,1.1,0.7,0.1,1.3,1.8,7.0,2008
9141,65,Shannon Brown,SG,22,CHI,6,0,3.7,0.5,2.5,.200,0.0,0.2,.000,0.5,2.3,.214,.200,0.5,1.0,.500,0.2,0.2,0.3,0.0,0.2,0.3,0.8,0.3,1.5,2008
9142,66,Kobe Bryant*,SG,29,LAL,82,82,38.9,9.5,20.6,.459,1.8,5.1,.361,7.6,15.5,.490,.503,7.6,9.0,.840,1.1,5.2,6.3,5.4,1.8,0.5,3.1,2.8,28.3,2008
9143,67,Greg Buckner,SG,31,MIN,31,4,16.8,1.5,3.8,.385,0.5,1.6,.300,1.0,2.2,.448,.449,0.6,0.7,.864,0.3,1.8,2.1,1.3,0.7,0.1,0.9,2.0,4.0,2008
9144,68,Caron Butler,SF,27,WAS,58,58,39.9,7.6,16.3,.466,1.1,3.2,.357,6.4,13.1,.492,.501,4.1,4.5,.901,1.6,5.1,6.7,4.9,2.2,0.3,2.6,2.8,20.3,2008
9145,69,Rasual Butler,SF,28,NOH,51,8,17.2,1.8,5.1,.350,0.9,2.6,.331,0.9,2.5,.370,.435,0.5,0.6,.839,0.3,1.6,2.0,0.7,0.3,0.4,0.2,1.3,4.9,2008
9146,70,Andrew Bynum,C,20,LAL,35,25,28.8,5.4,8.5,.636,0.0,0.0,,5.4,8.5,.636,.636,2.3,3.4,.695,3.0,7.2,10.2,1.7,0.3,2.1,1.5,2.8,13.1,2008
9147,71,José Calderón,PG,26,TOR,82,56,30.3,4.5,8.6,.519,1.0,2.2,.429,3.5,6.4,.551,.575,1.3,1.5,.908,0.4,2.5,2.9,8.3,1.1,0.1,1.5,1.6,11.2,2008
9148,72,Marcus Camby,C,33,DEN,79,79,34.9,3.6,8.0,.450,0.1,0.3,.300,3.5,7.8,.455,.455,1.8,2.6,.708,2.9,10.2,13.1,3.3,1.1,3.6,1.5,2.7,9.1,2008
9149,73,Brian Cardinal,PF,30,MEM,37,1,11.9,1.2,3.4,.341,0.7,2.2,.309,0.5,1.2,.400,.440,0.4,0.5,.684,0.7,1.9,2.6,0.6,0.3,0.1,0.6,1.7,3.4,2008
9150,74,Rodney Carney,SF,23,PHI,70,6,14.8,2.3,5.6,.403,0.5,1.7,.317,1.7,3.9,.441,.452,0.8,1.2,.679,0.7,1.4,2.1,0.5,0.6,0.3,0.5,1.4,5.8,2008
9151,75,Matt Carroll,SG,27,CHA,80,18,25.2,3.2,7.4,.428,1.3,3.0,.436,1.8,4.4,.422,.517,1.4,1.7,.804,0.4,2.4,2.8,0.9,0.6,0.2,0.7,2.3,9.0,2008
9152,76,Anthony Carter,PG,32,DEN,70,67,28.0,3.1,6.8,.458,0.6,1.8,.349,2.5,5.0,.499,.505,0.9,1.2,.753,0.4,2.5,2.9,5.5,1.5,0.4,1.8,2.5,7.8,2008
9153,77,Vince Carter,SG,31,NJN,76,72,38.9,7.7,16.9,.456,1.3,3.6,.359,6.4,13.3,.482,.494,4.6,5.6,.816,1.5,4.5,6.0,5.1,1.2,0.4,2.4,3.2,21.3,2008
9154,78,Sam Cassell,PG,38,TOT,55,34,23.2,4.2,9.7,.438,0.4,1.4,.303,3.8,8.3,.461,.460,2.3,2.6,.882,0.3,2.2,2.5,3.9,0.7,0.1,1.8,1.8,11.2,2008
9155,78,Sam Cassell,PG,38,LAC,38,33,25.7,4.8,10.6,.455,0.4,1.4,.259,4.4,9.2,.486,.473,2.8,3.1,.891,0.3,2.4,2.8,4.7,0.7,0.1,2.1,1.8,12.8,2008
9156,78,Sam Cassell,PG,38,BOS,17,1,17.6,2.9,7.6,.385,0.5,1.3,.409,2.4,6.4,.380,.419,1.2,1.5,.840,0.3,1.5,1.8,2.1,0.5,0.2,1.1,1.7,7.6,2008
9157,79,Tyson Chandler,C,25,NOH,79,79,35.2,4.8,7.7,.623,0.0,0.0,.000,4.8,7.6,.624,.623,2.2,3.7,.593,4.1,7.7,11.7,1.0,0.6,1.1,1.7,3.1,11.8,2008
9158,80,Wilson Chandler,SF,20,NYK,35,16,19.6,3.0,6.9,.438,0.3,0.9,.300,2.8,6.1,.458,.457,1.0,1.5,.630,1.1,2.5,3.6,0.9,0.4,0.5,0.8,2.4,7.3,2008
9159,Rk,Player,Pos,Age,Tm,G,GS,MP,FG,FGA,FG%,3P,3PA,3P%,2P,2PA,2P%,eFG%,FT,FTA,FT%,ORB,DRB,TRB,AST,STL,BLK,TOV,PF,PTS,2008
9160,81,Josh Childress,SF,24,ATL,76,0,29.9,4.3,7.5,.571,0.3,0.8,.367,4.0,6.8,.595,.590,2.9,3.6,.807,2.3,2.6,4.9,1.5,0.9,0.6,1.3,1.7,11.8,2008
9161,82,Jarron Collins,C,29,UTA,70,9,10.0,0.5,1.2,.439,0.0,0.0,.000,0.5,1.2,.444,.439,0.7,1.1,.622,0.6,1.1,1.7,0.5,0.1,0.1,0.3,1.5,1.7,2008
9162,83,Jason Collins,C,29,TOT,74,26,15.8,0.7,1.5,.469,0.0,0.0,.000,0.7,1.5,.473,.469,0.5,1.0,.459,0.9,1.5,2.4,0.3,0.3,0.3,0.6,2.6,1.9,2008
9163,83,Jason Collins,C,29,NJN,43,23,15.9,0.5,1.3,.426,0.0,0.0,,0.5,1.3,.426,.426,0.3,0.8,.389,0.8,1.3,2.1,0.4,0.3,0.2,0.5,2.6,1.4,2008
9164,83,Jason Collins,C,29,MEM,31,3,15.7,1.0,1.9,.508,0.0,0.0,.000,1.0,1.9,.517,.508,0.6,1.2,.526,0.9,1.9,2.9,0.2,0.4,0.5,0.8,2.7,2.6,2008
9165,84,Mardy Collins,SG,23,NYK,46,8,13.8,1.2,3.8,.326,0.2,0.7,.250,1.1,3.1,.343,.349,0.5,0.8,.605,0.4,1.2,1.6,1.9,0.5,0.2,1.2,1.2,3.2,2008
9166,85,Nick Collison,PF,27,SEA,78,35,28.5,4.1,8.2,.502,0.0,0.0,.000,4.1,8.2,.504,.502,1.6,2.1,.737,3.3,6.1,9.4,1.4,0.6,0.8,1.5,3.2,9.8,2008
9167,86,Mike Conley,PG,20,MEM,53,46,26.1,3.6,8.3,.428,0.6,1.7,.330,3.0,6.6,.453,.462,1.7,2.3,.732,0.4,2.2,2.6,4.2,0.8,0.0,1.7,1.6,9.4,2008
9168,87,Brian Cook,PF,27,TOT,51,2,12.3,1.7,4.6,.376,0.8,2.3,.374,0.9,2.3,.378,.468,0.4,0.4,.905,0.5,1.6,2.1,0.5,0.3,0.2,0.8,1.8,4.7,2008
9169,87,Brian Cook,PF,27,LAL,6,2,11.7,0.7,3.5,.190,0.3,1.7,.200,0.3,1.8,.182,.238,0.7,0.7,1.000,0.7,1.0,1.7,0.5,0.3,0.0,0.7,1.0,2.3,2008
9170,87,Brian Cook,PF,27,ORL,45,0,12.4,1.9,4.7,.394,0.9,2.3,.390,1.0,2.4,.398,.491,0.3,0.4,.882,0.5,1.7,2.2,0.5,0.2,0.3,0.8,1.9,5.0,2008
9171,88,Daequan Cook,SG,20,MIA,59,19,24.4,3.3,8.7,.381,1.3,4.0,.332,2.0,4.7,.424,.458,0.8,1.0,.825,0.3,2.7,3.0,1.3,0.4,0.2,1.1,2.7,8.8,2008
9172,89,Jamal Crawford,SG,27,NYK,80,80,39.9,7.1,17.4,.410,2.2,6.2,.356,4.9,11.2,.439,.473,4.1,4.8,.864,0.5,2.1,2.6,5.0,1.0,0.2,2.4,1.8,20.6,2008
9173,90,Javaris Crittenton,SG,20,TOT,50,0,13.6,2.0,4.7,.421,0.2,0.7,.270,1.8,3.9,.449,.442,1.4,2.1,.692,0.5,1.7,2.2,1.0,0.4,0.0,1.1,0.9,5.6,2008
9174,90,Javaris Crittenton,SG,20,LAL,22,0,7.8,1.2,2.4,.491,0.0,0.1,.333,1.1,2.3,.500,.500,0.9,1.3,.679,0.3,0.6,1.0,0.8,0.3,0.0,1.0,0.5,3.3,2008
9175,90,Javaris Crittenton,SG,20,MEM,28,0,18.1,2.6,6.4,.400,0.3,1.2,.265,2.3,5.2,.432,.425,1.9,2.7,.697,0.7,2.5,3.2,1.2,0.4,0.1,1.2,1.3,7.4,2008
9176,91,Austin Croshere,PF,32,GSW,44,0,10.4,1.4,3.1,.445,0.5,1.4,.361,0.9,1.7,.513,.526,0.7,0.7,.906,0.8,1.6,2.4,0.7,0.2,0.1,0.5,1.4,3.9,2008
9177,92,Eddy Curry,C,25,NYK,59,58,25.9,5.0,9.2,.546,0.0,0.0,,5.0,9.2,.546,.546,3.2,5.1,.623,1.9,2.8,4.7,0.5,0.2,0.5,2.1,2.7,13.2,2008
9178,93,Samuel Dalembert,C,26,PHI,82,82,33.2,4.1,8.1,.513,0.0,0.0,.000,4.1,8.0,.514,.513,2.3,3.2,.707,3.7,6.6,10.4,0.5,0.5,2.3,1.9,3.3,10.5,2008
9179,94,Erick Dampier,C,32,DAL,72,64,24.4,2.5,3.8,.643,0.0,0.0,,2.5,3.8,.643,.643,1.2,2.0,.575,2.9,4.6,7.5,0.9,0.3,1.5,1.1,3.1,6.1,2008
9180,95,Antonio Daniels,PG,32,WAS,71,63,30.4,2.9,6.3,.459,0.2,1.0,.230,2.6,5.3,.504,.478,2.4,3.1,.776,0.3,2.5,2.9,4.8,1.0,0.0,1.3,1.1,8.4,2008
9181,96,Marquis Daniels,SG,27,IND,74,1,20.9,3.3,7.6,.430,0.4,1.4,.265,2.9,6.2,.466,.454,1.3,1.9,.698,0.9,2.0,2.9,1.9,1.1,0.2,1.5,1.6,8.2,2008
9182,97,Jermareo Davidson,SF,23,CHA,38,2,8.5,1.3,3.3,.408,0.0,0.0,,1.3,3.3,.408,.408,0.5,0.7,.643,0.6,1.1,1.6,0.3,0.2,0.4,0.4,1.2,3.2,2008
9183,98,Baron Davis,PG,28,GSW,82,82,39.0,7.9,18.6,.426,2.1,6.4,.330,5.8,12.2,.477,.483,3.9,5.2,.750,1.2,3.5,4.7,7.6,2.3,0.5,2.8,3.0,21.8,2008
9184,99,Glen Davis,C,22,BOS,69,1,13.6,1.6,3.2,.484,0.0,0.0,,1.6,3.2,.484,.484,1.4,2.2,.660,1.4,1.6,3.0,0.4,0.4,0.3,0.9,2.3,4.5,2008
9185,100,Paul Davis,PF,23,LAC,22,1,8.8,1.1,3.0,.369,0.0,0.0,,1.1,3.0,.369,.369,0.3,0.5,.600,1.1,1.0,2.1,0.5,0.3,0.3,0.4,1.5,2.5,2008
9186,Rk,Player,Pos,Age,Tm,G,GS,MP,FG,FGA,FG%,3P,3PA,3P%,2P,2PA,2P%,eFG%,FT,FTA,FT%,ORB,DRB,TRB,AST,STL,BLK,TOV,PF,PTS,2008
9187,101,Ricky Davis,SF,28,MIA,82,47,36.1,5.1,11.8,.433,1.6,4.1,.405,3.5,7.8,.447,.502,1.9,2.4,.787,0.7,3.6,4.3,3.4,1.1,0.2,2.3,2.3,13.8,2008
9188,102,Carlos Delfino,SG,25,TOR,82,0,23.5,3.1,7.7,.397,1.5,3.8,.382,1.6,3.9,.412,.492,1.4,1.9,.744,0.8,3.6,4.4,1.8,0.8,0.1,0.9,2.2,9.0,2008
9189,103,Luol Deng,SF,22,CHI,63,59,33.8,6.8,14.2,.479,0.1,0.3,.364,6.7,13.9,.482,.483,3.2,4.2,.770,2.2,4.1,6.3,2.5,0.9,0.5,1.9,1.9,17.0,2008
9190,104,Boris Diaw,PF,25,PHO,82,19,28.1,3.8,7.9,.477,0.2,0.5,.317,3.6,7.4,.488,.487,1.2,1.6,.744,1.2,3.4,4.6,3.9,0.7,0.5,1.9,2.0,8.8,2008
9191,105,Yakhouba Diawara,SG,25,DEN,54,14,10.0,1.0,2.5,.410,0.4,1.2,.318,0.6,1.3,.500,.489,0.4,0.6,.710,0.4,0.7,1.1,0.7,0.1,0.1,0.3,1.1,2.8,2008
9192,106,Guillermo Díaz,SG,22,LAC,6,0,3.0,0.2,0.7,.250,0.0,0.2,.000,0.2,0.5,.333,.250,0.5,0.8,.600,0.3,0.0,0.3,0.2,0.0,0.0,0.0,0.0,0.8,2008
9193,107,Dan Dickau,PG,29,LAC,67,8,15.5,1.9,4.4,.419,0.5,1.6,.333,1.3,2.8,.468,.480,1.0,1.2,.829,0.2,1.3,1.4,2.6,0.5,0.0,0.8,1.6,5.3,2008
9194,108,Kaniel Dickens,PF,29,CLE,5,0,2.4,0.2,0.6,.333,0.0,0.0,,0.2,0.6,.333,.333,0.0,0.0,,0.0,0.2,0.2,0.2,0.0,0.2,0.0,0.2,0.4,2008
9195,109,Travis Diener,PG,25,IND,66,21,20.5,2.4,6.5,.370,1.1,3.5,.318,1.3,3.0,.431,.456,1.0,1.1,.901,0.4,1.3,1.7,3.8,0.5,0.1,0.8,1.6,6.9,2008
9196,110,Ike Diogu,PF,24,IND,30,1,10.2,2.1,4.5,.478,0.0,0.0,,2.1,4.5,.478,.478,1.3,1.6,.851,1.3,1.6,2.8,0.3,0.2,0.1,0.7,1.4,5.6,2008
9197,111,DeSagana Diop,C,26,TOT,79,23,16.4,1.2,2.3,.522,0.0,0.0,,1.2,2.3,.522,.522,0.5,0.9,.543,2.0,2.9,5.0,0.5,0.3,1.1,0.7,1.8,2.9,2008
9198,111,DeSagana Diop,C,26,DAL,52,18,17.2,1.3,2.2,.583,0.0,0.0,,1.3,2.2,.583,.583,0.5,0.8,.600,2.1,3.1,5.2,0.5,0.4,1.2,0.8,1.9,3.0,2008
9199,111,DeSagana Diop,C,26,NJN,27,5,14.9,1.0,2.4,.415,0.0,0.0,,1.0,2.4,.415,.415,0.5,1.1,.467,1.8,2.7,4.5,0.5,0.2,0.9,0.6,1.7,2.5,2008
9200,112,Juan Dixon,PG,29,TOT,53,0,12.6,2.0,4.9,.411,0.6,1.4,.417,1.4,3.5,.409,.469,0.4,0.5,.808,0.3,1.1,1.4,1.8,0.4,0.0,1.0,1.2,5.0,2008
9201,112,Juan Dixon,PG,29,TOR,36,0,11.8,1.6,4.4,.369,0.5,1.1,.436,1.2,3.4,.347,.422,0.5,0.5,.947,0.3,1.1,1.3,1.8,0.6,0.1,1.0,1.1,4.3,2008
9202,112,Juan Dixon,PG,29,DET,17,0,14.4,2.8,5.8,.480,0.8,1.9,.394,2.0,3.8,.523,.546,0.2,0.4,.429,0.4,1.3,1.6,1.9,0.0,0.0,1.1,1.4,6.5,2008
9203,113,Michael Doleac,C,30,MIN,24,8,10.7,1.2,2.6,.444,0.0,0.0,,1.2,2.6,.444,.444,0.0,0.1,.500,0.7,1.4,2.0,0.3,0.4,0.4,0.5,1.8,2.4,2008
9204,114,Keyon Dooling,PG,27,ORL,72,1,18.5,2.8,5.9,.468,0.3,0.9,.338,2.4,5.0,.492,.494,2.3,2.7,.845,0.1,1.3,1.4,1.8,0.5,0.1,0.8,1.8,8.1,2008
9205,115,Quincy Douby,PG,23,SAC,74,0,11.8,1.8,4.5,.394,0.6,1.6,.344,1.2,2.9,.423,.457,0.6,0.7,.923,0.2,0.9,1.1,0.7,0.4,0.2,0.8,1.1,4.8,2008
9206,116,Jared Dudley,PF,22,CHA,73,14,19.0,2.2,4.8,.468,0.1,0.6,.220,2.1,4.2,.502,.481,1.2,1.6,.737,1.7,2.3,3.9,1.1,0.8,0.1,0.7,1.8,5.8,2008
9207,117,Chris Duhon,PG,25,CHI,66,18,22.6,2.0,5.2,.387,0.8,2.3,.348,1.2,2.9,.418,.465,1.0,1.2,.813,0.3,1.5,1.8,4.0,0.7,0.0,1.1,1.4,5.8,2008
9208,118,Tim Duncan*,C,31,SAS,78,78,34.0,7.5,15.1,.497,0.0,0.1,.000,7.5,15.1,.498,.497,4.3,5.9,.730,3.0,8.3,11.3,2.8,0.7,1.9,2.3,2.4,19.3,2008
9209,119,Mike Dunleavy,SG,27,IND,82,82,36.0,6.5,13.6,.476,2.0,4.7,.424,4.5,8.9,.504,.550,4.1,4.9,.834,0.7,4.5,5.2,3.5,1.0,0.4,2.3,2.5,19.1,2008
9210,120,Ronald Dupree,SF,27,TOT,5,0,4.2,0.2,0.6,.333,0.0,0.0,,0.2,0.6,.333,.333,0.4,0.4,1.000,0.2,1.4,1.6,0.2,0.2,0.0,0.0,0.0,0.8,2008
9211,120,Ronald Dupree,SF,27,DET,1,0,3.0,0.0,0.0,,0.0,0.0,,0.0,0.0,,,0.0,0.0,,0.0,0.0,0.0,0.0,0.0,0.0,0.0,0.0,0.0,2008
9212,120,Ronald Dupree,SF,27,SEA,4,0,4.5,0.3,0.8,.333,0.0,0.0,,0.3,0.8,.333,.333,0.5,0.5,1.000,0.3,1.8,2.0,0.3,0.3,0.0,0.0,0.0,1.0,2008
9213,Rk,Player,Pos,Age,Tm,G,GS,MP,FG,FGA,FG%,3P,3PA,3P%,2P,2PA,2P%,eFG%,FT,FTA,FT%,ORB,DRB,TRB,AST,STL,BLK,TOV,PF,PTS,2008
9214,121,Kevin Durant,SG,19,SEA,80,80,34.6,7.3,17.1,.430,0.7,2.6,.288,6.6,14.5,.455,.451,4.9,5.6,.873,0.9,3.5,4.4,2.4,1.0,0.9,2.9,1.5,20.3,2008
9215,122,Monta Ellis,SG,22,GSW,81,72,37.9,8.0,15.1,.531,0.1,0.6,.231,7.9,14.5,.545,.536,4.0,5.1,.767,1.6,3.3,5.0,3.9,1.5,0.3,2.1,2.4,20.2,2008
9216,123,Francisco Elson,C,31,TOT,63,5,12.9,1.5,3.7,.390,0.0,0.0,.000,1.5,3.7,.391,.390,0.4,0.6,.703,0.8,2.4,3.2,0.4,0.2,0.3,0.7,1.5,3.3,2008
9217,123,Francisco Elson,C,31,SAS,41,3,13.0,1.5,3.6,.419,0.0,0.0,,1.5,3.6,.419,.419,0.5,0.6,.833,0.8,2.5,3.3,0.4,0.2,0.3,0.7,1.5,3.5,2008
9218,123,Francisco Elson,C,31,SEA,22,2,12.7,1.4,4.0,.341,0.0,0.0,.000,1.4,4.0,.345,.341,0.3,0.6,.462,0.8,2.2,3.0,0.4,0.3,0.3,0.8,1.5,3.0,2008
9219,124,Melvin Ely,C,29,NOH,52,1,11.9,1.6,3.5,.472,0.0,0.0,,1.6,3.5,.472,.472,0.6,1.1,.552,0.5,2.3,2.8,0.4,0.1,0.3,0.8,1.5,3.9,2008
9220,125,Maurice Evans,SG,29,TOT,75,47,22.9,3.5,7.3,.481,1.1,2.8,.388,2.4,4.5,.539,.555,0.8,1.1,.711,1.2,1.7,2.9,1.1,0.6,0.1,0.5,1.9,8.9,2008
9221,125,Maurice Evans,SG,29,LAL,7,0,13.7,1.3,4.0,.321,0.1,1.0,.143,1.1,3.0,.381,.339,1.7,2.1,.800,0.6,0.7,1.3,1.7,0.7,0.1,0.0,1.4,4.4,2008
9222,125,Maurice Evans,SG,29,ORL,68,47,23.9,3.7,7.6,.489,1.2,3.0,.396,2.5,4.6,.549,.567,0.7,1.0,.691,1.3,1.8,3.1,1.0,0.6,0.1,0.6,1.9,9.3,2008
9223,126,Reggie Evans,PF,27,PHI,81,61,23.2,1.9,4.3,.439,0.0,0.0,1.000,1.9,4.3,.438,.441,1.5,3.2,.467,2.8,4.8,7.5,0.8,1.1,0.1,1.3,2.6,5.2,2008
9224,127,Jordan Farmar,PG,21,LAL,82,0,20.6,3.5,7.7,.461,1.4,3.7,.371,2.2,4.0,.546,.552,0.6,1.0,.679,0.5,1.8,2.2,2.7,0.9,0.1,1.3,1.3,9.1,2008
9225,128,Nick Fazekas,PF,22,TOT,26,0,10.3,1.8,3.2,.561,0.0,0.1,.000,1.8,3.1,.575,.561,0.6,0.8,.682,1.3,2.1,3.4,0.4,0.3,0.4,0.5,1.0,4.1,2008
9226,128,Nick Fazekas,PF,22,DAL,4,0,2.3,0.5,1.3,.400,0.0,0.0,,0.5,1.3,.400,.400,0.0,0.0,,0.3,0.5,0.8,0.0,0.0,0.0,0.0,0.0,1.0,2008
9227,128,Nick Fazekas,PF,22,LAC,22,0,11.8,2.0,3.5,.571,0.0,0.1,.000,2.0,3.4,.587,.571,0.7,1.0,.682,1.5,2.4,3.9,0.5,0.4,0.5,0.6,1.1,4.7,2008
9228,129,Raymond Felton,PG,23,CHA,79,79,37.6,5.2,12.6,.413,0.7,2.5,.280,4.5,10.1,.447,.441,3.3,4.1,.800,0.5,2.5,3.0,7.4,1.2,0.2,2.7,2.3,14.4,2008
9229,130,Kyrylo Fesenko,C,21,UTA,9,0,7.8,0.7,1.8,.375,0.0,0.0,,0.7,1.8,.375,.375,0.2,0.4,.500,1.6,1.2,2.8,0.2,0.0,0.3,0.9,2.1,1.6,2008
9230,131,Michael Finley,SG,34,SAS,82,61,26.9,3.8,9.3,.414,1.6,4.4,.370,2.2,4.9,.453,.501,0.8,1.0,.800,0.3,2.8,3.1,1.4,0.4,0.1,0.7,1.1,10.1,2008
9231,132,Derek Fisher,PG,33,LAL,82,82,27.4,4.1,9.5,.436,1.4,3.4,.406,2.8,6.1,.453,.508,2.0,2.3,.883,0.3,1.8,2.1,2.9,1.0,0.0,1.1,2.3,11.7,2008
9232,133,T.J. Ford,PG,24,TOR,51,26,23.5,4.8,10.3,.469,0.3,1.0,.294,4.5,9.3,.488,.484,2.2,2.5,.880,0.5,1.5,2.0,6.1,1.1,0.0,2.0,1.8,12.1,2008
9233,134,Jeff Foster,C,31,IND,77,52,24.5,2.7,4.8,.550,0.0,0.0,.000,2.7,4.8,.554,.550,1.1,1.9,.593,3.4,5.2,8.7,1.7,0.7,0.4,0.8,2.9,6.4,2008
9234,135,Randy Foye,PG,24,MIN,39,31,32.3,5.1,11.8,.429,1.6,3.8,.412,3.5,8.1,.436,.495,1.4,1.7,.815,0.3,2.9,3.3,4.2,0.9,0.1,2.0,2.6,13.1,2008
9235,136,Adonal Foyle,C,32,ORL,82,0,9.4,0.9,1.9,.458,0.0,0.0,,0.9,1.9,.458,.458,0.2,0.4,.471,0.9,1.7,2.5,0.2,0.2,0.5,0.4,1.1,1.9,2008
9236,137,Richie Frahm,SG,30,LAC,10,2,16.3,2.0,5.4,.370,0.7,2.5,.280,1.3,2.9,.448,.435,0.0,0.2,.000,0.4,1.0,1.4,0.8,0.2,0.0,0.6,0.7,4.7,2008
9237,138,Steve Francis,PG,30,HOU,10,3,19.9,1.9,5.7,.333,0.4,1.7,.235,1.5,4.0,.375,.368,1.3,2.3,.565,0.8,1.5,2.3,3.0,0.9,0.5,1.4,2.5,5.5,2008
9238,139,Channing Frye,C,24,POR,78,20,17.2,2.8,5.8,.488,0.0,0.1,.300,2.8,5.7,.492,.491,1.1,1.4,.780,1.4,3.2,4.5,0.7,0.4,0.3,0.7,2.7,6.8,2008
9239,140,Dan Gadzuric,C,29,MIL,51,4,10.5,1.3,3.0,.416,0.0,0.0,.000,1.3,3.0,.418,.416,0.6,1.2,.524,1.3,1.5,2.8,0.2,0.4,0.5,0.7,1.6,3.2,2008
9240,Rk,Player,Pos,Age,Tm,G,GS,MP,FG,FGA,FG%,3P,3PA,3P%,2P,2PA,2P%,eFG%,FT,FTA,FT%,ORB,DRB,TRB,AST,STL,BLK,TOV,PF,PTS,2008
9241,141,Jorge Garbajosa,PF,30,TOR,7,0,10.6,1.1,3.6,.320,0.9,2.3,.375,0.3,1.3,.222,.440,0.0,0.0,,0.3,1.9,2.1,0.4,0.4,0.0,0.1,0.3,3.1,2008
9242,142,Francisco García,SF,26,SAC,79,20,26.5,4.4,9.5,.463,1.4,3.7,.391,3.0,5.9,.508,.538,2.1,2.6,.779,0.7,2.7,3.3,1.6,1.2,0.6,1.6,2.9,12.3,2008
9243,143,Thomas Gardner,SG,22,CHI,4,0,11.3,2.3,5.8,.391,0.8,3.0,.250,1.5,2.8,.545,.457,0.0,0.5,.000,0.8,0.3,1.0,0.3,0.0,0.0,1.0,1.0,5.3,2008
9244,144,Kevin Garnett*,PF,31,BOS,71,71,32.8,7.5,13.9,.539,0.0,0.2,.000,7.5,13.8,.545,.539,3.8,4.7,.801,1.9,7.3,9.2,3.4,1.4,1.3,1.9,2.3,18.8,2008
9245,145,Pat Garrity,PF,31,ORL,31,0,9.2,0.9,2.6,.338,0.3,1.2,.216,0.6,1.4,.442,.388,0.1,0.2,.800,0.3,1.1,1.4,0.4,0.2,0.0,0.5,1.1,2.1,2008
9246,146,Pau Gasol,C,27,TOT,66,66,35.6,7.2,13.5,.534,0.1,0.2,.250,7.1,13.2,.539,.536,4.4,5.5,.807,2.3,6.0,8.4,3.2,0.5,1.5,1.9,2.1,18.9,2008
9247,146,Pau Gasol,C,27,MEM,39,39,36.7,7.2,14.3,.501,0.1,0.4,.267,7.1,13.9,.507,.504,4.5,5.5,.819,2.4,6.4,8.8,3.0,0.4,1.4,2.1,2.2,18.9,2008
9248,146,Pau Gasol,C,27,LAL,27,27,34.0,7.3,12.3,.589,0.0,0.0,.000,7.3,12.3,.590,.589,4.3,5.4,.789,2.3,5.6,7.8,3.5,0.5,1.6,1.6,2.0,18.8,2008
9249,147,Rudy Gay,SF,21,MEM,81,81,37.0,7.7,16.7,.461,1.7,4.8,.346,6.1,12.0,.507,.511,3.1,3.9,.785,1.7,4.4,6.2,2.0,1.4,1.0,2.3,2.8,20.1,2008
9250,148,Mickaël Gelabale,SG,24,SEA,39,0,11.9,1.8,4.0,.439,0.4,0.9,.432,1.4,3.1,.442,.490,0.4,0.5,.778,0.4,1.1,1.5,0.8,0.3,0.2,0.7,0.8,4.3,2008
9251,149,Devean George,SF,30,DAL,53,4,15.5,1.4,3.9,.357,0.4,1.3,.324,1.0,2.6,.374,.411,0.5,0.6,.706,0.5,2.1,2.6,0.7,0.4,0.2,0.5,1.7,3.7,2008
9252,150,Daniel Gibson,PG,21,CLE,58,26,30.4,3.5,8.0,.432,2.0,4.6,.440,1.4,3.4,.421,.559,1.5,1.8,.810,0.5,1.8,2.3,2.5,0.8,0.2,1.3,2.8,10.4,2008
9253,151,Eddie Gill,PG,29,TOT,14,1,11.0,0.9,2.2,.387,0.4,1.1,.333,0.5,1.1,.438,.468,0.6,0.6,1.000,0.1,1.5,1.6,1.6,0.5,0.1,0.6,1.3,2.7,2008
9254,151,Eddie Gill,PG,29,NJN,13,1,11.5,0.9,2.2,.414,0.4,1.1,.357,0.5,1.2,.467,.500,0.7,0.7,1.000,0.1,1.6,1.7,1.6,0.5,0.2,0.6,1.4,2.9,2008
9255,151,Eddie Gill,PG,29,SEA,1,0,5.0,0.0,2.0,.000,0.0,1.0,.000,0.0,1.0,.000,.000,0.0,0.0,,0.0,0.0,0.0,1.0,0.0,0.0,1.0,0.0,0.0,2008
9256,152,Manu Ginóbili*,SG,30,SAS,74,23,31.1,6.1,13.3,.460,2.1,5.3,.401,4.0,8.0,.499,.540,5.1,6.0,.860,0.9,3.9,4.8,4.5,1.5,0.4,2.7,2.3,19.5,2008
9257,153,Gordan Giriček,SG,30,TOT,56,0,14.8,2.4,5.4,.440,0.6,1.8,.364,1.7,3.6,.478,.500,0.4,0.5,.885,0.3,1.4,1.7,1.1,0.4,0.1,0.9,1.5,5.8,2008
9258,153,Gordan Giriček,SG,30,UTA,22,0,12.7,1.9,4.6,.402,0.5,1.5,.353,1.3,3.1,.426,.461,0.0,0.0,1.000,0.3,1.1,1.4,0.7,0.6,0.0,1.0,1.1,4.3,2008
9259,153,Gordan Giriček,SG,30,PHI,12,0,9.2,1.1,3.4,.317,0.4,1.3,.333,0.7,2.2,.308,.378,0.5,0.7,.750,0.1,1.1,1.2,0.9,0.3,0.1,0.7,0.8,3.1,2008
9260,153,Gordan Giriček,SG,30,PHO,22,0,20.1,3.6,7.2,.497,0.9,2.3,.380,2.7,5.0,.550,.557,0.7,0.8,.941,0.4,1.9,2.3,1.6,0.4,0.1,1.0,2.2,8.8,2008
9261,154,Ryan Gomes,PF,25,MIN,82,74,29.7,4.8,10.5,.457,0.7,2.2,.330,4.1,8.3,.491,.492,2.3,2.8,.830,1.6,4.2,5.8,1.8,0.8,0.1,1.2,1.9,12.6,2008
9262,155,Drew Gooden,PF,26,TOT,69,65,30.8,4.8,10.7,.449,0.0,0.1,.000,4.8,10.6,.452,.449,2.3,3.1,.753,2.5,6.0,8.6,1.2,0.7,0.8,1.8,2.9,12.0,2008
9263,155,Drew Gooden,PF,26,CLE,51,51,30.7,4.5,10.3,.444,0.0,0.1,.000,4.5,10.2,.446,.444,2.2,3.0,.728,2.3,6.0,8.3,1.0,0.7,0.6,1.8,2.8,11.3,2008
9264,155,Drew Gooden,PF,26,CHI,18,14,31.0,5.6,12.1,.461,0.0,0.2,.000,5.6,11.9,.467,.461,2.9,3.6,.813,3.2,6.1,9.3,1.7,0.7,1.3,1.7,3.3,14.0,2008
9265,156,Ben Gordon,SG,24,CHI,72,27,31.8,6.4,14.8,.434,2.0,4.8,.410,4.5,10.0,.445,.500,3.7,4.1,.908,0.6,2.5,3.1,3.0,0.8,0.1,2.1,2.4,18.6,2008
9266,157,Marcin Gortat,C,23,ORL,6,0,6.8,1.3,2.8,.471,0.0,0.0,,1.3,2.8,.471,.471,0.3,0.5,.667,1.3,1.3,2.7,0.3,0.2,0.2,0.3,0.7,3.0,2008
9267,158,Joey Graham,SF,25,TOR,38,3,8.7,1.3,3.0,.434,0.1,0.1,.667,1.2,2.9,.427,.442,1.0,1.2,.844,0.5,1.3,1.8,0.4,0.1,0.0,0.6,1.2,3.6,2008
9268,159,Stephen Graham,SF,25,IND,22,0,5.8,1.5,2.6,.586,0.3,0.6,.500,1.2,2.0,.614,.647,0.5,0.7,.750,0.2,0.8,1.0,0.4,0.2,0.0,0.5,0.6,4.0,2008
9269,160,Danny Granger,SF,24,IND,80,80,36.0,6.7,15.1,.446,2.1,5.3,.404,4.6,9.8,.468,.517,4.0,4.7,.852,1.2,4.9,6.1,2.1,1.2,1.1,2.1,3.6,19.6,2008
9270,Rk,Player,Pos,Age,Tm,G,GS,MP,FG,FGA,FG%,3P,3PA,3P%,2P,2PA,2P%,eFG%,FT,FTA,FT%,ORB,DRB,TRB,AST,STL,BLK,TOV,PF,PTS,2008
9271,161,Aaron Gray,C,23,CHI,61,1,10.0,1.7,3.3,.505,0.0,0.0,.000,1.7,3.3,.507,.505,0.9,1.6,.566,1.1,1.6,2.8,0.7,0.3,0.3,0.9,1.9,4.3,2008
9272,162,Gerald Green,SF,22,TOT,30,0,12.1,1.7,5.0,.344,0.5,1.3,.385,1.2,3.7,.330,.394,1.1,1.4,.829,0.4,1.7,2.1,1.0,0.3,0.1,1.1,1.5,5.1,2008
9273,162,Gerald Green,SF,22,MIN,29,0,12.3,1.7,5.1,.331,0.5,1.3,.385,1.2,3.8,.312,.382,1.2,1.4,.829,0.4,1.8,2.1,1.0,0.3,0.1,1.1,1.5,5.1,2008
9274,162,Gerald Green,SF,22,HOU,1,0,4.0,3.0,3.0,1.000,0.0,0.0,,3.0,3.0,1.000,1.000,0.0,0.0,,2.0,0.0,2.0,0.0,0.0,0.0,0.0,2.0,6.0,2008
9275,163,Jeff Green,SF,21,SEA,80,52,28.2,4.0,9.4,.427,0.3,1.0,.276,3.7,8.4,.444,.441,2.2,3.0,.744,1.3,3.5,4.7,1.5,0.6,0.6,2.0,2.5,10.5,2008
9276,164,Taurean Green,SG-PG,21,TOT,17,0,4.4,0.4,1.5,.280,0.1,0.6,.182,0.3,0.8,.357,.320,0.6,0.7,.917,0.0,0.6,0.6,0.6,0.1,0.0,0.5,0.3,1.6,2008
9277,164,Taurean Green,PG,21,POR,8,0,5.5,0.5,2.0,.250,0.1,1.0,.125,0.4,1.0,.375,.281,1.0,1.0,1.000,0.0,0.5,0.5,1.0,0.1,0.0,0.9,0.4,2.1,2008
9278,164,Taurean Green,SG,21,DEN,9,0,3.3,0.3,1.0,.333,0.1,0.3,.333,0.2,0.7,.333,.389,0.3,0.4,.750,0.0,0.7,0.7,0.3,0.1,0.0,0.2,0.2,1.1,2008
9279,165,Willie Green,SG,26,PHI,74,74,26.6,5.1,11.8,.436,0.7,2.4,.285,4.4,9.3,.475,.465,1.5,2.0,.757,0.4,2.0,2.5,2.0,0.7,0.3,1.5,1.6,12.4,2008
9280,166,Orien Greene,SG,25,SAC,7,2,8.7,0.4,1.6,.273,0.0,0.1,.000,0.4,1.4,.300,.273,0.0,0.0,,0.0,0.9,0.9,0.4,0.4,0.1,1.0,1.3,0.9,2008
9281,167,Adrian Griffin,SG-SF,33,TOT,35,2,8.8,0.9,2.2,.395,0.0,0.0,,0.9,2.2,.395,.395,0.1,0.3,.556,0.8,0.9,1.7,0.8,0.5,0.1,0.6,0.8,1.9,2008
9282,167,Adrian Griffin,SG,33,CHI,22,2,10.1,1.1,2.7,.400,0.0,0.0,,1.1,2.7,.400,.400,0.1,0.3,.429,0.9,0.8,1.7,1.0,0.5,0.0,0.7,0.9,2.3,2008
9283,167,Adrian Griffin,SF,33,SEA,13,0,6.5,0.5,1.2,.375,0.0,0.0,,0.5,1.2,.375,.375,0.2,0.2,1.000,0.7,1.0,1.7,0.4,0.4,0.1,0.4,0.6,1.1,2008
9284,168,Richard Hamilton,SG,29,DET,72,72,33.7,6.9,14.3,.484,0.9,2.0,.440,6.1,12.3,.492,.515,2.6,3.1,.833,1.0,2.2,3.3,4.2,1.0,0.1,1.8,2.4,17.3,2008
9285,169,Anfernee Hardaway,SF,36,MIA,16,8,20.3,1.4,3.8,.367,0.5,1.2,.421,0.9,2.6,.341,.433,0.5,0.6,.889,0.2,2.0,2.2,2.2,1.2,0.1,0.8,1.5,3.8,2008
9286,170,Matt Harpring,SF,31,UTA,76,0,18.1,3.1,6.2,.500,0.0,0.1,.200,3.1,6.1,.506,.502,1.9,2.7,.712,1.3,1.9,3.2,1.1,0.6,0.2,1.3,2.1,8.2,2008
9287,171,Al Harrington,C,27,GSW,81,59,27.0,5.0,11.4,.434,1.9,5.0,.375,3.1,6.4,.482,.517,1.8,2.3,.774,1.3,4.1,5.4,1.6,0.9,0.2,1.1,3.3,13.6,2008
9288,172,Othella Harrington,C,34,CHA,22,0,7.5,0.8,1.9,.429,0.0,0.0,,0.8,1.9,.429,.429,0.5,0.7,.625,0.5,1.4,1.9,0.2,0.0,0.2,0.5,1.5,2.1,2008
9289,173,Devin Harris,PG,24,TOT,64,61,31.6,5.0,10.8,.463,0.9,2.6,.335,4.1,8.2,.504,.504,3.9,4.7,.824,0.4,2.3,2.7,5.8,1.4,0.2,2.5,3.0,14.8,2008
9290,173,Devin Harris,PG,24,DAL,39,39,30.4,4.8,9.9,.483,0.6,1.8,.357,4.2,8.1,.511,.516,4.1,5.0,.821,0.4,1.9,2.3,5.3,1.4,0.1,2.4,3.3,14.4,2008
9291,173,Devin Harris,PG,24,NJN,25,22,33.5,5.4,12.2,.438,1.2,3.9,.320,4.1,8.4,.493,.489,3.5,4.2,.829,0.4,2.8,3.3,6.5,1.4,0.3,2.7,2.5,15.4,2008
9292,174,Mike Harris,PF,24,HOU,17,0,9.4,1.6,3.2,.500,0.0,0.1,.000,1.6,3.1,.519,.500,0.5,0.8,.615,1.4,1.8,3.2,0.2,0.4,0.2,0.5,0.9,3.6,2008
9293,175,David Harrison,C,25,IND,55,0,12.8,1.6,3.1,.529,0.0,0.0,,1.6,3.1,.529,.529,0.9,1.7,.510,0.8,1.4,2.1,0.3,0.4,1.1,1.1,3.0,4.2,2008
9294,176,Jason Hart,PG,29,UTA,57,0,10.6,1.0,3.2,.322,0.2,0.5,.355,0.8,2.6,.315,.353,0.7,0.8,.844,0.1,0.9,1.0,1.5,0.5,0.1,0.5,1.3,2.9,2008
9295,177,Udonis Haslem,PF,27,MIA,49,48,36.8,4.8,10.3,.467,0.0,0.0,,4.8,10.3,.467,.467,2.3,2.9,.810,2.2,6.9,9.0,1.4,0.8,0.4,1.4,3.0,12.0,2008
9296,178,Trenton Hassell,SG,28,TOT,63,6,12.3,0.9,2.1,.422,0.0,0.1,.222,0.9,2.0,.437,.430,0.1,0.2,.700,0.3,1.0,1.3,0.7,0.2,0.0,0.3,1.4,2.0,2008
9297,178,Trenton Hassell,SG,28,DAL,37,6,12.5,1.0,2.2,.463,0.0,0.1,.250,1.0,2.1,.474,.469,0.0,0.1,.500,0.3,0.9,1.2,0.7,0.2,0.0,0.4,1.5,2.1,2008
9298,178,Trenton Hassell,SG,28,NJN,26,0,11.9,0.8,2.1,.364,0.0,0.2,.200,0.7,1.9,.380,.373,0.2,0.3,.750,0.3,1.2,1.5,0.6,0.2,0.1,0.3,1.3,1.8,2008
9299,179,Spencer Hawes,C,19,SAC,71,8,13.1,2.1,4.5,.459,0.1,0.3,.190,2.0,4.2,.478,.465,0.5,0.8,.655,1.0,2.3,3.2,0.6,0.2,0.6,0.8,1.8,4.7,2008
9300,180,Chuck Hayes,PF,24,HOU,79,44,19.9,1.4,2.8,.511,0.0,0.0,.000,1.4,2.8,.518,.511,0.1,0.3,.458,1.7,3.7,5.4,1.2,1.1,0.5,0.8,2.7,3.0,2008
9301,Rk,Player,Pos,Age,Tm,G,GS,MP,FG,FGA,FG%,3P,3PA,3P%,2P,2PA,2P%,eFG%,FT,FTA,FT%,ORB,DRB,TRB,AST,STL,BLK,TOV,PF,PTS,2008
9302,181,Jarvis Hayes,SF,26,DET,82,1,15.7,2.6,6.1,.431,0.9,2.4,.376,1.8,3.8,.465,.503,0.5,0.7,.750,0.4,1.7,2.2,0.8,0.6,0.1,0.6,1.7,6.7,2008
9303,182,Brendan Haywood,C,28,WAS,80,80,27.9,4.0,7.5,.528,0.0,0.0,,4.0,7.5,.528,.528,2.7,3.7,.735,3.4,3.8,7.2,0.9,0.4,1.7,1.4,2.7,10.6,2008
9304,183,Luther Head,SG,25,HOU,73,17,18.9,2.8,6.5,.432,1.1,3.1,.351,1.7,3.5,.504,.515,0.9,1.1,.815,0.2,1.6,1.8,1.9,0.6,0.1,1.0,1.0,7.6,2008
9305,184,Walter Herrmann,PF,28,TOT,45,0,8.3,1.2,3.2,.389,0.4,1.4,.313,0.8,1.8,.450,.458,0.5,0.6,.840,0.5,1.1,1.6,0.4,0.2,0.0,0.3,0.5,3.4,2008
9306,184,Walter Herrmann,PF,28,CHA,17,0,10.2,1.5,3.8,.385,0.5,1.5,.346,0.9,2.3,.410,.454,0.5,0.6,.900,0.6,1.5,2.1,0.2,0.2,0.0,0.2,0.7,4.0,2008
9307,184,Walter Herrmann,PF,28,DET,28,0,7.1,1.1,2.8,.392,0.4,1.4,.289,0.7,1.5,.488,.462,0.4,0.5,.800,0.4,0.9,1.3,0.5,0.1,0.0,0.3,0.4,3.0,2008
9308,185,Nenê,PF,25,DEN,16,1,16.6,1.8,4.4,.408,0.0,0.1,.000,1.8,4.4,.414,.408,1.7,3.1,.551,1.9,3.6,5.4,0.9,0.6,0.9,1.3,2.9,5.3,2008
9309,186,Grant Hill*,SF,35,PHO,70,68,31.7,5.1,10.2,.503,0.5,1.5,.317,4.6,8.7,.535,.526,2.4,2.8,.867,1.1,4.0,5.0,2.9,0.9,0.8,1.4,2.2,13.1,2008
9310,187,Kirk Hinrich,PG,27,CHI,75,72,31.7,4.4,10.6,.414,1.1,3.2,.350,3.3,7.4,.442,.467,1.6,1.9,.831,0.4,2.9,3.3,6.0,1.2,0.3,2.1,3.0,11.5,2008
9311,188,Ryan Hollins,PF,23,CHA,60,1,8.9,0.8,1.6,.489,0.0,0.0,,0.8,1.6,.489,.489,0.9,1.4,.671,0.9,0.9,1.8,0.2,0.2,0.5,0.4,1.6,2.5,2008
9312,189,Al Horford,C,21,ATL,81,77,31.4,4.1,8.2,.499,0.0,0.1,.000,4.1,8.2,.502,.499,1.9,2.6,.731,3.1,6.6,9.7,1.5,0.7,0.9,1.7,3.3,10.1,2008
9313,190,Robert Horry,PF,37,SAS,45,5,13.0,0.8,2.6,.319,0.4,1.6,.257,0.4,1.1,.408,.395,0.4,0.6,.643,0.8,1.6,2.4,1.0,0.5,0.4,0.5,1.2,2.5,2008
9314,191,Eddie House,PG,29,BOS,78,2,19.0,2.8,6.8,.409,1.5,3.8,.393,1.3,3.0,.429,.519,0.4,0.5,.917,0.2,1.9,2.1,1.9,0.8,0.1,1.0,1.5,7.5,2008
9315,192,Dwight Howard,C,22,ORL,82,82,37.7,7.1,11.9,.599,0.0,0.0,.000,7.1,11.8,.601,.599,6.5,10.9,.590,3.4,10.8,14.2,1.3,0.9,2.1,3.2,3.3,20.7,2008
9316,193,Josh Howard,SF,27,DAL,76,76,36.3,7.5,16.4,.455,0.9,2.8,.319,6.6,13.6,.482,.482,4.1,5.1,.813,1.6,5.4,7.0,2.2,0.8,0.4,1.5,2.7,19.9,2008
9317,194,Juwan Howard,PF,34,DAL,50,0,7.1,0.5,1.3,.359,0.0,0.0,,0.5,1.3,.359,.359,0.2,0.3,.786,0.4,1.2,1.6,0.3,0.1,0.0,0.3,1.2,1.1,2008
9318,195,Troy Hudson,PG,31,GSW,9,0,10.3,1.0,3.4,.290,0.4,1.3,.333,0.6,2.1,.263,.355,0.7,0.7,1.000,0.0,0.8,0.8,1.0,0.3,0.0,0.8,0.4,3.1,2008
9319,196,Larry Hughes,PG-SG,29,TOT,68,57,29.7,4.5,11.8,.381,1.0,2.9,.345,3.5,8.9,.392,.423,2.2,2.8,.798,0.6,2.8,3.4,2.7,1.5,0.3,1.7,2.0,12.2,2008
9320,196,Larry Hughes,PG,29,CLE,40,32,30.3,4.5,12.0,.377,1.1,3.2,.341,3.4,8.8,.389,.422,2.2,2.7,.815,0.7,2.9,3.6,2.4,1.5,0.3,1.8,2.3,12.3,2008
9321,196,Larry Hughes,SG,29,CHI,28,25,28.9,4.5,11.5,.387,0.9,2.4,.353,3.6,9.1,.396,.424,2.2,2.9,.775,0.4,2.7,3.1,3.1,1.4,0.2,1.6,1.7,12.0,2008
9322,197,Kris Humphries,PF,22,TOR,70,0,13.2,2.3,4.8,.483,0.0,0.0,.000,2.3,4.7,.486,.483,1.1,1.8,.605,1.3,2.4,3.7,0.4,0.4,0.4,0.7,1.5,5.7,2008
9323,198,Lindsey Hunter,PG,37,DET,24,0,9.0,0.9,2.7,.344,0.3,1.1,.269,0.6,1.6,.395,.398,0.3,0.4,.778,0.2,0.4,0.5,1.4,0.5,0.1,0.5,1.3,2.4,2008
9324,199,Steven Hunter,C,26,DEN,19,2,6.3,0.8,1.5,.536,0.0,0.0,,0.8,1.5,.536,.536,0.5,1.1,.450,0.5,1.0,1.5,0.0,0.0,0.3,0.4,1.1,2.1,2008
9325,200,Andre Iguodala,SF,24,PHI,82,82,39.5,7.1,15.6,.456,1.2,3.7,.329,5.9,11.8,.496,.495,4.5,6.2,.721,1.0,4.4,5.4,4.8,2.1,0.6,2.6,2.3,19.9,2008
9326,Rk,Player,Pos,Age,Tm,G,GS,MP,FG,FGA,FG%,3P,3PA,3P%,2P,2PA,2P%,eFG%,FT,FTA,FT%,ORB,DRB,TRB,AST,STL,BLK,TOV,PF,PTS,2008
9327,201,Zydrunas Ilgauskas,C,32,CLE,73,73,30.4,5.7,12.0,.474,0.0,0.0,.000,5.7,12.0,.475,.474,2.7,3.3,.802,3.6,5.7,9.3,1.4,0.5,1.6,1.8,3.4,14.1,2008
9328,202,D.J. Mbenga,C,27,TOT,42,0,7.8,0.9,2.0,.464,0.0,0.0,,0.9,2.0,.464,.464,0.1,0.3,.417,0.7,1.0,1.7,0.2,0.2,0.6,0.3,1.7,2.0,2008
9329,202,D.J. Mbenga,C,27,GSW,16,0,8.1,0.6,1.4,.391,0.0,0.0,,0.6,1.4,.391,.391,0.1,0.1,.500,0.8,1.1,1.9,0.3,0.2,0.6,0.3,2.0,1.2,2008
9330,202,D.J. Mbenga,C,27,LAL,26,0,7.5,1.2,2.3,.492,0.0,0.0,,1.2,2.3,.492,.492,0.2,0.4,.400,0.6,1.0,1.6,0.2,0.2,0.6,0.3,1.5,2.5,2008
9331,203,Allen Iverson*,SG,32,DEN,82,82,41.8,8.7,19.0,.458,1.2,3.4,.345,7.5,15.6,.482,.488,7.9,9.7,.809,0.6,2.4,3.0,7.1,2.0,0.1,3.0,1.3,26.4,2008
9332,204,Royal Ivey,PG,26,MIL,75,20,19.2,2.0,5.0,.394,0.5,1.4,.327,1.5,3.6,.421,.440,1.1,1.6,.726,0.5,1.1,1.6,2.1,0.6,0.1,1.0,2.2,5.6,2008
9333,205,Jarrett Jack,SG,24,POR,82,16,27.2,3.3,7.6,.431,0.8,2.3,.342,2.5,5.2,.470,.483,2.6,3.0,.867,0.4,2.5,2.9,3.8,0.7,0.0,2.2,1.6,9.9,2008
9334,206,Bobby Jackson,SG-PG,34,TOT,72,5,19.3,2.8,7.0,.403,1.1,3.1,.358,1.7,3.9,.439,.483,0.9,1.1,.790,0.5,2.1,2.5,1.9,0.6,0.1,0.8,1.3,7.7,2008
9335,206,Bobby Jackson,SG,34,NOH,46,0,19.4,2.5,6.4,.392,1.2,3.1,.368,1.4,3.3,.414,.481,0.9,1.1,.816,0.5,1.9,2.4,1.7,0.7,0.1,0.7,1.3,7.1,2008
9336,206,Bobby Jackson,PG,34,HOU,26,5,19.2,3.4,8.1,.419,1.1,3.2,.341,2.3,4.9,.469,.486,0.9,1.2,.750,0.4,2.3,2.7,2.4,0.5,0.1,1.1,1.4,8.8,2008
9337,207,Luke Jackson,SF,26,MIA,14,1,16.3,1.9,5.7,.325,0.8,2.1,.367,1.1,3.6,.300,.394,1.1,1.6,.696,0.5,1.9,2.4,1.2,0.6,0.0,0.6,1.6,5.6,2008
9338,208,Stephen Jackson,SF,29,GSW,73,73,39.1,6.7,16.5,.405,2.5,6.9,.363,4.2,9.6,.435,.481,4.2,5.1,.832,0.9,3.4,4.4,4.1,1.3,0.4,2.7,2.3,20.1,2008
9339,209,Casey Jacobsen,SG,26,MEM,53,0,10.3,0.7,2.2,.339,0.3,1.4,.222,0.4,0.8,.535,.409,0.2,0.3,.765,0.2,1.0,1.2,0.4,0.1,0.0,0.3,0.6,2.0,2008
9340,210,Jerome James,C,32,NYK,2,0,2.5,0.5,0.5,1.000,0.0,0.0,,0.5,0.5,1.000,1.000,1.0,1.0,1.000,0.0,1.5,1.5,0.0,0.0,0.0,0.0,0.0,2.0,2008
9341,211,LeBron James,SF,23,CLE,75,74,40.4,10.6,21.9,.484,1.5,4.8,.315,9.1,17.1,.531,.518,7.3,10.3,.712,1.8,6.1,7.9,7.2,1.8,1.1,3.4,2.2,30.0,2008
9342,212,Mike James,PG,32,TOT,54,1,13.3,1.9,5.4,.348,0.6,1.8,.320,1.3,3.6,.363,.402,0.7,0.9,.813,0.3,1.0,1.3,1.1,0.4,0.0,0.7,1.0,5.0,2008
9343,212,Mike James,PG,32,HOU,33,1,16.3,2.4,6.8,.350,0.7,2.2,.324,1.7,4.6,.362,.403,1.0,1.3,.786,0.3,1.2,1.6,1.6,0.5,0.1,0.9,1.3,6.5,2008
9344,212,Mike James,PG,32,NOH,21,0,8.7,1.0,3.0,.344,0.3,1.1,.304,0.7,2.0,.366,.398,0.3,0.3,1.000,0.1,0.7,0.8,0.3,0.2,0.0,0.3,0.6,2.7,2008
9345,213,Antawn Jamison,PF,31,WAS,79,79,38.7,7.8,17.9,.436,1.5,4.5,.339,6.3,13.5,.468,.478,4.2,5.5,.760,2.7,7.5,10.2,1.5,1.3,0.4,1.4,2.5,21.4,2008
9346,214,Marko Jarić,SG,29,MIN,75,56,29.2,3.0,7.0,.430,0.6,1.7,.362,2.4,5.3,.451,.473,1.6,2.2,.742,0.5,2.5,3.0,4.1,1.3,0.4,1.7,2.4,8.3,2008
9347,215,Al Jefferson,C,23,MIN,82,82,35.6,8.8,17.6,.500,0.0,0.1,.000,8.8,17.5,.502,.500,3.5,4.8,.721,3.8,7.4,11.1,1.4,0.9,1.5,2.0,2.7,21.0,2008
9348,216,Richard Jefferson,SF,27,NJN,82,82,39.0,7.5,16.2,.466,0.9,2.6,.362,6.6,13.6,.486,.495,6.6,8.3,.798,1.1,3.0,4.2,3.1,0.9,0.3,2.4,2.7,22.6,2008
9349,217,Jared Jeffries,SF,26,NYK,73,19,18.2,1.5,3.7,.400,0.1,0.3,.160,1.4,3.4,.424,.407,0.7,1.3,.527,1.6,1.7,3.3,0.9,0.5,0.3,0.9,1.8,3.7,2008
9350,218,Yi Jianlian,PF,20,MIL,66,49,25.0,3.3,7.9,.421,0.1,0.3,.286,3.2,7.6,.427,.427,1.8,2.2,.841,1.6,3.6,5.2,0.8,0.5,0.8,1.4,2.3,8.6,2008
9351,219,Alexander Johnson,PF,24,MIA,43,6,12.8,1.4,2.9,.488,0.0,0.0,,1.4,2.9,.488,.488,1.3,1.9,.687,0.7,1.4,2.2,0.3,0.3,0.2,1.0,1.9,4.2,2008
9352,220,Amir Johnson,PF,20,DET,62,0,12.3,1.5,2.7,.558,0.0,0.0,,1.5,2.7,.558,.558,0.6,0.9,.673,1.4,2.4,3.8,0.5,0.4,1.3,0.6,2.3,3.6,2008
9353,Rk,Player,Pos,Age,Tm,G,GS,MP,FG,FGA,FG%,3P,3PA,3P%,2P,2PA,2P%,eFG%,FT,FTA,FT%,ORB,DRB,TRB,AST,STL,BLK,TOV,PF,PTS,2008
9354,221,Anthony Johnson,PG,33,TOT,69,52,22.2,2.2,5.1,.437,0.6,1.3,.452,1.6,3.8,.431,.496,0.5,0.6,.814,0.3,1.7,2.0,3.8,0.8,0.1,1.2,1.7,5.6,2008
9355,221,Anthony Johnson,PG,33,ATL,42,41,26.7,2.7,6.4,.431,0.6,1.5,.429,2.1,4.9,.431,.481,0.6,0.8,.813,0.4,1.9,2.3,4.8,1.0,0.2,1.2,2.0,6.7,2008
9356,221,Anthony Johnson,PG,33,SAC,27,11,15.2,1.5,3.3,.455,0.6,1.1,.500,0.9,2.1,.431,.540,0.3,0.4,.818,0.2,1.3,1.4,2.2,0.4,0.0,1.3,1.1,3.9,2008
9357,222,DerMarr Johnson,SF,27,SAS,5,0,5.6,1.4,2.8,.500,0.6,1.8,.333,0.8,1.0,.800,.607,0.0,0.4,.000,0.0,0.2,0.2,0.2,0.2,0.0,0.0,0.8,3.4,2008
9358,223,Joe Johnson,SG,26,ATL,82,82,40.8,7.9,18.3,.432,2.1,5.4,.381,5.8,12.8,.454,.489,3.9,4.6,.834,1.0,3.5,4.5,5.8,1.0,0.2,2.7,2.0,21.7,2008
9359,224,Linton Johnson,PF,27,TOT,8,0,7.9,1.1,2.4,.474,0.1,0.4,.333,1.0,2.0,.500,.500,0.3,0.3,1.000,0.6,1.1,1.8,0.5,0.0,0.1,0.6,1.4,2.6,2008
9360,224,Linton Johnson,PF,27,PHO,6,0,8.8,1.2,2.3,.500,0.2,0.3,.500,1.0,2.0,.500,.536,0.0,0.0,,0.8,1.3,2.2,0.5,0.0,0.2,0.3,1.7,2.5,2008
9361,224,Linton Johnson,PF,27,TOR,2,0,5.0,1.0,2.5,.400,0.0,0.5,.000,1.0,2.0,.500,.400,1.0,1.0,1.000,0.0,0.5,0.5,0.5,0.0,0.0,1.5,0.5,3.0,2008
9362,225,Bobby Jones,SF,24,TOT,47,2,11.3,1.3,3.0,.429,0.4,1.1,.340,0.9,1.9,.483,.493,0.9,1.1,.784,0.6,1.3,2.0,0.6,0.3,0.1,0.6,1.8,3.8,2008
9363,225,Bobby Jones,SF,24,DEN,25,0,8.9,1.0,2.6,.406,0.4,0.9,.391,0.7,1.6,.415,.477,0.9,1.1,.821,0.4,1.1,1.5,0.4,0.2,0.0,0.6,1.8,3.4,2008
9364,225,Bobby Jones,SF,24,MEM,9,2,15.2,1.6,4.0,.389,0.3,1.4,.231,1.2,2.6,.478,.431,1.0,1.1,.900,1.1,1.9,3.0,1.2,0.6,0.2,0.6,1.9,4.4,2008
9365,225,Bobby Jones,SF,24,HOU,4,0,2.3,0.5,1.0,.500,0.0,0.0,,0.5,1.0,.500,.500,0.0,0.0,,0.0,0.3,0.3,0.0,0.3,0.0,0.3,0.8,1.0,2008
9366,225,Bobby Jones,SF,24,MIA,6,0,23.8,2.8,5.3,.531,1.0,2.5,.400,1.8,2.8,.647,.625,1.3,2.2,.615,1.3,2.7,4.0,0.8,0.3,0.0,1.2,3.0,8.0,2008
9367,225,Bobby Jones,SF,24,SAS,3,0,6.7,0.3,1.3,.250,0.0,0.7,.000,0.3,0.7,.500,.250,0.0,0.0,,0.0,0.7,0.7,0.3,0.7,0.0,0.3,0.3,0.7,2008
9368,226,Dahntay Jones,SG,27,SAC,25,0,8.2,0.9,2.1,.434,0.0,0.2,.167,0.9,1.9,.468,.443,1.4,2.0,.667,0.3,1.1,1.4,0.5,0.3,0.2,0.4,1.1,3.2,2008
9369,227,Damon Jones,SG,31,CLE,67,3,19.9,2.3,5.4,.416,1.7,4.1,.417,0.5,1.3,.414,.574,0.3,0.4,.714,0.1,1.0,1.1,1.9,0.3,0.0,0.5,1.0,6.5,2008
9370,228,Dwayne Jones,PF,24,CLE,56,0,8.4,0.4,0.8,.532,0.0,0.0,.000,0.4,0.8,.543,.532,0.5,1.0,.483,1.2,1.3,2.5,0.2,0.2,0.4,0.3,1.6,1.4,2008
9371,229,Eddie Jones,SG,36,DAL,47,33,19.6,1.4,3.8,.367,0.7,2.5,.293,0.7,1.4,.500,.461,0.2,0.3,.714,0.4,2.4,2.8,1.5,0.6,0.2,0.6,1.5,3.7,2008
9372,230,Fred Jones,SG,28,NYK,70,26,25.1,2.6,6.2,.421,1.1,2.7,.385,1.5,3.4,.450,.507,1.3,1.8,.746,0.4,2.0,2.4,2.4,0.7,0.3,1.1,2.0,7.6,2008
9373,231,James Jones,SF,27,POR,58,3,22.0,2.5,5.6,.437,1.6,3.5,.444,0.9,2.1,.426,.576,1.5,1.7,.878,0.7,2.0,2.8,0.6,0.4,0.3,0.5,1.7,8.0,2008
9374,232,Solomon Jones,PF,23,ATL,35,0,4.1,0.3,0.9,.400,0.0,0.1,.000,0.3,0.8,.429,.400,0.3,0.6,.550,0.5,0.7,1.2,0.0,0.1,0.1,0.3,0.8,1.0,2008
9375,233,Chris Kaman,C,25,LAC,56,55,37.2,6.0,12.5,.483,0.0,0.1,.000,6.0,12.4,.486,.483,3.6,4.7,.762,3.1,9.6,12.7,1.9,0.6,2.8,2.9,3.2,15.7,2008
9376,234,Jason Kapono,SF,26,TOR,81,7,18.9,3.0,6.1,.488,0.7,1.5,.483,2.3,4.7,.489,.545,0.5,0.5,.860,0.4,1.1,1.5,0.8,0.4,0.0,0.7,1.6,7.2,2008
9377,235,Coby Karl,SG,24,LAL,17,0,4.2,0.5,1.5,.346,0.2,0.8,.308,0.3,0.8,.385,.423,0.5,0.6,.800,0.2,0.6,0.8,0.5,0.2,0.1,0.3,0.2,1.8,2008
9378,236,Viktor Khryapa,PF,25,CHI,9,0,11.7,1.3,3.4,.387,0.0,0.1,.000,1.3,3.3,.400,.387,0.9,1.6,.571,0.7,1.6,2.2,0.9,0.7,0.0,0.7,1.2,3.6,2008
9379,237,Jason Kidd*,PG,34,TOT,80,80,36.3,3.8,9.9,.385,1.5,3.9,.381,2.3,6.0,.387,.460,1.7,2.1,.818,1.2,6.3,7.5,10.1,1.7,0.3,3.3,2.1,10.8,2008
9380,237,Jason Kidd*,PG,34,NJN,51,51,37.2,3.9,10.8,.366,1.6,4.6,.356,2.3,6.1,.374,.443,1.8,2.2,.820,1.1,6.9,8.1,10.4,1.5,0.3,3.6,1.8,11.3,2008
9381,237,Jason Kidd*,PG,34,DAL,29,29,34.9,3.6,8.4,.426,1.2,2.6,.461,2.4,5.8,.411,.498,1.5,1.9,.815,1.2,5.2,6.5,9.5,2.1,0.4,2.8,2.6,9.9,2008
9382,238,Tarence Kinsey,SG,23,MEM,11,0,8.7,1.5,3.5,.421,0.3,0.6,.429,1.2,2.8,.419,.461,0.5,0.5,.833,0.3,0.8,1.1,0.2,0.3,0.0,0.3,1.0,3.6,2008
9383,239,Andrei Kirilenko,SF,26,UTA,72,72,30.8,3.8,7.6,.506,0.6,1.6,.379,3.2,5.9,.540,.546,2.8,3.6,.770,1.7,3.0,4.7,4.0,1.2,1.5,1.9,2.3,11.0,2008
9384,240,Linas Kleiza,SF,23,DEN,79,13,23.9,3.9,8.3,.472,1.2,3.5,.339,2.7,4.8,.568,.543,2.1,2.7,.770,1.2,3.1,4.2,1.2,0.6,0.2,1.1,2.3,11.1,2008
9385,Rk,Player,Pos,Age,Tm,G,GS,MP,FG,FGA,FG%,3P,3PA,3P%,2P,2PA,2P%,eFG%,FT,FTA,FT%,ORB,DRB,TRB,AST,STL,BLK,TOV,PF,PTS,2008
9386,241,Brevin Knight,PG,32,LAC,74,39,22.6,1.9,4.6,.404,0.0,0.1,.000,1.9,4.5,.411,.404,0.8,1.0,.873,0.2,1.7,1.9,4.4,1.4,0.1,1.0,2.2,4.6,2008
9387,242,Kyle Korver,SG-PF,26,TOT,75,0,23.1,3.4,7.7,.443,1.5,3.9,.375,1.9,3.7,.516,.540,1.6,1.7,.915,0.3,2.0,2.3,1.3,0.6,0.4,1.0,2.6,9.9,2008
9388,242,Kyle Korver,PF,26,PHI,25,0,26.3,3.6,9.1,.396,1.5,4.3,.352,2.1,4.8,.437,.480,1.2,1.4,.912,0.5,2.4,2.9,1.3,0.8,0.2,1.1,2.7,10.0,2008
9389,242,Kyle Korver,SG,26,UTA,50,0,21.5,3.3,7.0,.474,1.5,3.8,.388,1.8,3.2,.575,.579,1.8,1.9,.917,0.2,1.8,2.0,1.4,0.4,0.5,0.9,2.5,9.8,2008
9390,243,Nenad Krstić,C,24,NJN,45,38,18.0,2.7,6.7,.410,0.0,0.0,.000,2.7,6.6,.413,.410,1.2,1.5,.754,0.8,3.7,4.4,0.6,0.2,0.4,0.9,2.5,6.6,2008
9391,244,Raef LaFrentz,C,31,POR,39,0,7.5,0.7,1.6,.443,0.0,0.1,.000,0.7,1.5,.474,.443,0.3,0.5,.579,0.7,1.0,1.7,0.2,0.3,0.4,0.3,1.5,1.7,2008
9392,245,Carl Landry,PF,24,HOU,42,0,16.9,3.2,5.2,.616,0.0,0.0,.000,3.2,5.2,.619,.616,1.7,2.6,.661,2.3,2.6,4.9,0.5,0.4,0.2,0.6,2.3,8.1,2008
9393,246,Keith Langford,SG,24,SAS,2,0,5.0,0.5,2.0,.250,0.0,0.0,,0.5,2.0,.250,.250,0.0,0.0,,0.0,1.0,1.0,0.0,0.0,0.0,0.0,0.5,1.0,2008
9394,247,Stéphane Lasme,PF-SF,25,TOT,16,4,18.9,2.0,4.4,.451,0.0,0.0,,2.0,4.4,.451,.451,1.2,2.0,.594,1.6,1.7,3.3,0.2,0.8,1.4,0.9,2.2,5.2,2008
9395,247,Stéphane Lasme,SF,25,GSW,1,0,0.0,0.0,0.0,,0.0,0.0,,0.0,0.0,,,0.0,0.0,,0.0,0.0,0.0,0.0,0.0,0.0,0.0,0.0,0.0,2008
9396,247,Stéphane Lasme,PF,25,MIA,15,4,20.2,2.1,4.7,.451,0.0,0.0,,2.1,4.7,.451,.451,1.3,2.1,.594,1.7,1.8,3.5,0.2,0.9,1.5,1.0,2.3,5.5,2008
9397,248,Acie Law,PG,23,ATL,56,6,15.4,1.7,4.2,.401,0.1,0.6,.206,1.6,3.6,.433,.416,0.7,0.9,.792,0.2,0.8,1.0,2.0,0.5,0.0,1.0,1.3,4.2,2008
9398,249,David Lee,PF,24,NYK,81,29,29.1,4.2,7.6,.552,0.0,0.0,.000,4.2,7.6,.554,.552,2.4,2.9,.819,3.0,6.0,8.9,1.2,0.7,0.4,1.2,2.6,10.8,2008
9399,250,Rashard Lewis,PF,28,ORL,81,81,38.0,6.4,14.0,.455,2.8,6.8,.409,3.6,7.2,.498,.554,2.7,3.2,.838,1.2,4.2,5.4,2.4,1.2,0.5,1.7,2.6,18.2,2008
9400,251,Kyle Lowry,PG,21,MEM,82,9,25.5,3.1,7.2,.432,0.4,1.7,.257,2.7,5.5,.487,.463,3.0,4.2,.698,0.5,2.5,3.0,3.6,1.1,0.3,1.5,2.3,9.6,2008
9401,252,Tyronn Lue,PG,30,TOT,50,3,14.7,2.3,5.1,.447,0.8,1.7,.453,1.5,3.3,.443,.524,0.5,0.6,.781,0.2,0.9,1.1,1.5,0.2,0.0,0.5,1.3,5.8,2008
9402,252,Tyronn Lue,PG,30,ATL,33,3,17.1,2.6,5.9,.439,0.9,2.1,.435,1.7,3.8,.441,.515,0.7,0.8,.857,0.3,1.0,1.2,1.8,0.3,0.0,0.7,1.2,6.8,2008
9403,252,Tyronn Lue,PG,30,DAL,17,0,10.1,1.6,3.4,.474,0.5,1.0,.529,1.1,2.4,.450,.553,0.1,0.2,.250,0.0,0.8,0.8,0.9,0.0,0.1,0.3,1.6,3.8,2008
9404,253,Mark Madsen,PF,32,MIN,20,6,7.6,0.2,1.0,.158,0.0,0.0,,0.2,1.0,.158,.158,0.2,0.6,.250,0.9,1.0,1.9,0.2,0.2,0.1,0.5,1.3,0.5,2008
9405,254,Corey Maggette,SF,28,LAC,70,65,35.7,6.5,14.3,.458,1.1,2.9,.384,5.4,11.4,.477,.497,7.9,9.7,.812,1.1,4.5,5.6,2.7,1.0,0.1,2.8,3.0,22.1,2008
9406,255,Jamaal Magloire,C,29,TOT,31,2,9.2,0.6,1.8,.327,0.0,0.0,,0.6,1.8,.327,.327,0.6,1.4,.455,0.6,2.3,2.9,0.2,0.0,0.3,1.0,1.6,1.8,2008
9407,255,Jamaal Magloire,C,29,NJN,24,2,10.8,0.6,2.0,.306,0.0,0.0,,0.6,2.0,.306,.306,0.6,1.3,.452,0.8,2.6,3.4,0.3,0.0,0.4,1.0,1.8,1.8,2008
9408,255,Jamaal Magloire,C,29,DAL,7,0,3.9,0.4,0.9,.500,0.0,0.0,,0.4,0.9,.500,.500,0.9,1.9,.462,0.1,1.0,1.1,0.0,0.1,0.0,1.0,1.1,1.7,2008
9409,256,Ian Mahinmi,C,21,SAS,6,0,3.8,1.0,2.0,.500,0.0,0.0,,1.0,2.0,.500,.500,1.5,1.5,1.000,0.0,0.8,0.8,0.2,0.0,0.7,0.3,0.7,3.5,2008
9410,257,Stephon Marbury,PG,30,NYK,24,19,33.5,4.6,11.0,.419,1.2,3.1,.378,3.5,8.0,.435,.472,3.5,4.8,.716,0.7,1.8,2.5,4.7,0.9,0.1,2.0,2.4,13.9,2008
9411,258,Shawn Marion,PF,29,TOT,63,62,36.7,6.3,12.5,.508,1.0,3.1,.333,5.3,9.3,.567,.550,1.7,2.4,.707,2.2,8.0,10.2,2.2,2.0,1.3,1.4,2.4,15.4,2008
9412,258,Shawn Marion,PF,29,PHO,47,47,36.4,6.5,12.3,.526,1.2,3.6,.347,5.2,8.7,.599,.576,1.6,2.3,.713,1.8,8.0,9.9,2.1,2.0,1.5,1.0,2.5,15.8,2008
9413,258,Shawn Marion,PF,29,MIA,16,15,37.6,6.0,13.1,.459,0.5,1.9,.258,5.5,11.1,.494,.478,1.8,2.6,.690,3.1,8.1,11.2,2.5,1.9,0.9,2.3,2.1,14.3,2008
9414,259,Sean Marks,C,32,PHO,19,0,6.8,1.2,2.3,.535,0.1,0.2,.250,1.2,2.1,.564,.547,0.6,1.0,.632,0.5,1.4,1.9,0.2,0.2,0.5,0.4,1.2,3.1,2008
9415,260,Donyell Marshall,PF,34,TOT,26,1,13.1,1.2,3.8,.327,0.6,2.0,.283,0.7,1.7,.378,.403,0.7,0.8,.864,0.9,2.0,2.9,0.4,0.2,0.6,0.6,1.2,3.8,2008
9416,260,Donyell Marshall,PF,34,CLE,11,1,14.2,1.2,4.0,.295,0.7,2.1,.348,0.5,1.9,.238,.386,0.6,0.8,.778,0.8,1.9,2.7,0.5,0.2,0.8,0.5,1.5,3.7,2008
9417,260,Donyell Marshall,PF,34,SEA,15,0,12.3,1.3,3.6,.352,0.5,2.0,.233,0.8,1.6,.500,.417,0.8,0.9,.923,1.0,2.1,3.1,0.3,0.3,0.5,0.6,1.0,3.8,2008
9418,Rk,Player,Pos,Age,Tm,G,GS,MP,FG,FGA,FG%,3P,3PA,3P%,2P,2PA,2P%,eFG%,FT,FTA,FT%,ORB,DRB,TRB,AST,STL,BLK,TOV,PF,PTS,2008
9419,261,Darrick Martin,PG,36,TOR,17,0,8.3,0.6,2.5,.233,0.1,0.9,.125,0.5,1.6,.296,.256,0.3,0.4,.833,0.2,0.2,0.4,1.2,0.4,0.0,0.1,0.7,1.6,2008
9420,262,Kenyon Martin,PF,30,DEN,71,71,30.4,5.3,9.8,.538,0.0,0.2,.182,5.3,9.7,.544,.539,1.7,3.0,.580,1.5,5.0,6.5,1.3,1.2,1.2,1.3,3.3,12.4,2008
9421,263,Kevin Martin,SG,24,SAC,61,57,36.3,6.8,15.0,.456,1.8,4.4,.402,5.1,10.6,.478,.515,8.2,9.5,.869,0.8,3.7,4.5,2.1,1.0,0.1,2.1,2.5,23.7,2008
9422,264,Desmond Mason,SF,30,MIL,59,56,28.8,3.9,8.1,.482,0.0,0.0,,3.9,8.1,.482,.482,1.9,2.9,.659,1.3,3.1,4.3,2.1,0.7,0.5,1.4,1.8,9.7,2008
9423,265,Roger Mason,PG,27,WAS,80,9,21.4,3.3,7.5,.443,1.6,4.1,.398,1.7,3.4,.498,.552,0.8,0.9,.873,0.2,1.4,1.6,1.7,0.5,0.2,0.9,1.8,9.1,2008
9424,266,Jason Maxiell,C,24,DET,82,7,21.6,2.9,5.4,.538,0.0,0.0,.000,2.9,5.4,.539,.538,2.1,3.3,.633,2.2,3.1,5.3,0.6,0.3,1.1,0.9,2.2,7.9,2008
9425,267,Rashad McCants,SG,23,MIN,75,24,26.9,5.7,12.6,.453,1.9,4.7,.407,3.8,7.9,.481,.529,1.5,2.1,.748,0.7,2.1,2.7,2.2,0.9,0.2,2.3,3.1,14.9,2008
9426,268,Jelani McCoy,C,30,DEN,6,1,5.5,0.2,0.2,1.000,0.0,0.0,,0.2,0.2,1.000,1.000,0.2,0.3,.500,0.2,1.0,1.2,0.0,0.0,0.8,0.7,1.2,0.5,2008
9427,269,Antonio McDyess,PF,33,DET,78,78,29.3,3.8,7.7,.488,0.0,0.0,.000,3.8,7.7,.490,.488,1.2,2.0,.622,2.6,5.9,8.5,1.1,0.8,0.7,1.0,3.2,8.8,2008
9428,270,Tracy McGrady*,SG,28,HOU,66,62,37.0,8.3,19.8,.419,1.3,4.5,.292,7.0,15.3,.457,.452,3.7,5.4,.684,0.6,4.5,5.1,5.9,1.0,0.5,2.4,1.4,21.6,2008
9429,271,Dominic McGuire,SG,22,WAS,70,1,9.9,0.6,1.5,.379,0.0,0.1,.167,0.5,1.4,.392,.383,0.2,0.5,.438,0.8,1.2,2.0,0.6,0.3,0.4,0.6,1.1,1.3,2008
9430,272,Jeff McInnis,PG,33,CHA,54,26,26.1,2.0,4.6,.434,0.1,0.4,.158,1.9,4.3,.457,.440,0.4,0.6,.767,0.3,1.5,1.8,4.1,0.4,0.1,1.4,2.2,4.5,2008
9431,273,Josh McRoberts,PF,20,POR,8,0,3.5,0.8,1.3,.600,0.0,0.1,.000,0.8,1.1,.667,.600,0.0,0.0,,0.3,1.0,1.3,0.3,0.1,0.0,0.3,0.1,1.5,2008
9432,274,Chris Mihm,C,28,LAL,23,5,12.1,1.4,4.1,.337,0.0,0.0,,1.4,4.1,.337,.337,0.8,1.2,.667,1.2,2.1,3.3,0.6,0.2,0.6,0.7,1.8,3.6,2008
9433,275,C.J. Miles,SG,20,UTA,60,13,11.5,1.9,3.9,.479,0.5,1.3,.390,1.4,2.7,.522,.542,0.7,0.9,.788,0.3,1.0,1.3,0.9,0.5,0.1,0.5,1.6,5.0,2008
9434,276,Darko Miličić,C,22,MEM,70,64,23.8,3.1,7.1,.438,0.0,0.0,.000,3.1,7.1,.439,.438,1.0,1.7,.554,1.8,4.2,6.1,0.8,0.5,1.6,1.4,2.6,7.2,2008
9435,277,Andre Miller,PG,31,PHI,82,82,36.8,6.9,14.1,.492,0.0,0.4,.088,6.9,13.7,.504,.494,3.1,4.1,.772,1.2,2.8,4.0,6.9,1.3,0.1,2.5,2.2,17.0,2008
9436,278,Brad Miller,C,31,SAC,72,72,34.9,4.7,10.1,.463,0.4,1.3,.311,4.3,8.9,.484,.482,3.6,4.3,.848,2.3,7.1,9.5,3.7,1.0,1.0,2.3,3.4,13.4,2008
9437,279,Mike Miller,SG,27,MEM,70,70,35.3,5.9,11.8,.502,2.2,5.1,.432,3.7,6.6,.557,.596,2.3,3.0,.774,0.7,5.9,6.7,3.4,0.5,0.2,2.6,2.1,16.4,2008
9438,280,Paul Millsap,PF,22,UTA,82,2,20.8,3.1,6.1,.504,0.0,0.0,.000,3.1,6.1,.508,.504,1.9,2.8,.677,2.0,3.6,5.6,1.0,0.9,0.9,1.1,3.3,8.1,2008
9439,Rk,Player,Pos,Age,Tm,G,GS,MP,FG,FGA,FG%,3P,3PA,3P%,2P,2PA,2P%,eFG%,FT,FTA,FT%,ORB,DRB,TRB,AST,STL,BLK,TOV,PF,PTS,2008
9440,281,Yao Ming*,C,27,HOU,55,55,37.2,7.9,15.5,.507,0.0,0.0,.000,7.9,15.5,.508,.507,6.3,7.4,.850,3.1,7.7,10.8,2.3,0.5,2.0,3.3,3.1,22.0,2008
9441,282,Cuttino Mobley,SG,32,LAC,77,38,35.1,4.9,11.3,.433,0.9,2.5,.349,4.0,8.8,.457,.472,2.1,2.6,.819,0.6,2.9,3.6,2.6,1.0,0.4,1.6,2.0,12.8,2008
9442,283,Nazr Mohammed,C,30,TOT,82,29,20.1,3.3,6.4,.515,0.0,0.0,.000,3.3,6.4,.516,.515,1.2,2.0,.583,2.4,3.7,6.0,0.9,0.5,0.7,1.2,2.8,7.8,2008
9443,283,Nazr Mohammed,C,30,DET,21,0,10.9,1.3,2.8,.475,0.0,0.0,.000,1.3,2.8,.483,.475,0.6,1.4,.433,1.4,2.1,3.5,0.3,0.3,0.4,0.5,1.7,3.3,2008
9444,283,Nazr Mohammed,C,30,CHA,61,29,23.3,4.0,7.7,.520,0.0,0.0,,4.0,7.7,.520,.520,1.3,2.2,.617,2.7,4.2,6.9,1.1,0.6,0.9,1.5,3.2,9.3,2008
9445,284,Jamario Moon,SF,27,TOR,78,75,27.8,3.6,7.4,.485,0.5,1.6,.328,3.1,5.8,.528,.520,0.8,1.1,.741,1.2,5.0,6.2,1.2,1.0,1.4,0.7,1.9,8.5,2008
9446,285,Mikki Moore,PF,32,SAC,82,79,29.1,3.4,6.0,.577,0.0,0.0,.000,3.4,5.9,.579,.577,1.6,2.2,.736,2.0,4.1,6.0,1.0,0.4,0.6,1.3,3.8,8.5,2008
9447,286,Randolph Morris,C,22,NYK,18,2,10.1,1.2,3.2,.362,0.0,0.0,,1.2,3.2,.362,.362,0.8,1.6,.483,0.7,1.4,2.1,0.1,0.2,0.1,0.5,2.1,3.1,2008
9448,287,Alonzo Mourning*,C,37,MIA,25,0,15.6,2.1,3.8,.547,0.0,0.0,,2.1,3.8,.547,.547,1.8,3.0,.592,1.4,2.4,3.7,0.3,0.2,1.7,1.0,2.2,6.0,2008
9449,288,Troy Murphy,PF,27,IND,75,61,28.1,4.2,9.2,.455,1.3,3.1,.398,2.9,6.1,.484,.522,2.6,3.2,.797,1.4,5.8,7.2,2.2,0.7,0.4,1.3,2.9,12.2,2008
9450,289,Ronald Murray,PG,28,TOT,42,19,20.8,3.7,8.7,.420,0.5,1.5,.317,3.2,7.2,.441,.447,1.6,2.3,.694,0.5,1.4,2.0,3.4,0.9,0.1,2.0,1.2,9.4,2008
9451,289,Ronald Murray,PG,28,DET,19,2,18.3,3.0,7.3,.410,0.3,1.4,.222,2.7,5.9,.455,.432,1.2,1.9,.595,0.7,1.2,1.9,3.4,0.7,0.1,1.6,1.0,7.5,2008
9452,289,Ronald Murray,PG,28,IND,23,17,22.9,4.2,9.9,.425,0.6,1.6,.389,3.6,8.3,.432,.456,2.0,2.7,.754,0.4,1.6,2.0,3.5,1.1,0.1,2.3,1.3,11.0,2008
9453,290,Dikembe Mutombo*,C,41,HOU,39,25,15.9,1.1,2.1,.538,0.0,0.0,,1.1,2.1,.538,.538,0.8,1.2,.711,1.7,3.4,5.1,0.1,0.3,1.2,0.4,1.4,3.0,2008
9454,291,Boštjan Nachbar,PF,27,NJN,75,1,22.1,3.3,8.1,.402,1.3,3.5,.359,2.0,4.6,.435,.479,2.1,2.6,.786,0.7,2.7,3.5,1.2,0.6,0.3,1.1,2.4,9.8,2008
9455,292,Eduardo Nájera,PF,31,DEN,78,3,21.3,2.2,4.7,.473,0.7,1.9,.361,1.6,2.8,.548,.545,0.8,1.1,.708,1.4,2.9,4.3,1.2,0.9,0.5,0.8,2.6,5.9,2008
9456,293,Steve Nash*,PG,33,PHO,81,81,34.3,6.0,11.9,.504,2.2,4.7,.470,3.8,7.2,.527,.597,2.7,3.0,.906,0.3,3.1,3.5,11.1,0.7,0.1,3.6,1.4,16.9,2008
9457,294,Juan Carlos Navarro,SG,27,MEM,82,30,25.8,3.8,9.3,.402,1.9,5.3,.361,1.9,4.1,.455,.504,1.5,1.8,.849,0.4,2.1,2.6,2.2,0.6,0.0,1.6,1.1,10.9,2008
9458,295,Jameer Nelson,PG,25,ORL,69,62,28.4,4.1,8.7,.469,0.9,2.2,.416,3.2,6.5,.488,.522,1.8,2.2,.828,0.4,3.1,3.5,5.6,0.9,0.1,2.0,2.4,10.9,2008
9459,296,Rasho Nesterović,C,31,TOR,71,39,20.9,3.6,6.6,.550,0.0,0.0,.333,3.6,6.5,.552,.551,0.5,0.7,.755,1.8,3.0,4.8,1.2,0.3,0.7,0.8,1.9,7.8,2008
9460,297,Ira Newble,SG-SF,33,TOT,49,13,14.2,1.6,3.6,.437,0.3,1.0,.327,1.2,2.6,.480,.483,0.4,0.5,.769,1.0,1.6,2.6,0.4,0.6,0.2,0.7,1.4,3.8,2008
9461,297,Ira Newble,SG,33,CLE,41,13,15.9,1.7,3.9,.449,0.4,1.1,.333,1.4,2.8,.496,.497,0.5,0.6,.769,1.0,1.8,2.8,0.3,0.7,0.2,0.8,1.6,4.3,2008
9462,297,Ira Newble,SF,33,SEA,2,0,8.5,1.0,3.5,.286,0.0,1.0,.000,1.0,2.5,.400,.286,0.0,0.0,,0.0,0.0,0.0,0.5,0.0,0.0,0.0,0.0,2.0,2008
9463,297,Ira Newble,SF,33,LAL,6,0,5.2,0.5,1.5,.333,0.2,0.3,.500,0.3,1.2,.286,.389,0.0,0.0,,1.0,0.8,1.8,0.5,0.2,0.2,0.5,0.8,1.2,2008
9464,298,Demetris Nichols,SF,23,TOT,14,0,3.1,0.4,1.6,.261,0.2,0.9,.231,0.2,0.7,.300,.326,0.0,0.0,,0.0,0.4,0.4,0.1,0.0,0.2,0.3,0.3,1.1,2008
9465,298,Demetris Nichols,SF,23,CLE,3,0,4.7,0.3,2.7,.125,0.0,1.0,.000,0.3,1.7,.200,.125,0.0,0.0,,0.0,0.3,0.3,0.0,0.0,0.0,0.7,0.0,0.7,2008
9466,298,Demetris Nichols,SF,23,CHI,11,0,2.7,0.5,1.4,.333,0.3,0.9,.300,0.2,0.5,.400,.433,0.0,0.0,,0.0,0.4,0.4,0.1,0.0,0.3,0.2,0.4,1.2,2008
9467,299,Joakim Noah,C,22,CHI,74,31,20.7,2.4,5.0,.482,0.0,0.0,.000,2.4,4.9,.484,.482,1.8,2.6,.691,2.4,3.3,5.6,1.1,0.9,0.9,1.2,2.3,6.6,2008
9468,300,Andrés Nocioni,SF,28,CHI,82,27,24.6,4.6,10.7,.432,1.5,4.2,.364,3.1,6.5,.476,.504,2.4,3.0,.807,0.6,3.6,4.2,1.2,0.3,0.5,1.6,3.0,13.2,2008
9469,Rk,Player,Pos,Age,Tm,G,GS,MP,FG,FGA,FG%,3P,3PA,3P%,2P,2PA,2P%,eFG%,FT,FTA,FT%,ORB,DRB,TRB,AST,STL,BLK,TOV,PF,PTS,2008
9470,301,Steve Novak,SF,24,HOU,35,0,7.5,1.4,2.9,.480,1.0,2.0,.479,0.4,0.9,.484,.647,0.1,0.1,.750,0.1,0.9,1.0,0.2,0.1,0.1,0.1,0.5,3.9,2008
9471,302,Dirk Nowitzki,PF,29,DAL,77,77,36.0,8.2,17.1,.479,1.0,2.9,.359,7.2,14.2,.504,.510,6.2,7.1,.879,1.2,7.3,8.6,3.5,0.7,0.9,2.1,2.6,23.6,2008
9472,303,Patrick O'Bryant,C,21,GSW,24,0,4.1,0.7,1.2,.552,0.0,0.0,,0.7,1.2,.552,.552,0.1,0.2,.600,0.4,0.8,1.2,0.2,0.2,0.4,0.3,1.1,1.5,2008
9473,304,Jermaine O'Neal,C,29,IND,42,34,28.7,5.4,12.2,.439,0.0,0.1,.000,5.4,12.1,.444,.439,2.9,3.9,.742,2.0,4.8,6.7,2.2,0.5,2.1,2.5,3.1,13.6,2008
9474,305,Shaquille O'Neal*,C,35,TOT,61,61,28.7,5.4,9.1,.593,0.0,0.0,,5.4,9.1,.593,.593,2.8,5.5,.503,2.7,6.4,9.1,1.5,0.5,1.4,3.0,3.7,13.6,2008
9475,305,Shaquille O'Neal*,C,35,MIA,33,33,28.6,5.8,10.0,.581,0.0,0.0,,5.8,10.0,.581,.581,2.7,5.4,.494,3.0,4.8,7.8,1.4,0.6,1.6,3.0,4.1,14.2,2008
9476,305,Shaquille O'Neal*,C,35,PHO,28,28,28.7,5.0,8.2,.611,0.0,0.0,,5.0,8.2,.611,.611,2.9,5.7,.513,2.4,8.2,10.6,1.7,0.5,1.2,3.0,3.4,12.9,2008
9477,306,Fabricio Oberto,C,32,SAS,82,64,20.0,2.2,3.6,.608,0.0,0.0,.000,2.2,3.6,.610,.608,0.5,0.7,.607,1.9,3.4,5.2,1.2,0.5,0.2,0.6,2.5,4.8,2008
9478,307,Lamar Odom,PF,28,LAL,77,77,37.9,5.4,10.3,.525,0.4,1.5,.274,5.0,8.9,.566,.544,3.0,4.3,.698,2.6,8.1,10.6,3.5,1.0,0.9,2.0,2.9,14.2,2008
9479,308,Emeka Okafor,C,25,CHA,82,82,33.1,5.6,10.5,.535,0.0,0.0,,5.6,10.5,.535,.535,2.6,4.6,.570,3.1,7.6,10.7,0.9,0.8,1.7,2.0,2.9,13.8,2008
9480,309,Mehmet Okur,C,28,UTA,72,72,33.2,5.2,11.7,.445,1.6,4.1,.388,3.6,7.6,.475,.512,2.6,3.2,.804,1.8,5.9,7.7,2.0,0.8,0.4,1.4,3.3,14.5,2008
9481,310,Kevin Ollie,SG,35,PHI,40,0,7.5,0.7,1.7,.420,0.0,0.0,.000,0.7,1.7,.426,.420,0.3,0.4,.800,0.1,0.4,0.5,1.0,0.3,0.0,0.1,0.7,1.8,2008
9482,311,Bo Outlaw,PF,36,ORL,2,0,3.5,1.0,1.5,.667,0.0,0.0,,1.0,1.5,.667,.667,0.0,0.0,,0.0,0.0,0.0,0.0,0.0,0.0,0.5,0.5,2.0,2008
9483,312,Travis Outlaw,PF,23,POR,82,6,26.7,5.1,11.8,.433,0.5,1.2,.396,4.6,10.5,.437,.453,2.7,3.6,.741,1.2,3.4,4.6,1.3,0.7,0.8,1.3,2.1,13.3,2008
9484,313,Andre Owens,PG,27,IND,31,7,12.6,1.3,3.5,.374,0.6,1.3,.450,0.7,2.2,.328,.458,0.8,1.1,.735,0.4,1.1,1.5,1.5,0.4,0.1,0.8,1.2,4.0,2008
9485,314,Zaza Pachulia,C,23,ATL,62,5,15.2,1.7,4.0,.437,0.0,0.0,.000,1.7,3.9,.442,.437,1.7,2.5,.706,1.4,2.6,4.0,0.6,0.4,0.2,1.1,2.3,5.2,2008
9486,315,Jannero Pargo,SG,28,NOH,80,5,18.7,3.2,8.2,.390,0.8,2.3,.349,2.4,5.8,.406,.439,0.9,1.0,.877,0.3,1.3,1.6,2.4,0.6,0.1,1.2,1.5,8.1,2008
9487,316,Anthony Parker,SG,32,TOR,82,82,32.1,4.8,10.1,.476,1.6,3.7,.438,3.2,6.4,.499,.557,1.2,1.5,.816,0.6,3.5,4.1,2.2,1.0,0.2,1.1,1.9,12.5,2008
9488,317,Smush Parker,PG,26,TOT,28,2,21.1,2.3,6.6,.348,0.6,2.8,.231,1.6,3.8,.434,.397,0.7,1.0,.679,0.1,1.7,1.8,3.0,0.9,0.2,1.6,2.1,5.9,2008
9489,317,Smush Parker,PG,26,MIA,9,0,20.3,1.9,6.0,.315,0.7,2.7,.250,1.2,3.3,.367,.370,0.3,0.4,.750,0.2,1.9,2.1,1.7,0.6,0.3,0.9,1.4,4.8,2008
9490,317,Smush Parker,PG,26,LAC,19,2,21.5,2.5,6.8,.362,0.6,2.8,.222,1.8,4.0,.461,.408,0.8,1.3,.667,0.1,1.6,1.7,3.6,1.0,0.2,1.9,2.5,6.4,2008
9491,318,Tony Parker,PG,25,SAS,69,68,33.5,7.5,15.1,.494,0.2,1.0,.258,7.2,14.2,.510,.502,3.6,5.0,.715,0.4,2.8,3.2,6.0,0.8,0.1,2.4,1.3,18.8,2008
9492,319,Ruben Patterson,SF,32,LAC,20,5,16.4,2.0,4.3,.453,0.0,0.1,.000,2.0,4.2,.464,.453,1.2,2.2,.558,1.2,2.0,3.2,0.9,1.1,0.4,1.4,1.9,5.1,2008
9493,320,Chris Paul,PG,22,NOH,80,80,37.6,7.9,16.1,.488,1.2,3.1,.369,6.7,13.0,.516,.524,4.2,4.9,.851,0.8,3.2,4.0,11.6,2.7,0.1,2.5,2.3,21.1,2008
9494,Rk,Player,Pos,Age,Tm,G,GS,MP,FG,FGA,FG%,3P,3PA,3P%,2P,2PA,2P%,eFG%,FT,FTA,FT%,ORB,DRB,TRB,AST,STL,BLK,TOV,PF,PTS,2008
9495,321,Sasha Pavlović,SG,24,CLE,51,45,23.3,2.9,7.9,.362,0.7,2.2,.298,2.2,5.7,.388,.404,1.0,1.5,.688,0.7,1.8,2.5,1.6,0.6,0.1,1.1,2.3,7.4,2008
9496,322,Oleksiy Pecherov,C,22,WAS,35,0,9.1,1.3,3.6,.352,0.5,1.7,.283,0.8,1.9,.415,.420,0.6,0.9,.645,0.6,1.3,1.9,0.2,0.2,0.1,0.5,0.9,3.6,2008
9497,323,Kendrick Perkins,C,23,BOS,78,78,24.5,2.7,4.5,.615,0.0,0.0,.000,2.7,4.4,.617,.615,1.5,2.3,.623,1.9,4.2,6.1,1.1,0.4,1.5,1.6,3.1,6.9,2008
9498,324,Kosta Perović,C,22,GSW,7,0,5.4,0.4,1.4,.300,0.0,0.0,,0.4,1.4,.300,.300,0.6,0.9,.667,0.9,1.0,1.9,0.1,0.0,0.3,0.1,0.9,1.4,2008
9499,325,Morris Peterson,SG,30,NOH,76,76,23.6,2.8,6.8,.417,1.5,3.8,.394,1.3,3.0,.445,.526,0.9,1.1,.765,0.5,2.2,2.7,0.9,0.6,0.1,0.5,1.6,8.0,2008
9500,326,Johan Petro,C,22,SEA,72,28,18.2,2.6,6.1,.419,0.0,0.0,.000,2.6,6.1,.420,.419,0.9,1.2,.736,1.4,3.8,5.1,0.4,0.5,0.6,1.0,2.4,6.0,2008
9501,327,Eric Piatkowski,SF,37,PHO,16,0,7.1,0.8,2.1,.364,0.7,1.6,.423,0.1,0.4,.143,.530,0.3,0.3,1.000,0.1,0.7,0.8,0.6,0.0,0.1,0.4,0.7,2.4,2008
9502,328,Paul Pierce*,SF,30,BOS,80,80,35.9,6.4,13.7,.464,1.8,4.6,.392,4.6,9.2,.499,.529,5.1,6.1,.843,0.7,4.5,5.1,4.5,1.3,0.5,2.8,2.5,19.6,2008
9503,329,Mickaël Piétrus,SF,25,GSW,66,16,19.9,2.6,5.9,.439,1.0,2.8,.361,1.6,3.1,.510,.525,1.0,1.5,.673,1.0,2.7,3.7,0.7,1.0,0.7,0.7,3.0,7.2,2008
9504,330,Scot Pollard,C,32,BOS,22,0,7.9,0.5,1.0,.522,0.0,0.0,,0.5,1.0,.522,.522,0.7,1.0,.682,0.6,1.0,1.7,0.1,0.1,0.3,0.2,2.0,1.8,2008
9505,331,James Posey,PF,31,BOS,74,2,24.6,2.3,5.6,.418,1.4,3.8,.380,0.9,1.8,.496,.546,1.3,1.6,.809,0.4,3.9,4.4,1.5,1.0,0.3,0.9,2.5,7.4,2008
9506,332,Leon Powe,C,24,BOS,56,5,14.4,2.8,4.8,.572,0.0,0.0,.000,2.8,4.8,.575,.572,2.4,3.4,.710,1.7,2.4,4.1,0.3,0.3,0.3,0.8,2.3,7.9,2008
9507,333,Josh Powell,C,25,LAC,64,25,19.2,2.3,4.9,.460,0.0,0.0,.000,2.3,4.9,.465,.460,1.0,1.4,.724,1.8,3.4,5.2,0.7,0.2,0.4,1.0,2.0,5.5,2008
9508,334,Kasib Powell,SF,26,MIA,11,4,27.6,3.2,8.6,.368,0.7,3.0,.242,2.5,5.6,.435,.411,0.5,0.8,.667,0.7,3.3,4.0,1.6,0.8,0.2,0.5,1.6,7.6,2008
9509,335,Ronnie Price,PG,24,UTA,61,3,9.6,1.4,3.3,.431,0.4,1.2,.347,1.0,2.1,.481,.495,0.4,0.6,.684,0.1,0.6,0.8,1.3,0.5,0.0,0.5,1.4,3.7,2008
9510,336,Tayshaun Prince,SF,27,DET,82,82,32.9,5.1,11.5,.448,0.6,1.8,.363,4.5,9.7,.463,.476,2.3,2.9,.768,1.3,3.5,4.9,3.3,0.5,0.4,1.1,1.1,13.2,2008
9511,337,Gabe Pruitt,PG,21,BOS,15,0,6.3,0.9,2.6,.359,0.2,0.8,.250,0.7,1.8,.407,.397,0.1,0.1,.500,0.1,0.5,0.5,0.9,0.3,0.0,0.3,0.7,2.1,2008
9512,338,Joel Przybilla,C,28,POR,77,67,23.6,1.9,3.2,.576,0.0,0.0,.000,1.9,3.2,.578,.576,1.1,1.6,.680,2.5,5.9,8.4,0.4,0.2,1.2,1.2,3.0,4.8,2008
9513,339,Chris Quinn,PG,24,MIA,60,25,22.3,2.6,6.2,.424,1.1,2.7,.403,1.6,3.6,.439,.509,1.4,1.6,.867,0.2,1.8,2.0,3.0,0.8,0.1,0.9,1.5,7.8,2008
9514,340,Vladimir Radmanović,SF,27,LAL,65,41,22.8,3.0,6.7,.453,1.5,3.6,.406,1.6,3.1,.507,.562,0.8,1.0,.800,0.9,2.4,3.3,1.9,0.7,0.2,1.1,2.3,8.4,2008
9515,Rk,Player,Pos,Age,Tm,G,GS,MP,FG,FGA,FG%,3P,3PA,3P%,2P,2PA,2P%,eFG%,FT,FTA,FT%,ORB,DRB,TRB,AST,STL,BLK,TOV,PF,PTS,2008
9516,341,Shavlik Randolph,PF,24,PHI,9,0,3.0,0.4,1.6,.286,0.0,0.0,,0.4,1.6,.286,.286,0.0,0.0,,1.0,0.2,1.2,0.3,0.1,0.3,0.2,0.6,0.9,2008
9517,342,Zach Randolph,C,26,NYK,69,68,32.5,7.0,15.3,.459,0.3,1.2,.275,6.7,14.2,.474,.470,3.2,4.2,.772,2.7,7.6,10.3,2.0,0.9,0.2,2.7,2.8,17.6,2008
9518,343,Theo Ratliff,C-PF,34,TOT,26,9,16.8,1.6,3.3,.482,0.0,0.0,.000,1.6,3.2,.488,.482,1.1,1.7,.674,1.2,2.2,3.4,0.5,0.3,1.4,0.8,2.3,4.3,2008
9519,343,Theo Ratliff,PF,34,MIN,10,6,21.4,2.3,4.5,.511,0.0,0.1,.000,2.3,4.4,.523,.511,1.7,2.5,.680,1.3,2.6,3.9,0.7,0.3,1.9,1.2,3.0,6.3,2008
9520,343,Theo Ratliff,C,34,DET,16,3,13.9,1.1,2.5,.450,0.0,0.0,,1.1,2.5,.450,.450,0.8,1.1,.667,1.2,1.9,3.1,0.4,0.3,1.1,0.6,1.8,3.0,2008
9521,344,Michael Redd,SG,28,MIL,72,71,37.5,7.6,17.3,.442,1.8,5.0,.362,5.8,12.3,.475,.495,5.6,6.8,.820,1.2,3.1,4.3,3.4,0.9,0.2,2.5,1.7,22.7,2008
9522,345,J.J. Redick,SG,23,ORL,34,0,8.1,1.4,3.2,.444,0.5,1.3,.395,0.9,1.9,.477,.523,0.8,1.0,.794,0.0,0.6,0.7,0.5,0.1,0.0,0.4,0.9,4.1,2008
9523,346,Chris Richard,C,23,MIN,52,3,10.7,0.8,1.7,.471,0.0,0.0,,0.8,1.7,.471,.471,0.3,0.5,.593,1.0,1.6,2.6,0.3,0.2,0.2,0.5,1.6,1.9,2008
9524,347,Jason Richardson,SF,27,CHA,82,82,38.4,7.9,17.9,.441,3.0,7.3,.406,4.9,10.6,.466,.524,3.0,4.0,.752,1.0,4.4,5.4,3.1,1.4,0.7,2.0,2.9,21.8,2008
9525,348,Jeremy Richardson,SG-SF,23,TOT,27,1,4.9,0.6,1.6,.364,0.3,0.7,.368,0.3,0.9,.360,.443,0.1,0.1,1.000,0.0,0.3,0.3,0.1,0.1,0.0,0.2,0.5,1.5,2008
9526,348,Jeremy Richardson,SF,23,MEM,3,0,5.0,0.0,2.0,.000,0.0,0.7,.000,0.0,1.3,.000,.000,0.0,0.0,,0.0,0.3,0.3,0.3,0.0,0.0,0.3,0.7,0.0,2008
9527,348,Jeremy Richardson,SG,23,SAS,5,1,5.8,0.6,1.4,.429,0.4,1.0,.400,0.2,0.4,.500,.571,0.4,0.4,1.000,0.0,0.2,0.2,0.2,0.2,0.0,0.0,1.0,2.0,2008
9528,348,Jeremy Richardson,SF,23,ATL,19,0,4.6,0.7,1.6,.419,0.3,0.6,.417,0.4,1.0,.421,.500,0.0,0.0,,0.1,0.3,0.4,0.0,0.1,0.0,0.3,0.3,1.6,2008
9529,349,Quentin Richardson,SF,27,NYK,65,65,28.3,3.1,8.5,.359,1.1,3.3,.322,2.0,5.2,.381,.421,0.9,1.4,.682,0.9,4.0,4.8,1.8,0.7,0.2,1.1,2.4,8.1,2008
9530,350,Luke Ridnour,PG,26,SEA,61,5,20.0,2.4,6.0,.399,0.3,1.2,.296,2.1,4.9,.424,.428,1.3,1.5,.857,0.2,1.3,1.5,4.0,0.6,0.2,1.3,2.0,6.4,2008
9531,351,Nate Robinson,PG,23,NYK,72,17,26.2,4.6,10.9,.423,1.3,4.1,.332,3.3,6.8,.478,.485,2.1,2.7,.786,0.7,2.4,3.1,2.9,0.8,0.0,1.4,2.6,12.7,2008
9532,352,Sergio Rodríguez,PG,21,POR,72,0,8.7,1.0,2.7,.352,0.2,0.8,.293,0.7,1.9,.377,.395,0.3,0.5,.658,0.2,0.6,0.8,1.7,0.3,0.0,0.7,0.8,2.5,2008
9533,353,Rajon Rondo,PG,21,BOS,77,77,29.9,4.6,9.3,.492,0.1,0.2,.263,4.5,9.0,.499,.496,1.4,2.3,.611,1.0,3.2,4.2,5.1,1.7,0.2,1.9,2.4,10.6,2008
9534,354,Malik Rose,PF,33,NYK,49,3,10.1,1.3,3.7,.367,0.0,0.1,.286,1.3,3.5,.370,.372,0.8,1.0,.725,0.6,1.5,2.1,0.6,0.3,0.1,0.8,1.6,3.5,2008
9535,355,Quinton Ross,SG,26,LAC,76,44,19.8,1.7,4.4,.391,0.1,0.3,.429,1.6,4.1,.389,.404,0.5,0.8,.667,0.7,1.6,2.3,1.2,0.6,0.4,0.4,1.7,4.1,2008
9536,356,Brandon Roy,SG,23,POR,74,74,37.7,7.2,15.8,.454,1.0,2.9,.340,6.2,12.9,.480,.485,3.8,5.0,.753,1.1,3.6,4.7,5.8,1.1,0.2,1.8,2.0,19.1,2008
9537,357,Michael Ruffin,C,31,MIL,46,2,13.7,0.7,1.3,.532,0.0,0.0,,0.7,1.3,.532,.532,0.5,1.4,.397,2.0,2.1,4.0,0.5,0.7,0.4,0.4,2.0,2.0,2008
9538,358,Kareem Rush,SG,27,IND,71,15,21.2,3.2,8.0,.401,1.4,3.7,.389,1.8,4.3,.410,.490,0.4,0.6,.714,0.3,2.1,2.4,1.3,0.6,0.3,0.9,1.5,8.3,2008
9539,359,John Salmons,SG,28,SAC,81,41,31.1,4.7,9.9,.477,0.5,1.5,.325,4.2,8.4,.504,.501,2.6,3.2,.823,0.9,3.4,4.3,2.6,1.1,0.4,2.1,2.1,12.5,2008
9540,360,Cheikh Samb,C,23,DET,4,0,7.8,0.8,1.0,.750,0.0,0.0,,0.8,1.0,.750,.750,0.3,0.5,.500,0.8,1.0,1.8,0.0,0.3,0.5,0.3,2.0,1.8,2008
9541,Rk,Player,Pos,Age,Tm,G,GS,MP,FG,FGA,FG%,3P,3PA,3P%,2P,2PA,2P%,eFG%,FT,FTA,FT%,ORB,DRB,TRB,AST,STL,BLK,TOV,PF,PTS,2008
9542,361,Brian Scalabrine,PF,29,BOS,48,9,10.7,0.6,2.0,.309,0.3,1.0,.326,0.3,1.0,.292,.388,0.3,0.4,.750,0.5,1.2,1.6,0.8,0.2,0.2,0.5,1.3,1.8,2008
9543,362,Luis Scola,PF,27,HOU,82,39,24.7,4.2,8.2,.515,0.0,0.0,.000,4.2,8.1,.517,.515,1.9,2.9,.668,2.1,4.3,6.4,1.3,0.7,0.2,1.3,2.9,10.3,2008
9544,363,Thabo Sefolosha,SG,23,CHI,69,22,20.8,2.6,6.1,.428,0.4,1.3,.330,2.2,4.8,.453,.462,1.1,1.5,.721,0.7,3.0,3.7,1.9,0.9,0.4,1.3,1.9,6.7,2008
9545,364,Mouhamed Sene,C,21,SEA,13,0,4.8,0.8,1.8,.458,0.0,0.0,,0.8,1.8,.458,.458,0.6,1.3,.471,0.5,0.7,1.2,0.1,0.0,0.5,0.0,0.7,2.3,2008
9546,365,Ramon Sessions,PG,21,MIL,17,7,26.5,3.0,6.9,.436,0.2,0.4,.429,2.8,6.5,.436,.449,1.9,2.4,.780,0.5,2.9,3.4,7.5,1.0,0.2,2.1,1.5,8.1,2008
9547,366,Bobby Simmons,SF,27,MIL,70,21,21.7,3.0,7.1,.421,0.9,2.4,.351,2.1,4.6,.458,.482,0.8,1.0,.757,1.0,2.3,3.2,1.1,0.7,0.1,1.1,2.0,7.6,2008
9548,367,Cedric Simmons,PF,22,TOT,14,0,6.2,0.3,1.0,.286,0.0,0.0,,0.3,1.0,.286,.286,0.0,0.7,.000,0.4,0.9,1.3,0.0,0.1,0.4,0.4,0.6,0.6,2008
9549,367,Cedric Simmons,PF,22,CLE,7,0,9.7,0.3,0.9,.333,0.0,0.0,,0.3,0.9,.333,.333,0.0,1.1,.000,0.7,1.4,2.1,0.0,0.3,0.7,0.6,1.0,0.6,2008
9550,367,Cedric Simmons,PF,22,CHI,7,0,2.7,0.3,1.1,.250,0.0,0.0,,0.3,1.1,.250,.250,0.0,0.3,.000,0.1,0.3,0.4,0.0,0.0,0.0,0.3,0.1,0.6,2008
9551,368,Courtney Sims,C,24,IND,3,0,3.7,0.0,0.3,.000,0.0,0.0,,0.0,0.3,.000,.000,0.0,0.0,,0.3,0.3,0.7,0.3,0.0,0.0,0.0,0.7,0.0,2008
9552,369,Brian Skinner,C,31,PHO,66,0,12.8,1.4,3.0,.465,0.0,0.0,.667,1.4,3.0,.462,.470,0.5,1.0,.524,1.0,2.7,3.6,0.2,0.3,1.2,0.6,1.7,3.3,2008
9553,370,Craig Smith,PF,24,MIN,77,11,20.1,3.9,6.9,.563,0.0,0.1,.000,3.9,6.7,.572,.563,1.7,2.6,.665,1.6,3.0,4.6,0.8,0.5,0.2,1.2,2.8,9.4,2008
9554,371,J.R. Smith,SG,22,DEN,74,0,19.2,4.2,9.1,.461,2.1,5.3,.403,2.1,3.8,.542,.578,1.7,2.4,.719,0.6,1.5,2.1,1.7,0.8,0.2,1.5,1.9,12.3,2008
9555,372,Jason Smith,PF,21,PHI,76,1,14.6,1.9,4.1,.455,0.1,0.2,.286,1.8,3.9,.463,.461,0.7,1.1,.659,1.0,2.0,3.0,0.3,0.3,0.7,0.6,1.9,4.5,2008
9556,373,Joe Smith,PF,32,TOT,77,36,22.4,4.1,8.5,.478,0.0,0.0,.000,4.1,8.4,.480,.478,2.0,2.6,.755,2.1,3.1,5.2,0.9,0.4,0.6,0.9,2.4,10.1,2008
9557,373,Joe Smith,PF,32,CHI,50,35,22.9,4.5,9.7,.466,0.0,0.0,.000,4.5,9.6,.467,.466,2.2,2.7,.807,2.2,3.1,5.3,0.9,0.5,0.6,1.0,2.3,11.2,2008
9558,373,Joe Smith,PF,32,CLE,27,1,21.5,3.2,6.3,.512,0.0,0.1,.000,3.2,6.2,.518,.512,1.7,2.6,.652,2.0,3.0,5.0,0.7,0.3,0.6,0.8,2.7,8.1,2008
9559,374,Josh Smith,PF,22,ATL,81,81,35.5,6.4,14.0,.457,0.3,1.2,.253,6.1,12.8,.477,.468,4.1,5.8,.710,2.0,6.2,8.2,3.4,1.5,2.8,3.0,3.3,17.2,2008
9560,375,Eric Snow,PG,34,CLE,22,5,13.9,0.3,1.7,.158,0.0,0.1,.000,0.3,1.6,.167,.158,0.5,1.0,.455,0.2,0.7,0.9,1.9,0.5,0.2,0.5,1.4,1.0,2008
9561,376,Kirk Snyder,SF-PF,24,TOT,36,18,21.1,2.7,5.3,.508,0.1,0.6,.217,2.5,4.6,.548,.521,1.8,2.4,.727,0.8,2.7,3.5,1.8,0.6,0.4,1.4,1.5,7.3,2008
9562,376,Kirk Snyder,PF,24,HOU,9,0,9.0,1.4,3.1,.464,0.2,1.0,.222,1.2,2.1,.579,.500,0.7,1.2,.545,0.6,0.8,1.3,0.9,0.1,0.1,0.4,0.7,3.8,2008
9563,376,Kirk Snyder,SF,24,MIN,27,18,25.2,3.1,6.0,.516,0.1,0.5,.214,3.0,5.4,.544,.525,2.1,2.9,.753,0.9,3.3,4.2,2.1,0.7,0.5,1.8,1.8,8.4,2008
9564,377,Darius Songaila,C,29,WAS,80,13,19.4,2.7,5.8,.458,0.0,0.0,.000,2.7,5.8,.460,.458,0.8,0.9,.918,1.0,2.4,3.4,1.7,0.7,0.2,1.1,2.3,6.2,2008
9565,378,Jerry Stackhouse,SG,33,DAL,58,13,24.3,3.7,9.1,.405,1.0,3.2,.326,2.6,5.9,.447,.462,2.3,2.6,.892,0.6,1.7,2.3,2.5,0.5,0.2,1.5,1.4,10.7,2008
9566,379,DeShawn Stevenson,SG,26,WAS,82,82,31.3,3.7,9.5,.386,1.9,5.0,.383,1.7,4.5,.390,.487,1.9,2.4,.797,0.5,2.4,2.9,3.1,0.8,0.2,1.2,1.3,11.2,2008
9567,380,Peja Stojaković,SF,30,NOH,77,77,35.2,5.9,13.3,.440,3.0,6.8,.441,2.9,6.5,.438,.552,1.7,1.8,.929,0.8,3.5,4.3,1.2,0.7,0.1,0.8,1.6,16.4,2008
9568,Rk,Player,Pos,Age,Tm,G,GS,MP,FG,FGA,FG%,3P,3PA,3P%,2P,2PA,2P%,eFG%,FT,FTA,FT%,ORB,DRB,TRB,AST,STL,BLK,TOV,PF,PTS,2008
9569,381,Awvee Storey,SG,30,MIL,26,0,10.0,1.5,3.4,.438,0.0,0.3,.000,1.5,3.2,.476,.438,0.5,1.1,.483,1.2,0.9,2.1,0.6,0.3,0.0,0.4,1.6,3.5,2008
9570,382,Damon Stoudamire,PG,34,TOT,60,33,17.3,2.0,5.6,.356,0.8,2.5,.336,1.2,3.1,.372,.430,0.5,0.6,.794,0.3,1.6,2.0,2.8,0.5,0.0,1.3,1.3,5.3,2008
9571,382,Damon Stoudamire,PG,34,MEM,29,29,21.5,2.7,6.7,.397,1.2,3.2,.383,1.4,3.4,.410,.490,0.7,0.9,.808,0.5,2.0,2.4,3.9,0.7,0.0,1.7,1.6,7.3,2008
9572,382,Damon Stoudamire,PG,34,SAS,31,4,13.3,1.4,4.6,.301,0.5,1.8,.255,0.9,2.8,.330,.350,0.2,0.3,.750,0.2,1.3,1.5,1.7,0.4,0.1,1.0,1.0,3.4,2008
9573,383,Salim Stoudamire,PG,25,ATL,35,0,11.5,1.9,5.1,.361,0.8,2.4,.341,1.0,2.7,.379,.442,1.2,1.4,.820,0.1,0.6,0.7,0.8,0.2,0.1,0.6,1.0,5.7,2008
9574,384,Amar'e Stoudemire,C,25,PHO,79,79,33.9,9.0,15.3,.590,0.1,0.4,.161,9.0,14.9,.601,.592,7.0,8.7,.805,2.3,6.8,9.1,1.5,0.8,2.1,2.2,3.7,25.2,2008
9575,385,D.J. Strawberry,SG,22,PHO,33,0,8.2,0.9,2.8,.315,0.2,0.8,.240,0.7,2.0,.343,.348,0.3,0.6,.474,0.3,0.6,0.8,0.9,0.4,0.2,0.3,1.1,2.2,2008
9576,386,Rodney Stuckey,PG,21,DET,57,2,19.0,2.7,6.7,.401,0.1,0.3,.188,2.6,6.4,.410,.404,2.2,2.7,.814,0.6,1.7,2.3,2.8,0.9,0.1,1.4,2.0,7.6,2008
9577,387,Robert Swift,C,22,SEA,8,4,12.3,0.8,2.1,.353,0.0,0.0,,0.8,2.1,.353,.353,0.3,0.3,1.000,0.8,1.5,2.3,0.1,0.6,0.8,1.3,2.0,1.8,2008
9578,388,Stromile Swift,PF,28,TOT,56,4,15.1,2.4,4.7,.509,0.0,0.0,.000,2.4,4.7,.513,.509,1.3,1.9,.670,1.1,2.4,3.6,0.5,0.3,1.0,0.9,2.0,6.1,2008
9579,388,Stromile Swift,PF,28,MEM,35,4,15.7,2.7,5.1,.525,0.0,0.1,.000,2.7,5.0,.531,.525,1.5,2.3,.642,1.3,2.4,3.7,0.6,0.3,1.0,1.1,2.1,6.8,2008
9580,388,Stromile Swift,PF,28,NJN,21,0,14.0,2.0,4.2,.477,0.0,0.0,,2.0,4.2,.477,.477,1.0,1.3,.750,0.9,2.5,3.3,0.2,0.2,0.9,0.6,1.9,5.0,2008
9581,389,Wally Szczerbiak,SF,30,TOT,75,2,23.1,4.1,9.6,.431,1.2,2.9,.413,2.9,6.7,.438,.493,2.0,2.3,.851,0.5,2.4,2.9,1.4,0.3,0.2,1.0,1.4,11.5,2008
9582,389,Wally Szczerbiak,SF,30,SEA,50,1,23.6,4.7,10.3,.460,1.4,3.3,.428,3.3,6.9,.476,.529,2.3,2.7,.843,0.3,2.4,2.7,1.4,0.3,0.1,1.1,1.3,13.1,2008
9583,389,Wally Szczerbiak,SF,30,CLE,25,1,22.2,3.0,8.4,.359,0.8,2.1,.365,2.2,6.3,.357,.404,1.4,1.6,.878,0.7,2.5,3.2,1.4,0.4,0.3,0.8,1.4,8.2,2008
9584,390,Sebastian Telfair,PG,22,MIN,60,51,32.2,3.7,9.3,.401,0.5,1.9,.281,3.2,7.4,.432,.430,1.3,1.8,.743,0.3,2.0,2.3,5.9,1.0,0.2,1.9,2.9,9.3,2008
9585,391,Jason Terry,SG,30,DAL,82,34,31.5,5.7,12.3,.467,1.7,4.4,.375,4.1,7.9,.519,.535,2.3,2.7,.857,0.4,2.2,2.5,3.2,1.1,0.2,1.1,2.1,15.5,2008
9586,392,Billy Thomas,SF,32,TOT,11,0,3.8,0.4,1.5,.235,0.4,1.5,.250,0.0,0.1,.000,.353,0.2,0.2,1.000,0.0,0.2,0.2,0.0,0.1,0.0,0.4,0.4,1.3,2008
9587,392,Billy Thomas,SF,32,NJN,4,0,2.0,0.0,0.8,.000,0.0,0.8,.000,0.0,0.0,,.000,0.5,0.5,1.000,0.0,0.0,0.0,0.0,0.0,0.0,0.3,0.0,0.5,2008
9588,392,Billy Thomas,SF,32,CLE,7,0,4.9,0.6,2.0,.286,0.6,1.9,.308,0.0,0.1,.000,.429,0.0,0.0,,0.0,0.3,0.3,0.0,0.1,0.0,0.4,0.6,1.7,2008
9589,393,Kenny Thomas,PF,30,SAC,23,3,12.2,0.7,1.7,.421,0.0,0.0,,0.7,1.7,.421,.421,0.0,0.2,.000,0.8,1.9,2.7,0.6,0.3,0.0,0.9,1.7,1.4,2008
9590,394,Kurt Thomas,C-PF,35,TOT,70,48,22.6,2.8,5.7,.492,0.0,0.0,.000,2.8,5.6,.494,.492,0.8,1.1,.663,1.9,5.4,7.2,1.0,0.8,0.8,0.7,2.7,6.3,2008
9591,394,Kurt Thomas,C,35,SEA,42,39,25.2,3.3,6.5,.513,0.0,0.0,,3.3,6.5,.513,.513,0.9,1.3,.696,2.2,6.5,8.8,1.3,0.8,1.0,0.7,3.1,7.5,2008
9592,394,Kurt Thomas,PF,35,SAS,28,9,18.7,2.0,4.5,.448,0.0,0.0,.000,2.0,4.4,.452,.448,0.5,0.9,.583,1.3,3.6,4.9,0.5,0.8,0.5,0.6,2.0,4.5,2008
9593,395,Tim Thomas,PF,30,LAC,63,51,30.8,4.6,11.2,.413,1.3,4.3,.306,3.3,6.9,.479,.472,1.8,2.4,.752,1.0,4.1,5.1,2.7,0.6,0.5,1.6,3.0,12.4,2008
9594,396,Tyrus Thomas,PF,21,CHI,74,27,18.0,2.5,5.9,.423,0.0,0.1,.167,2.5,5.9,.426,.424,1.7,2.4,.741,1.4,3.2,4.6,1.2,0.6,1.0,1.0,2.3,6.8,2008
9595,397,Al Thornton,PF,24,LAC,79,31,27.3,4.7,11.0,.429,0.5,1.6,.331,4.2,9.4,.447,.454,2.7,3.6,.743,1.2,3.3,4.5,1.2,0.6,0.5,1.6,2.5,12.7,2008
9596,398,Jamaal Tinsley,PG,29,IND,39,36,33.2,4.5,11.9,.380,1.0,3.6,.284,3.5,8.3,.422,.423,1.8,2.6,.720,0.6,3.0,3.6,8.4,1.7,0.3,3.3,2.5,11.9,2008
9597,399,Alando Tucker,SF,23,PHO,6,0,8.0,1.3,3.7,.364,0.2,0.7,.250,1.2,3.0,.389,.386,0.8,1.0,.833,0.7,0.7,1.3,0.0,0.0,0.2,0.0,0.3,3.7,2008
9598,400,Ronny Turiaf,C,25,LAL,78,21,18.7,2.4,5.1,.474,0.0,0.0,.000,2.4,5.1,.475,.474,1.8,2.4,.753,1.2,2.7,3.9,1.6,0.4,1.4,0.9,2.6,6.6,2008
9599,Rk,Player,Pos,Age,Tm,G,GS,MP,FG,FGA,FG%,3P,3PA,3P%,2P,2PA,2P%,eFG%,FT,FTA,FT%,ORB,DRB,TRB,AST,STL,BLK,TOV,PF,PTS,2008
9600,401,Hedo Türkoğlu,SF,28,ORL,82,82,36.9,6.8,14.9,.456,2.0,5.1,.400,4.8,9.8,.485,.524,4.0,4.8,.829,1.0,4.7,5.7,5.0,0.9,0.3,3.0,3.0,19.5,2008
9601,402,Ime Udoka,PF,30,SAS,73,0,18.0,2.2,5.1,.424,0.8,2.3,.370,1.3,2.9,.467,.505,0.6,0.8,.759,0.5,2.6,3.1,0.9,0.8,0.2,0.8,1.7,5.8,2008
9602,403,Beno Udrih,PG,25,SAC,65,51,32.0,5.0,10.9,.463,0.8,2.1,.387,4.2,8.8,.482,.501,1.9,2.3,.850,0.5,2.8,3.3,4.3,0.9,0.2,2.3,2.1,12.8,2008
9603,404,Anderson Varejão,C,25,CLE,48,13,27.5,2.8,6.1,.461,0.0,0.0,.000,2.8,6.1,.464,.461,1.0,1.7,.598,2.8,5.5,8.3,1.1,0.8,0.5,1.2,2.8,6.7,2008
9604,405,Jacque Vaughn,PG,32,SAS,74,9,15.4,1.6,3.8,.428,0.0,0.1,.300,1.6,3.7,.432,.433,0.8,1.1,.763,0.2,0.8,1.0,2.1,0.3,0.0,0.7,1.3,4.1,2008
9605,406,Charlie Villanueva,PF,23,MIL,76,31,24.1,4.7,10.7,.435,0.7,2.4,.297,3.9,8.3,.475,.469,1.6,2.1,.783,1.9,4.2,6.1,1.0,0.4,0.5,1.4,2.3,11.7,2008
9606,407,Marcus Vinicius,SF,23,NOH,13,0,5.3,0.7,1.5,.450,0.4,0.9,.417,0.3,0.6,.500,.575,0.4,0.8,.455,0.1,0.5,0.6,0.2,0.1,0.1,0.2,0.3,2.2,2008
9607,408,Jake Voskuhl,C,30,MIL,44,0,8.8,0.8,1.8,.463,0.0,0.0,,0.8,1.8,.463,.463,0.5,0.7,.828,0.7,1.5,2.2,0.3,0.2,0.5,0.7,1.9,2.2,2008
9608,409,Sasha Vujačić,SG,23,LAL,72,0,17.8,3.0,6.7,.454,1.6,3.8,.437,1.4,2.9,.476,.577,1.1,1.3,.835,0.3,1.9,2.1,1.0,0.5,0.1,0.7,1.5,8.8,2008
9609,410,Dwyane Wade,SG,26,MIA,51,49,38.3,8.6,18.4,.469,0.4,1.5,.286,8.2,16.9,.485,.480,6.9,9.2,.758,0.9,3.3,4.2,6.9,1.7,0.7,4.4,2.7,24.6,2008
9610,411,Von Wafer,SG,22,TOT,29,0,5.3,0.6,2.1,.279,0.1,0.9,.154,0.4,1.2,.371,.311,0.3,0.4,.667,0.0,0.6,0.7,0.2,0.1,0.1,0.4,0.2,1.6,2008
9611,411,Von Wafer,SG,22,DEN,21,0,4.3,0.5,1.8,.263,0.0,0.7,.067,0.4,1.1,.391,.276,0.3,0.4,.750,0.0,0.4,0.5,0.2,0.1,0.0,0.5,0.2,1.3,2008
9612,411,Von Wafer,SG,22,POR,8,0,8.0,0.9,2.9,.304,0.4,1.4,.273,0.5,1.5,.333,.370,0.3,0.5,.500,0.0,1.1,1.1,0.3,0.0,0.3,0.3,0.4,2.4,2008
9613,412,Antoine Walker,PF,31,MIN,46,1,19.4,3.0,8.2,.363,1.3,4.1,.324,1.6,4.1,.401,.444,0.8,1.4,.530,1.2,2.4,3.7,1.0,0.7,0.2,1.0,1.7,8.0,2008
9614,413,Ben Wallace*,C-PF,33,TOT,72,72,30.6,1.9,4.9,.392,0.0,0.1,.000,1.9,4.8,.397,.392,1.0,2.3,.426,3.3,5.1,8.4,1.5,1.2,1.6,0.9,1.7,4.8,2008
9615,413,Ben Wallace*,C,33,CHI,50,50,32.5,2.0,5.4,.373,0.0,0.1,.000,2.0,5.3,.378,.373,1.1,2.5,.424,3.5,5.3,8.8,1.8,1.4,1.6,1.0,1.7,5.1,2008
9616,413,Ben Wallace*,PF,33,CLE,22,22,26.3,1.7,3.7,.457,0.0,0.0,,1.7,3.7,.457,.457,0.9,2.0,.432,2.7,4.7,7.4,0.6,0.9,1.7,0.8,1.6,4.2,2008
9617,414,Gerald Wallace,PF,25,CHA,62,59,38.3,6.6,14.6,.449,1.1,3.6,.321,5.4,11.1,.491,.488,5.0,6.9,.731,0.9,5.1,6.0,3.5,2.1,0.9,2.9,3.0,19.4,2008
9618,415,Rasheed Wallace,C,33,DET,77,76,30.5,4.9,11.3,.432,1.5,4.1,.356,3.4,7.2,.476,.497,1.5,1.9,.767,1.1,5.5,6.6,1.8,1.2,1.7,1.1,2.8,12.7,2008
9619,416,Luke Walton,SF,27,LAL,74,31,23.4,2.9,6.5,.450,0.4,1.1,.333,2.5,5.3,.475,.479,1.0,1.5,.706,1.1,2.8,3.9,2.9,0.8,0.2,1.4,1.8,7.2,2008
9620,417,Hakim Warrick,PF,25,MEM,75,30,23.4,4.4,8.7,.502,0.2,0.6,.271,4.2,8.1,.521,.512,2.4,3.5,.704,1.6,3.1,4.7,0.7,0.5,0.4,1.1,2.1,11.4,2008
9621,418,Darius Washington,SG,22,SAS,18,0,8.1,1.2,2.7,.438,0.2,0.7,.333,0.9,2.0,.472,.479,0.4,0.7,.538,0.2,0.9,1.1,0.8,0.3,0.0,0.8,0.9,2.9,2008
9622,419,Darryl Watkins,C,23,SAC,9,0,7.9,0.6,1.7,.333,0.0,0.0,,0.6,1.7,.333,.333,0.2,0.6,.400,0.6,0.8,1.3,0.0,0.2,0.2,0.8,0.9,1.3,2008
9623,420,C.J. Watson,PG,23,GSW,32,0,11.5,1.3,3.2,.426,0.3,0.8,.346,1.1,2.3,.453,.470,0.7,0.9,.793,0.4,0.6,1.0,1.1,0.5,0.0,0.6,0.6,3.7,2008
9624,Rk,Player,Pos,Age,Tm,G,GS,MP,FG,FGA,FG%,3P,3PA,3P%,2P,2PA,2P%,eFG%,FT,FTA,FT%,ORB,DRB,TRB,AST,STL,BLK,TOV,PF,PTS,2008
9625,421,Earl Watson,PG,28,SEA,78,73,29.1,4.3,9.6,.454,0.6,1.7,.371,3.7,7.9,.472,.487,1.4,1.9,.766,0.6,2.3,2.9,6.8,0.9,0.1,2.2,2.0,10.7,2008
9626,422,Chris Webber*,PF,34,GSW,9,8,14.0,1.7,3.4,.484,0.0,0.0,,1.7,3.4,.484,.484,0.6,1.3,.417,0.2,3.3,3.6,2.0,0.4,0.7,1.2,1.9,3.9,2008
9627,423,Martell Webster,SF,21,POR,75,70,28.4,3.7,8.7,.422,1.6,4.2,.388,2.1,4.5,.454,.516,1.6,2.2,.735,0.7,3.2,3.9,1.2,0.6,0.4,1.1,2.1,10.7,2008
9628,424,Bonzi Wells,SG,31,TOT,73,7,21.4,3.5,7.8,.443,0.2,0.7,.240,3.3,7.1,.462,.453,2.0,3.1,.643,1.2,3.4,4.5,1.3,1.0,0.4,1.4,2.2,9.1,2008
9629,424,Bonzi Wells,SG,31,HOU,51,7,22.0,3.4,8.1,.425,0.2,0.7,.211,3.3,7.3,.447,.434,2.2,3.4,.638,1.2,3.9,5.1,1.6,1.0,0.5,1.5,2.2,9.2,2008
9630,424,Bonzi Wells,SG,31,NOH,22,0,19.9,3.5,7.1,.490,0.2,0.5,.333,3.3,6.6,.503,.503,1.6,2.4,.660,1.0,2.3,3.2,0.8,1.1,0.4,1.2,2.0,8.8,2008
9631,425,David West,PF,27,NOH,76,76,37.8,8.3,17.2,.482,0.1,0.3,.240,8.2,16.8,.487,.484,3.9,4.6,.850,2.4,6.5,8.9,2.3,0.8,1.3,2.2,2.7,20.6,2008
9632,426,Delonte West,PG,24,TOT,61,31,25.1,3.2,7.8,.413,0.8,2.2,.356,2.4,5.6,.435,.463,1.1,1.5,.736,0.5,2.7,3.2,3.8,1.0,0.5,1.9,1.7,8.3,2008
9633,426,Delonte West,PG,24,SEA,35,5,20.8,2.8,7.1,.388,0.5,1.6,.339,2.2,5.5,.402,.426,0.7,1.1,.667,0.4,2.4,2.7,3.2,0.9,0.3,1.9,1.3,6.8,2008
9634,426,Delonte West,PG,24,CLE,26,26,31.0,3.8,8.7,.440,1.1,3.0,.367,2.7,5.6,.479,.504,1.6,2.0,.788,0.7,3.0,3.7,4.5,1.1,0.7,2.0,2.3,10.3,2008
9635,427,Mario West,SG,23,ATL,64,2,4.2,0.3,0.8,.429,0.0,0.1,.000,0.3,0.7,.467,.429,0.3,0.4,.654,0.4,0.3,0.8,0.2,0.2,0.1,0.1,1.0,0.9,2008
9636,428,Chris Wilcox,PF,25,SEA,62,55,28.0,5.4,10.3,.524,0.0,0.0,.000,5.4,10.2,.526,.524,2.6,4.0,.645,2.0,5.0,7.0,1.2,0.7,0.6,1.7,2.8,13.4,2008
9637,429,Damien Wilkins,SF,28,SEA,76,31,24.3,3.6,8.9,.403,0.7,2.0,.323,2.9,6.8,.427,.440,1.4,1.9,.736,0.9,2.3,3.2,2.0,0.8,0.3,1.2,1.7,9.2,2008
9638,430,Mike Wilks,PG,28,TOT,15,0,12.5,1.1,2.4,.472,0.2,0.5,.375,0.9,1.9,.500,.514,0.3,0.3,1.000,0.3,0.9,1.3,0.9,0.6,0.0,0.6,0.9,2.7,2008
9639,430,Mike Wilks,PG,28,DEN,8,0,15.3,1.3,2.9,.435,0.3,0.6,.400,1.0,2.3,.444,.478,0.3,0.3,1.000,0.5,1.0,1.5,0.8,0.6,0.0,0.6,1.1,3.0,2008
9640,430,Mike Wilks,PG,28,WAS,4,0,11.0,0.5,1.0,.500,0.3,0.5,.500,0.3,0.5,.500,.625,0.0,0.0,,0.3,1.3,1.5,0.8,0.8,0.0,0.3,0.5,1.3,2008
9641,430,Mike Wilks,PG,28,SEA,3,0,7.3,1.7,3.0,.556,0.0,0.3,.000,1.7,2.7,.625,.556,0.7,0.7,1.000,0.0,0.3,0.3,1.7,0.3,0.0,1.0,0.7,4.0,2008
9642,431,Aaron Williams,C,36,LAC,30,5,9.9,0.9,1.8,.491,0.0,0.0,,0.9,1.8,.491,.491,0.5,0.6,.778,0.5,1.5,2.0,0.3,0.4,0.5,0.4,1.5,2.3,2008
9643,432,Deron Williams,PG,23,UTA,82,82,37.3,6.9,13.6,.507,1.0,2.6,.395,5.9,11.1,.533,.544,4.0,5.0,.803,0.4,2.5,3.0,10.5,1.1,0.3,3.4,2.4,18.8,2008
9644,433,Jason Williams,PG,32,MIA,67,53,28.1,3.1,8.2,.384,1.4,4.1,.353,1.7,4.1,.415,.472,1.0,1.2,.863,0.2,1.8,1.9,4.6,1.2,0.1,1.4,1.4,8.8,2008
9645,434,Justin Williams,C,23,TOT,23,0,5.3,0.6,1.3,.448,0.0,0.0,,0.6,1.3,.448,.448,0.3,1.1,.308,0.9,1.3,2.1,0.0,0.2,0.2,0.2,0.7,1.5,2008
9646,434,Justin Williams,C,23,SAC,22,0,5.3,0.5,1.2,.462,0.0,0.0,,0.5,1.2,.462,.462,0.3,1.0,.318,0.9,1.3,2.2,0.0,0.2,0.2,0.1,0.6,1.4,2008
9647,434,Justin Williams,C,23,HOU,1,0,6.0,1.0,3.0,.333,0.0,0.0,,1.0,3.0,.333,.333,1.0,4.0,.250,1.0,0.0,1.0,0.0,0.0,0.0,1.0,3.0,3.0,2008
9648,435,Lou Williams,PG,21,PHI,80,0,23.3,4.0,9.4,.424,0.7,1.9,.359,3.3,7.5,.441,.461,2.8,3.6,.783,0.5,1.6,2.1,3.2,1.0,0.2,1.6,1.6,11.5,2008
9649,436,Marcus Williams,PG,22,NJN,53,7,16.1,2.1,5.5,.379,1.0,2.7,.380,1.1,2.8,.377,.471,0.7,0.9,.787,0.3,1.6,1.9,2.6,0.5,0.1,1.4,1.0,5.9,2008
9650,437,Marcus Williams,PF-SF,21,TOT,11,0,3.3,0.5,1.8,.250,0.0,0.0,,0.5,1.8,.250,.250,0.0,0.0,,0.4,0.7,1.1,0.3,0.1,0.1,0.0,0.3,0.9,2008
9651,437,Marcus Williams,SF,21,SAS,1,0,2.0,0.0,1.0,.000,0.0,0.0,,0.0,1.0,.000,.000,0.0,0.0,,0.0,0.0,0.0,0.0,0.0,1.0,0.0,0.0,0.0,2008
9652,437,Marcus Williams,PF,21,LAC,10,0,3.4,0.5,1.9,.263,0.0,0.0,,0.5,1.9,.263,.263,0.0,0.0,,0.4,0.8,1.2,0.3,0.1,0.0,0.0,0.3,1.0,2008
9653,438,Marvin Williams,SF,21,ATL,80,80,34.6,5.3,11.5,.462,0.0,0.1,.100,5.3,11.4,.466,.462,4.2,5.1,.822,1.5,4.2,5.7,1.7,1.0,0.4,1.6,2.8,14.8,2008
9654,439,Mo Williams,PG,25,MIL,66,66,36.5,6.7,13.9,.480,1.3,3.5,.385,5.3,10.4,.512,.528,2.5,2.9,.856,0.6,2.9,3.5,6.3,1.2,0.2,2.8,2.8,17.2,2008
9655,440,Sean Williams,C,21,NJN,73,29,17.5,2.2,4.2,.538,0.0,0.0,,2.2,4.2,.538,.538,1.1,1.8,.609,1.6,2.8,4.4,0.4,0.4,1.5,1.0,2.6,5.6,2008
9656,Rk,Player,Pos,Age,Tm,G,GS,MP,FG,FGA,FG%,3P,3PA,3P%,2P,2PA,2P%,eFG%,FT,FTA,FT%,ORB,DRB,TRB,AST,STL,BLK,TOV,PF,PTS,2008
9657,441,Shawne Williams,SF,21,IND,65,3,14.9,2.4,5.7,.427,0.7,2.1,.314,1.8,3.6,.494,.485,1.2,1.6,.717,0.8,1.9,2.7,0.9,0.4,0.4,0.9,2.0,6.7,2008
9658,442,Shelden Williams,PF,24,TOT,64,0,12.1,1.4,3.3,.434,0.0,0.0,.000,1.4,3.3,.438,.434,1.1,1.6,.676,1.1,2.1,3.2,0.3,0.3,0.3,0.5,1.7,4.0,2008
9659,442,Shelden Williams,PF,24,ATL,36,0,11.5,1.0,2.8,.370,0.0,0.0,.000,1.0,2.8,.374,.370,1.0,1.4,.686,0.9,2.0,3.0,0.3,0.4,0.3,0.4,1.7,3.0,2008
9660,442,Shelden Williams,PF,24,SAC,28,0,12.9,2.0,4.0,.491,0.0,0.0,.000,2.0,4.0,.495,.491,1.3,1.9,.667,1.2,2.3,3.5,0.3,0.3,0.4,0.8,1.8,5.2,2008
9661,443,Loren Woods,C,29,HOU,7,0,2.4,0.4,0.7,.600,0.0,0.0,,0.4,0.7,.600,.600,0.0,0.0,,0.0,0.1,0.1,0.3,0.0,0.0,0.0,0.3,0.9,2008
9662,444,Metta World Peace,SF,28,SAC,57,54,38.1,7.6,16.9,.453,1.5,3.9,.380,6.2,13.0,.475,.497,3.7,5.2,.719,1.8,4.0,5.8,3.5,2.3,0.7,2.6,2.8,20.5,2008
9663,445,Antoine Wright,SG,23,TOT,56,10,22.0,2.4,5.9,.413,0.6,2.0,.291,1.9,3.9,.475,.462,0.8,1.2,.687,0.7,1.9,2.6,1.4,0.5,0.4,0.9,2.3,6.3,2008
9664,445,Antoine Wright,SG,23,NJN,41,10,25.8,2.8,7.0,.401,0.7,2.5,.267,2.1,4.5,.473,.448,1.0,1.4,.707,0.9,2.2,3.0,1.6,0.6,0.4,1.0,2.6,7.3,2008
9665,445,Antoine Wright,SG,23,DAL,15,0,11.7,1.4,2.8,.500,0.3,0.6,.556,1.1,2.2,.485,.560,0.3,0.6,.556,0.3,1.1,1.5,0.9,0.1,0.3,0.7,1.5,3.5,2008
9666,446,Brandan Wright,PF,20,GSW,38,6,9.9,1.6,2.9,.554,0.0,0.0,,1.6,2.9,.554,.554,0.7,1.1,.675,1.0,1.6,2.6,0.2,0.2,0.6,0.3,0.9,4.0,2008
9667,447,Dorell Wright,SF,22,MIA,44,34,25.1,3.3,6.7,.488,0.1,0.3,.364,3.2,6.4,.493,.495,1.3,1.6,.826,1.1,3.9,5.0,1.4,0.7,0.9,0.7,1.8,7.9,2008
9668,448,Julian Wright,SF,20,NOH,57,1,11.2,1.6,3.0,.533,0.2,0.4,.417,1.4,2.5,.552,.562,0.6,0.9,.635,0.6,1.5,2.1,0.7,0.5,0.2,0.6,0.8,3.9,2008
9669,449,Lorenzen Wright,C,32,TOT,18,1,8.9,0.3,1.2,.286,0.0,0.0,,0.3,1.2,.286,.286,0.2,0.3,.500,0.4,1.7,2.1,0.2,0.2,0.2,0.2,1.7,0.8,2008
9670,449,Lorenzen Wright,C,32,ATL,13,1,11.4,0.4,1.3,.294,0.0,0.0,,0.4,1.3,.294,.294,0.2,0.5,.500,0.5,2.3,2.8,0.2,0.2,0.2,0.2,2.0,1.0,2008
9671,449,Lorenzen Wright,C,32,SAC,5,0,2.6,0.2,0.8,.250,0.0,0.0,,0.2,0.8,.250,.250,0.0,0.0,,0.2,0.0,0.2,0.2,0.0,0.0,0.4,1.0,0.4,2008
9672,450,Nick Young,SG,22,WAS,75,2,15.4,2.8,6.4,.439,0.5,1.3,.400,2.3,5.0,.450,.481,1.3,1.7,.815,0.3,1.2,1.5,0.8,0.5,0.1,1.3,1.7,7.5,2008
9673,451,Thaddeus Young,PF,19,PHI,74,22,21.0,3.6,6.6,.539,0.1,0.3,.316,3.5,6.4,.548,.545,1.0,1.4,.738,1.6,2.6,4.2,0.8,1.0,0.1,0.9,1.7,8.2,2008
9674,1,Alex Acker,SG,26,TOT,25,0,8.0,1.2,3.0,.395,0.3,0.8,.350,0.9,2.2,.411,.441,0.2,0.4,.500,0.3,0.6,1.0,0.5,0.2,0.2,0.3,0.4,2.9,2009
9675,1,Alex Acker,SG,26,DET,7,0,2.9,0.6,1.6,.364,0.0,0.6,.000,0.6,1.0,.571,.364,0.1,0.3,.500,0.0,0.3,0.3,0.1,0.3,0.1,0.0,0.0,1.3,2009
9676,1,Alex Acker,SG,26,LAC,18,0,9.9,1.4,3.6,.400,0.4,0.9,.438,1.1,2.7,.388,.454,0.2,0.4,.500,0.4,0.8,1.2,0.6,0.2,0.2,0.4,0.5,3.5,2009
9677,2,Hassan Adams,SG,24,TOR,12,0,4.3,0.3,1.1,.308,0.0,0.0,,0.3,1.1,.308,.308,0.3,0.5,.500,0.1,0.5,0.6,0.1,0.1,0.1,0.3,0.3,0.9,2009
9678,3,Arron Afflalo,SG,23,DET,74,8,16.7,1.8,4.1,.437,0.6,1.4,.402,1.2,2.6,.456,.508,0.8,1.0,.817,0.4,1.4,1.8,0.6,0.4,0.2,0.6,1.9,4.9,2009
9679,4,Maurice Ager,SG,24,NJN,20,0,4.9,0.8,2.2,.349,0.0,0.3,.000,0.8,1.9,.405,.349,0.2,0.4,.500,0.2,0.4,0.5,0.2,0.1,0.1,0.2,0.9,1.7,2009
9680,5,Blake Ahearn,PG,24,SAS,3,0,6.3,0.7,2.0,.333,0.7,1.3,.500,0.0,0.7,.000,.500,0.7,0.7,1.000,0.0,0.3,0.3,0.7,0.3,0.0,0.3,1.0,2.7,2009
9681,6,Alexis Ajinça,PF,20,CHA,31,4,5.9,0.8,2.2,.362,0.0,0.1,.000,0.8,2.2,.373,.362,0.6,0.9,.714,0.3,0.7,1.0,0.1,0.2,0.2,0.4,1.1,2.3,2009
9682,7,LaMarcus Aldridge,PF,23,POR,81,81,37.1,7.4,15.3,.484,0.1,0.3,.250,7.3,15.0,.489,.486,3.2,4.1,.781,2.9,4.6,7.5,1.9,1.0,1.0,1.5,2.6,18.1,2009
9683,8,Joe Alexander,SF,22,MIL,59,0,12.1,1.7,4.2,.416,0.3,0.8,.348,1.5,3.4,.432,.449,1.0,1.4,.699,0.7,1.2,1.9,0.7,0.3,0.5,0.9,1.8,4.7,2009
9684,9,Malik Allen,PF,30,MIL,49,3,11.8,1.5,3.5,.429,0.0,0.0,.000,1.5,3.4,.432,.429,0.2,0.4,.476,0.7,1.4,2.1,0.7,0.1,0.2,0.4,1.8,3.2,2009
9685,10,Ray Allen*,SG,33,BOS,79,79,36.4,6.3,13.2,.480,2.5,6.2,.409,3.8,7.0,.542,.575,3.0,3.2,.952,0.8,2.7,3.5,2.8,0.9,0.2,1.7,2.0,18.2,2009
9686,11,Tony Allen,SG,27,BOS,46,2,19.3,3.0,6.2,.482,0.1,0.6,.222,2.8,5.6,.510,.493,1.7,2.4,.725,0.5,1.8,2.3,1.4,1.2,0.5,1.7,2.1,7.8,2009
9687,12,Morris Almond,SG,23,UTA,25,1,10.2,1.3,3.2,.407,0.2,0.7,.294,1.1,2.6,.438,.438,0.8,1.0,.808,0.4,1.1,1.4,0.3,0.2,0.2,0.6,1.2,3.7,2009
9688,13,Rafer Alston,PG,32,TOT,77,76,31.8,4.1,10.6,.385,1.5,4.3,.338,2.6,6.4,.417,.454,2.0,2.7,.750,0.4,2.5,2.9,5.3,1.4,0.1,1.8,1.8,11.7,2009
9689,13,Rafer Alston,PG,32,HOU,48,48,33.1,4.0,10.9,.370,1.7,4.8,.348,2.4,6.1,.387,.446,1.8,2.3,.789,0.5,2.5,3.0,5.4,1.2,0.1,1.8,1.5,11.5,2009
9690,13,Rafer Alston,PG,32,ORL,29,28,29.5,4.2,10.3,.413,1.1,3.5,.317,3.1,6.8,.462,.466,2.4,3.4,.707,0.3,2.6,2.9,5.1,1.8,0.1,1.8,2.2,12.0,2009
9691,14,Lou Amundson,PF,26,PHO,76,0,13.7,1.8,3.3,.536,0.0,0.0,.000,1.8,3.3,.538,.536,0.7,1.6,.442,1.7,1.9,3.6,0.4,0.4,0.9,0.7,2.0,4.2,2009
9692,15,Chris Andersen,C,30,DEN,71,1,20.6,2.3,4.1,.548,0.0,0.1,.200,2.2,4.0,.560,.551,1.8,2.5,.718,2.3,3.9,6.2,0.4,0.6,2.5,1.0,2.5,6.4,2009
9693,16,Ryan Anderson,PF,20,NJN,66,30,19.9,2.4,6.2,.393,1.0,2.9,.365,1.4,3.3,.417,.478,1.5,1.8,.845,1.6,3.1,4.7,0.8,0.7,0.3,1.0,2.4,7.4,2009
9694,17,Carmelo Anthony,SF,24,DEN,66,66,34.5,8.1,18.3,.443,1.0,2.6,.371,7.2,15.7,.455,.469,5.6,7.1,.793,1.6,5.2,6.8,3.4,1.1,0.4,3.0,3.0,22.8,2009
9695,18,Joel Anthony,C,26,MIA,65,28,16.1,0.9,1.8,.483,0.0,0.0,,0.9,1.8,.483,.483,0.5,0.7,.652,1.4,1.7,3.0,0.4,0.3,1.4,0.6,2.1,2.2,2009
9696,19,Gilbert Arenas,PG,27,WAS,2,2,31.5,3.0,11.5,.261,1.0,3.5,.286,2.0,8.0,.250,.304,6.0,8.0,.750,0.5,4.0,4.5,10.0,0.0,0.5,0.5,2.0,13.0,2009
9697,20,Trevor Ariza,SF,23,LAL,82,20,24.4,3.3,7.3,.460,0.7,2.3,.319,2.6,4.9,.526,.511,1.5,2.1,.710,1.4,2.9,4.3,1.8,1.7,0.3,1.1,2.0,8.9,2009
9698,21,Hilton Armstrong,C,24,NOH,70,29,15.6,2.0,3.5,.561,0.0,0.0,.000,2.0,3.5,.566,.561,0.9,1.4,.633,1.2,1.6,2.8,0.4,0.4,0.6,1.1,2.6,4.8,2009
9699,22,Darrell Arthur,PF,20,MEM,76,64,19.3,2.5,5.7,.438,0.0,0.0,.000,2.5,5.7,.440,.438,0.5,0.8,.667,1.4,3.1,4.6,0.6,0.7,0.7,0.6,2.7,5.6,2009
9700,23,Chucky Atkins,PG,34,TOT,33,0,12.5,1.0,3.4,.301,0.5,1.7,.263,0.6,1.7,.339,.367,0.5,0.5,.938,0.2,0.6,0.7,1.8,0.3,0.1,0.7,0.8,3.0,2009
9701,23,Chucky Atkins,PG,34,DEN,14,0,8.2,0.6,1.9,.333,0.4,1.2,.294,0.3,0.7,.400,.426,0.3,0.3,1.000,0.0,0.4,0.4,2.0,0.1,0.1,0.7,0.4,1.9,2009
9702,23,Chucky Atkins,PG,34,OKC,19,0,15.6,1.3,4.5,.291,0.5,2.1,.250,0.8,2.4,.326,.349,0.6,0.6,.917,0.3,0.7,0.9,1.6,0.4,0.1,0.7,1.2,3.7,2009
9703,24,D.J. Augustin,PG,21,CHA,72,12,26.5,3.7,8.6,.430,1.5,3.4,.439,2.2,5.2,.424,.517,2.9,3.2,.893,0.2,1.6,1.8,3.5,0.6,0.0,1.7,1.9,11.8,2009
9704,25,Kelenna Azubuike,SF,25,GSW,74,51,32.1,5.3,11.4,.464,1.3,2.8,.448,4.0,8.6,.469,.520,2.5,3.1,.808,1.5,3.5,5.0,1.6,0.8,0.7,1.3,2.5,14.4,2009
9705,26,Renaldo Balkman,PF,24,DEN,53,10,14.7,2.1,3.7,.558,0.0,0.1,.286,2.0,3.6,.568,.563,0.8,1.2,.646,1.6,2.2,3.8,0.6,0.9,0.4,0.7,1.8,5.0,2009
9706,27,Marcus Banks,PG,27,TOT,22,0,9.4,1.0,2.6,.368,0.1,0.9,.158,0.8,1.7,.474,.395,0.5,0.8,.611,0.0,0.8,0.8,1.3,0.5,0.1,0.6,1.2,2.5,2009
9707,27,Marcus Banks,PG,27,MIA,16,0,10.4,0.9,2.4,.385,0.1,0.9,.143,0.8,1.6,.520,.410,0.6,0.9,.667,0.0,0.9,0.9,1.4,0.6,0.1,0.7,1.3,2.6,2009
9708,27,Marcus Banks,PG,27,TOR,6,0,6.7,1.0,3.0,.333,0.2,0.8,.200,0.8,2.2,.385,.361,0.2,0.5,.333,0.2,0.3,0.5,1.0,0.2,0.0,0.5,0.8,2.3,2009
9709,28,Leandro Barbosa,SG,26,PHO,70,11,24.4,5.2,10.8,.482,1.3,3.4,.375,3.9,7.4,.532,.542,2.4,2.8,.881,0.5,2.1,2.6,2.3,1.2,0.1,1.3,1.6,14.2,2009
9710,29,J.J. Barea,SG,24,DAL,79,15,20.3,3.1,7.1,.442,0.7,1.9,.357,2.4,5.1,.474,.491,0.9,1.2,.753,0.5,1.8,2.2,3.4,0.5,0.1,1.3,1.5,7.8,2009
9711,30,Andrea Bargnani,PF,23,TOR,78,59,31.4,5.5,12.3,.450,1.5,3.7,.409,4.0,8.6,.468,.512,2.8,3.4,.831,0.9,4.4,5.3,1.2,0.4,1.2,1.7,3.1,15.4,2009
9712,31,Matt Barnes,PF,28,PHO,77,40,27.0,3.7,8.8,.423,1.5,4.4,.343,2.2,4.3,.505,.510,1.3,1.8,.743,1.0,4.4,5.5,2.8,0.7,0.3,1.7,2.7,10.2,2009
9713,32,Brent Barry,SG,37,HOU,56,1,15.3,1.3,3.1,.407,0.9,2.3,.374,0.4,0.7,.512,.549,0.3,0.4,.950,0.3,1.4,1.7,1.4,0.4,0.1,0.9,0.8,3.7,2009
9714,33,Brandon Bass,C,23,DAL,81,0,19.4,3.1,6.3,.496,0.0,0.1,.000,3.1,6.2,.502,.496,2.2,2.6,.867,1.6,2.9,4.5,0.5,0.3,0.7,1.1,1.7,8.5,2009
9715,34,Maceo Baston,PF,33,IND,27,0,8.0,0.9,1.7,.543,0.0,0.0,.000,0.9,1.7,.556,.543,0.6,1.0,.630,0.8,1.1,1.9,0.3,0.2,0.4,0.4,1.4,2.5,2009
9716,35,Tony Battie,PF,32,ORL,77,3,15.6,2.1,4.2,.489,0.0,0.1,.222,2.0,4.1,.497,.492,0.7,1.1,.659,1.2,2.4,3.6,0.4,0.3,0.3,0.6,1.5,4.8,2009
9717,36,Shane Battier,SG,30,HOU,60,59,33.9,2.4,5.9,.410,1.5,4.0,.384,0.9,2.0,.462,.538,0.9,1.1,.821,0.9,3.9,4.8,2.3,0.8,0.9,0.8,1.9,7.3,2009
9718,37,Nicolas Batum,SF,20,POR,79,76,18.4,2.0,4.6,.446,0.8,2.1,.369,1.3,2.4,.513,.532,0.5,0.7,.808,1.1,1.7,2.8,0.9,0.6,0.5,0.6,1.8,5.4,2009
9719,38,Jerryd Bayless,PG,20,POR,53,0,12.4,1.3,3.6,.365,0.1,0.5,.259,1.2,3.1,.383,.384,1.6,1.9,.806,0.2,0.9,1.1,1.5,0.3,0.0,1.1,1.5,4.3,2009
9720,39,Michael Beasley,PF,20,MIA,81,19,24.8,5.6,11.8,.472,0.4,1.0,.407,5.2,10.8,.478,.490,2.3,3.0,.772,1.4,4.1,5.4,1.0,0.5,0.5,1.5,2.3,13.9,2009
9721,40,Marco Belinelli,SG,22,GSW,42,23,21.0,3.3,7.5,.442,1.2,3.1,.397,2.1,4.4,.473,.524,1.0,1.2,.769,0.2,1.5,1.7,2.1,0.9,0.0,1.4,1.7,8.9,2009
9722,Rk,Player,Pos,Age,Tm,G,GS,MP,FG,FGA,FG%,3P,3PA,3P%,2P,2PA,2P%,eFG%,FT,FTA,FT%,ORB,DRB,TRB,AST,STL,BLK,TOV,PF,PTS,2009
9723,41,Charlie Bell,SG,29,MIL,70,23,25.5,3.1,7.5,.414,1.2,3.4,.363,1.9,4.1,.458,.497,0.9,1.1,.825,0.5,1.5,1.9,2.2,0.7,0.1,1.1,2.0,8.4,2009
9724,42,Raja Bell,SG,32,TOT,67,66,34.6,4.5,10.2,.437,1.7,4.0,.421,2.8,6.2,.448,.520,1.3,1.5,.853,0.6,3.0,3.6,2.1,0.7,0.1,1.3,2.5,11.9,2009
9725,42,Raja Bell,SG,32,PHO,22,22,32.4,3.5,8.0,.429,2.0,4.3,.468,1.5,3.8,.386,.554,0.7,1.0,.762,0.4,2.5,2.9,1.3,0.6,0.1,0.8,2.6,9.6,2009
9726,42,Raja Bell,SG,32,CHA,45,44,35.6,5.0,11.3,.440,1.6,3.9,.395,3.4,7.3,.464,.509,1.6,1.8,.877,0.7,3.2,4.0,2.5,0.8,0.1,1.5,2.4,13.0,2009
9727,43,Mike Bibby,PG,30,ATL,79,79,34.7,5.5,12.7,.435,2.1,5.4,.390,3.4,7.3,.468,.518,1.7,2.2,.789,0.5,3.0,3.5,5.0,1.2,0.1,1.6,1.8,14.9,2009
9728,44,Andris Biedriņš,C,22,GSW,62,58,30.0,5.0,8.6,.578,0.0,0.0,.000,5.0,8.6,.579,.578,1.9,3.5,.551,3.6,7.6,11.2,2.0,1.0,1.5,1.8,3.8,11.9,2009
9729,45,Chauncey Billups,PG,32,TOT,79,79,35.3,5.2,12.4,.418,2.1,5.0,.408,3.1,7.4,.425,.501,5.3,5.8,.913,0.4,2.6,3.0,6.4,1.2,0.2,2.2,2.0,17.7,2009
9730,45,Chauncey Billups,PG,32,DET,2,2,35.0,3.5,10.5,.333,1.0,3.5,.286,2.5,7.0,.357,.381,4.5,5.0,.900,0.5,4.5,5.0,7.5,1.5,0.5,2.0,1.5,12.5,2009
9731,45,Chauncey Billups,PG,32,DEN,77,77,35.3,5.2,12.5,.420,2.1,5.1,.410,3.2,7.4,.427,.504,5.3,5.8,.913,0.4,2.6,3.0,6.4,1.2,0.2,2.2,2.1,17.9,2009
9732,46,Steve Blake,PG,28,POR,69,69,31.7,4.0,9.4,.428,2.0,4.8,.427,2.0,4.6,.429,.536,0.9,1.1,.840,0.4,2.1,2.5,5.0,1.0,0.1,1.6,1.8,11.0,2009
9733,47,Andray Blatche,C,22,WAS,71,36,24.0,4.2,8.9,.471,0.1,0.3,.238,4.1,8.6,.479,.475,1.6,2.3,.704,1.8,3.5,5.3,1.7,0.7,1.0,1.6,3.0,10.0,2009
9734,48,Mark Blount,C,33,MIA,20,0,10.4,1.5,3.9,.385,0.6,1.4,.407,1.0,2.6,.373,.455,0.4,0.7,.615,0.5,1.6,2.1,0.2,0.1,0.4,0.7,0.9,4.0,2009
9735,49,Keith Bogans,SG,28,TOT,65,15,19.6,1.8,5.0,.367,1.1,3.4,.339,0.7,1.6,.425,.481,0.8,0.9,.912,0.5,2.6,3.1,1.0,0.7,0.1,0.6,1.6,5.6,2009
9736,49,Keith Bogans,SG,28,ORL,36,15,21.9,1.8,4.9,.360,1.2,3.5,.333,0.6,1.4,.429,.480,0.6,0.7,.875,0.4,2.7,3.1,0.9,0.6,0.1,0.5,1.7,5.3,2009
9737,49,Keith Bogans,SG,28,MIL,29,0,16.7,1.9,5.1,.376,1.1,3.2,.348,0.8,2.0,.421,.483,1.1,1.1,.939,0.6,2.6,3.1,1.1,0.7,0.1,0.8,1.5,6.0,2009
9738,50,Andrew Bogut,C,24,MIL,36,33,31.2,5.1,8.8,.577,0.0,0.0,,5.1,8.8,.577,.577,1.6,2.7,.571,3.3,7.0,10.3,2.0,0.6,1.0,2.4,3.6,11.7,2009
9739,51,Matt Bonner,PF,28,SAS,81,67,23.8,3.3,6.6,.496,1.5,3.3,.440,1.8,3.3,.552,.606,0.2,0.3,.739,1.2,3.6,4.8,1.0,0.6,0.3,0.5,2.3,8.2,2009
9740,52,Josh Boone,C,24,NJN,62,7,16.0,1.8,3.5,.528,0.0,0.0,,1.8,3.5,.528,.528,0.5,1.4,.376,1.7,2.5,4.2,0.5,0.4,0.8,0.5,1.7,4.2,2009
9741,53,Calvin Booth,C,32,TOT,8,0,7.0,0.6,1.3,.500,0.0,0.0,,0.6,1.3,.500,.500,0.8,1.0,.750,0.6,0.8,1.4,0.0,0.1,0.3,0.1,1.3,2.0,2009
9742,53,Calvin Booth,C,32,MIN,1,0,1.0,0.0,0.0,,0.0,0.0,,0.0,0.0,,,0.0,0.0,,1.0,0.0,1.0,0.0,0.0,0.0,0.0,0.0,0.0,2009
9743,53,Calvin Booth,C,32,SAC,7,0,7.9,0.7,1.4,.500,0.0,0.0,,0.7,1.4,.500,.500,0.9,1.1,.750,0.6,0.9,1.4,0.0,0.1,0.3,0.1,1.4,2.3,2009
9744,54,Carlos Boozer,PF,27,UTA,37,37,32.4,6.8,13.8,.490,0.0,0.0,,6.8,13.8,.490,.490,2.6,3.8,.698,3.0,7.4,10.4,2.1,1.1,0.2,2.1,3.6,16.2,2009
9745,55,Chris Bosh*,C,24,TOR,77,77,38.0,8.0,16.4,.487,0.2,0.6,.245,7.8,15.8,.497,.492,6.5,8.0,.817,2.8,7.2,10.0,2.5,0.9,1.0,2.3,2.5,22.7,2009
9746,56,Bruce Bowen,SF,37,SAS,80,10,18.8,1.0,2.3,.422,0.5,1.2,.429,0.5,1.1,.416,.535,0.2,0.3,.538,0.2,1.6,1.8,0.5,0.5,0.2,0.3,1.5,2.7,2009
9747,57,Ryan Bowen,SF,33,NOH,21,3,10.4,1.0,1.8,.579,0.0,0.0,,1.0,1.8,.579,.579,0.1,0.2,.600,0.5,0.7,1.1,0.4,0.7,0.2,0.2,1.8,2.2,2009
9748,58,Elton Brand,PF,29,PHI,29,23,31.7,5.6,12.6,.447,0.0,0.0,,5.6,12.6,.447,.447,2.5,3.7,.676,2.7,6.1,8.8,1.3,0.6,1.6,2.3,2.7,13.8,2009
9749,59,Corey Brewer,SF,22,MIN,15,8,20.5,2.5,6.0,.411,0.3,0.8,.417,2.1,5.2,.410,.439,0.9,1.3,.737,1.2,2.1,3.3,1.7,1.0,0.2,0.9,2.5,6.2,2009
9750,60,Ronnie Brewer,SF,23,UTA,81,80,32.2,5.2,10.2,.508,0.3,1.0,.259,4.9,9.2,.537,.522,3.0,4.3,.702,1.2,2.5,3.7,2.2,1.7,0.4,1.4,1.6,13.7,2009
9751,Rk,Player,Pos,Age,Tm,G,GS,MP,FG,FGA,FG%,3P,3PA,3P%,2P,2PA,2P%,eFG%,FT,FTA,FT%,ORB,DRB,TRB,AST,STL,BLK,TOV,PF,PTS,2009
9752,61,Aaron Brooks,PG,24,HOU,80,35,25.0,4.0,9.8,.404,1.4,3.9,.366,2.5,5.9,.428,.476,1.9,2.2,.866,0.4,1.6,2.0,3.0,0.6,0.1,1.6,1.9,11.2,2009
9753,62,Andre Brown,PF,27,CHA,4,0,10.3,0.3,1.8,.143,0.0,0.0,,0.3,1.8,.143,.143,0.5,0.5,1.000,1.8,1.3,3.0,0.3,0.3,0.0,1.3,2.3,1.0,2009
9754,63,Bobby Brown,SG-PG,24,TOT,68,2,13.7,2.1,5.3,.392,0.7,1.9,.346,1.4,3.4,.417,.454,0.5,0.6,.791,0.2,0.6,0.8,1.7,0.3,0.0,0.9,1.4,5.3,2009
9755,63,Bobby Brown,SG,24,SAC,47,1,14.4,2.0,5.3,.381,0.7,2.0,.330,1.3,3.3,.412,.443,0.6,0.7,.765,0.2,0.6,0.8,1.9,0.3,0.0,1.0,1.6,5.2,2009
9756,63,Bobby Brown,PG,24,MIN,21,1,12.2,2.2,5.4,.416,0.7,1.7,.389,1.6,3.7,.429,.478,0.4,0.4,.889,0.3,0.5,0.8,1.4,0.3,0.1,0.8,1.0,5.5,2009
9757,64,Dee Brown,PG,24,TOT,19,11,13.7,0.9,2.6,.367,0.4,1.3,.292,0.6,1.3,.440,.439,0.2,0.3,.600,0.4,1.2,1.5,1.9,0.5,0.0,0.9,1.5,2.4,2009
9758,64,Dee Brown,PG,24,WAS,17,11,13.7,1.0,2.6,.386,0.4,1.2,.300,0.6,1.4,.458,.455,0.1,0.2,.333,0.4,1.2,1.6,1.9,0.6,0.0,0.8,1.3,2.4,2009
9759,64,Dee Brown,PG,24,PHO,2,0,14.0,0.5,2.5,.200,0.5,2.0,.250,0.0,0.5,.000,.300,1.0,1.0,1.000,0.0,0.5,0.5,1.5,0.0,0.0,1.5,3.0,2.5,2009
9760,65,Devin Brown,SG,30,NOH,63,5,13.8,1.8,5.0,.355,0.4,1.5,.289,1.3,3.4,.384,.399,1.2,1.6,.780,0.5,1.4,1.9,0.9,0.5,0.1,0.9,1.3,5.2,2009
9761,66,Kwame Brown,C,26,DET,58,30,17.2,1.6,2.9,.533,0.0,0.0,,1.6,2.9,.533,.533,1.1,2.1,.516,1.6,3.4,5.0,0.6,0.4,0.4,0.9,2.4,4.2,2009
9762,67,Shannon Brown,SG,23,TOT,48,0,9.9,1.6,3.4,.473,0.3,0.8,.378,1.3,2.7,.500,.515,0.7,0.8,.821,0.2,0.7,0.9,0.8,0.5,0.1,0.8,0.9,4.2,2009
9763,67,Shannon Brown,SG,23,CHA,30,0,11.4,1.9,4.1,.455,0.3,0.9,.286,1.6,3.2,.505,.488,0.8,1.0,.800,0.3,0.5,0.8,0.9,0.6,0.2,1.0,1.1,4.8,2009
9764,67,Shannon Brown,SG,23,LAL,18,0,7.6,1.2,2.3,.524,0.3,0.5,.667,0.9,1.8,.485,.595,0.4,0.5,.889,0.2,0.9,1.1,0.6,0.2,0.1,0.5,0.5,3.2,2009
9765,68,Kobe Bryant*,SG,30,LAL,82,82,36.1,9.8,20.9,.467,1.4,4.1,.351,8.3,16.8,.496,.502,5.9,6.9,.856,1.1,4.1,5.2,4.9,1.5,0.5,2.6,2.3,26.8,2009
9766,69,Greg Buckner,SF,32,MEM,63,0,13.9,1.0,2.5,.384,0.2,0.8,.255,0.8,1.7,.444,.425,0.3,0.4,.800,0.5,1.6,2.1,0.9,0.5,0.1,0.6,1.7,2.5,2009
9767,70,Caron Butler,SG,28,WAS,67,67,38.6,7.3,16.2,.453,1.0,3.1,.310,6.4,13.1,.487,.482,5.1,6.0,.858,1.8,4.4,6.2,4.3,1.6,0.3,3.1,2.5,20.8,2009
9768,71,Rasual Butler,SF,29,NOH,82,74,31.9,4.2,9.8,.433,1.7,4.4,.390,2.5,5.4,.468,.521,1.0,1.3,.782,0.6,2.7,3.3,0.9,0.6,0.7,0.7,1.9,11.2,2009
9769,72,Andrew Bynum,C,21,LAL,50,50,28.9,5.6,10.0,.560,0.0,0.0,,5.6,10.0,.560,.560,3.0,4.3,.707,2.7,5.2,8.0,1.4,0.4,1.8,1.7,3.1,14.3,2009
9770,73,Will Bynum,PG,26,DET,57,1,14.1,2.7,6.0,.456,0.1,0.3,.158,2.7,5.7,.474,.461,1.7,2.1,.798,0.3,1.0,1.3,2.8,0.6,0.0,1.3,1.5,7.2,2009
9771,74,José Calderón,PG,27,TOR,68,68,34.3,4.7,9.5,.497,1.2,3.0,.406,3.5,6.5,.538,.561,2.2,2.3,.981,0.2,2.6,2.9,8.9,1.1,0.1,2.1,1.7,12.8,2009
9772,75,Marcus Camby,C,34,LAC,62,55,31.0,4.1,8.0,.512,0.0,0.1,.250,4.1,7.9,.514,.513,2.1,2.9,.725,2.6,8.5,11.1,2.0,0.8,2.1,1.5,2.1,10.3,2009
9773,76,Brian Cardinal,PF,31,MIN,64,4,14.2,1.0,2.6,.385,0.5,1.4,.326,0.5,1.2,.455,.473,0.5,0.5,.857,0.6,1.6,2.2,1.2,0.6,0.2,0.8,2.1,3.0,2009
9774,77,Rodney Carney,SG,24,MIN,67,6,17.9,2.6,6.3,.416,1.2,3.4,.350,1.4,2.9,.492,.509,0.7,1.0,.758,0.5,1.3,1.9,0.4,0.7,0.4,0.6,1.4,7.2,2009
9775,78,Matt Carroll,SG,28,TOT,55,10,11.2,1.2,3.1,.380,0.2,1.0,.245,0.9,2.1,.441,.418,0.4,0.5,.840,0.1,1.1,1.3,0.5,0.4,0.1,0.6,1.2,3.0,2009
9776,78,Matt Carroll,SG,28,CHA,34,10,14.0,1.6,4.1,.406,0.4,1.3,.267,1.3,2.7,.473,.449,0.4,0.6,.789,0.1,1.5,1.6,0.7,0.5,0.1,0.8,1.6,4.1,2009
9777,78,Matt Carroll,SG,28,DAL,21,0,6.7,0.4,1.6,.273,0.0,0.4,.125,0.4,1.2,.320,.288,0.3,0.3,1.000,0.1,0.6,0.7,0.1,0.1,0.0,0.3,0.7,1.2,2009
9778,79,Anthony Carter,PG,33,DEN,78,5,22.9,2.1,4.9,.433,0.3,1.1,.239,1.9,3.8,.490,.460,0.7,1.0,.731,0.5,2.1,2.6,4.7,1.2,0.2,2.0,1.8,5.3,2009
9779,80,Vince Carter,SG,32,NJN,80,80,36.8,7.4,16.8,.437,1.9,4.9,.385,5.5,11.9,.459,.493,4.2,5.1,.817,0.9,4.2,5.1,4.7,1.0,0.5,2.1,2.9,20.8,2009
9780,Rk,Player,Pos,Age,Tm,G,GS,MP,FG,FGA,FG%,3P,3PA,3P%,2P,2PA,2P%,eFG%,FT,FTA,FT%,ORB,DRB,TRB,AST,STL,BLK,TOV,PF,PTS,2009
9781,81,Mario Chalmers,PG,22,MIA,82,82,32.0,3.4,8.1,.420,1.4,3.8,.367,2.0,4.3,.467,.506,1.8,2.4,.767,0.5,2.3,2.8,4.9,2.0,0.1,2.0,2.9,10.0,2009
9782,82,Tyson Chandler,C,26,NOH,45,45,32.1,3.6,6.3,.565,0.0,0.0,,3.6,6.3,.565,.565,1.7,3.0,.579,3.6,5.1,8.7,0.5,0.3,1.2,1.6,3.2,8.8,2009
9783,83,Wilson Chandler,SF,21,NYK,82,70,33.4,5.5,12.9,.432,1.3,3.8,.328,4.3,9.0,.476,.481,2.1,2.6,.795,1.1,4.3,5.4,2.1,0.9,0.9,1.7,3.0,14.4,2009
9784,84,Speedy Claxton,PG,30,ATL,2,0,7.5,1.0,3.5,.286,0.0,0.0,,1.0,3.5,.286,.286,0.5,1.0,.500,0.0,0.0,0.0,1.5,0.0,0.0,0.0,0.5,2.5,2009
9785,85,Jarron Collins,C,30,UTA,26,3,7.7,0.6,1.3,.457,0.0,0.0,,0.6,1.3,.457,.457,0.3,0.4,.727,0.8,0.7,1.4,0.3,0.1,0.0,0.3,1.3,1.5,2009
9786,86,Jason Collins,C,30,MIN,31,22,13.6,0.7,2.3,.314,0.0,0.0,,0.7,2.3,.314,.314,0.4,0.9,.464,0.9,1.4,2.3,0.4,0.3,0.4,0.4,2.4,1.8,2009
9787,87,Mardy Collins,PG-SG,24,TOT,48,14,18.5,2.2,5.1,.425,0.3,0.6,.419,1.9,4.5,.426,.451,0.6,1.0,.609,0.6,1.6,2.2,2.3,0.6,0.2,1.2,1.7,5.2,2009
9788,87,Mardy Collins,SG,24,NYK,9,0,8.3,0.9,2.6,.348,0.0,0.3,.000,0.9,2.2,.400,.348,0.4,1.0,.444,0.2,0.7,0.9,1.1,0.2,0.0,0.6,0.8,2.2,2009
9789,87,Mardy Collins,PG,24,LAC,39,14,20.9,2.5,5.7,.433,0.3,0.7,.464,2.2,5.0,.429,.462,0.6,0.9,.649,0.7,1.8,2.5,2.6,0.7,0.3,1.4,1.9,5.9,2009
9790,88,Nick Collison,C,28,OKC,71,40,25.8,3.4,6.0,.568,0.0,0.0,.000,3.4,6.0,.570,.568,1.4,1.9,.721,2.5,4.3,6.9,0.9,0.7,0.7,1.0,3.4,8.2,2009
9791,89,Mike Conley,PG,21,MEM,82,61,30.6,3.9,8.9,.442,1.1,2.6,.406,2.9,6.3,.458,.503,2.0,2.4,.817,0.3,3.1,3.4,4.3,1.1,0.1,1.7,1.8,10.9,2009
9792,90,Brian Cook,PF,28,TOT,30,0,5.7,0.9,2.5,.368,0.4,1.0,.433,0.5,1.5,.326,.454,0.2,0.2,.833,0.2,0.8,1.1,0.2,0.1,0.1,0.4,0.9,2.5,2009
9793,90,Brian Cook,PF,28,ORL,21,0,7.0,1.1,2.9,.383,0.5,1.2,.440,0.6,1.7,.343,.475,0.2,0.3,.833,0.3,1.0,1.3,0.2,0.1,0.0,0.5,1.1,3.0,2009
9794,90,Brian Cook,PF,28,HOU,9,0,2.8,0.6,1.8,.313,0.2,0.6,.400,0.3,1.2,.273,.375,0.0,0.0,,0.1,0.4,0.6,0.1,0.0,0.3,0.2,0.3,1.3,2009
9795,91,Daequan Cook,SF,21,MIA,75,4,24.4,3.2,8.6,.375,2.0,5.3,.387,1.2,3.3,.356,.494,0.7,0.7,.875,0.3,2.3,2.5,0.9,0.5,0.1,0.6,1.7,9.1,2009
9796,92,Jamal Crawford,PG-SG,28,TOT,65,65,38.1,6.4,15.7,.410,2.2,6.1,.360,4.3,9.7,.441,.479,4.6,5.3,.872,0.4,2.6,3.0,4.4,0.9,0.2,2.3,1.4,19.7,2009
9797,92,Jamal Crawford,SG,28,NYK,11,11,35.6,6.6,15.4,.432,3.2,7.0,.455,3.5,8.4,.413,.536,3.2,4.2,.761,0.2,1.4,1.5,4.4,0.8,0.0,2.4,1.2,19.6,2009
9798,92,Jamal Crawford,PG,28,GSW,54,54,38.6,6.4,15.8,.406,2.0,5.9,.338,4.4,9.9,.446,.468,4.9,5.5,.889,0.4,2.9,3.3,4.4,0.9,0.2,2.3,1.5,19.7,2009
9799,93,Joe Crawford,SF,22,NYK,2,0,11.5,1.5,5.0,.300,0.5,2.0,.250,1.0,3.0,.333,.350,1.0,1.0,1.000,0.5,1.5,2.0,0.5,0.5,0.0,0.0,1.0,4.5,2009
9800,94,Javaris Crittenton,PG-SG,21,TOT,63,10,18.6,2.1,4.5,.460,0.0,0.2,.133,2.0,4.3,.478,.463,0.8,1.5,.576,0.9,1.7,2.6,2.4,0.6,0.1,1.3,1.6,5.0,2009
9801,94,Javaris Crittenton,SG,21,MEM,7,0,6.3,1.0,2.1,.467,0.0,0.1,.000,1.0,2.0,.500,.467,0.7,1.6,.455,0.6,0.3,0.9,0.7,0.1,0.0,0.4,0.7,2.7,2009
9802,94,Javaris Crittenton,PG,21,WAS,56,10,20.2,2.2,4.8,.459,0.0,0.3,.143,2.2,4.6,.477,.463,0.9,1.4,.593,0.9,1.9,2.9,2.6,0.7,0.1,1.4,1.7,5.3,2009
9803,95,Austin Croshere,PF,33,TOT,14,0,7.1,1.0,2.8,.359,0.4,1.1,.333,0.6,1.7,.375,.423,0.5,0.9,.583,0.8,1.6,2.4,0.6,0.1,0.1,0.4,0.4,2.9,2009
9804,95,Austin Croshere,PF,33,MIL,11,0,7.0,1.1,2.7,.400,0.5,1.0,.455,0.6,1.7,.368,.483,0.6,1.0,.636,0.6,1.5,2.2,0.5,0.1,0.1,0.4,0.4,3.3,2009
9805,95,Austin Croshere,PF,33,SAS,3,0,7.7,0.7,3.0,.222,0.0,1.3,.000,0.7,1.7,.400,.222,0.0,0.3,.000,1.3,2.0,3.3,1.0,0.0,0.0,0.7,0.3,1.3,2009
9806,96,Eddy Curry,C,26,NYK,3,0,4.0,0.7,0.7,1.000,0.0,0.0,,0.7,0.7,1.000,1.000,0.3,1.0,.333,0.0,1.3,1.3,0.0,0.0,0.0,0.7,1.7,1.7,2009
9807,97,Samuel Dalembert,C,27,PHI,82,82,24.8,2.6,5.3,.498,0.0,0.0,.000,2.6,5.3,.500,.498,1.1,1.5,.734,2.6,5.9,8.5,0.2,0.4,1.8,1.4,3.0,6.4,2009
9808,98,Erick Dampier,C,33,DAL,80,80,23.0,2.3,3.5,.650,0.0,0.0,,2.3,3.5,.650,.650,1.1,1.8,.638,2.7,4.4,7.1,1.0,0.3,1.2,0.9,2.4,5.7,2009
9809,99,Antonio Daniels,PG,33,TOT,74,9,13.8,1.3,3.2,.419,0.3,0.8,.367,1.0,2.4,.438,.466,1.1,1.4,.800,0.1,1.0,1.0,2.4,0.4,0.0,0.8,0.7,4.1,2009
9810,99,Antonio Daniels,PG,33,WAS,13,5,22.2,1.4,3.5,.400,0.4,0.8,.455,1.0,2.6,.382,.456,1.9,2.5,.758,0.0,1.7,1.7,3.6,0.5,0.0,1.0,1.1,5.1,2009
9811,99,Antonio Daniels,PG,33,NOH,61,4,12.0,1.3,3.1,.424,0.3,0.8,.347,1.0,2.3,.451,.469,0.9,1.1,.821,0.1,0.8,0.9,2.1,0.3,0.0,0.8,0.7,3.8,2009
9812,100,Marquis Daniels,SF,28,IND,54,43,31.5,5.8,12.8,.451,0.3,1.7,.200,5.4,11.1,.489,.464,1.7,2.4,.721,1.5,3.1,4.6,2.1,1.1,0.5,1.7,2.2,13.6,2009
9813,Rk,Player,Pos,Age,Tm,G,GS,MP,FG,FGA,FG%,3P,3PA,3P%,2P,2PA,2P%,eFG%,FT,FTA,FT%,ORB,DRB,TRB,AST,STL,BLK,TOV,PF,PTS,2009
9814,101,Jermareo Davidson,SF,24,GSW,14,0,7.9,1.2,2.5,.486,0.0,0.0,,1.2,2.5,.486,.486,0.6,1.2,.471,0.7,1.7,2.4,0.1,0.1,0.2,0.4,0.9,3.0,2009
9815,102,Baron Davis,PG,29,LAC,65,60,34.6,5.5,14.8,.370,1.5,5.0,.302,3.9,9.7,.406,.422,2.4,3.2,.757,0.7,3.0,3.7,7.7,1.7,0.5,3.0,3.0,14.9,2009
9816,103,Glen Davis,C,23,BOS,76,16,21.5,2.6,5.9,.442,0.0,0.1,.400,2.6,5.9,.443,.444,1.7,2.3,.730,1.6,2.4,4.0,0.9,0.7,0.3,0.9,3.0,7.0,2009
9817,104,Paul Davis,PF,24,LAC,27,1,11.9,1.5,3.6,.408,0.0,0.0,.000,1.5,3.6,.412,.408,1.0,1.3,.794,1.0,1.4,2.5,0.4,0.4,0.1,0.5,1.6,4.0,2009
9818,105,Ricky Davis,SG,29,LAC,36,9,21.8,2.3,6.8,.339,1.0,3.1,.315,1.3,3.7,.358,.410,0.9,1.0,.861,0.3,1.4,1.7,2.3,0.5,0.1,1.1,1.8,6.4,2009
9819,106,Luol Deng,SF,23,CHI,49,46,34.0,5.4,12.1,.448,0.2,0.4,.400,5.2,11.7,.450,.455,3.1,3.9,.796,1.6,4.4,6.0,1.9,1.2,0.5,1.5,1.7,14.1,2009
9820,107,Boris Diaw,PF,26,TOT,81,59,34.0,5.5,10.9,.507,0.9,2.2,.414,4.6,8.7,.531,.549,1.2,1.8,.687,1.5,3.9,5.3,4.1,0.8,0.7,2.7,2.5,13.2,2009
9821,107,Boris Diaw,PF,26,PHO,22,0,24.5,3.6,6.4,.567,0.2,0.6,.357,3.4,5.8,.591,.585,0.8,1.2,.692,1.1,2.7,3.8,2.1,0.5,0.4,1.7,1.8,8.3,2009
9822,107,Boris Diaw,PF,26,CHA,59,59,37.6,6.2,12.6,.495,1.2,2.8,.419,5.1,9.8,.517,.542,1.4,2.1,.686,1.6,4.3,5.9,4.9,0.8,0.7,3.0,2.8,15.1,2009
9823,108,Yakhouba Diawara,SF,26,MIA,63,21,13.5,1.2,3.4,.350,0.8,2.6,.313,0.4,0.9,.463,.468,0.2,0.3,.526,0.4,0.9,1.3,0.4,0.2,0.1,0.3,1.2,3.4,2009
9824,109,Travis Diener,PG,26,IND,55,0,13.1,1.3,3.3,.413,0.8,2.1,.390,0.5,1.1,.459,.542,0.2,0.3,.800,0.1,1.5,1.6,2.2,0.5,0.1,0.4,0.8,3.7,2009
9825,110,Ike Diogu,PF,25,TOT,29,1,7.4,1.3,2.6,.527,0.0,0.1,.500,1.3,2.5,.528,.534,1.4,1.8,.755,0.9,1.0,1.9,0.1,0.1,0.1,0.4,0.8,4.1,2009
9826,110,Ike Diogu,PF,25,POR,19,0,3.8,0.3,1.0,.316,0.0,0.0,,0.3,1.0,.316,.316,0.8,1.1,.750,0.6,0.3,0.9,0.0,0.1,0.1,0.3,0.5,1.4,2009
9827,110,Ike Diogu,PF,25,SAC,10,1,14.2,3.3,5.5,.600,0.1,0.2,.500,3.2,5.3,.604,.609,2.5,3.3,.758,1.4,2.5,3.9,0.3,0.2,0.1,0.6,1.4,9.2,2009
9828,111,DeSagana Diop,C,27,TOT,75,1,13.8,1.0,2.3,.433,0.0,0.0,,1.0,2.3,.433,.433,0.3,0.9,.333,1.5,2.1,3.6,0.4,0.4,0.7,0.5,1.7,2.3,2009
9829,111,DeSagana Diop,C,27,DAL,34,0,13.3,0.6,1.7,.379,0.0,0.0,,0.6,1.7,.379,.379,0.4,0.9,.414,1.3,2.1,3.5,0.4,0.4,0.7,0.3,1.6,1.6,2009
9830,111,DeSagana Diop,C,27,CHA,41,1,14.2,1.3,2.8,.460,0.0,0.0,,1.3,2.8,.460,.460,0.2,0.9,.270,1.7,2.1,3.8,0.5,0.4,0.8,0.7,1.8,2.8,2009
9831,112,Juan Dixon,PG,30,WAS,50,6,16.3,2.0,5.1,.395,0.5,1.5,.333,1.5,3.6,.420,.443,0.7,0.8,.872,0.2,1.2,1.3,2.4,0.7,0.1,1.4,1.5,5.2,2009
9832,113,Keyon Dooling,PG,28,NJN,77,18,26.9,3.4,7.8,.436,1.3,3.1,.421,2.1,4.7,.446,.519,1.6,2.0,.825,0.3,1.7,2.0,3.5,0.9,0.1,1.4,1.8,9.7,2009
9833,114,Joey Dorsey,PF,25,HOU,3,0,2.0,0.3,0.7,.500,0.0,0.0,,0.3,0.7,.500,.500,0.0,0.0,,0.0,0.3,0.3,0.3,0.0,0.0,0.0,0.0,0.7,2009
9834,115,Quincy Douby,PG,24,TOT,27,0,11.1,1.6,4.1,.382,0.5,1.7,.304,1.0,2.4,.438,.445,0.6,0.7,.895,0.2,1.0,1.2,0.9,0.2,0.2,0.5,1.0,4.3,2009
9835,115,Quincy Douby,PG,24,SAC,20,0,11.4,1.5,4.4,.341,0.5,1.9,.270,1.0,2.6,.392,.398,0.7,0.8,.933,0.2,1.1,1.3,0.7,0.1,0.3,0.3,1.2,4.2,2009
9836,115,Quincy Douby,PG,24,TOR,7,0,10.4,1.7,3.1,.545,0.6,1.3,.444,1.1,1.9,.615,.636,0.4,0.6,.750,0.4,0.6,1.0,1.7,0.4,0.0,1.0,0.6,4.4,2009
9837,116,Chris Douglas-Roberts,SG,22,NJN,44,3,13.3,1.8,4.0,.460,0.1,0.3,.250,1.8,3.7,.476,.469,1.2,1.4,.823,0.3,0.8,1.1,1.2,0.3,0.2,0.7,0.8,4.9,2009
9838,117,Goran Dragić,PG,22,PHO,55,1,13.2,1.6,4.1,.393,0.4,1.0,.370,1.2,3.1,.400,.438,0.9,1.2,.769,0.6,1.3,1.9,2.0,0.5,0.1,1.3,1.6,4.5,2009
9839,118,Jared Dudley,SF,23,TOT,68,7,17.0,2.0,4.2,.477,0.4,1.1,.392,1.6,3.1,.507,.528,1.0,1.5,.676,1.2,1.8,3.0,0.8,0.8,0.1,0.6,1.5,5.5,2009
9840,118,Jared Dudley,SF,23,CHA,20,7,21.4,2.3,4.8,.469,0.2,0.4,.375,2.1,4.4,.477,.484,0.8,1.2,.625,1.3,1.7,3.0,1.0,0.9,0.1,0.5,2.0,5.4,2009
9841,118,Jared Dudley,SF,23,PHO,48,0,15.2,1.9,3.9,.481,0.5,1.4,.394,1.4,2.6,.528,.550,1.2,1.7,.691,1.2,1.9,3.0,0.8,0.8,0.1,0.7,1.4,5.5,2009
9842,119,Chris Duhon,PG,26,NYK,79,78,36.8,3.6,8.6,.421,1.6,4.1,.391,2.0,4.5,.449,.515,2.3,2.6,.856,0.6,2.5,3.1,7.2,0.9,0.1,2.8,1.6,11.1,2009
9843,120,Tim Duncan*,C,32,SAS,75,75,33.7,7.4,14.8,.504,0.0,0.0,.000,7.4,14.7,.505,.504,4.5,6.4,.692,2.7,8.0,10.7,3.5,0.5,1.7,2.2,2.3,19.3,2009
9844,Rk,Player,Pos,Age,Tm,G,GS,MP,FG,FGA,FG%,3P,3PA,3P%,2P,2PA,2P%,eFG%,FT,FTA,FT%,ORB,DRB,TRB,AST,STL,BLK,TOV,PF,PTS,2009
9845,121,Mike Dunleavy,SG,28,IND,18,14,27.5,5.2,12.9,.401,1.8,5.0,.356,3.4,7.9,.430,.470,2.9,3.6,.815,0.8,3.0,3.8,2.4,0.7,0.5,2.1,2.0,15.1,2009
9846,122,Kevin Durant,SF,20,OKC,74,74,39.0,8.9,18.8,.476,1.3,3.1,.422,7.6,15.7,.486,.510,6.1,7.1,.863,1.0,5.5,6.5,2.8,1.3,0.7,3.0,1.8,25.3,2009
9847,123,Monta Ellis,SG,23,GSW,25,25,35.7,7.8,17.2,.451,0.3,1.0,.308,7.4,16.2,.460,.460,3.1,3.8,.830,0.6,3.8,4.3,3.7,1.6,0.3,2.7,2.7,19.0,2009
9848,124,Francisco Elson,C,32,MIL,59,23,16.6,1.4,2.9,.491,0.0,0.1,.250,1.4,2.8,.497,.494,0.6,0.7,.846,1.7,2.2,3.9,0.5,0.6,0.6,0.8,2.4,3.4,2009
9849,125,Melvin Ely,C,30,NOH,31,4,12.0,1.2,3.1,.389,0.0,0.0,,1.2,3.1,.389,.389,0.7,1.2,.639,1.0,1.1,2.1,0.6,0.1,0.3,0.7,1.9,3.1,2009
9850,126,Maurice Evans,SF,30,ATL,80,25,23.0,2.6,6.0,.432,1.2,3.1,.395,1.4,2.9,.470,.533,0.8,0.9,.822,1.1,1.9,3.0,0.7,0.6,0.1,0.5,2.0,7.2,2009
9851,127,Reggie Evans,PF,28,PHI,79,7,14.4,1.0,2.3,.444,0.0,0.0,.000,1.0,2.2,.446,.444,1.3,2.2,.594,1.7,2.9,4.6,0.3,0.5,0.1,0.9,2.0,3.3,2009
9852,128,Jordan Farmar,PG,22,LAL,65,0,18.3,2.5,6.3,.391,0.8,2.2,.336,1.7,4.1,.421,.450,0.7,1.2,.584,0.3,1.5,1.8,2.4,0.9,0.2,1.3,1.6,6.4,2009
9853,129,Desmon Farmer,SG,27,SAS,3,0,18.0,1.3,4.7,.286,1.0,4.0,.250,0.3,0.7,.500,.393,0.7,0.7,1.000,0.0,2.0,2.0,0.7,0.0,0.0,1.3,2.0,4.3,2009
9854,130,Raymond Felton,PG,24,CHA,82,81,37.6,5.4,13.2,.408,0.7,2.5,.285,4.7,10.7,.437,.435,2.7,3.3,.805,0.7,3.1,3.8,6.7,1.5,0.4,2.8,2.3,14.2,2009
9855,131,Rudy Fernández,SG,23,POR,78,4,25.6,3.4,8.1,.425,2.0,5.1,.399,1.4,3.0,.470,.552,1.5,1.8,.839,0.6,2.1,2.7,2.0,0.9,0.2,1.1,1.4,10.4,2009
9856,132,Kyrylo Fesenko,C,22,UTA,21,1,7.4,1.0,1.7,.583,0.0,0.0,,1.0,1.7,.583,.583,0.3,1.0,.333,0.7,1.1,1.8,0.2,0.3,0.7,0.4,1.7,2.3,2009
9857,133,Michael Finley,SF,35,SAS,81,77,28.8,3.7,8.5,.437,1.6,3.9,.411,2.1,4.6,.459,.532,0.6,0.8,.823,0.3,3.0,3.3,1.4,0.5,0.2,0.8,1.0,9.7,2009
9858,134,Derek Fisher,PG,34,LAL,82,82,29.8,3.6,8.4,.424,1.5,3.7,.397,2.1,4.7,.446,.512,1.3,1.6,.846,0.3,2.0,2.3,3.2,1.2,0.1,0.9,2.3,9.9,2009
9859,135,T.J. Ford,PG,25,IND,74,49,30.5,5.6,12.3,.452,0.5,1.4,.337,5.1,10.9,.467,.472,3.3,3.8,.872,0.8,2.7,3.5,5.3,1.2,0.2,2.4,2.4,14.9,2009
9860,136,Jeff Foster,C,32,IND,74,26,24.7,2.4,4.8,.501,0.0,0.1,.286,2.4,4.7,.506,.504,1.3,2.0,.658,2.9,4.0,6.9,1.8,0.7,0.7,1.2,3.1,6.1,2009
9861,137,Randy Foye,SG,25,MIN,70,61,35.6,5.7,14.0,.407,1.6,4.4,.360,4.1,9.6,.428,.463,3.3,3.9,.846,0.5,2.6,3.1,4.3,1.0,0.4,2.1,2.9,16.3,2009
9862,138,Adonal Foyle,C,33,TOT,10,0,6.2,0.7,1.1,.636,0.0,0.0,,0.7,1.1,.636,.636,0.3,0.6,.500,0.9,1.7,2.6,0.1,0.0,0.8,0.3,0.5,1.7,2009
9863,138,Adonal Foyle,C,33,ORL,9,0,6.6,0.8,1.2,.636,0.0,0.0,,0.8,1.2,.636,.636,0.3,0.7,.500,1.0,1.9,2.9,0.1,0.0,0.9,0.3,0.4,1.9,2009
9864,138,Adonal Foyle,C,33,MEM,1,0,3.0,0.0,0.0,,0.0,0.0,,0.0,0.0,,,0.0,0.0,,0.0,0.0,0.0,0.0,0.0,0.0,0.0,1.0,0.0,2009
9865,139,Channing Frye,PF,25,POR,63,1,11.8,1.8,4.2,.423,0.2,0.5,.333,1.6,3.7,.436,.444,0.4,0.6,.722,0.7,1.6,2.2,0.4,0.3,0.3,0.5,1.7,4.2,2009
9866,140,Dan Gadzuric,C,30,MIL,67,26,14.0,1.7,3.6,.480,0.0,0.0,.000,1.7,3.6,.483,.480,0.6,1.0,.544,1.4,2.4,3.8,0.6,0.5,0.6,0.6,2.4,4.0,2009
9867,Rk,Player,Pos,Age,Tm,G,GS,MP,FG,FGA,FG%,3P,3PA,3P%,2P,2PA,2P%,eFG%,FT,FTA,FT%,ORB,DRB,TRB,AST,STL,BLK,TOV,PF,PTS,2009
9868,141,Danilo Gallinari,SG,20,NYK,28,2,14.7,2.0,4.5,.448,1.1,2.6,.444,0.9,1.9,.453,.576,0.9,1.0,.963,0.5,1.5,2.0,0.5,0.5,0.1,0.5,1.7,6.1,2009
9869,142,Francisco García,SF,27,SAC,65,36,30.4,4.5,10.2,.444,1.4,3.4,.398,3.2,6.8,.466,.510,2.2,2.7,.820,0.9,2.5,3.4,2.3,1.2,1.0,1.7,3.0,12.7,2009
9870,143,Thomas Gardner,SG,23,ATL,16,0,6.1,0.6,2.3,.250,0.3,1.4,.174,0.3,0.8,.385,.306,0.1,0.3,.500,0.0,0.4,0.4,0.1,0.3,0.1,0.2,0.3,1.5,2009
9871,144,Kevin Garnett*,PF,32,BOS,57,57,31.1,6.9,13.0,.531,0.0,0.1,.250,6.9,12.8,.534,.532,1.9,2.3,.841,1.4,7.1,8.5,2.5,1.1,1.2,1.6,2.2,15.8,2009
9872,145,Marc Gasol,C,24,MEM,82,75,30.7,4.3,8.1,.530,0.0,0.0,.000,4.3,8.0,.530,.530,3.4,4.6,.733,2.5,4.9,7.4,1.7,0.8,1.1,2.0,3.2,11.9,2009
9873,146,Pau Gasol,C,28,LAL,81,81,37.0,7.3,12.9,.567,0.0,0.0,.500,7.3,12.9,.567,.567,4.2,5.4,.781,3.2,6.4,9.6,3.5,0.6,1.0,1.9,2.1,18.9,2009
9874,147,Rudy Gay,SF,22,MEM,79,78,37.3,7.2,16.0,.453,1.1,3.1,.351,6.2,12.9,.477,.487,3.3,4.4,.767,1.4,4.2,5.5,1.7,1.2,0.7,2.6,2.8,18.9,2009
9875,148,Devean George,SF,31,DAL,43,17,16.5,1.3,3.3,.380,0.5,1.8,.289,0.7,1.5,.485,.458,0.4,0.5,.773,0.6,1.2,1.8,0.3,0.5,0.3,0.4,1.3,3.4,2009
9876,149,Daniel Gibson,PG,22,CLE,75,0,23.9,2.7,7.0,.391,1.4,3.8,.382,1.3,3.3,.402,.493,0.9,1.1,.767,0.4,1.7,2.1,1.8,0.6,0.2,0.8,2.2,7.8,2009
9877,150,J.R. Giddens,SF,23,BOS,6,0,1.3,0.3,0.5,.667,0.0,0.0,,0.3,0.5,.667,.667,0.0,0.0,,0.3,0.2,0.5,0.0,0.2,0.0,0.2,0.2,0.7,2009
9878,151,Eddie Gill,PG,30,MIL,6,0,7.2,1.0,1.5,.667,0.3,0.5,.667,0.7,1.0,.667,.778,0.0,0.0,,0.0,0.7,0.7,1.8,0.5,0.2,0.8,1.7,2.3,2009
9879,152,Manu Ginóbili*,SG,31,SAS,44,7,26.8,5.1,11.2,.454,1.6,4.8,.330,3.5,6.4,.546,.524,3.8,4.3,.884,0.5,4.0,4.5,3.6,1.5,0.4,2.0,2.0,15.5,2009
9880,153,Ryan Gomes,SF,26,MIN,82,76,31.9,5.1,11.9,.431,1.3,3.5,.372,3.8,8.4,.456,.486,1.8,2.2,.807,1.3,3.5,4.8,1.6,0.8,0.3,1.6,2.2,13.3,2009
9881,154,Drew Gooden,PF,27,TOT,51,28,24.8,4.6,9.9,.468,0.0,0.1,.000,4.6,9.8,.472,.468,2.6,3.1,.840,2.2,4.9,7.1,0.9,0.6,0.4,1.5,2.8,11.9,2009
9882,154,Drew Gooden,PF,27,CHI,31,27,29.6,5.2,11.4,.457,0.0,0.1,.000,5.2,11.3,.461,.457,2.7,3.1,.866,2.6,5.9,8.6,1.4,0.8,0.5,1.8,3.3,13.1,2009
9883,154,Drew Gooden,PF,27,SAC,1,0,26.0,5.0,9.0,.556,0.0,0.0,,5.0,9.0,.556,.556,2.0,2.0,1.000,3.0,10.0,13.0,2.0,0.0,0.0,3.0,2.0,12.0,2009
9884,154,Drew Gooden,PF,27,SAS,19,1,16.8,3.7,7.6,.490,0.0,0.1,.000,3.7,7.6,.493,.490,2.4,3.0,.789,1.5,2.9,4.4,0.2,0.2,0.2,0.8,2.1,9.8,2009
9885,155,Ben Gordon,SG,25,CHI,82,76,36.6,7.3,16.0,.455,2.1,5.1,.410,5.2,10.9,.476,.521,4.0,4.7,.864,0.6,2.8,3.5,3.4,0.9,0.3,2.4,2.2,20.7,2009
9886,156,Eric Gordon,SG,20,LAC,78,65,34.3,5.3,11.6,.456,1.7,4.3,.389,3.6,7.2,.496,.529,3.8,4.5,.854,0.6,2.0,2.6,2.8,1.0,0.4,2.1,2.2,16.1,2009
9887,157,Marcin Gortat,PF,24,ORL,63,3,12.6,1.7,3.0,.567,0.0,0.0,1.000,1.7,3.0,.565,.570,0.4,0.7,.578,1.5,3.0,4.5,0.2,0.3,0.8,0.4,1.8,3.8,2009
9888,158,Joey Graham,SF,26,TOR,78,10,19.8,3.0,6.2,.481,0.0,0.2,.188,2.9,5.9,.491,.484,1.7,2.1,.825,1.2,2.5,3.7,0.6,0.4,0.2,0.9,2.4,7.7,2009
9889,159,Stephen Graham,SG,26,IND,52,6,13.2,2.0,4.9,.414,0.4,1.3,.303,1.7,3.7,.453,.453,1.0,1.2,.806,0.4,1.4,1.8,0.6,0.2,0.1,0.9,1.6,5.4,2009
9890,160,Danny Granger,SF,25,IND,67,66,36.2,8.5,19.1,.447,2.7,6.7,.404,5.8,12.3,.470,.518,6.0,6.9,.878,0.7,4.4,5.1,2.7,1.0,1.4,2.5,3.1,25.8,2009
9891,Rk,Player,Pos,Age,Tm,G,GS,MP,FG,FGA,FG%,3P,3PA,3P%,2P,2PA,2P%,eFG%,FT,FTA,FT%,ORB,DRB,TRB,AST,STL,BLK,TOV,PF,PTS,2009
9892,161,Aaron Gray,C,24,CHI,56,18,12.8,1.4,3.0,.485,0.0,0.0,.000,1.4,3.0,.488,.485,0.6,1.1,.576,1.5,2.4,3.9,0.8,0.3,0.3,0.7,2.4,3.5,2009
9893,162,Gerald Green,SG,23,DAL,38,12,9.9,2.1,4.7,.439,0.4,1.2,.304,1.7,3.5,.485,.478,0.7,0.8,.844,0.4,1.1,1.4,0.4,0.3,0.1,0.9,1.3,5.2,2009
9894,163,Jeff Green,PF,22,OKC,78,78,36.8,6.1,13.7,.446,1.2,3.2,.389,4.9,10.5,.463,.491,3.1,3.9,.788,1.5,5.1,6.7,2.0,1.0,0.4,2.2,2.6,16.5,2009
9895,164,Willie Green,SG,27,PHI,81,60,22.6,3.5,8.1,.435,0.6,2.0,.317,2.9,6.1,.473,.473,0.8,1.0,.729,0.4,1.2,1.6,2.0,0.7,0.2,0.8,1.9,8.5,2009
9896,165,Donté Greene,SF,20,SAC,55,4,13.2,1.4,4.3,.326,0.5,1.8,.260,0.9,2.5,.375,.381,0.5,0.6,.853,0.3,1.2,1.6,0.5,0.3,0.3,0.7,1.2,3.8,2009
9897,166,Hamed Haddadi,C,23,MEM,19,0,6.3,0.8,1.6,.484,0.0,0.0,,0.8,1.6,.484,.484,0.9,1.6,.600,0.8,1.6,2.5,0.4,0.1,0.6,0.5,1.1,2.5,2009
9898,167,Malik Hairston,SG,21,SAS,15,0,10.3,1.6,3.3,.490,0.0,0.1,.000,1.6,3.2,.500,.490,0.1,0.5,.286,0.7,1.1,1.9,0.9,0.4,0.5,0.8,1.3,3.3,2009
9899,168,Richard Hamilton,SG,30,DET,67,51,34.0,7.0,15.6,.447,1.0,2.8,.368,5.9,12.7,.464,.480,3.3,3.9,.848,0.7,2.4,3.1,4.4,0.6,0.1,2.0,2.6,18.3,2009
9900,169,Matt Harpring,SG,32,UTA,63,2,11.0,1.8,3.8,.461,0.0,0.0,.000,1.8,3.8,.464,.461,0.9,1.1,.764,0.7,1.2,2.0,0.4,0.5,0.1,0.5,1.6,4.4,2009
9901,170,Al Harrington,PF,28,TOT,73,56,34.9,7.3,16.6,.439,2.3,6.4,.364,4.9,10.2,.487,.509,3.2,4.0,.793,1.4,4.9,6.2,1.4,1.2,0.3,2.2,3.1,20.1,2009
9902,170,Al Harrington,PF,28,GSW,5,5,33.2,4.6,14.0,.329,2.2,5.6,.393,2.4,8.4,.286,.407,1.0,2.0,.500,2.0,3.6,5.6,2.0,1.4,0.0,1.4,2.8,12.4,2009
9903,170,Al Harrington,PF,28,NYK,68,51,35.0,7.5,16.8,.446,2.4,6.5,.362,5.1,10.3,.499,.516,3.4,4.2,.804,1.3,5.0,6.3,1.4,1.2,0.3,2.3,3.1,20.7,2009
9904,171,Devin Harris,PG,25,NJN,69,69,36.1,6.6,15.1,.438,0.9,3.2,.291,5.7,11.9,.477,.469,7.2,8.8,.820,0.4,2.9,3.3,6.9,1.7,0.2,3.1,2.4,21.3,2009
9905,172,Jason Hart,PG,30,TOT,39,2,8.9,0.8,2.4,.319,0.0,0.2,.000,0.8,2.3,.341,.319,0.5,0.6,.783,0.3,0.8,1.2,1.2,0.3,0.1,0.6,1.0,2.0,2009
9906,172,Jason Hart,PG,30,LAC,28,2,11.1,0.9,3.0,.298,0.0,0.1,.000,0.9,2.9,.313,.298,0.5,0.7,.789,0.4,1.1,1.5,1.5,0.4,0.1,0.7,1.3,2.3,2009
9907,172,Jason Hart,PG,30,DEN,11,0,3.3,0.5,0.9,.500,0.0,0.2,.000,0.5,0.7,.625,.500,0.3,0.4,.750,0.1,0.3,0.4,0.5,0.0,0.0,0.3,0.4,1.2,2009
9908,173,Udonis Haslem,PF,28,MIA,75,75,34.1,4.4,8.6,.518,0.0,0.0,,4.4,8.6,.518,.518,1.7,2.3,.753,2.3,6.0,8.2,1.1,0.6,0.3,1.1,2.7,10.6,2009
9909,174,Trenton Hassell,SF,29,NJN,53,31,20.6,1.6,3.6,.450,0.0,0.2,.250,1.6,3.5,.459,.455,0.4,0.5,.800,0.9,1.8,2.8,1.0,0.4,0.3,0.6,1.7,3.7,2009
9910,175,Spencer Hawes,C,20,SAC,77,51,29.3,4.8,10.4,.466,0.5,1.5,.348,4.3,8.9,.486,.491,1.2,1.8,.662,1.9,5.2,7.1,1.9,0.6,1.2,2.1,3.2,11.4,2009
9911,176,Chuck Hayes,C,25,HOU,71,1,12.1,0.6,1.6,.372,0.0,0.1,.000,0.6,1.5,.385,.372,0.1,0.3,.368,1.0,2.5,3.5,0.6,0.5,0.3,0.4,1.9,1.3,2009
9912,177,Jarvis Hayes,SF,27,NJN,74,1,24.8,3.5,7.8,.445,1.3,3.3,.385,2.2,4.5,.489,.527,0.5,0.7,.692,0.4,3.2,3.6,0.7,0.7,0.1,0.7,2.2,8.7,2009
9913,178,Brendan Haywood,C,29,WAS,6,5,29.2,4.0,8.3,.480,0.0,0.0,,4.0,8.3,.480,.480,1.7,3.5,.476,2.2,5.2,7.3,1.3,0.7,2.5,1.5,2.3,9.7,2009
9914,179,Luther Head,PG-SG,26,TOT,32,4,15.6,1.7,4.5,.382,0.6,1.7,.370,1.1,2.8,.389,.451,0.6,0.8,.792,0.2,1.4,1.6,1.8,0.5,0.1,0.8,1.2,4.7,2009
9915,179,Luther Head,PG,26,HOU,22,4,14.6,1.8,4.6,.386,0.6,1.7,.368,1.1,2.9,.397,.455,0.6,0.7,.875,0.1,1.1,1.2,1.6,0.3,0.0,0.7,0.7,4.8,2009
9916,179,Luther Head,SG,26,MIA,10,0,17.6,1.6,4.3,.372,0.6,1.6,.375,1.0,2.7,.370,.442,0.5,0.8,.625,0.3,2.2,2.5,2.3,1.1,0.1,0.9,2.2,4.3,2009
9917,180,Walter Herrmann,SF,29,DET,59,0,10.7,1.4,3.5,.396,0.7,2.0,.342,0.7,1.5,.471,.495,0.3,0.4,.760,0.5,1.3,1.8,0.4,0.1,0.1,0.3,0.7,3.8,2009
9918,Rk,Player,Pos,Age,Tm,G,GS,MP,FG,FGA,FG%,3P,3PA,3P%,2P,2PA,2P%,eFG%,FT,FTA,FT%,ORB,DRB,TRB,AST,STL,BLK,TOV,PF,PTS,2009
9919,181,Roy Hibbert,C,22,IND,70,42,14.4,2.8,6.0,.471,0.0,0.0,,2.8,6.0,.471,.471,1.4,2.1,.667,1.6,1.8,3.5,0.7,0.3,1.1,0.8,3.1,7.1,2009
9920,182,J.J. Hickson,C,20,CLE,62,0,11.4,1.6,3.1,.515,0.0,0.0,,1.6,3.1,.515,.515,0.7,1.1,.672,0.8,1.8,2.7,0.1,0.2,0.5,0.7,1.3,4.0,2009
9921,183,Nenê,C,26,DEN,77,76,32.6,5.6,9.2,.604,0.0,0.1,.200,5.5,9.1,.607,.604,3.5,4.8,.723,2.4,5.4,7.8,1.4,1.2,1.3,1.9,3.6,14.6,2009
9922,184,George Hill,PG,22,SAS,77,7,16.5,1.9,4.8,.403,0.3,0.9,.329,1.6,3.9,.421,.435,1.5,1.9,.781,0.4,1.7,2.1,1.8,0.6,0.3,1.0,1.9,5.7,2009
9923,185,Grant Hill*,SF,36,PHO,82,68,29.8,4.8,9.1,.523,0.3,0.9,.316,4.5,8.2,.547,.540,2.2,2.7,.808,0.8,4.2,4.9,2.3,1.1,0.7,1.5,2.2,12.0,2009
9924,186,Steven Hill,PF,23,OKC,1,0,2.0,1.0,1.0,1.000,0.0,0.0,,1.0,1.0,1.000,1.000,0.0,0.0,,2.0,1.0,3.0,0.0,0.0,0.0,0.0,0.0,2.0,2009
9925,187,Kirk Hinrich,SG,28,CHI,51,4,26.3,3.6,8.2,.437,1.4,3.3,.408,2.2,4.9,.456,.519,1.3,1.7,.791,0.3,2.1,2.4,3.9,1.3,0.4,1.7,2.5,9.9,2009
9926,188,Ryan Hollins,C,24,TOT,45,3,9.9,1.1,2.1,.532,0.0,0.0,,1.1,2.1,.532,.532,1.0,1.6,.597,1.0,1.1,2.2,0.2,0.2,0.7,0.5,1.7,3.2,2009
9927,188,Ryan Hollins,C,24,CHA,18,1,10.2,1.1,1.9,.543,0.0,0.0,,1.1,1.9,.543,.543,1.4,2.2,.667,1.1,0.9,2.0,0.2,0.2,0.9,0.6,1.9,3.6,2009
9928,188,Ryan Hollins,C,24,DAL,27,2,9.6,1.1,2.2,.525,0.0,0.0,,1.1,2.2,.525,.525,0.6,1.2,.515,1.0,1.3,2.3,0.1,0.1,0.6,0.5,1.6,2.9,2009
9929,189,Al Horford,C,22,ATL,67,67,33.5,4.7,8.9,.525,0.0,0.0,.000,4.7,8.9,.526,.525,2.2,3.1,.727,2.2,7.1,9.3,2.4,0.8,1.4,1.5,2.8,11.5,2009
9930,190,Eddie House,PG,30,BOS,81,0,18.3,3.1,6.9,.445,1.9,4.2,.444,1.2,2.7,.445,.579,0.5,0.7,.792,0.1,1.8,1.9,1.1,0.8,0.1,0.7,1.4,8.5,2009
9931,191,Dwight Howard,C,23,ORL,79,79,35.7,7.1,12.4,.572,0.0,0.0,.000,7.1,12.4,.573,.572,6.4,10.7,.594,4.3,9.6,13.8,1.4,1.0,2.9,3.0,3.4,20.6,2009
9932,192,Josh Howard,SF,28,DAL,52,51,32.0,6.8,15.1,.451,1.1,3.2,.345,5.7,11.8,.480,.488,3.3,4.2,.782,1.1,3.9,5.1,1.6,1.1,0.6,1.7,2.6,18.0,2009
9933,193,Juwan Howard,SF-PF,35,TOT,42,2,11.2,1.8,3.5,.510,0.0,0.0,,1.8,3.5,.510,.510,0.5,0.8,.676,0.7,1.1,1.8,0.6,0.2,0.1,0.6,1.7,4.1,2009
9934,193,Juwan Howard,PF,35,DEN,3,0,7.3,0.3,0.7,.500,0.0,0.0,,0.3,0.7,.500,.500,0.0,0.0,,0.3,1.0,1.3,0.7,0.3,0.3,0.0,1.3,0.7,2009
9935,193,Juwan Howard,SF,35,CHA,39,2,11.5,1.9,3.7,.510,0.0,0.0,,1.9,3.7,.510,.510,0.6,0.9,.676,0.7,1.1,1.8,0.6,0.2,0.1,0.7,1.7,4.4,2009
9936,194,Larry Hughes,SF-SG,30,TOT,55,20,26.9,4.1,10.1,.402,1.4,3.5,.389,2.7,6.6,.409,.469,2.1,2.6,.807,0.3,2.6,2.9,2.2,1.3,0.3,1.3,1.7,11.6,2009
9937,194,Larry Hughes,SF,30,CHI,30,6,26.4,4.2,10.3,.412,1.3,3.4,.392,2.9,6.9,.422,.477,2.2,2.7,.817,0.2,2.9,3.1,2.0,1.2,0.3,1.2,1.7,12.0,2009
9938,194,Larry Hughes,SG,30,NYK,25,14,27.5,3.9,10.0,.390,1.4,3.6,.385,2.5,6.3,.392,.460,2.0,2.5,.794,0.4,2.2,2.6,2.4,1.4,0.2,1.4,1.8,11.2,2009
9939,195,Kris Humphries,SF,23,TOR,29,0,9.1,1.3,3.1,.422,0.0,0.0,,1.3,3.1,.422,.422,1.3,1.7,.792,0.8,1.6,2.4,0.3,0.3,0.2,0.3,1.1,3.9,2009
9940,196,Lindsey Hunter,PG,38,CHI,28,0,9.5,1.0,2.9,.329,0.6,1.7,.333,0.4,1.2,.324,.427,0.1,0.2,.600,0.1,0.4,0.4,1.3,0.7,0.0,0.7,1.0,2.6,2009
9941,197,Othello Hunter,PF,22,ATL,16,0,5.8,0.7,1.3,.550,0.0,0.0,,0.7,1.3,.550,.550,0.0,0.3,.000,0.6,0.9,1.5,0.1,0.1,0.3,0.1,0.7,1.4,2009
9942,198,Andre Iguodala,SF,25,PHI,82,82,39.9,6.6,14.0,.473,1.0,3.2,.307,5.6,10.8,.521,.507,4.6,6.4,.724,1.1,4.6,5.7,5.3,1.6,0.4,2.7,1.9,18.8,2009
9943,199,Zydrunas Ilgauskas,C,33,CLE,65,65,27.2,5.3,11.1,.472,0.2,0.6,.385,5.0,10.5,.477,.483,2.1,2.7,.799,2.4,5.1,7.5,1.0,0.4,1.3,1.4,2.8,12.9,2009
9944,200,D.J. Mbenga,C,28,LAL,23,0,7.9,1.2,2.5,.474,0.0,0.0,.000,1.2,2.4,.482,.474,0.3,0.3,.875,0.4,1.0,1.3,0.4,0.4,1.0,0.6,1.4,2.7,2009
9945,Rk,Player,Pos,Age,Tm,G,GS,MP,FG,FGA,FG%,3P,3PA,3P%,2P,2PA,2P%,eFG%,FT,FTA,FT%,ORB,DRB,TRB,AST,STL,BLK,TOV,PF,PTS,2009
9946,201,Allen Iverson*,PG-SG,33,TOT,57,53,36.7,6.1,14.6,.417,0.5,1.7,.283,5.6,12.9,.435,.434,4.8,6.1,.781,0.5,2.5,3.0,5.0,1.5,0.1,2.6,1.5,17.5,2009
9947,201,Allen Iverson*,SG,33,DEN,3,3,41.0,6.0,13.3,.450,0.7,2.7,.250,5.3,10.7,.500,.475,6.0,8.3,.720,1.0,1.7,2.7,6.7,1.0,0.3,3.3,1.0,18.7,2009
9948,201,Allen Iverson*,PG,33,DET,54,50,36.5,6.1,14.7,.416,0.5,1.7,.286,5.6,13.0,.432,.432,4.7,6.0,.786,0.5,2.6,3.1,4.9,1.6,0.1,2.5,1.5,17.4,2009
9949,202,Royal Ivey,SG,27,PHI,71,0,12.1,1.0,2.9,.332,0.5,1.6,.342,0.4,1.3,.319,.425,0.5,0.6,.791,0.3,0.8,1.1,0.6,0.5,0.1,0.3,1.1,3.0,2009
9950,203,Jarrett Jack,SG,25,IND,82,53,33.1,4.7,10.4,.453,1.0,2.7,.353,3.8,7.7,.487,.498,2.7,3.2,.852,0.5,2.8,3.4,4.1,1.1,0.2,2.2,2.2,13.1,2009
9951,204,Bobby Jackson,PG,35,SAC,71,10,20.9,2.7,6.8,.398,0.8,2.8,.305,1.9,4.1,.462,.460,1.2,1.4,.851,0.6,2.2,2.8,2.0,0.9,0.1,0.9,1.4,7.5,2009
9952,205,Darnell Jackson,PF,23,CLE,51,2,8.4,0.7,1.7,.430,0.0,0.0,.000,0.7,1.6,.440,.430,0.5,0.7,.686,0.6,1.1,1.7,0.2,0.2,0.1,0.3,1.5,1.9,2009
9953,206,Stephen Jackson,SF,30,GSW,59,59,39.6,7.0,16.9,.414,1.7,5.2,.338,5.3,11.7,.448,.466,5.0,6.0,.826,1.2,3.9,5.1,6.5,1.5,0.5,3.9,2.6,20.7,2009
9954,207,Jerome James,C,33,NYK,2,0,5.0,1.5,4.0,.375,0.0,0.0,,1.5,4.0,.375,.375,0.0,0.0,,0.5,1.0,1.5,0.0,0.5,0.5,0.5,1.0,3.0,2009
9955,208,LeBron James,SF,24,CLE,81,81,37.7,9.7,19.9,.489,1.6,4.7,.344,8.1,15.2,.535,.530,7.3,9.4,.780,1.3,6.3,7.6,7.2,1.7,1.1,3.0,1.7,28.4,2009
9956,209,Mike James,PG,33,TOT,61,50,27.0,3.2,8.4,.383,1.1,3.0,.375,2.1,5.4,.388,.450,1.1,1.3,.829,0.4,1.8,2.2,3.3,0.7,0.1,1.5,1.8,8.7,2009
9957,209,Mike James,PG,33,NOH,8,0,9.3,1.0,3.1,.320,0.4,0.5,.750,0.6,2.6,.238,.380,0.1,0.3,.500,0.1,0.8,0.9,1.0,0.3,0.0,0.4,0.9,2.5,2009
9958,209,Mike James,PG,33,WAS,53,50,29.7,3.6,9.2,.387,1.2,3.4,.367,2.3,5.8,.398,.454,1.3,1.5,.838,0.5,1.9,2.4,3.6,0.8,0.1,1.7,1.9,9.6,2009
9959,210,Antawn Jamison,PF,32,WAS,81,81,38.2,8.3,17.8,.468,1.4,3.9,.351,6.9,13.9,.501,.507,4.2,5.6,.754,2.4,6.5,8.9,1.9,1.2,0.3,1.5,2.7,22.2,2009
9960,211,Marko Jarić,SG,30,MEM,53,0,11.4,0.9,2.7,.331,0.2,0.5,.393,0.7,2.2,.316,.369,0.5,0.8,.707,0.4,0.8,1.2,1.4,0.5,0.2,0.9,1.2,2.6,2009
9961,212,Nathan Jawai,PF,22,TOR,6,0,3.2,0.2,0.7,.250,0.0,0.0,,0.2,0.7,.250,.250,0.0,0.0,,0.2,0.2,0.3,0.0,0.0,0.0,0.3,0.5,0.3,2009
9962,213,Al Jefferson,C,24,MIN,50,50,36.7,9.7,19.5,.497,0.0,0.1,.000,9.7,19.4,.499,.497,3.7,5.0,.738,3.4,7.5,11.0,1.6,0.8,1.7,1.8,2.8,23.1,2009
9963,214,Dontell Jefferson,SG,25,CHA,6,0,14.0,1.8,3.7,.500,0.2,0.3,.500,1.7,3.3,.500,.523,1.0,1.5,.667,0.2,1.8,2.0,1.5,0.7,0.2,1.0,1.5,4.8,2009
9964,215,Richard Jefferson,SF,28,MIL,82,82,35.8,6.5,14.9,.439,1.4,3.6,.397,5.1,11.3,.453,.487,5.1,6.3,.805,0.7,3.9,4.6,2.4,0.8,0.2,2.0,3.1,19.6,2009
9965,216,Jared Jeffries,SF,27,NYK,56,36,23.4,2.1,4.9,.440,0.0,0.2,.083,2.1,4.7,.456,.441,1.0,1.6,.611,2.3,1.8,4.1,1.4,0.8,0.6,1.2,2.7,5.3,2009
9966,217,Yi Jianlian,PF,21,NJN,61,52,23.3,3.1,8.2,.382,0.8,2.3,.343,2.3,5.9,.397,.430,1.6,2.0,.772,1.1,4.2,5.3,1.0,0.5,0.6,1.1,2.6,8.6,2009
9967,218,Amir Johnson,PF,21,DET,62,24,14.7,1.6,2.6,.595,0.0,0.0,,1.6,2.6,.595,.595,0.4,0.6,.657,1.6,2.1,3.7,0.3,0.3,1.0,0.5,2.8,3.5,2009
9968,219,Anthony Johnson,PG,34,ORL,80,12,18.5,1.9,4.8,.404,0.7,1.7,.391,1.3,3.1,.411,.472,0.8,1.0,.753,0.4,1.5,1.8,2.5,0.6,0.1,1.0,1.4,5.3,2009
9969,220,Joe Johnson,SG,27,ATL,79,79,39.5,7.8,18.0,.437,1.9,5.2,.360,6.0,12.7,.468,.489,3.8,4.6,.826,0.8,3.6,4.4,5.8,1.1,0.2,2.5,2.2,21.4,2009
9970,Rk,Player,Pos,Age,Tm,G,GS,MP,FG,FGA,FG%,3P,3PA,3P%,2P,2PA,2P%,eFG%,FT,FTA,FT%,ORB,DRB,TRB,AST,STL,BLK,TOV,PF,PTS,2009
9971,221,Linton Johnson,PF,28,TOT,10,0,5.5,0.4,1.1,.364,0.1,0.2,.500,0.3,0.9,.333,.409,0.0,0.0,,0.3,0.5,0.8,0.2,0.1,0.0,0.2,0.7,0.9,2009
9972,221,Linton Johnson,PF,28,CHA,2,0,6.5,0.0,0.0,,0.0,0.0,,0.0,0.0,,,0.0,0.0,,0.0,0.0,0.0,0.0,0.0,0.0,0.0,0.5,0.0,2009
9973,221,Linton Johnson,PF,28,CHI,8,0,5.3,0.5,1.4,.364,0.1,0.3,.500,0.4,1.1,.333,.409,0.0,0.0,,0.4,0.6,1.0,0.3,0.1,0.0,0.3,0.8,1.1,2009
9974,222,Trey Johnson,SG,24,CLE,4,0,3.5,0.0,1.3,.000,0.0,0.0,,0.0,1.3,.000,.000,1.0,1.0,1.000,0.0,0.3,0.3,0.0,0.0,0.0,0.3,1.0,1.0,2009
9975,223,Dahntay Jones,SG,28,DEN,79,71,18.1,1.9,4.3,.458,0.1,0.2,.647,1.8,4.0,.448,.475,1.4,1.9,.728,0.7,1.4,2.1,1.0,0.6,0.2,0.9,2.5,5.4,2009
9976,224,Damon Jones,PG,32,MIL,18,0,6.0,0.6,1.9,.324,0.6,1.6,.393,0.0,0.3,.000,.485,0.0,0.0,,0.0,0.3,0.3,0.4,0.2,0.0,0.3,0.2,1.8,2009
9977,225,Dwayne Jones,PF,25,CHA,6,0,8.7,0.7,1.2,.571,0.0,0.0,,0.7,1.2,.571,.571,0.7,1.0,.667,1.0,1.0,2.0,0.0,0.0,0.2,0.7,1.0,2.0,2009
9978,226,Fred Jones,SF,29,LAC,52,21,28.8,2.5,6.1,.407,1.0,2.8,.367,1.4,3.3,.441,.492,1.3,1.6,.815,0.4,2.0,2.4,3.6,1.0,0.2,1.3,2.2,7.3,2009
9979,227,James Jones,SF,28,MIA,40,1,15.8,1.4,3.7,.369,0.8,2.4,.344,0.6,1.3,.415,.480,0.7,0.8,.839,0.3,1.3,1.6,0.5,0.3,0.4,0.3,1.5,4.2,2009
9980,228,Solomon Jones,C,24,ATL,63,0,10.7,1.1,1.8,.604,0.0,0.0,.500,1.0,1.7,.606,.608,0.8,1.2,.716,0.8,1.4,2.3,0.2,0.1,0.5,0.4,2.0,3.0,2009
9981,229,DeAndre Jordan,C,20,LAC,53,13,14.5,1.8,2.8,.633,0.0,0.0,,1.8,2.8,.633,.633,0.8,2.1,.385,1.4,3.1,4.5,0.2,0.2,1.1,0.8,1.8,4.3,2009
9982,230,Chris Kaman,C,26,LAC,31,24,29.7,5.2,9.8,.528,0.0,0.0,,5.2,9.8,.528,.528,1.6,2.4,.680,2.4,5.5,8.0,1.5,0.5,1.5,2.7,3.0,12.0,2009
9983,231,Jason Kapono,SG,27,TOR,80,12,22.9,3.3,7.6,.432,1.2,2.9,.428,2.0,4.7,.435,.513,0.4,0.5,.810,0.3,1.7,2.0,1.3,0.3,0.0,0.9,1.8,8.2,2009
9984,232,Jason Kidd*,PG,35,DAL,81,81,35.6,3.2,7.6,.416,1.6,4.0,.406,1.6,3.6,.427,.522,1.1,1.3,.819,1.0,5.1,6.2,8.7,2.0,0.5,2.3,2.1,9.0,2009
9985,233,Tarence Kinsey,SG,24,CLE,50,3,5.5,0.6,1.4,.449,0.1,0.4,.389,0.5,1.0,.471,.500,0.7,0.8,.868,0.2,0.6,0.8,0.2,0.2,0.0,0.4,0.7,2.0,2009
9986,234,Andrei Kirilenko,PF,27,UTA,67,10,27.3,3.8,8.5,.449,0.3,1.1,.274,3.5,7.4,.475,.467,3.6,4.6,.785,1.3,3.5,4.8,2.6,1.2,1.1,1.8,1.9,11.6,2009
9987,235,Linas Kleiza,SF,24,DEN,82,7,22.2,3.5,7.9,.447,1.1,3.3,.326,2.5,4.6,.533,.515,1.8,2.5,.725,1.1,2.9,4.0,0.8,0.4,0.2,1.0,1.9,9.9,2009
9988,236,Brevin Knight,PG,33,UTA,74,0,12.7,0.9,2.6,.349,0.0,0.1,.000,0.9,2.5,.361,.349,0.6,0.9,.750,0.2,1.0,1.2,2.6,0.9,0.1,0.9,1.3,2.4,2009
9989,237,Kyle Korver,SF,27,UTA,78,2,24.0,3.1,7.2,.438,1.3,3.4,.386,1.8,3.8,.485,.529,1.4,1.6,.882,0.4,2.9,3.3,1.8,0.6,0.4,1.2,2.2,9.0,2009
9990,238,Kosta Koufos,C,19,UTA,48,7,11.8,2.0,3.9,.508,0.0,0.0,,2.0,3.9,.508,.508,0.8,1.1,.706,1.0,1.8,2.9,0.4,0.3,0.6,0.5,1.5,4.7,2009
9991,239,Nenad Krstić,C,25,OKC,46,29,24.8,4.2,8.8,.469,0.0,0.0,,4.2,8.8,.469,.469,1.4,1.7,.797,1.8,3.7,5.5,0.6,0.5,1.1,1.0,2.5,9.7,2009
9992,240,Rob Kurz,PF,23,GSW,40,5,11.1,1.3,3.3,.389,0.4,1.0,.395,0.9,2.3,.387,.447,1.0,1.3,.800,0.8,1.2,2.0,0.5,0.4,0.5,0.4,2.0,3.9,2009
9993,Rk,Player,Pos,Age,Tm,G,GS,MP,FG,FGA,FG%,3P,3PA,3P%,2P,2PA,2P%,eFG%,FT,FTA,FT%,ORB,DRB,TRB,AST,STL,BLK,TOV,PF,PTS,2009
9994,241,Carl Landry,PF,25,HOU,69,0,21.3,3.5,6.1,.574,0.0,0.0,.333,3.5,6.0,.576,.575,2.3,2.8,.813,1.8,3.2,5.0,0.6,0.4,0.4,1.0,2.4,9.2,2009
9995,242,Acie Law,PG,24,ATL,55,1,10.2,0.9,2.5,.374,0.2,0.5,.310,0.8,2.0,.391,.406,0.9,1.1,.817,0.1,0.9,1.1,1.6,0.2,0.1,0.5,0.8,2.9,2009
9996,243,Courtney Lee,SG,23,ORL,77,42,25.2,3.2,7.0,.450,1.1,2.6,.404,2.1,4.4,.478,.526,1.0,1.2,.830,0.2,2.1,2.3,1.2,1.0,0.2,0.9,2.0,8.4,2009
9997,244,David Lee,C,25,NYK,81,74,34.9,6.4,11.7,.549,0.0,0.0,.000,6.4,11.7,.551,.549,3.1,4.1,.755,3.2,8.6,11.7,2.1,1.0,0.3,1.9,3.2,16.0,2009
9998,245,Rashard Lewis,PF,29,ORL,79,79,36.2,6.1,13.8,.439,2.8,7.0,.397,3.3,6.8,.482,.540,2.8,3.4,.836,1.2,4.6,5.7,2.6,1.0,0.6,2.0,2.5,17.7,2009
9999,246,Shaun Livingston,PG,23,TOT,12,1,19.3,2.6,5.0,.517,0.0,0.0,,2.6,5.0,.517,.517,0.8,0.8,.900,0.3,2.1,2.3,1.7,0.6,0.2,0.8,1.0,5.9,2009
10000,246,Shaun Livingston,PG,23,MIA,4,0,10.3,0.8,2.0,.375,0.0,0.0,,0.8,2.0,.375,.375,0.8,1.0,.750,0.0,0.5,0.5,1.0,0.5,0.0,0.8,1.0,2.3,2009
10001,246,Shaun Livingston,PG,23,OKC,8,1,23.8,3.5,6.5,.538,0.0,0.0,,3.5,6.5,.538,.538,0.8,0.8,1.000,0.4,2.9,3.3,2.0,0.6,0.3,0.8,1.0,7.8,2009
10002,247,Brook Lopez,C,20,NJN,82,75,30.5,5.5,10.3,.531,0.0,0.0,.000,5.5,10.3,.532,.531,2.1,2.6,.793,2.7,5.4,8.1,1.0,0.5,1.8,1.8,3.1,13.0,2009
10003,248,Robin Lopez,C,20,PHO,60,7,10.2,1.2,2.3,.518,0.0,0.0,.000,1.2,2.3,.522,.518,0.8,1.1,.691,0.9,1.1,2.0,0.1,0.2,0.7,0.5,1.6,3.2,2009
10004,249,Kevin Love,C,20,MIN,81,37,25.3,3.9,8.5,.459,0.0,0.2,.105,3.9,8.3,.469,.461,3.3,4.1,.789,3.4,5.7,9.1,1.0,0.4,0.6,1.5,2.5,11.1,2009
10005,250,Kyle Lowry,PG,22,TOT,77,21,21.8,2.5,5.6,.435,0.3,1.3,.255,2.1,4.4,.488,.464,2.4,2.9,.801,0.3,2.1,2.5,3.6,0.9,0.2,1.5,1.9,7.6,2009
10006,250,Kyle Lowry,PG,22,MEM,49,21,21.9,2.3,5.6,.412,0.3,1.4,.246,1.9,4.1,.468,.443,2.6,3.3,.801,0.3,2.0,2.3,3.6,1.0,0.2,1.6,1.8,7.6,2009
10007,250,Kyle Lowry,PG,22,HOU,28,0,21.7,2.8,5.8,.475,0.3,1.0,.276,2.5,4.8,.519,.500,1.9,2.3,.800,0.5,2.3,2.8,3.5,0.8,0.3,1.4,2.0,7.6,2009
10008,251,Tyronn Lue,PG,31,TOT,44,0,11.8,1.6,3.7,.438,0.6,1.4,.435,1.0,2.3,.440,.522,0.3,0.4,.737,0.1,0.9,1.0,1.4,0.2,0.0,0.5,1.2,4.2,2009
10009,251,Tyronn Lue,PG,31,MIL,30,0,13.1,1.8,4.0,.454,0.7,1.5,.467,1.1,2.5,.446,.542,0.4,0.5,.750,0.2,1.0,1.2,1.5,0.2,0.0,0.7,1.4,4.7,2009
10010,251,Tyronn Lue,PG,31,ORL,14,0,9.2,1.2,3.1,.395,0.4,1.2,.353,0.8,1.9,.423,.465,0.1,0.2,.667,0.0,0.8,0.8,1.0,0.1,0.0,0.1,0.9,3.0,2009
10011,252,Mark Madsen,C,33,MIN,19,1,6.1,0.2,0.7,.214,0.0,0.0,,0.2,0.7,.214,.214,0.0,0.2,.000,0.5,0.4,0.9,0.2,0.1,0.1,0.2,0.9,0.3,2009
10012,253,Corey Maggette,PF,29,GSW,51,19,31.1,5.7,12.4,.461,0.5,1.9,.253,5.3,10.6,.497,.479,6.7,8.1,.824,1.0,4.6,5.5,1.8,0.9,0.2,2.4,3.8,18.6,2009
10013,254,Jamaal Magloire,C,30,MIA,55,12,12.9,1.2,2.4,.496,0.0,0.0,,1.2,2.4,.496,.496,0.5,1.1,.483,1.5,2.5,4.0,0.4,0.2,0.5,0.6,2.2,2.9,2009
10014,255,Stephon Marbury,PG,31,BOS,23,4,18.0,1.7,4.8,.342,0.3,1.1,.240,1.4,3.7,.372,.369,0.3,0.6,.462,0.1,1.1,1.2,3.3,0.4,0.1,1.6,1.5,3.8,2009
10015,256,Shawn Marion,SF,30,TOT,69,68,35.8,5.5,11.4,.485,0.1,0.8,.189,5.4,10.7,.506,.491,1.7,2.1,.796,2.6,5.9,8.5,2.0,1.3,1.0,1.5,1.9,12.9,2009
10016,256,Shawn Marion,SF,30,MIA,42,41,36.1,5.1,10.6,.482,0.2,1.0,.200,4.9,9.7,.510,.491,1.6,2.0,.788,2.5,6.1,8.7,1.8,1.4,1.1,1.3,2.2,12.0,2009
10017,256,Shawn Marion,SF,30,TOR,27,27,35.3,6.2,12.7,.488,0.1,0.5,.154,6.1,12.2,.502,.491,1.9,2.3,.806,2.7,5.6,8.3,2.3,1.1,0.8,1.8,1.5,14.3,2009
10018,257,Sean Marks,C,33,NOH,60,5,14.0,1.3,2.8,.485,0.0,0.2,.200,1.3,2.6,.503,.491,0.5,0.7,.682,1.0,2.1,3.1,0.2,0.1,0.6,0.6,2.0,3.2,2009
10019,258,Donyell Marshall,PF,35,PHI,25,0,7.6,1.3,2.9,.452,1.0,2.2,.455,0.3,0.7,.444,.623,0.1,0.2,.500,0.2,1.4,1.6,0.6,0.2,0.2,0.2,1.0,3.8,2009
10020,259,Cartier Martin,SF,24,CHA,33,1,8.1,0.8,2.3,.364,0.3,1.0,.303,0.5,1.3,.409,.429,0.6,0.8,.800,0.2,0.8,1.0,0.4,0.2,0.1,0.3,1.0,2.6,2009
10021,260,Kenyon Martin,PF,31,DEN,66,66,32.0,4.8,9.8,.491,0.2,0.6,.368,4.6,9.2,.498,.502,1.8,3.0,.604,1.2,4.8,6.0,2.0,1.5,1.1,1.6,3.0,11.7,2009
10022,Rk,Player,Pos,Age,Tm,G,GS,MP,FG,FGA,FG%,3P,3PA,3P%,2P,2PA,2P%,eFG%,FT,FTA,FT%,ORB,DRB,TRB,AST,STL,BLK,TOV,PF,PTS,2009
10023,261,Kevin Martin,SG,25,SAC,51,46,38.2,6.7,15.9,.420,2.3,5.4,.415,4.4,10.5,.423,.491,9.0,10.3,.867,0.6,3.0,3.6,2.7,1.2,0.2,2.9,2.3,24.6,2009
10024,262,Desmond Mason,SG,31,OKC,39,19,27.3,3.2,7.3,.435,0.0,0.1,.000,3.2,7.2,.440,.435,1.2,2.2,.541,1.1,3.0,4.0,1.2,0.4,0.8,1.4,2.5,7.5,2009
10025,263,Roger Mason,SG,28,SAS,82,71,30.4,4.3,10.0,.425,2.0,4.8,.421,2.2,5.2,.428,.526,1.3,1.4,.890,0.2,2.9,3.1,2.1,0.5,0.1,1.2,2.0,11.8,2009
10026,264,Jason Maxiell,C,25,DET,78,4,18.1,2.4,4.1,.575,0.0,0.0,.000,2.4,4.1,.577,.575,1.1,2.0,.532,2.2,2.0,4.2,0.3,0.3,0.8,0.6,2.0,5.8,2009
10027,265,Sean May,PF,24,CHA,24,12,12.5,1.6,4.1,.398,0.0,0.0,1.000,1.6,4.0,.392,.403,0.6,0.8,.700,0.8,2.0,2.9,0.4,0.2,0.2,1.1,1.3,3.9,2009
10028,266,O.J. Mayo,SG,21,MEM,82,82,38.0,6.9,15.6,.438,1.8,4.6,.384,5.1,11.0,.461,.495,3.0,3.4,.879,0.7,3.1,3.8,3.2,1.1,0.2,2.8,2.5,18.5,2009
10029,267,Luc Mbah a Moute,PF,22,MIL,82,52,25.8,2.8,6.0,.462,0.0,0.0,.000,2.8,5.9,.466,.462,1.7,2.3,.729,2.3,3.6,5.9,1.1,1.1,0.5,1.2,2.5,7.2,2009
10030,268,Rashad McCants,SG,24,TOT,58,3,19.0,3.3,8.4,.393,1.1,3.3,.333,2.2,5.2,.431,.458,1.8,2.4,.759,0.4,1.5,1.9,1.2,0.8,0.2,1.1,1.8,9.6,2009
10031,268,Rashad McCants,SG,24,MIN,34,2,18.7,3.1,8.6,.360,1.1,3.5,.319,2.0,5.1,.387,.425,1.8,2.4,.741,0.3,1.5,1.9,0.9,0.8,0.2,1.3,1.9,9.1,2009
10032,268,Rashad McCants,SG,24,SAC,24,1,19.4,3.6,8.2,.444,1.0,2.9,.357,2.6,5.3,.492,.508,2.0,2.5,.783,0.4,1.5,2.0,1.5,0.8,0.3,0.8,1.7,10.3,2009
10033,269,Antonio McDyess,PF,34,DET,62,30,30.1,4.3,8.5,.510,0.0,0.0,,4.3,8.5,.510,.510,1.0,1.4,.698,3.0,6.8,9.8,1.3,0.7,0.8,0.8,3.1,9.6,2009
10034,270,JaVale McGee,C,21,WAS,75,14,15.2,2.5,5.2,.494,0.0,0.0,,2.5,5.2,.494,.494,1.4,2.2,.660,1.6,2.3,3.9,0.3,0.4,1.0,0.8,2.1,6.5,2009
10035,271,Tracy McGrady*,SG,29,HOU,35,35,33.7,5.4,13.9,.388,1.3,3.3,.376,4.1,10.5,.391,.433,3.6,4.5,.801,0.6,3.8,4.4,5.0,1.2,0.4,2.0,1.1,15.6,2009
10036,272,Dominic McGuire,SF,23,WAS,79,57,26.2,1.8,4.1,.432,0.0,0.1,.500,1.7,4.1,.431,.435,0.9,1.3,.725,1.4,4.0,5.4,2.5,0.8,0.9,1.2,1.9,4.5,2009
10037,273,Josh McRoberts,PF,21,IND,33,0,8.5,1.1,2.5,.422,0.0,0.3,.000,1.1,2.2,.479,.422,0.3,0.4,.769,0.8,1.5,2.2,0.5,0.4,0.5,0.4,1.2,2.4,2009
10038,274,Pops Mensah-Bonsu,PF,25,TOT,22,0,12.9,1.8,4.7,.379,0.0,0.1,.000,1.8,4.6,.386,.379,1.5,2.2,.688,2.5,2.6,5.1,0.3,0.4,0.2,0.9,2.0,5.0,2009
10039,274,Pops Mensah-Bonsu,PF,25,SAS,3,0,6.7,1.7,2.3,.714,0.0,0.0,,1.7,2.3,.714,.714,1.7,2.3,.714,1.7,1.7,3.3,0.0,0.3,0.3,0.7,2.0,5.0,2009
10040,274,Pops Mensah-Bonsu,PF,25,TOR,19,0,13.8,1.8,5.1,.354,0.0,0.1,.000,1.8,4.9,.362,.354,1.5,2.2,.683,2.6,2.8,5.4,0.3,0.4,0.2,0.9,1.9,5.1,2009
10041,275,Chris Mihm,C,29,LAL,18,0,5.8,0.8,2.2,.375,0.0,0.0,,0.8,2.2,.375,.375,0.3,0.4,.857,0.8,1.1,1.9,0.6,0.1,0.3,0.6,1.3,2.0,2009
10042,276,C.J. Miles,SG,21,UTA,72,72,22.5,3.6,7.8,.459,0.9,2.5,.352,2.7,5.3,.509,.515,1.1,1.2,.876,0.6,1.7,2.3,1.5,0.6,0.2,0.9,2.6,9.1,2009
10043,277,Darius Miles,SF,27,MEM,34,0,8.8,1.4,2.9,.485,0.0,0.2,.167,1.4,2.7,.505,.490,0.7,0.9,.742,0.6,1.1,1.7,0.5,0.3,0.6,0.6,0.9,3.5,2009
10044,278,Darko Miličić,C,23,MEM,61,15,17.0,2.2,4.4,.515,0.0,0.0,,2.2,4.4,.515,.515,1.0,1.7,.562,1.4,3.0,4.3,0.6,0.4,0.8,0.8,2.2,5.5,2009
10045,279,Andre Miller,PG,32,PHI,82,82,36.3,6.0,12.7,.473,0.2,0.6,.283,5.8,12.0,.483,.480,4.1,5.0,.826,1.5,3.0,4.5,6.5,1.3,0.2,2.4,2.4,16.3,2009
10046,280,Brad Miller,C,32,TOT,70,43,30.0,4.2,8.8,.476,0.3,0.8,.411,3.8,8.0,.482,.494,3.2,3.9,.824,2.1,5.6,7.8,3.3,0.7,0.5,1.9,3.2,11.9,2009
10047,280,Brad Miller,C,32,SAC,43,43,31.5,4.3,9.0,.474,0.5,1.0,.465,3.8,8.0,.475,.500,2.9,3.6,.801,1.9,6.1,8.0,3.4,0.7,0.6,1.9,3.1,11.9,2009
10048,280,Brad Miller,C,32,CHI,27,0,27.6,4.0,8.4,.478,0.1,0.5,.231,3.9,7.9,.493,.485,3.7,4.3,.853,2.5,5.0,7.4,3.2,0.8,0.4,1.7,3.3,11.8,2009
10049,Rk,Player,Pos,Age,Tm,G,GS,MP,FG,FGA,FG%,3P,3PA,3P%,2P,2PA,2P%,eFG%,FT,FTA,FT%,ORB,DRB,TRB,AST,STL,BLK,TOV,PF,PTS,2009
10050,281,Mike Miller,SF,28,MIN,73,47,32.3,3.6,7.5,.482,1.2,3.1,.378,2.5,4.4,.554,.559,1.5,2.0,.732,1.0,5.6,6.6,4.5,0.4,0.4,2.0,1.9,9.9,2009
10051,282,Paul Millsap,PF,23,UTA,76,38,30.1,5.3,9.9,.534,0.0,0.1,.000,5.3,9.8,.537,.534,3.0,4.3,.699,3.3,5.3,8.6,1.8,1.0,1.0,1.7,3.8,13.5,2009
10052,283,Yao Ming*,C,28,HOU,77,77,33.6,7.4,13.4,.548,0.0,0.0,1.000,7.3,13.4,.548,.549,4.9,5.7,.866,2.6,7.2,9.9,1.8,0.4,1.9,3.0,3.3,19.7,2009
10053,284,Cuttino Mobley,SG,33,LAC,11,11,33.2,5.7,13.3,.432,1.1,3.2,.343,4.6,10.1,.459,.473,1.2,1.6,.722,0.8,1.8,2.6,1.1,1.4,0.2,1.6,1.9,13.7,2009
10054,285,Nazr Mohammed,C,31,CHA,39,1,8.7,1.1,2.6,.406,0.0,0.0,,1.1,2.6,.406,.406,0.6,1.0,.550,0.9,1.1,2.0,0.2,0.1,0.4,0.6,1.6,2.7,2009
10055,286,Jamario Moon,SF,28,TOT,80,60,25.9,2.8,5.9,.468,0.8,2.3,.355,2.0,3.6,.540,.537,0.9,1.0,.850,0.7,3.8,4.6,1.2,1.1,0.8,0.5,1.7,7.2,2009
10056,286,Jamario Moon,SF,28,TOR,54,39,25.5,2.8,5.9,.473,0.7,2.0,.345,2.1,3.8,.541,.533,1.0,1.2,.846,0.9,3.7,4.6,1.3,1.2,0.8,0.6,1.6,7.3,2009
10057,286,Jamario Moon,SF,28,MIA,26,21,26.5,2.8,6.0,.459,1.0,2.8,.370,1.7,3.2,.536,.545,0.5,0.6,.867,0.4,4.1,4.5,1.0,0.8,0.6,0.5,1.8,7.1,2009
10058,287,Mikki Moore,PF-C,33,TOT,70,20,17.2,1.6,2.9,.553,0.0,0.0,,1.6,2.9,.553,.553,0.7,0.9,.787,1.1,2.6,3.7,0.8,0.2,0.3,0.7,3.0,3.9,2009
10059,287,Mikki Moore,PF,33,SAC,46,20,16.2,1.4,2.6,.521,0.0,0.0,,1.4,2.6,.521,.521,0.7,0.9,.810,1.0,2.3,3.3,0.6,0.3,0.3,0.6,2.4,3.5,2009
10060,287,Mikki Moore,C,33,BOS,24,0,19.0,2.1,3.5,.600,0.0,0.0,,2.1,3.5,.600,.600,0.6,0.8,.737,1.3,3.1,4.4,1.0,0.2,0.2,0.9,4.0,4.8,2009
10061,288,Randolph Morris,C,23,ATL,23,0,3.9,0.3,0.7,.412,0.0,0.0,,0.3,0.7,.412,.412,0.2,0.2,1.000,0.2,0.7,0.9,0.1,0.1,0.0,0.3,1.1,0.8,2009
10062,289,Adam Morrison,SF,24,TOT,52,5,13.7,1.5,4.3,.359,0.6,1.8,.333,0.9,2.4,.378,.430,0.3,0.4,.739,0.3,1.2,1.5,0.8,0.2,0.1,0.6,1.5,4.0,2009
10063,289,Adam Morrison,SF,24,CHA,44,5,15.2,1.7,4.8,.360,0.7,2.1,.337,1.0,2.7,.378,.434,0.4,0.5,.762,0.4,1.3,1.6,0.9,0.2,0.1,0.7,1.7,4.5,2009
10064,289,Adam Morrison,SF,24,LAL,8,0,5.5,0.5,1.5,.333,0.1,0.5,.250,0.4,1.0,.375,.375,0.1,0.3,.500,0.3,0.8,1.0,0.4,0.0,0.0,0.4,0.5,1.3,2009
10065,290,Anthony Morrow,SG,23,GSW,67,17,22.6,3.8,8.0,.478,1.3,2.7,.467,2.5,5.2,.483,.558,1.2,1.4,.870,1.2,1.8,3.0,1.2,0.5,0.2,0.8,1.9,10.1,2009
10066,291,Troy Murphy,PF,28,IND,73,73,34.0,5.0,10.5,.475,2.2,4.9,.450,2.8,5.6,.496,.580,2.1,2.5,.826,2.0,9.8,11.8,2.4,0.8,0.5,1.6,3.1,14.3,2009
10067,292,Ronald Murray,SG,29,ATL,80,2,24.7,4.4,9.9,.447,1.1,3.0,.360,3.4,6.9,.485,.501,2.2,2.9,.760,0.3,1.8,2.1,2.0,1.1,0.2,1.6,2.2,12.2,2009
10068,293,Dikembe Mutombo*,C,42,HOU,9,2,10.7,0.6,1.4,.385,0.0,0.0,,0.6,1.4,.385,.385,0.7,1.0,.667,1.3,2.3,3.7,0.0,0.0,1.2,0.7,1.2,1.8,2009
10069,294,Eduardo Nájera,PF,32,NJN,27,0,11.8,1.2,2.7,.446,0.2,0.9,.200,1.0,1.8,.571,.480,0.3,0.8,.364,0.6,1.9,2.5,0.7,0.4,0.1,0.7,1.9,2.9,2009
10070,295,Steve Nash*,PG,34,PHO,74,74,33.6,5.8,11.5,.503,1.5,3.3,.439,4.3,8.2,.529,.566,2.6,2.8,.933,0.3,2.8,3.0,9.7,0.7,0.1,3.4,1.5,15.7,2009
10071,296,DeMarcus Nelson,PG,23,GSW,13,5,13.2,1.8,4.2,.444,0.0,0.2,.000,1.8,3.9,.471,.444,0.4,1.1,.357,0.5,1.4,1.8,1.0,0.7,0.2,1.2,1.8,4.1,2009
10072,297,Jameer Nelson,PG,26,ORL,42,42,31.2,6.4,12.6,.503,2.0,4.3,.453,4.4,8.3,.529,.580,2.0,2.3,.887,0.5,3.0,3.5,5.4,1.2,0.1,2.0,2.9,16.7,2009
10073,298,Rasho Nesterović,C,32,IND,70,19,17.3,3.2,6.2,.513,0.0,0.0,.000,3.2,6.2,.514,.513,0.4,0.5,.781,1.3,2.1,3.4,1.6,0.4,0.5,0.9,2.4,6.8,2009
10074,299,Demetris Nichols,SF,24,TOT,4,0,3.5,0.8,2.3,.333,0.0,0.5,.000,0.8,1.8,.429,.333,0.3,0.5,.500,0.0,0.5,0.5,0.3,0.0,0.3,0.0,0.3,1.8,2009
10075,299,Demetris Nichols,SF,24,CHI,2,0,2.5,0.5,2.0,.250,0.0,0.5,.000,0.5,1.5,.333,.250,0.0,0.0,,0.0,0.0,0.0,0.5,0.0,0.0,0.0,0.5,1.0,2009
10076,299,Demetris Nichols,SF,24,NYK,2,0,4.5,1.0,2.5,.400,0.0,0.5,.000,1.0,2.0,.500,.400,0.5,1.0,.500,0.0,1.0,1.0,0.0,0.0,0.5,0.0,0.0,2.5,2009
10077,300,Joakim Noah,C,23,CHI,80,55,24.2,2.6,4.7,.556,0.0,0.0,.000,2.6,4.6,.558,.556,1.5,2.3,.676,3.1,4.5,7.6,1.3,0.6,1.4,1.0,3.0,6.7,2009
10078,Rk,Player,Pos,Age,Tm,G,GS,MP,FG,FGA,FG%,3P,3PA,3P%,2P,2PA,2P%,eFG%,FT,FTA,FT%,ORB,DRB,TRB,AST,STL,BLK,TOV,PF,PTS,2009
10079,301,Andrés Nocioni,PF-SF,29,TOT,76,18,26.2,3.9,9.2,.427,1.6,4.1,.399,2.3,5.1,.449,.515,1.9,2.4,.792,0.7,4.0,4.8,1.3,0.5,0.4,1.5,3.4,11.4,2009
10080,301,Andrés Nocioni,PF,29,CHI,53,2,24.1,3.5,8.5,.414,1.5,3.9,.378,2.0,4.5,.446,.502,1.9,2.3,.806,0.6,3.5,4.2,1.1,0.5,0.3,1.4,3.3,10.4,2009
10081,301,Andrés Nocioni,SF,29,SAC,23,16,31.0,4.9,11.0,.448,2.0,4.4,.441,3.0,6.5,.453,.538,2.0,2.6,.763,0.9,5.2,6.0,1.8,0.6,0.7,1.7,3.7,13.7,2009
10082,302,Steve Novak,PF,25,LAC,71,3,16.4,2.5,5.6,.444,1.7,4.0,.416,0.8,1.5,.518,.595,0.3,0.3,.913,0.3,1.5,1.8,0.6,0.3,0.1,0.3,1.0,6.9,2009
10083,303,Dirk Nowitzki,PF,30,DAL,81,81,37.7,9.6,20.0,.479,0.8,2.1,.359,8.8,17.9,.493,.498,6.0,6.7,.890,1.1,7.3,8.4,2.4,0.8,0.8,1.9,2.2,25.9,2009
10084,304,Patrick O'Bryant,C,22,TOT,39,3,6.5,1.2,2.2,.536,0.0,0.1,.000,1.2,2.1,.549,.536,0.3,0.5,.550,0.3,1.4,1.7,0.3,0.2,0.5,0.6,1.6,2.6,2009
10085,304,Patrick O'Bryant,C,22,BOS,26,0,4.2,0.6,1.2,.516,0.0,0.0,,0.6,1.2,.516,.516,0.3,0.5,.667,0.3,1.0,1.3,0.3,0.1,0.3,0.7,1.1,1.5,2009
10086,304,Patrick O'Bryant,C,22,TOR,13,3,11.3,2.2,4.1,.547,0.0,0.2,.000,2.2,3.9,.569,.547,0.2,0.6,.375,0.5,2.0,2.5,0.2,0.2,0.8,0.4,2.5,4.7,2009
10087,305,Jermaine O'Neal,C,30,TOT,68,61,29.8,5.4,11.3,.474,0.0,0.0,.000,5.4,11.3,.475,.474,2.6,3.3,.788,1.9,4.5,6.4,1.8,0.4,2.0,2.1,3.1,13.3,2009
10088,305,Jermaine O'Neal,C,30,TOR,41,34,29.7,5.4,11.3,.473,0.0,0.0,.000,5.4,11.3,.474,.473,2.8,3.5,.810,1.7,5.3,7.0,1.6,0.4,2.0,2.2,3.2,13.5,2009
10089,305,Jermaine O'Neal,C,30,MIA,27,27,30.0,5.4,11.3,.475,0.0,0.0,,5.4,11.3,.475,.475,2.2,3.0,.750,2.0,3.3,5.4,2.0,0.4,2.0,1.9,3.0,13.0,2009
10090,306,Shaquille O'Neal*,C,36,PHO,75,75,30.0,6.8,11.2,.609,0.0,0.0,.000,6.8,11.2,.610,.609,4.1,6.9,.595,2.5,5.9,8.4,1.7,0.7,1.4,2.2,3.4,17.8,2009
10091,307,Fabricio Oberto,C,33,SAS,54,11,12.5,1.1,1.9,.587,0.0,0.0,.000,1.1,1.9,.592,.587,0.4,0.6,.571,1.2,1.4,2.6,1.1,0.1,0.2,0.7,1.8,2.6,2009
10092,308,Greg Oden,C,21,POR,61,39,21.5,3.2,5.8,.564,0.0,0.0,,3.2,5.8,.564,.564,2.4,3.7,.637,2.8,4.2,7.0,0.5,0.4,1.1,1.4,3.9,8.9,2009
10093,309,Lamar Odom,PF,29,LAL,78,32,29.7,4.4,9.0,.492,0.4,1.3,.320,4.0,7.7,.522,.516,2.1,3.3,.623,2.3,5.9,8.2,2.6,1.0,1.3,1.8,3.0,11.3,2009
10094,310,Emeka Okafor,C,26,CHA,82,81,32.8,5.3,9.4,.561,0.0,0.0,,5.3,9.4,.561,.561,2.7,4.5,.593,3.4,6.7,10.1,0.6,0.6,1.7,1.8,3.0,13.2,2009
10095,311,Mehmet Okur,C,29,UTA,72,72,33.5,6.0,12.3,.485,1.3,2.8,.446,4.7,9.5,.497,.536,3.8,4.6,.817,1.7,6.0,7.7,1.7,0.8,0.7,1.8,3.0,17.0,2009
10096,312,Kevin Ollie,PG,36,MIN,50,21,17.0,1.2,3.0,.407,0.0,0.0,.000,1.2,3.0,.409,.407,1.6,1.9,.833,0.3,1.2,1.5,2.3,0.4,0.1,0.7,1.6,4.0,2009
10097,313,Travis Outlaw,SF,24,POR,81,6,27.7,4.8,10.5,.453,1.1,2.9,.377,3.7,7.6,.482,.505,2.2,3.0,.723,0.9,3.2,4.1,1.0,0.6,0.7,1.2,2.1,12.8,2009
10098,314,Zaza Pachulia,C,24,ATL,77,26,19.1,2.1,4.2,.497,0.0,0.0,.000,2.1,4.1,.502,.497,2.1,3.0,.709,2.2,3.4,5.7,0.7,0.5,0.3,1.2,2.7,6.2,2009
10099,315,Anthony Parker,SG,33,TOR,80,71,33.0,4.0,9.4,.426,1.2,3.0,.390,2.8,6.4,.442,.488,1.5,1.8,.834,0.6,3.4,4.0,3.4,1.3,0.2,1.4,1.8,10.7,2009
10100,316,Tony Parker,PG,26,SAS,72,71,34.1,8.9,17.5,.506,0.3,0.9,.292,8.6,16.6,.518,.513,3.9,5.0,.782,0.4,2.7,3.1,6.9,0.9,0.1,2.6,1.5,22.0,2009
10101,317,Chris Paul,PG,23,NOH,78,78,38.5,8.1,16.1,.503,0.8,2.3,.364,7.3,13.8,.525,.528,5.8,6.7,.868,0.9,4.7,5.5,11.0,2.8,0.1,3.0,2.7,22.8,2009
10102,318,Sasha Pavlović,SF,25,CLE,66,12,16.0,1.8,4.2,.422,0.7,1.8,.410,1.0,2.4,.430,.509,0.4,0.8,.463,0.5,1.5,1.9,1.1,0.3,0.2,0.7,1.8,4.6,2009
10103,319,Oleksiy Pecherov,C,23,WAS,32,0,8.7,1.2,3.2,.386,0.4,1.3,.326,0.8,1.8,.431,.455,0.8,0.9,.828,1.1,1.3,2.4,0.1,0.2,0.1,0.3,1.1,3.6,2009
10104,320,Kendrick Perkins,C,24,BOS,76,76,29.6,3.6,6.3,.577,0.0,0.0,.000,3.6,6.3,.580,.577,1.3,2.1,.600,2.7,5.5,8.1,1.3,0.3,2.0,2.2,3.3,8.5,2009
10105,Rk,Player,Pos,Age,Tm,G,GS,MP,FG,FGA,FG%,3P,3PA,3P%,2P,2PA,2P%,eFG%,FT,FTA,FT%,ORB,DRB,TRB,AST,STL,BLK,TOV,PF,PTS,2009
10106,321,Morris Peterson,SG,31,NOH,43,9,12.0,1.7,4.3,.399,0.8,2.0,.388,0.9,2.3,.408,.489,0.3,0.4,.632,0.3,1.7,2.0,0.4,0.3,0.0,0.3,1.2,4.4,2009
10107,322,Johan Petro,C,23,TOT,49,22,11.4,1.5,3.6,.415,0.0,0.0,.000,1.5,3.6,.420,.415,0.3,0.6,.552,0.9,2.4,3.2,0.3,0.4,0.3,0.6,2.2,3.3,2009
10108,322,Johan Petro,C,23,OKC,22,12,15.5,2.1,5.1,.407,0.0,0.0,.000,2.1,5.1,.411,.407,0.5,0.7,.667,1.2,3.1,4.3,0.3,0.7,0.2,0.7,2.3,4.6,2009
10109,322,Johan Petro,C,23,DEN,27,10,8.0,1.0,2.3,.429,0.0,0.0,.000,1.0,2.3,.435,.429,0.2,0.5,.429,0.6,1.8,2.3,0.4,0.1,0.4,0.5,2.1,2.2,2009
10110,323,Paul Pierce*,SF,31,BOS,81,81,37.5,6.7,14.6,.457,1.5,3.8,.391,5.2,10.8,.480,.508,5.7,6.8,.830,0.7,5.0,5.6,3.6,1.0,0.3,2.8,2.7,20.5,2009
10111,324,Mickaël Piétrus,SG,26,ORL,54,25,24.6,3.3,7.9,.413,1.5,4.1,.359,1.8,3.8,.473,.507,1.4,2.0,.709,0.8,2.4,3.3,1.2,0.6,0.4,1.0,2.3,9.4,2009
10112,325,James Posey,SG,32,NOH,75,0,28.5,2.9,7.0,.412,1.5,4.2,.369,1.3,2.8,.476,.523,1.6,1.9,.822,0.5,4.3,4.8,1.1,0.8,0.3,1.1,2.9,8.9,2009
10113,326,Leon Powe,PF,25,BOS,70,7,17.5,2.5,4.8,.524,0.0,0.0,,2.5,4.8,.524,.524,2.6,3.8,.689,2.1,2.9,4.9,0.7,0.3,0.5,1.1,2.7,7.7,2009
10114,327,Josh Powell,PF,26,LAL,60,1,11.7,1.8,4.0,.444,0.0,0.0,,1.8,4.0,.444,.444,0.6,0.8,.760,1.2,1.8,2.9,0.5,0.2,0.3,0.9,1.6,4.2,2009
10115,328,Ronnie Price,PG,25,UTA,52,17,14.2,1.5,3.9,.379,0.4,1.2,.311,1.1,2.7,.408,.426,0.7,0.9,.756,0.2,1.1,1.3,2.1,0.8,0.1,1.2,1.4,4.0,2009
10116,329,Tayshaun Prince,SF,28,DET,82,82,37.3,5.6,12.4,.450,0.7,1.7,.397,4.9,10.7,.458,.477,2.3,3.0,.778,1.6,4.2,5.8,3.1,0.5,0.6,1.2,1.3,14.2,2009
10117,330,Gabe Pruitt,SG,22,BOS,47,0,7.8,0.7,2.1,.307,0.3,1.0,.292,0.4,1.1,.321,.376,0.4,0.4,.810,0.2,0.7,0.9,0.8,0.3,0.1,0.4,0.7,2.0,2009
10118,331,Joel Przybilla,C,29,POR,82,43,23.8,2.0,3.3,.625,0.0,0.0,.000,2.0,3.3,.627,.625,1.4,2.1,.663,2.5,6.3,8.7,0.3,0.4,1.2,1.0,2.6,5.5,2009
10119,332,Chris Quinn,PG,25,MIA,66,0,14.6,1.8,4.4,.408,0.8,2.1,.409,0.9,2.3,.408,.505,0.7,0.9,.810,0.1,1.0,1.1,2.0,0.4,0.0,0.5,1.2,5.1,2009
10120,333,Vladimir Radmanović,SF,28,TOT,78,31,18.5,2.5,6.0,.421,1.3,3.4,.401,1.2,2.6,.446,.533,0.6,0.7,.741,0.6,2.3,2.8,1.0,0.6,0.2,1.3,1.4,6.9,2009
10121,333,Vladimir Radmanović,SF,28,LAL,46,28,16.8,2.1,4.7,.444,1.3,3.0,.441,0.8,1.7,.449,.584,0.5,0.6,.852,0.4,2.2,2.5,0.8,0.6,0.2,1.0,1.1,5.9,2009
10122,333,Vladimir Radmanović,SF,28,CHA,32,3,21.1,3.2,7.9,.401,1.4,3.9,.357,1.8,3.9,.444,.490,0.6,1.0,.645,0.8,2.4,3.3,1.3,0.6,0.3,1.6,1.9,8.3,2009
10123,334,Anthony Randolph,PF,19,GSW,63,22,17.9,3.2,6.8,.462,0.0,0.1,.000,3.2,6.8,.466,.462,1.6,2.2,.716,2.0,3.7,5.8,0.8,0.7,1.2,1.3,2.2,7.9,2009
10124,335,Shavlik Randolph,PF,25,POR,10,0,3.7,0.8,1.3,.615,0.1,0.1,1.000,0.7,1.2,.583,.654,0.1,0.4,.250,1.0,0.8,1.8,0.0,0.0,0.1,0.6,0.4,1.8,2009
10125,336,Zach Randolph,PF-C,27,TOT,50,45,35.1,8.3,17.5,.475,0.6,1.9,.330,7.7,15.5,.494,.494,3.6,4.9,.734,3.1,6.9,10.1,2.1,0.9,0.3,2.3,2.7,20.8,2009
10126,336,Zach Randolph,C,27,NYK,11,11,35.3,7.5,17.2,.434,0.6,2.2,.292,6.8,15.0,.455,.452,5.0,6.1,.821,3.6,8.8,12.5,1.4,1.2,0.3,2.1,2.5,20.5,2009
10127,336,Zach Randolph,PF,27,LAC,39,34,35.1,8.5,17.5,.487,0.6,1.9,.342,7.9,15.7,.504,.505,3.2,4.5,.701,3.0,6.4,9.4,2.3,0.8,0.3,2.3,2.7,20.9,2009
10128,337,Theo Ratliff,C,35,PHI,46,0,12.6,0.7,1.4,.531,0.0,0.0,,0.7,1.4,.531,.531,0.5,0.8,.600,1.0,1.8,2.8,0.2,0.4,1.0,0.3,1.7,1.9,2009
10129,338,Michael Redd,SG,29,MIL,33,32,36.5,7.5,16.6,.455,2.1,5.8,.366,5.4,10.8,.503,.519,4.0,4.9,.814,0.7,2.5,3.2,2.7,1.1,0.1,1.6,1.4,21.2,2009
10130,339,J.J. Redick,SG,24,ORL,64,5,17.4,1.8,4.7,.391,1.0,2.8,.374,0.8,1.9,.417,.503,1.3,1.5,.871,0.1,1.6,1.7,1.1,0.3,0.0,0.8,1.1,6.0,2009
10131,340,Jason Richardson,SG,28,TOT,72,71,33.5,6.5,13.5,.477,1.8,4.5,.397,4.7,9.0,.518,.544,2.1,2.8,.769,1.1,3.4,4.4,2.0,1.1,0.4,1.3,2.0,16.8,2009
10132,340,Jason Richardson,SG,28,CHA,14,14,35.1,6.9,15.7,.441,1.9,4.2,.458,5.0,11.5,.435,.502,2.9,3.9,.745,0.9,3.2,4.1,2.6,1.0,0.2,1.7,3.1,18.7,2009
10133,340,Jason Richardson,SG,28,PHO,58,57,33.1,6.3,13.0,.488,1.8,4.6,.383,4.6,8.4,.545,.556,1.9,2.5,.778,1.1,3.4,4.5,1.9,1.1,0.4,1.2,1.8,16.4,2009
10134,Rk,Player,Pos,Age,Tm,G,GS,MP,FG,FGA,FG%,3P,3PA,3P%,2P,2PA,2P%,eFG%,FT,FTA,FT%,ORB,DRB,TRB,AST,STL,BLK,TOV,PF,PTS,2009
10135,341,Jeremy Richardson,SF,24,ORL,12,0,7.8,1.2,4.1,.286,0.5,1.4,.353,0.7,2.7,.250,.347,0.3,0.5,.500,0.1,1.1,1.2,0.3,0.0,0.0,0.3,0.5,3.1,2009
10136,342,Quentin Richardson,SG,28,NYK,72,51,26.3,3.6,9.3,.393,1.7,4.6,.365,2.0,4.7,.420,.483,1.2,1.6,.761,1.0,3.4,4.4,1.6,0.7,0.1,1.0,1.8,10.2,2009
10137,343,Luke Ridnour,PG,27,MIL,72,50,28.2,3.5,8.6,.403,0.8,2.2,.350,2.7,6.4,.420,.447,1.8,2.1,.869,0.5,2.6,3.0,5.1,1.3,0.2,1.8,2.8,9.6,2009
10138,344,Anthony Roberson,PG,25,TOT,29,0,9.5,1.5,4.1,.367,0.9,2.8,.321,0.6,1.3,.462,.475,0.2,0.2,1.000,0.2,0.6,0.8,0.7,0.3,0.0,0.3,0.6,4.1,2009
10139,344,Anthony Roberson,PG,25,NYK,23,0,11.0,1.7,4.5,.379,1.0,3.1,.338,0.7,1.4,.469,.495,0.2,0.2,1.000,0.2,0.5,0.7,0.8,0.4,0.0,0.3,0.8,4.7,2009
10140,344,Anthony Roberson,PG,25,CHI,6,0,3.8,0.8,2.8,.294,0.3,1.7,.200,0.5,1.2,.429,.353,0.0,0.0,,0.3,0.8,1.2,0.2,0.0,0.0,0.2,0.0,2.0,2009
10141,345,Nate Robinson,PG,24,NYK,74,11,29.9,6.1,13.9,.437,1.7,5.2,.325,4.4,8.7,.504,.498,3.4,4.0,.841,1.3,2.6,3.9,4.1,1.3,0.1,1.9,2.8,17.2,2009
10142,346,Sergio Rodríguez,PG,22,POR,80,13,15.3,1.6,4.1,.392,0.5,1.4,.325,1.2,2.7,.428,.448,0.8,1.0,.792,0.5,1.1,1.6,3.6,0.7,0.0,1.5,1.7,4.5,2009
10143,347,Rajon Rondo,PG,22,BOS,80,80,33.0,4.8,9.5,.505,0.2,0.6,.313,4.6,8.9,.518,.514,2.2,3.4,.642,1.3,4.0,5.2,8.2,1.9,0.1,2.6,2.4,11.9,2009
10144,348,Derrick Rose,PG,20,CHI,81,80,37.0,7.1,14.9,.475,0.2,0.9,.222,6.9,14.0,.491,.482,2.4,3.1,.788,1.2,2.7,3.9,6.3,0.8,0.2,2.5,1.5,16.8,2009
10145,349,Malik Rose,PF,34,TOT,38,0,12.4,1.2,3.4,.344,0.0,0.2,.000,1.2,3.3,.363,.344,1.1,1.3,.784,0.4,2.1,2.5,0.9,0.3,0.1,0.9,1.9,3.4,2009
10146,349,Malik Rose,PF,34,NYK,18,0,8.9,0.6,2.3,.268,0.0,0.2,.000,0.6,2.1,.297,.268,0.4,0.6,.727,0.2,1.5,1.7,0.6,0.1,0.1,0.9,1.3,1.7,2009
10147,349,Malik Rose,PF,34,OKC,20,0,15.5,1.7,4.5,.378,0.0,0.2,.000,1.7,4.4,.391,.378,1.6,2.0,.800,0.7,2.6,3.3,1.3,0.5,0.1,1.0,2.4,5.0,2009
10148,350,Quinton Ross,SF,27,MEM,68,7,17.1,1.5,3.8,.382,0.5,1.3,.375,1.0,2.5,.386,.446,0.5,0.6,.810,0.4,1.4,1.9,0.7,0.5,0.2,0.5,1.7,3.9,2009
10149,351,Brandon Roy,SG,24,POR,78,78,37.2,8.1,16.9,.480,1.1,2.8,.377,7.1,14.1,.501,.512,5.3,6.5,.824,1.3,3.4,4.7,5.1,1.1,0.3,1.9,1.6,22.6,2009
10150,352,Michael Ruffin,PF,32,POR,11,0,3.2,0.2,0.6,.286,0.0,0.0,,0.2,0.6,.286,.286,0.2,0.2,1.000,0.5,0.5,1.0,0.0,0.3,0.1,0.2,0.6,0.5,2009
10151,353,Brandon Rush,SG,23,IND,75,19,24.0,3.2,7.7,.423,1.0,2.8,.373,2.2,4.9,.451,.490,0.6,0.9,.697,0.5,2.7,3.1,0.9,0.5,0.5,1.0,1.7,8.1,2009
10152,354,Kareem Rush,SG,28,PHI,25,1,8.0,0.8,2.3,.345,0.4,1.3,.303,0.4,1.0,.400,.431,0.2,0.2,1.000,0.0,0.6,0.6,0.6,0.2,0.0,0.4,0.4,2.2,2009
10153,355,John Salmons,SF,29,TOT,79,74,37.5,6.5,13.8,.472,1.6,3.8,.417,4.9,10.0,.493,.530,3.6,4.4,.830,0.7,3.5,4.2,3.2,1.1,0.3,2.1,2.3,18.3,2009
10154,355,John Salmons,SF,29,SAC,53,53,37.4,6.6,14.0,.472,1.5,3.5,.418,5.2,10.6,.489,.524,3.6,4.4,.823,0.8,3.4,4.2,3.7,1.1,0.2,2.3,2.3,18.3,2009
10155,355,John Salmons,SF,29,CHI,26,21,37.7,6.3,13.4,.473,1.9,4.5,.415,4.5,8.9,.502,.543,3.7,4.4,.843,0.6,3.7,4.3,2.0,1.0,0.6,1.7,2.3,18.3,2009
10156,356,Cheikh Samb,C,24,TOT,18,0,4.6,0.3,1.8,.188,0.0,0.2,.000,0.3,1.6,.207,.188,0.2,0.4,.429,0.6,0.8,1.3,0.1,0.2,0.6,0.2,0.4,0.8,2009
10157,356,Cheikh Samb,C,24,DEN,6,0,4.0,0.3,2.2,.154,0.0,0.2,.000,0.3,2.0,.167,.154,0.0,0.0,,0.3,1.2,1.5,0.2,0.3,0.8,0.3,0.7,0.7,2009
10158,356,Cheikh Samb,C,24,LAC,10,0,5.1,0.4,1.6,.250,0.0,0.2,.000,0.4,1.4,.286,.250,0.3,0.5,.600,0.7,0.6,1.3,0.0,0.1,0.5,0.1,0.3,1.1,2009
10159,356,Cheikh Samb,C,24,NYK,2,0,4.0,0.0,1.5,.000,0.0,0.0,,0.0,1.5,.000,.000,0.0,1.0,.000,0.5,0.5,1.0,0.0,0.0,0.0,0.0,0.0,0.0,2009
10160,357,Brian Scalabrine,C,30,BOS,39,8,12.9,1.2,2.9,.421,0.6,1.6,.393,0.6,1.4,.453,.526,0.4,0.5,.889,0.2,1.1,1.3,0.5,0.2,0.3,0.3,1.9,3.5,2009
10161,358,Luis Scola,PF,28,HOU,82,82,30.3,5.2,9.7,.531,0.0,0.0,.000,5.2,9.7,.533,.531,2.4,3.1,.760,2.4,6.3,8.8,1.5,0.8,0.1,1.5,3.2,12.7,2009
10162,359,Thabo Sefolosha,SF-SG,24,TOT,66,36,22.0,2.3,5.4,.426,0.4,1.3,.276,1.9,4.1,.474,.459,0.9,1.1,.836,0.8,2.8,3.7,1.7,1.1,0.7,1.0,1.6,5.9,2009
10163,359,Thabo Sefolosha,SF,24,CHI,43,14,17.1,1.8,4.2,.434,0.3,1.2,.300,1.5,3.1,.485,.475,0.5,0.6,.840,0.6,2.3,2.9,1.5,0.8,0.4,0.9,1.2,4.5,2009
10164,359,Thabo Sefolosha,SG,24,OKC,23,22,31.2,3.2,7.6,.417,0.4,1.6,.243,2.8,6.0,.464,.443,1.7,2.1,.833,1.2,4.0,5.2,2.0,1.7,1.1,1.2,2.3,8.5,2009
10165,360,Mouhamed Sene,C,22,TOT,6,0,4.8,1.0,1.5,.667,0.0,0.0,,1.0,1.5,.667,.667,1.3,1.7,.800,0.8,1.5,2.3,0.0,0.2,0.5,0.7,0.3,3.3,2009
10166,360,Mouhamed Sene,C,22,OKC,5,0,4.6,1.0,1.4,.714,0.0,0.0,,1.0,1.4,.714,.714,1.4,1.8,.778,0.6,1.2,1.8,0.0,0.2,0.4,0.6,0.4,3.4,2009
10167,360,Mouhamed Sene,C,22,NYK,1,0,6.0,1.0,2.0,.500,0.0,0.0,,1.0,2.0,.500,.500,1.0,1.0,1.000,2.0,3.0,5.0,0.0,0.0,1.0,1.0,0.0,3.0,2009
10168,Rk,Player,Pos,Age,Tm,G,GS,MP,FG,FGA,FG%,3P,3PA,3P%,2P,2PA,2P%,eFG%,FT,FTA,FT%,ORB,DRB,TRB,AST,STL,BLK,TOV,PF,PTS,2009
10169,361,Ramon Sessions,PG,22,MIL,79,39,27.5,4.4,9.8,.445,0.1,0.4,.176,4.3,9.4,.457,.449,3.6,4.5,.794,0.8,2.6,3.4,5.7,1.1,0.1,1.9,2.0,12.4,2009
10170,362,Walter Sharpe,PF,22,DET,8,0,2.5,0.5,1.4,.364,0.0,0.3,.000,0.5,1.1,.444,.364,0.0,0.3,.000,0.0,0.4,0.4,0.0,0.0,0.3,0.0,0.4,1.0,2009
10171,363,Bobby Simmons,SF,28,NJN,71,44,24.4,2.8,6.2,.449,1.6,3.7,.447,1.1,2.5,.453,.582,0.6,0.8,.741,1.0,2.9,3.9,1.3,0.7,0.1,0.9,2.6,7.8,2009
10172,364,Cedric Simmons,PF,23,TOT,18,0,4.7,0.6,1.4,.440,0.0,0.0,,0.6,1.4,.440,.440,0.4,0.9,.438,0.3,0.6,0.9,0.1,0.1,0.2,0.1,0.4,1.6,2009
10173,364,Cedric Simmons,PF,23,CHI,11,0,5.5,1.0,1.9,.524,0.0,0.0,,1.0,1.9,.524,.524,0.5,1.3,.429,0.4,0.7,1.1,0.2,0.1,0.4,0.0,0.5,2.5,2009
10174,364,Cedric Simmons,PF,23,SAC,7,0,3.3,0.0,0.6,.000,0.0,0.0,,0.0,0.6,.000,.000,0.1,0.3,.500,0.1,0.4,0.6,0.0,0.0,0.0,0.3,0.3,0.1,2009
10175,365,Courtney Sims,C,25,TOT,2,0,6.5,1.5,3.0,.500,0.0,0.0,,1.5,3.0,.500,.500,0.0,0.0,,1.0,1.0,2.0,0.0,0.0,0.0,0.5,0.5,3.0,2009
10176,365,Courtney Sims,C,25,PHO,1,0,2.0,0.0,0.0,,0.0,0.0,,0.0,0.0,,,0.0,0.0,,0.0,0.0,0.0,0.0,0.0,0.0,1.0,0.0,0.0,2009
10177,365,Courtney Sims,C,25,NYK,1,0,11.0,3.0,6.0,.500,0.0,0.0,,3.0,6.0,.500,.500,0.0,0.0,,2.0,2.0,4.0,0.0,0.0,0.0,0.0,1.0,6.0,2009
10178,366,Sean Singletary,PG,23,TOT,37,2,8.2,0.8,2.3,.365,0.3,0.7,.400,0.6,1.6,.350,.424,0.5,0.6,.857,0.3,0.7,0.9,0.8,0.3,0.0,0.6,1.2,2.4,2009
10179,366,Sean Singletary,PG,23,PHO,13,1,9.4,0.9,2.8,.324,0.3,0.8,.400,0.6,2.1,.296,.378,0.5,0.5,1.000,0.4,0.8,1.2,0.9,0.5,0.0,0.4,1.1,2.6,2009
10180,366,Sean Singletary,PG,23,CHA,24,1,7.5,0.8,2.0,.396,0.3,0.6,.400,0.5,1.4,.394,.458,0.5,0.6,.800,0.2,0.6,0.8,0.7,0.2,0.0,0.8,1.3,2.3,2009
10181,367,James Singleton,PF,27,DAL,62,6,14.3,1.9,3.6,.529,0.2,0.6,.325,1.7,2.9,.575,.559,1.1,1.3,.859,1.4,2.6,4.0,0.3,0.4,0.5,0.6,1.8,5.1,2009
10182,368,Brian Skinner,PF,32,LAC,51,21,16.5,1.8,4.0,.449,0.0,0.0,.000,1.8,4.0,.453,.449,0.6,0.9,.638,1.4,2.6,4.0,0.5,0.3,1.0,0.8,1.8,4.2,2009
10183,369,Craig Smith,PF,25,MIN,74,31,19.7,3.9,6.9,.562,0.0,0.0,.000,3.9,6.9,.563,.562,2.3,3.4,.677,1.3,2.5,3.8,1.1,0.4,0.3,1.4,2.5,10.1,2009
10184,370,J.R. Smith,SG,23,DEN,81,18,27.7,5.2,11.7,.446,2.2,5.6,.397,3.0,6.1,.491,.541,2.5,3.4,.754,0.5,3.1,3.7,2.8,1.0,0.2,1.9,2.3,15.2,2009
10185,371,Joe Smith,C,33,TOT,57,3,19.3,2.7,5.8,.468,0.1,0.1,.429,2.7,5.7,.469,.473,1.0,1.4,.720,1.6,3.1,4.6,0.7,0.3,0.7,0.4,2.1,6.6,2009
10186,371,Joe Smith,C,33,OKC,36,3,19.2,2.8,6.1,.454,0.1,0.1,.500,2.7,5.9,.453,.459,1.1,1.5,.704,1.5,3.1,4.5,0.7,0.3,0.7,0.4,2.0,6.6,2009
10187,371,Joe Smith,C,33,CLE,21,0,19.6,2.7,5.5,.496,0.0,0.1,.333,2.7,5.3,.500,.500,1.0,1.3,.750,1.7,3.0,4.8,0.8,0.3,0.7,0.5,2.4,6.5,2009
10188,372,Josh Smith,PF,23,ATL,69,69,35.1,6.1,12.3,.492,0.4,1.3,.299,5.7,11.0,.514,.508,3.1,5.2,.588,1.9,5.3,7.2,2.4,1.4,1.6,2.3,2.7,15.6,2009
10189,373,Will Solomon,PG,30,TOT,53,9,13.4,2.0,4.6,.429,0.5,1.6,.326,1.5,3.0,.484,.486,0.5,0.6,.735,0.2,1.0,1.2,2.5,0.5,0.1,1.0,1.3,5.0,2009
10190,373,Will Solomon,PG,30,TOR,39,9,13.9,2.0,4.6,.436,0.4,1.5,.263,1.6,3.2,.516,.478,0.5,0.6,.833,0.2,0.9,1.1,3.2,0.5,0.1,1.3,1.5,4.9,2009
10191,373,Will Solomon,PG,30,SAC,14,0,12.0,1.9,4.6,.406,0.9,2.1,.448,0.9,2.5,.371,.508,0.4,0.7,.500,0.2,1.3,1.5,0.7,0.5,0.0,0.4,0.8,5.0,2009
10192,374,Darius Songaila,C,30,WAS,77,29,19.8,3.2,5.9,.532,0.0,0.0,.000,3.2,5.9,.533,.532,1.0,1.2,.889,1.0,2.0,2.9,1.2,0.8,0.3,1.0,2.6,7.4,2009
10193,375,Marreese Speights,C,21,PHI,79,2,16.0,3.2,6.4,.502,0.0,0.1,.250,3.2,6.3,.506,.504,1.3,1.7,.773,1.6,2.2,3.7,0.4,0.3,0.7,0.6,2.3,7.7,2009
10194,376,Jerry Stackhouse,SG,34,DAL,10,1,16.2,1.6,6.0,.267,0.3,1.9,.158,1.3,4.1,.317,.292,0.7,0.7,1.000,0.5,1.2,1.7,1.2,0.4,0.1,0.9,0.6,4.2,2009
10195,377,DeShawn Stevenson,SG,27,WAS,32,25,27.7,2.3,7.2,.312,1.1,4.0,.271,1.2,3.2,.363,.387,1.0,1.9,.533,0.3,2.0,2.4,3.1,0.7,0.1,1.0,1.3,6.6,2009
10196,378,Peja Stojaković,SF,31,NOH,61,59,34.2,4.7,11.8,.399,2.4,6.3,.378,2.3,5.5,.424,.500,1.5,1.7,.894,0.7,3.6,4.3,1.2,0.9,0.0,0.8,1.7,13.3,2009
10197,379,Amar'e Stoudemire,PF,26,PHO,53,53,36.8,7.6,14.1,.539,0.1,0.1,.429,7.6,14.0,.540,.541,6.1,7.3,.835,2.2,5.9,8.1,2.0,0.9,1.1,2.8,3.1,21.4,2009
10198,380,Rodney Stuckey,PG,22,DET,79,65,31.9,5.1,11.6,.439,0.3,1.0,.295,4.8,10.6,.453,.452,2.9,3.7,.803,0.9,2.6,3.5,4.9,1.0,0.1,2.2,2.7,13.4,2009
10199,Rk,Player,Pos,Age,Tm,G,GS,MP,FG,FGA,FG%,3P,3PA,3P%,2P,2PA,2P%,eFG%,FT,FTA,FT%,ORB,DRB,TRB,AST,STL,BLK,TOV,PF,PTS,2009
10200,381,Robert Swift,C,23,OKC,26,10,13.2,1.4,2.7,.521,0.0,0.0,,1.4,2.7,.521,.521,0.5,0.6,.750,0.8,2.6,3.4,0.3,0.2,0.7,0.3,1.9,3.3,2009
10201,382,Stromile Swift,PF,29,TOT,19,0,9.7,1.3,2.9,.429,0.1,0.1,1.000,1.2,2.9,.418,.438,0.7,1.4,.500,0.8,1.6,2.4,0.2,0.2,0.4,0.8,2.1,3.3,2009
10202,382,Stromile Swift,PF,29,NJN,6,0,10.7,1.5,2.5,.600,0.0,0.0,,1.5,2.5,.600,.600,0.8,1.8,.455,0.8,1.3,2.2,0.2,0.0,0.3,1.2,2.5,3.8,2009
10203,382,Stromile Swift,PF,29,PHO,13,0,9.3,1.2,3.2,.366,0.1,0.1,1.000,1.1,3.1,.350,.378,0.6,1.2,.533,0.8,1.7,2.5,0.2,0.3,0.5,0.7,1.9,3.0,2009
10204,383,Wally Szczerbiak,SF,31,CLE,74,5,20.6,2.4,5.4,.450,0.9,2.3,.411,1.5,3.1,.478,.536,1.2,1.4,.849,0.6,2.6,3.1,1.1,0.4,0.1,0.7,1.8,7.0,2009
10205,384,Mike Taylor,PG,23,LAC,51,5,15.1,2.2,5.2,.412,0.3,0.8,.325,1.9,4.5,.427,.436,1.1,1.6,.691,0.4,1.3,1.7,2.1,0.7,0.0,1.4,1.6,5.7,2009
10206,385,Sebastian Telfair,PG,23,MIN,75,43,27.9,3.6,9.3,.383,1.0,2.8,.346,2.6,6.5,.399,.435,1.7,2.1,.819,0.4,1.3,1.7,4.6,1.0,0.2,1.9,2.5,9.8,2009
10207,386,Jason Terry,SG,31,DAL,74,11,33.7,7.3,15.8,.463,2.3,6.2,.366,5.1,9.6,.525,.535,2.7,3.0,.880,0.5,1.9,2.4,3.4,1.3,0.3,1.6,1.9,19.6,2009
10208,387,Etan Thomas,C,30,WAS,26,7,11.8,1.2,2.5,.485,0.0,0.0,,1.2,2.5,.485,.485,0.6,0.9,.696,1.0,1.6,2.5,0.2,0.1,0.7,0.7,1.3,3.1,2009
10209,388,Kenny Thomas,PF,31,SAC,8,0,7.8,0.4,1.0,.375,0.0,0.0,,0.4,1.0,.375,.375,0.0,0.0,,0.5,1.4,1.9,0.1,0.8,0.1,0.1,1.1,0.8,2009
10210,389,Kurt Thomas,PF,36,SAS,79,10,17.8,1.9,3.8,.503,0.0,0.0,.000,1.9,3.8,.507,.503,0.5,0.6,.822,1.7,3.4,5.1,0.8,0.4,0.7,0.5,2.2,4.3,2009
10211,390,Tim Thomas,PF,31,TOT,64,6,19.5,3.0,6.8,.432,1.2,3.0,.413,1.7,3.9,.446,.521,1.4,1.9,.736,0.7,2.5,3.1,1.1,0.5,0.2,1.1,2.3,8.5,2009
10212,390,Tim Thomas,PF,31,LAC,10,5,22.0,3.4,9.0,.378,0.6,2.0,.300,2.8,7.0,.400,.411,2.1,3.4,.618,1.4,3.2,4.6,1.0,0.3,0.1,1.4,2.6,9.5,2009
10213,390,Tim Thomas,PF,31,NYK,36,1,21.5,3.3,7.2,.461,1.5,3.5,.421,1.8,3.7,.500,.564,1.5,1.9,.806,0.6,2.6,3.1,1.3,0.6,0.3,1.3,2.5,9.6,2009
10214,390,Tim Thomas,PF,31,CHI,18,0,14.1,2.0,5.0,.400,1.1,2.4,.442,0.9,2.6,.362,.506,0.8,1.1,.700,0.4,1.9,2.3,0.7,0.3,0.0,0.6,1.5,5.8,2009
10215,391,Tyrus Thomas,PF,22,CHI,79,61,27.5,3.9,8.6,.451,0.0,0.1,.333,3.9,8.5,.453,.453,3.0,3.8,.783,1.9,4.6,6.4,1.0,1.2,1.9,1.6,2.8,10.8,2009
10216,392,Jason Thompson,PF,22,SAC,82,56,28.1,4.3,8.7,.497,0.0,0.1,.000,4.3,8.6,.502,.497,2.4,3.5,.692,2.9,4.5,7.4,1.1,0.6,0.7,1.8,3.8,11.1,2009
10217,393,Al Thornton,SF,25,LAC,71,67,37.4,6.6,14.8,.446,0.3,1.1,.253,6.3,13.7,.462,.456,3.3,4.4,.754,1.7,3.5,5.2,1.5,0.8,0.9,1.8,3.2,16.8,2009
10218,394,Anthony Tolliver,PF,23,SAS,19,0,10.9,1.0,3.4,.292,0.5,2.2,.220,0.5,1.3,.417,.362,0.3,0.5,.500,0.6,1.5,2.2,0.9,0.3,0.1,0.4,0.8,2.7,2009
10219,395,Alando Tucker,SG,24,PHO,30,1,9.4,1.7,4.0,.430,0.3,0.8,.348,1.5,3.3,.449,.463,0.9,1.1,.788,0.6,0.4,1.0,0.4,0.2,0.0,0.5,0.5,4.6,2009
10220,396,Ronny Turiaf,C,26,GSW,79,26,21.5,2.4,4.6,.508,0.0,0.0,.000,2.4,4.6,.512,.508,1.2,1.6,.790,1.1,3.4,4.6,2.1,0.4,2.1,0.9,3.1,5.9,2009
10221,397,Hedo Türkoğlu,SF,29,ORL,77,77,36.6,5.5,13.3,.413,1.7,4.9,.356,3.8,8.4,.445,.478,4.1,5.1,.807,0.6,4.7,5.3,4.9,0.8,0.2,2.6,2.8,16.8,2009
10222,398,Ime Udoka,SF,31,SAS,67,3,15.4,1.6,4.3,.383,0.6,1.9,.328,1.0,2.4,.426,.455,0.4,0.7,.609,0.4,2.4,2.8,0.8,0.5,0.2,0.6,1.3,4.3,2009
10223,399,Beno Udrih,PG,26,SAC,73,72,31.1,4.4,9.5,.461,0.5,1.5,.310,3.9,8.0,.491,.486,1.7,2.1,.820,0.6,2.4,3.0,4.7,1.1,0.2,2.2,2.6,11.0,2009
10224,400,Roko Ukić,PG,24,TOR,72,0,12.4,1.7,4.5,.380,0.2,0.9,.177,1.6,3.6,.427,.397,0.6,0.8,.733,0.4,0.7,1.0,2.1,0.4,0.0,0.8,1.1,4.2,2009
10225,Rk,Player,Pos,Age,Tm,G,GS,MP,FG,FGA,FG%,3P,3PA,3P%,2P,2PA,2P%,eFG%,FT,FTA,FT%,ORB,DRB,TRB,AST,STL,BLK,TOV,PF,PTS,2009
10226,401,Anderson Varejão,PF,26,CLE,81,42,28.5,3.3,6.2,.536,0.0,0.0,.000,3.3,6.2,.538,.536,1.9,3.1,.616,2.0,5.1,7.2,1.0,0.9,0.8,1.0,3.0,8.6,2009
10227,402,Jacque Vaughn,PG,33,SAS,30,0,9.7,0.8,2.5,.320,0.0,0.0,1.000,0.8,2.5,.311,.327,0.5,0.6,.889,0.1,0.6,0.7,1.8,0.2,0.0,0.5,0.9,2.2,2009
10228,403,Charlie Villanueva,PF,24,MIL,78,47,26.9,6.2,14.0,.447,1.1,3.3,.345,5.1,10.7,.479,.488,2.6,3.1,.838,2.0,4.7,6.7,1.8,0.6,0.7,1.8,3.3,16.2,2009
10229,404,Jake Voskuhl,C,31,TOR,38,1,6.3,0.3,1.2,.267,0.0,0.0,,0.3,1.2,.267,.267,0.3,0.4,.786,0.6,1.0,1.6,0.2,0.1,0.1,0.4,1.6,0.9,2009
10230,405,Sasha Vujačić,SG,24,LAL,80,0,16.2,1.9,5.0,.387,1.0,2.8,.363,0.9,2.2,.416,.488,0.9,1.0,.921,0.2,1.5,1.7,1.4,1.0,0.1,0.4,1.9,5.8,2009
10231,406,Dwyane Wade,SG,27,MIA,79,79,38.6,10.8,22.0,.491,1.1,3.5,.317,9.7,18.5,.524,.516,7.5,9.8,.765,1.1,3.9,5.0,7.5,2.2,1.3,3.4,2.3,30.2,2009
10232,407,Von Wafer,SG,23,HOU,63,11,19.4,3.6,8.1,.447,1.0,2.6,.390,2.6,5.5,.474,.510,1.4,1.9,.752,0.3,1.5,1.8,1.1,0.6,0.1,0.9,1.1,9.7,2009
10233,408,Henry Walker,SF,21,BOS,29,0,7.4,1.2,2.0,.621,0.0,0.0,.000,1.2,2.0,.632,.621,0.6,0.8,.696,0.3,0.7,1.0,0.4,0.2,0.1,0.6,1.8,3.0,2009
10234,409,Ben Wallace*,PF,34,CLE,56,53,23.5,1.2,2.8,.445,0.0,0.0,,1.2,2.8,.445,.445,0.5,1.1,.422,2.4,4.0,6.5,0.8,0.9,1.3,0.6,1.5,2.9,2009
10235,410,Gerald Wallace,SF,26,CHA,71,71,37.6,5.5,11.4,.480,0.5,1.8,.298,4.9,9.6,.515,.504,5.1,6.4,.804,1.6,6.2,7.8,2.7,1.7,0.9,2.1,3.0,16.6,2009
10236,411,Rasheed Wallace,C,34,DET,66,63,32.2,4.6,10.9,.419,1.7,4.8,.354,2.9,6.1,.471,.498,1.2,1.5,.772,0.8,6.6,7.4,1.4,0.9,1.3,0.9,3.0,12.0,2009
10237,412,Luke Walton,SF,28,LAL,65,34,17.9,2.1,4.7,.436,0.3,0.9,.298,1.8,3.8,.468,.464,0.6,0.9,.719,0.8,1.9,2.8,2.7,0.5,0.2,1.1,1.6,5.0,2009
10238,413,Hakim Warrick,PF,26,MEM,82,7,24.7,4.1,8.5,.491,0.1,0.3,.217,4.1,8.2,.500,.494,3.2,4.6,.711,1.6,3.4,5.0,0.8,0.6,0.5,1.2,2.1,11.6,2009
10239,414,C.J. Watson,PG,24,GSW,77,18,24.5,3.3,7.3,.457,0.6,1.6,.400,2.7,5.7,.473,.500,2.2,2.5,.870,0.5,2.0,2.5,2.7,1.2,0.1,1.2,1.8,9.5,2009
10240,415,Earl Watson,PG,29,OKC,68,18,26.1,2.6,6.7,.384,0.3,1.3,.235,2.3,5.4,.418,.406,1.2,1.6,.755,0.5,2.2,2.7,5.8,0.7,0.2,2.3,2.0,6.6,2009
10241,416,Kyle Weaver,SG,22,OKC,56,19,20.8,2.0,4.4,.459,0.6,1.7,.344,1.4,2.7,.529,.524,0.7,1.0,.707,0.6,1.8,2.3,1.8,0.8,0.4,1.2,1.4,5.3,2009
10242,417,Martell Webster,SF,22,POR,1,0,5.0,0.0,1.0,.000,0.0,1.0,.000,0.0,0.0,,.000,0.0,0.0,,0.0,0.0,0.0,0.0,0.0,0.0,0.0,0.0,0.0,2009
10243,418,Sonny Weems,SG,22,DEN,12,0,4.6,0.7,2.1,.320,0.0,0.3,.000,0.7,1.8,.364,.320,0.3,0.7,.375,0.0,0.3,0.3,0.3,0.1,0.0,0.5,0.7,1.6,2009
10244,419,David West,PF,28,NOH,76,76,39.2,8.0,17.0,.472,0.1,0.3,.240,7.9,16.7,.477,.474,4.8,5.5,.884,2.1,6.4,8.5,2.3,0.6,0.9,2.1,2.7,21.0,2009
10245,420,Delonte West,SG,25,CLE,64,64,33.6,4.5,9.8,.457,1.4,3.6,.399,3.0,6.2,.490,.530,1.4,1.7,.833,0.5,2.7,3.2,3.5,1.5,0.2,1.4,2.0,11.7,2009
10246,Rk,Player,Pos,Age,Tm,G,GS,MP,FG,FGA,FG%,3P,3PA,3P%,2P,2PA,2P%,eFG%,FT,FTA,FT%,ORB,DRB,TRB,AST,STL,BLK,TOV,PF,PTS,2009
10247,421,Mario West,SG,24,ATL,53,3,5.1,0.3,0.6,.412,0.0,0.0,1.000,0.2,0.6,.394,.426,0.3,0.6,.467,0.5,0.6,1.1,0.4,0.3,0.1,0.2,0.7,0.8,2009
10248,422,Russell Westbrook,PG,20,OKC,82,65,32.5,5.3,13.4,.398,0.4,1.6,.271,4.9,11.8,.415,.414,4.3,5.2,.815,2.2,2.7,4.9,5.3,1.3,0.2,3.3,2.3,15.3,2009
10249,423,D.J. White,PF,22,OKC,7,0,18.6,3.7,7.1,.520,0.0,0.0,,3.7,7.1,.520,.520,1.4,1.9,.769,1.4,3.1,4.6,0.9,0.4,0.7,0.4,1.4,8.9,2009
10250,424,James White,SF,26,HOU,4,0,2.8,0.8,1.3,.600,0.3,0.5,.500,0.5,0.8,.667,.700,0.0,0.0,,0.0,0.0,0.0,0.3,0.3,0.3,0.8,0.5,1.8,2009
10251,425,Chris Wilcox,C,26,TOT,62,6,16.9,3.0,6.0,.497,0.0,0.1,.000,3.0,5.9,.503,.497,1.3,2.3,.564,1.5,2.9,4.5,0.8,0.4,0.3,1.2,2.2,7.2,2009
10252,425,Chris Wilcox,C,26,OKC,37,6,19.4,3.5,7.2,.485,0.0,0.1,.000,3.5,7.2,.491,.485,1.4,2.4,.598,1.8,3.5,5.3,0.9,0.5,0.3,1.5,2.4,8.4,2009
10253,425,Chris Wilcox,C,26,NYK,25,0,13.2,2.2,4.1,.529,0.0,0.0,.000,2.2,4.0,.535,.529,1.1,2.1,.509,1.2,2.0,3.3,0.6,0.3,0.2,0.8,1.9,5.4,2009
10254,426,Damien Wilkins,SG,29,OKC,41,14,15.5,1.9,5.2,.362,0.7,1.8,.375,1.2,3.4,.355,.425,0.9,1.1,.804,0.5,1.2,1.7,0.9,0.5,0.2,0.9,1.3,5.3,2009
10255,427,Deron Williams,PG,24,UTA,68,68,36.8,6.8,14.5,.471,1.0,3.3,.310,5.8,11.1,.518,.506,4.8,5.6,.849,0.4,2.5,2.9,10.7,1.1,0.3,3.4,2.0,19.4,2009
10256,428,Jawad Williams,SF,25,CLE,10,0,2.0,0.5,1.2,.417,0.2,0.6,.333,0.3,0.6,.500,.500,0.0,0.0,,0.1,0.1,0.2,0.0,0.1,0.0,0.1,0.2,1.2,2009
10257,429,Lou Williams,SG,22,PHI,81,0,23.7,4.1,10.4,.398,0.8,2.7,.286,3.4,7.7,.438,.435,3.8,4.8,.790,0.4,1.6,2.0,3.0,1.0,0.2,1.9,1.6,12.8,2009
10258,430,Marcus Williams,PG,23,GSW,9,0,6.0,0.4,1.9,.235,0.2,0.7,.333,0.2,1.2,.182,.294,0.2,0.7,.333,0.0,0.4,0.4,1.4,0.1,0.1,0.4,0.7,1.3,2009
10259,431,Marcus Williams,PF,22,SAS,2,0,1.5,1.0,1.0,1.000,0.0,0.0,,1.0,1.0,1.000,1.000,0.0,0.0,,0.0,0.0,0.0,0.0,0.0,0.0,0.0,0.5,2.0,2009
10260,432,Marvin Williams,SF,22,ATL,61,59,34.3,4.7,10.2,.458,0.9,2.5,.355,3.8,7.7,.493,.502,3.6,4.5,.806,1.8,4.5,6.3,1.3,0.9,0.6,1.1,2.1,13.9,2009
10261,433,Mo Williams,PG,26,CLE,81,81,35.0,6.5,13.9,.467,2.3,5.2,.436,4.2,8.7,.486,.548,2.6,2.8,.912,0.6,2.9,3.4,4.1,0.9,0.1,2.2,2.7,17.8,2009
10262,434,Sean Williams,PF,22,NJN,33,0,11.1,0.9,2.2,.417,0.0,0.0,,0.9,2.2,.417,.417,0.6,1.0,.625,1.0,1.4,2.4,0.4,0.2,0.9,0.6,2.2,2.4,2009
10263,435,Shawne Williams,SF,22,DAL,15,0,11.3,1.1,3.7,.286,0.1,1.1,.059,1.0,2.6,.385,.295,0.6,0.7,.818,1.3,1.8,3.1,0.1,0.1,0.6,0.3,1.3,2.8,2009
10264,436,Shelden Williams,PF,25,TOT,45,0,11.4,1.6,3.5,.446,0.0,0.0,.000,1.6,3.4,.452,.446,1.0,1.4,.730,1.1,2.3,3.4,0.3,0.5,0.4,0.8,1.4,4.1,2009
10265,436,Shelden Williams,PF,25,SAC,30,0,10.2,1.3,3.0,.449,0.0,0.1,.000,1.3,2.9,.460,.449,1.1,1.4,.762,0.8,1.8,2.6,0.3,0.4,0.3,0.9,1.2,3.7,2009
10266,436,Shelden Williams,PF,25,MIN,15,0,13.8,2.0,4.5,.441,0.0,0.0,,2.0,4.5,.441,.441,0.9,1.4,.667,1.6,3.4,5.0,0.3,0.7,0.5,0.5,1.9,4.9,2009
10267,437,Metta World Peace,SF,29,HOU,69,55,35.5,6.0,15.0,.401,2.2,5.6,.399,3.8,9.5,.402,.475,2.8,3.8,.748,0.9,4.3,5.2,3.3,1.5,0.3,2.0,2.2,17.1,2009
10268,438,Antoine Wright,SF,24,DAL,65,53,23.9,2.8,6.6,.415,0.7,2.3,.302,2.1,4.3,.475,.468,1.1,1.5,.747,0.5,1.6,2.1,1.2,0.7,0.4,0.8,2.6,7.3,2009
10269,439,Brandan Wright,PF,21,GSW,39,23,17.6,3.3,6.3,.528,0.0,0.1,.000,3.3,6.2,.537,.528,1.6,2.2,.741,1.6,2.4,4.0,0.5,0.6,0.9,0.6,1.9,8.3,2009
10270,440,Dorell Wright,SF,23,MIA,6,0,12.2,1.3,3.3,.400,0.0,0.0,,1.3,3.3,.400,.400,0.3,1.0,.333,0.3,3.0,3.3,0.3,0.3,0.0,1.0,1.3,3.0,2009
10271,Rk,Player,Pos,Age,Tm,G,GS,MP,FG,FGA,FG%,3P,3PA,3P%,2P,2PA,2P%,eFG%,FT,FTA,FT%,ORB,DRB,TRB,AST,STL,BLK,TOV,PF,PTS,2009
10272,441,Julian Wright,SF,21,NOH,54,19,14.3,2.0,4.3,.466,0.0,0.4,.095,2.0,3.9,.502,.470,0.3,0.6,.567,0.9,2.0,2.8,0.8,0.6,0.4,0.8,0.9,4.4,2009
10273,442,Lorenzen Wright,C,33,CLE,17,2,7.4,0.6,1.6,.370,0.0,0.0,,0.6,1.6,.370,.370,0.2,0.5,.375,0.4,1.1,1.5,0.2,0.2,0.3,0.5,1.0,1.4,2009
10274,443,Nick Young,SG,23,WAS,82,5,22.4,4.1,9.2,.444,0.7,2.0,.341,3.4,7.2,.473,.481,2.0,2.4,.850,0.4,1.5,1.8,1.2,0.5,0.2,1.1,1.7,10.9,2009
10275,444,Thaddeus Young,PF,20,PHI,75,71,34.4,6.3,12.8,.495,0.7,2.2,.341,5.6,10.6,.526,.524,1.9,2.5,.735,1.9,3.2,5.0,1.1,1.3,0.3,1.6,2.2,15.3,2009
10276,445,Sun Yue,SG,23,LAL,10,0,2.8,0.3,1.1,.273,0.0,0.6,.000,0.3,0.5,.600,.273,0.0,0.0,,0.0,0.0,0.0,0.2,0.1,0.1,0.3,1.0,0.6,2009
10277,1,Arron Afflalo,SG,24,DEN,82,75,27.1,3.3,7.1,.465,1.3,3.0,.434,2.0,4.1,.488,.557,0.9,1.2,.735,0.7,2.4,3.1,1.7,0.6,0.4,0.9,2.7,8.8,2010
10278,2,Alexis Ajinça,C,21,CHA,6,0,5.0,0.8,1.7,.500,0.0,0.0,,0.8,1.7,.500,.500,0.0,0.2,.000,0.2,0.5,0.7,0.0,0.2,0.2,0.3,0.8,1.7,2010
10279,3,LaMarcus Aldridge,PF,24,POR,78,78,37.5,7.4,15.0,.495,0.1,0.2,.313,7.4,14.8,.498,.497,2.9,3.9,.757,2.5,5.6,8.0,2.1,0.9,0.6,1.3,3.0,17.9,2010
10280,4,Joe Alexander,SF,23,CHI,8,0,3.6,0.1,0.8,.167,0.0,0.1,.000,0.1,0.6,.200,.167,0.3,0.4,.667,0.3,0.4,0.6,0.3,0.1,0.1,0.0,1.1,0.5,2010
10281,5,Malik Allen,PF,31,DEN,51,3,8.9,0.9,2.3,.397,0.0,0.1,.167,0.9,2.2,.409,.401,0.2,0.3,.923,0.7,0.9,1.6,0.3,0.2,0.1,0.4,1.3,2.1,2010
10282,6,Ray Allen*,SG,34,BOS,80,80,35.2,5.8,12.2,.477,1.8,5.0,.363,4.0,7.2,.556,.551,2.9,3.2,.913,0.6,2.6,3.2,2.6,0.8,0.3,1.6,2.3,16.3,2010
10283,7,Tony Allen,SG,28,BOS,54,8,16.5,2.4,4.7,.510,0.0,0.1,.000,2.4,4.6,.520,.510,1.3,2.2,.605,1.0,1.7,2.7,1.3,1.1,0.4,1.2,2.0,6.1,2010
10284,8,Rafer Alston,PG,33,TOT,52,38,27.3,3.0,8.6,.348,1.1,3.2,.345,1.9,5.3,.349,.413,1.1,1.6,.728,0.3,2.2,2.5,3.4,1.0,0.2,1.8,2.0,8.2,2010
10285,8,Rafer Alston,PG,33,NJN,27,13,28.4,3.5,10.3,.343,1.0,3.2,.322,2.5,7.0,.353,.394,1.6,2.0,.815,0.3,2.4,2.8,3.9,1.0,0.2,2.3,1.9,9.7,2010
10286,8,Rafer Alston,PG,33,MIA,25,25,26.2,2.4,6.8,.355,1.2,3.2,.370,1.2,3.5,.341,.444,0.6,1.1,.556,0.2,2.0,2.2,2.9,0.9,0.2,1.4,2.1,6.6,2010
10287,9,Lou Amundson,PF,27,PHO,79,0,14.8,1.9,3.5,.551,0.0,0.0,.000,1.9,3.5,.553,.551,0.8,1.6,.545,1.6,2.8,4.4,0.4,0.3,0.9,0.7,2.1,4.7,2010
10288,10,Chris Andersen,PF,31,DEN,76,0,22.3,1.9,3.3,.566,0.0,0.0,.000,1.9,3.3,.573,.566,2.2,3.1,.695,1.9,4.4,6.4,0.4,0.6,1.9,0.8,2.3,5.9,2010
10289,11,David Andersen,C,29,HOU,63,0,14.1,2.3,5.4,.432,0.4,1.2,.346,1.9,4.2,.458,.472,0.7,1.1,.687,0.9,2.4,3.3,0.7,0.2,0.2,0.6,1.9,5.8,2010
10290,12,Antonio Anderson,SF,24,OKC,1,0,15.0,1.0,3.0,.333,0.0,0.0,,1.0,3.0,.333,.333,0.0,0.0,,1.0,0.0,1.0,0.0,0.0,0.0,1.0,1.0,2.0,2010
10291,13,Ryan Anderson,PF,21,ORL,63,6,14.5,2.7,6.2,.436,1.2,3.3,.370,1.4,2.8,.514,.536,1.1,1.3,.866,1.1,2.1,3.2,0.6,0.4,0.2,0.9,1.3,7.7,2010
10292,14,Carmelo Anthony,SF,25,DEN,69,69,38.2,10.0,21.8,.458,0.9,2.7,.316,9.1,19.1,.478,.478,7.4,8.9,.830,2.2,4.4,6.6,3.2,1.3,0.4,3.0,3.3,28.2,2010
10293,15,Joel Anthony,C,27,MIA,80,16,16.5,1.0,2.0,.478,0.0,0.0,,1.0,2.0,.478,.478,0.8,1.2,.717,1.5,1.6,3.1,0.2,0.3,1.4,0.6,2.0,2.7,2010
10294,16,Gilbert Arenas,PG,28,WAS,32,32,36.5,7.9,19.3,.411,2.0,5.7,.348,5.9,13.6,.437,.462,4.8,6.5,.739,0.5,3.6,4.2,7.2,1.3,0.3,3.7,3.0,22.6,2010
10295,17,Trevor Ariza,SF,24,HOU,72,71,36.5,5.5,13.9,.394,1.9,5.7,.334,3.6,8.2,.436,.462,2.1,3.2,.649,1.1,4.5,5.6,3.8,1.8,0.6,2.2,2.3,14.9,2010
10296,18,Hilton Armstrong,PF-C,25,TOT,33,0,10.2,0.8,2.4,.354,0.0,0.0,.000,0.8,2.4,.359,.354,0.5,1.0,.469,0.8,1.6,2.5,0.6,0.5,0.4,0.7,1.8,2.2,2010
10297,18,Hilton Armstrong,PF,25,NOH,18,0,13.3,1.1,2.8,.380,0.0,0.0,,1.1,2.8,.380,.380,0.7,1.6,.464,0.9,2.4,3.4,0.9,0.4,0.4,0.7,2.4,2.8,2010
10298,18,Hilton Armstrong,C,25,SAC,6,0,9.3,0.7,2.0,.333,0.0,0.0,,0.7,2.0,.333,.333,0.3,0.3,1.000,0.8,1.5,2.3,0.3,0.3,0.7,0.7,0.8,1.7,2010
10299,18,Hilton Armstrong,C,25,HOU,9,0,4.4,0.6,1.9,.294,0.0,0.1,.000,0.6,1.8,.313,.294,0.0,0.2,.000,0.6,0.1,0.7,0.3,0.6,0.0,0.6,1.1,1.1,2010
10300,19,Carlos Arroyo,PG,30,MIA,72,35,22.0,2.5,5.2,.475,0.1,0.3,.280,2.4,4.9,.489,.484,1.1,1.3,.844,0.4,1.4,1.8,3.1,0.5,0.1,0.8,1.4,6.1,2010
10301,20,Darrell Arthur,PF,21,MEM,32,1,14.3,2.0,4.6,.432,0.0,0.0,.000,2.0,4.5,.434,.432,0.5,0.9,.567,1.2,2.3,3.4,0.5,0.4,0.4,0.7,1.9,4.5,2010
10302,21,Chucky Atkins,PG,35,DET,40,11,16.1,1.4,3.9,.363,0.6,1.8,.301,0.9,2.1,.417,.433,0.6,0.7,.926,0.1,0.6,0.7,2.3,0.4,0.0,0.8,1.3,4.0,2010
10303,22,D.J. Augustin,PG,22,CHA,80,2,18.4,2.1,5.4,.386,0.9,2.2,.393,1.2,3.2,.381,.467,1.3,1.6,.779,0.1,1.1,1.2,2.4,0.6,0.1,0.9,1.6,6.4,2010
10304,23,Jeff Ayres,C,22,POR,39,4,10.4,1.1,1.7,.662,0.0,0.0,,1.1,1.7,.662,.662,0.5,0.5,.900,0.6,1.9,2.5,0.0,0.2,0.4,0.3,1.9,2.7,2010
10305,24,Kelenna Azubuike,SF,26,GSW,9,7,25.7,5.3,9.8,.545,1.1,3.0,.370,4.2,6.8,.623,.602,2.1,3.1,.679,1.3,3.2,4.6,1.1,0.6,1.0,0.8,1.8,13.9,2010
10306,25,Renaldo Balkman,SF,25,DEN,13,1,7.0,0.5,1.4,.333,0.0,0.5,.000,0.5,0.8,.545,.333,0.2,0.5,.333,0.3,1.5,1.8,0.5,0.6,0.2,0.5,1.2,1.1,2010
10307,26,Marcus Banks,PG,28,TOR,22,0,11.1,1.8,3.3,.534,0.3,1.1,.292,1.5,2.2,.653,.582,1.1,1.3,.828,0.1,0.9,1.0,1.2,0.5,0.1,0.9,1.4,5.0,2010
10308,27,Leandro Barbosa,PG,27,PHO,44,5,17.9,3.5,8.3,.425,1.0,3.1,.324,2.5,5.2,.485,.485,1.5,1.7,.877,0.3,1.3,1.6,1.5,0.5,0.3,1.0,1.6,9.5,2010
10309,28,J.J. Barea,PG,25,DAL,78,18,19.8,3.0,6.8,.440,0.7,2.0,.357,2.3,4.7,.476,.493,1.0,1.2,.844,0.2,1.7,1.9,3.3,0.4,0.1,1.3,1.5,7.6,2010
10310,29,Andrea Bargnani,PF,24,TOR,80,80,35.0,6.7,14.3,.470,1.5,4.1,.372,5.2,10.2,.509,.523,2.3,2.9,.774,1.3,4.9,6.2,1.2,0.3,1.4,1.5,2.7,17.2,2010
10311,30,Matt Barnes,SF,29,ORL,81,58,25.9,3.3,6.9,.487,0.8,2.6,.319,2.5,4.3,.586,.546,1.3,1.8,.740,1.3,4.2,5.5,1.7,0.7,0.4,1.4,2.3,8.8,2010
10312,31,Earl Barron,C,28,NYK,7,6,33.1,4.3,9.7,.441,0.0,0.0,,4.3,9.7,.441,.441,3.1,4.1,.759,4.4,6.6,11.0,1.1,0.6,0.6,1.6,3.4,11.7,2010
10313,32,Brandon Bass,PF,24,ORL,50,3,13.0,2.4,4.7,.511,0.0,0.0,,2.4,4.7,.511,.511,1.0,1.3,.825,1.1,1.5,2.5,0.4,0.2,0.5,0.6,1.4,5.8,2010
10314,33,Tony Battie,C,33,NJN,15,0,8.9,0.9,2.7,.350,0.1,0.3,.250,0.9,2.4,.361,.363,0.5,0.7,.700,0.3,1.3,1.5,0.2,0.3,0.1,0.2,1.3,2.4,2010
10315,34,Shane Battier,SG,31,HOU,67,62,32.4,2.7,6.7,.398,1.5,4.2,.362,1.1,2.5,.458,.511,1.1,1.6,.726,1.1,3.6,4.7,2.4,0.8,1.1,1.0,2.1,8.0,2010
10316,35,Nicolas Batum,SF,21,POR,37,25,24.8,3.8,7.2,.519,1.5,3.6,.409,2.3,3.7,.625,.619,1.2,1.4,.843,0.9,2.9,3.8,1.2,0.6,0.7,0.7,2.2,10.1,2010
10317,36,Jerryd Bayless,SG,21,POR,74,11,17.6,2.7,6.5,.414,0.4,1.2,.315,2.3,5.3,.437,.444,2.7,3.3,.831,0.2,1.4,1.6,2.3,0.4,0.1,1.3,2.1,8.5,2010
10318,37,Michael Beasley,PF,21,MIA,78,78,29.8,6.0,13.3,.450,0.4,1.3,.275,5.6,12.0,.469,.463,2.5,3.1,.800,1.6,4.8,6.4,1.3,1.0,0.6,1.7,2.8,14.8,2010
10319,38,Rodrigue Beaubois,PG,21,DAL,56,16,12.5,2.8,5.3,.518,0.8,2.0,.409,2.0,3.4,.582,.594,0.8,0.9,.808,0.2,1.2,1.4,1.3,0.5,0.2,1.0,1.5,7.1,2010
10320,39,Marco Belinelli,SG,23,TOR,66,1,17.0,2.3,5.7,.406,0.9,2.4,.380,1.4,3.3,.425,.485,1.5,1.8,.835,0.2,1.2,1.4,1.3,0.6,0.1,0.9,1.2,7.1,2010
10321,40,Charlie Bell,SG,30,MIL,71,39,22.7,2.4,6.2,.381,1.0,2.8,.365,1.4,3.4,.395,.464,0.7,0.9,.716,0.4,1.4,1.9,1.5,0.5,0.2,0.8,1.9,6.5,2010
10322,Rk,Player,Pos,Age,Tm,G,GS,MP,FG,FGA,FG%,3P,3PA,3P%,2P,2PA,2P%,eFG%,FT,FTA,FT%,ORB,DRB,TRB,AST,STL,BLK,TOV,PF,PTS,2010
10323,41,Raja Bell,SG,33,TOT,6,5,30.0,4.7,10.2,.459,2.0,4.5,.444,2.7,5.7,.471,.557,0.5,0.5,1.000,0.8,3.0,3.8,2.2,0.7,0.3,0.8,2.5,11.8,2010
10324,41,Raja Bell,SG,33,CHA,5,5,31.4,4.8,11.0,.436,1.8,4.8,.375,3.0,6.2,.484,.518,0.6,0.6,1.000,1.0,3.2,4.2,2.0,0.8,0.4,1.0,2.6,12.0,2010
10325,41,Raja Bell,SG,33,GSW,1,0,23.0,4.0,6.0,.667,3.0,3.0,1.000,1.0,3.0,.333,.917,0.0,0.0,,0.0,2.0,2.0,3.0,0.0,0.0,0.0,2.0,11.0,2010
10326,42,Jonathan Bender,SF,29,NYK,25,1,11.7,1.6,4.0,.400,0.6,1.6,.359,1.0,2.4,.426,.470,1.0,1.0,.923,0.6,1.5,2.1,0.6,0.1,0.7,1.1,1.3,4.7,2010
10327,43,Mike Bibby,PG,31,ATL,80,80,27.4,3.4,8.1,.416,1.6,4.1,.389,1.8,4.0,.444,.514,0.9,1.0,.861,0.3,2.1,2.3,3.9,0.8,0.0,1.1,2.0,9.1,2010
10328,44,Andris Biedriņš,C,23,GSW,33,29,23.1,2.5,4.2,.591,0.0,0.0,,2.5,4.2,.591,.591,0.1,0.8,.160,1.9,5.9,7.8,1.7,0.6,1.3,1.0,3.5,5.0,2010
10329,45,Chauncey Billups,PG,33,DEN,73,73,34.1,5.5,13.2,.418,2.2,5.6,.386,3.4,7.6,.441,.499,6.4,7.0,.910,0.3,2.8,3.1,5.6,1.1,0.1,2.4,2.1,19.5,2010
10330,46,DeJuan Blair,PF,20,SAS,82,23,18.2,3.4,6.0,.556,0.0,0.0,.000,3.4,6.0,.558,.556,1.1,2.0,.547,2.4,4.0,6.4,0.8,0.6,0.5,1.4,2.7,7.8,2010
10331,47,Steve Blake,PG,29,TOT,80,38,27.0,2.7,6.5,.416,1.5,3.7,.395,1.3,2.9,.443,.527,0.5,0.6,.750,0.3,2.1,2.3,4.8,0.7,0.1,1.6,1.5,7.3,2010
10332,47,Steve Blake,PG,29,POR,51,28,27.4,2.8,7.0,.403,1.5,4.1,.377,1.3,2.9,.439,.513,0.5,0.6,.750,0.3,2.0,2.3,4.0,0.7,0.0,1.3,1.6,7.6,2010
10333,47,Steve Blake,PG,29,LAC,29,10,26.3,2.6,5.8,.443,1.3,3.0,.437,1.2,2.8,.450,.557,0.4,0.6,.750,0.2,2.2,2.4,6.1,0.7,0.1,2.2,1.3,6.8,2010
10334,48,Andray Blatche,PF,23,WAS,81,36,27.9,5.9,12.3,.478,0.2,0.5,.295,5.7,11.8,.487,.485,2.1,2.9,.744,2.0,4.3,6.3,2.1,1.0,0.9,2.2,2.7,14.1,2010
10335,49,Keith Bogans,SF,29,SAS,79,50,19.7,1.5,3.8,.403,0.9,2.5,.357,0.6,1.3,.490,.520,0.5,0.6,.740,0.3,1.9,2.2,1.2,0.6,0.2,0.7,2.0,4.4,2010
10336,50,Andrew Bogut,C,25,MIL,69,69,32.3,6.9,13.2,.520,0.0,0.0,.000,6.9,13.2,.521,.520,2.2,3.4,.629,3.0,7.1,10.2,1.8,0.6,2.5,1.9,3.2,15.9,2010
10337,51,Matt Bonner,PF,29,SAS,65,8,17.9,2.6,5.7,.446,1.4,3.6,.390,1.2,2.2,.539,.567,0.5,0.7,.729,0.8,2.5,3.3,1.0,0.5,0.4,0.6,1.7,7.0,2010
10338,52,Josh Boone,PF,25,NJN,63,28,16.6,1.9,3.5,.525,0.0,0.0,,1.9,3.5,.525,.525,0.3,0.9,.328,2.0,3.0,5.0,0.5,0.5,0.8,0.6,1.8,4.0,2010
10339,53,Carlos Boozer,PF,28,UTA,78,78,34.3,7.9,14.1,.562,0.0,0.0,,7.9,14.1,.562,.562,3.7,4.9,.742,2.3,8.9,11.2,3.2,1.1,0.5,2.7,3.5,19.5,2010
10340,54,Chris Bosh*,C,25,TOR,70,70,36.1,8.6,16.5,.518,0.1,0.3,.364,8.5,16.2,.521,.522,6.7,8.4,.797,2.9,7.9,10.8,2.4,0.6,1.0,2.4,2.4,24.0,2010
10341,55,Ryan Bowen,SF,34,OKC,1,0,8.0,1.0,1.0,1.000,0.0,0.0,,1.0,1.0,1.000,1.000,2.0,2.0,1.000,1.0,1.0,2.0,0.0,1.0,0.0,0.0,2.0,4.0,2010
10342,56,Earl Boykins,PG,33,WAS,67,1,16.7,2.6,6.0,.427,0.3,0.9,.317,2.3,5.1,.446,.450,1.1,1.3,.865,0.3,0.9,1.1,2.6,0.4,0.0,1.0,0.7,6.6,2010
10343,57,Elton Brand,PF,30,PHI,76,57,30.2,5.4,11.3,.480,0.0,0.0,.000,5.4,11.3,.481,.480,2.3,3.1,.738,2.4,3.7,6.1,1.4,1.1,1.1,1.7,3.1,13.1,2010
10344,58,Corey Brewer,SG,23,MIN,82,82,30.3,5.0,11.6,.431,1.0,2.9,.346,4.0,8.7,.459,.474,2.0,3.1,.648,0.9,2.5,3.4,2.4,1.4,0.4,2.0,2.7,13.0,2010
10345,59,Ronnie Brewer,SG,24,TOT,58,53,30.0,3.6,7.4,.487,0.1,0.5,.258,3.5,6.9,.505,.497,1.5,2.3,.639,0.8,2.4,3.2,2.7,1.6,0.3,0.9,1.4,8.8,2010
10346,59,Ronnie Brewer,SG,24,UTA,53,53,31.4,3.9,7.8,.495,0.2,0.6,.258,3.7,7.3,.514,.505,1.5,2.4,.633,0.8,2.6,3.4,2.8,1.6,0.3,1.0,1.5,9.5,2010
10347,59,Ronnie Brewer,SG,24,MEM,5,0,16.0,0.6,2.6,.231,0.0,0.0,,0.6,2.6,.231,.231,0.8,1.0,.800,0.2,1.2,1.4,0.6,1.2,0.0,0.4,0.0,2.0,2010
10348,60,Primož Brezec,C,30,TOT,21,0,4.5,0.4,1.2,.346,0.0,0.0,,0.4,1.2,.346,.346,0.0,0.3,.167,0.6,0.6,1.2,0.0,0.0,0.1,0.1,0.9,0.9,2010
10349,60,Primož Brezec,C,30,PHI,7,0,5.1,0.3,1.9,.154,0.0,0.0,,0.3,1.9,.154,.154,0.1,0.3,.500,0.9,0.9,1.7,0.0,0.1,0.1,0.0,1.3,0.7,2010
10350,60,Primož Brezec,C,30,MIL,14,0,4.2,0.5,0.9,.538,0.0,0.0,,0.5,0.9,.538,.538,0.0,0.3,.000,0.4,0.5,0.9,0.1,0.0,0.1,0.1,0.7,1.0,2010
10351,Rk,Player,Pos,Age,Tm,G,GS,MP,FG,FGA,FG%,3P,3PA,3P%,2P,2PA,2P%,eFG%,FT,FTA,FT%,ORB,DRB,TRB,AST,STL,BLK,TOV,PF,PTS,2010
10352,61,Jon Brockman,PF,22,SAC,52,4,12.6,1.1,2.0,.534,0.0,0.0,,1.1,2.0,.534,.534,0.7,1.2,.597,2.0,2.1,4.1,0.4,0.3,0.1,0.4,2.2,2.8,2010
10353,62,Aaron Brooks,PG,25,HOU,82,82,35.6,7.0,16.2,.432,2.5,6.4,.398,4.5,9.8,.454,.511,3.0,3.6,.822,0.7,2.0,2.6,5.3,0.8,0.2,2.8,2.4,19.6,2010
10354,63,Bobby Brown,PG,25,TOT,45,0,11.5,2.0,5.3,.371,0.6,2.2,.265,1.4,3.1,.446,.426,0.3,0.3,.867,0.2,0.6,0.8,2.0,0.3,0.0,1.0,0.9,4.8,2010
10355,63,Bobby Brown,PG,25,NOH,22,0,14.9,2.7,6.9,.395,0.8,3.0,.258,2.0,3.9,.500,.451,0.4,0.4,1.000,0.0,0.8,0.8,2.1,0.4,0.0,1.1,1.3,6.6,2010
10356,63,Bobby Brown,PG,25,LAC,23,0,8.3,1.2,3.7,.329,0.4,1.4,.281,0.8,2.3,.358,.382,0.2,0.3,.714,0.3,0.5,0.9,1.8,0.3,0.0,1.0,0.6,3.0,2010
10357,64,Derrick Brown,SF,22,CHA,57,0,9.4,1.2,2.6,.463,0.0,0.1,.286,1.2,2.5,.471,.469,0.8,1.3,.667,0.5,0.8,1.4,0.3,0.4,0.2,0.3,0.9,3.3,2010
10358,65,Devin Brown,SG,31,TOT,50,37,21.2,2.7,7.2,.377,1.2,3.3,.354,1.6,3.9,.396,.457,1.4,1.7,.802,0.6,1.9,2.5,1.3,0.7,0.1,1.2,1.4,8.0,2010
10359,65,Devin Brown,SG,31,NOH,39,37,24.8,3.3,8.3,.394,1.4,3.8,.367,1.9,4.6,.416,.477,1.8,2.2,.802,0.7,2.1,2.8,1.5,0.8,0.1,1.5,1.6,9.7,2010
10360,65,Devin Brown,SG,31,CHI,11,0,8.5,0.7,3.3,.222,0.4,1.5,.235,0.4,1.7,.211,.278,0.0,0.0,,0.2,1.2,1.4,0.6,0.3,0.1,0.5,0.9,1.8,2010
10361,66,Kwame Brown,C,27,DET,48,1,13.8,1.3,2.6,.500,0.0,0.0,.000,1.3,2.6,.504,.500,0.7,2.0,.337,1.1,2.6,3.7,0.5,0.3,0.3,0.9,1.9,3.3,2010
10362,67,Shannon Brown,SG,24,LAL,82,7,20.7,3.1,7.2,.427,0.8,2.3,.328,2.3,4.9,.474,.480,1.2,1.5,.818,0.4,1.9,2.2,1.3,0.7,0.4,0.8,1.6,8.1,2010
10363,68,Kobe Bryant*,SG,31,LAL,73,73,38.8,9.8,21.5,.456,1.4,4.1,.329,8.5,17.4,.487,.488,6.0,7.4,.811,1.1,4.3,5.4,5.0,1.5,0.3,3.2,2.6,27.0,2010
10364,69,Chase Budinger,SF,21,HOU,74,4,20.1,3.4,7.6,.441,1.2,3.4,.369,2.1,4.3,.497,.522,0.9,1.2,.770,0.5,2.5,3.0,1.2,0.5,0.1,0.6,1.1,8.9,2010
10365,70,Caron Butler,SF-SG,29,TOT,74,74,37.6,6.1,14.2,.428,0.6,2.0,.290,5.5,12.2,.450,.448,3.6,4.3,.838,1.4,4.8,6.2,2.1,1.6,0.3,2.2,2.6,16.3,2010
10366,70,Caron Butler,SF,29,WAS,47,47,39.4,6.2,14.8,.422,0.5,2.0,.263,5.7,12.7,.447,.440,3.9,4.5,.877,1.4,5.3,6.7,2.3,1.4,0.3,2.4,2.7,16.9,2010
10367,70,Caron Butler,SG,29,DAL,27,27,34.4,5.8,13.2,.440,0.6,1.9,.340,5.2,11.4,.456,.464,2.9,3.9,.760,1.3,4.0,5.4,1.8,1.8,0.3,1.7,2.5,15.2,2010
10368,71,Rasual Butler,SF,30,LAC,82,64,33.0,4.3,10.6,.409,1.8,5.3,.336,2.6,5.3,.482,.493,1.5,1.8,.841,0.5,2.5,2.9,1.4,0.4,0.8,1.0,1.5,11.9,2010
10369,72,Andrew Bynum,C,22,LAL,65,65,30.4,6.0,10.6,.570,0.0,0.0,.000,6.0,10.6,.571,.570,3.0,4.0,.739,2.7,5.6,8.3,1.0,0.5,1.4,1.8,3.0,15.0,2010
10370,73,Will Bynum,PG,27,DET,63,20,26.5,3.8,8.5,.444,0.2,0.9,.218,3.6,7.6,.470,.455,2.3,2.8,.798,0.4,1.9,2.3,4.5,0.9,0.1,1.8,2.3,10.0,2010
10371,74,José Calderón,PG,28,TOR,68,39,26.7,4.0,8.4,.482,1.0,2.5,.398,3.0,5.8,.519,.542,1.2,1.5,.798,0.3,1.8,2.1,5.9,0.7,0.1,1.5,2.0,10.3,2010
10372,75,Marcus Camby,PF-C,35,TOT,74,74,31.3,3.2,6.8,.475,0.0,0.1,.286,3.2,6.7,.478,.477,1.1,1.6,.639,3.4,8.4,11.8,2.5,1.3,2.0,1.2,2.2,7.5,2010
10373,75,Marcus Camby,PF,35,LAC,51,51,31.3,3.3,7.0,.466,0.0,0.1,.333,3.2,6.9,.469,.469,1.2,1.8,.659,3.3,8.8,12.1,3.0,1.4,1.9,1.3,2.1,7.7,2010
10374,75,Marcus Camby,C,35,POR,23,23,31.2,3.1,6.3,.497,0.0,0.0,.000,3.1,6.3,.500,.497,0.8,1.3,.581,3.6,7.5,11.1,1.5,1.1,2.0,1.2,2.4,7.0,2010
10375,76,Brian Cardinal,PF,32,MIN,29,0,9.2,0.5,1.2,.389,0.1,0.3,.333,0.4,0.9,.407,.431,0.6,0.6,.944,0.2,0.8,1.0,0.8,0.3,0.1,0.2,1.9,1.7,2010
10376,77,Rodney Carney,SG,25,PHI,68,0,12.6,1.7,4.1,.401,0.6,2.0,.304,1.1,2.2,.490,.473,0.8,0.9,.825,0.4,1.6,2.0,0.5,0.4,0.3,0.3,1.2,4.7,2010
10377,78,DeMarre Carroll,SF,23,MEM,71,1,11.2,1.2,3.1,.396,0.0,0.1,.000,1.2,3.0,.407,.396,0.5,0.7,.623,0.7,1.4,2.1,0.5,0.4,0.1,0.3,1.5,2.9,2010
10378,79,Matt Carroll,SG,29,DAL,25,0,4.8,0.7,2.0,.360,0.2,0.8,.211,0.6,1.2,.452,.400,0.2,0.2,1.000,0.2,0.3,0.5,0.2,0.2,0.0,0.3,0.5,1.8,2010
10379,80,Anthony Carter,PG,34,DEN,54,7,15.9,1.4,3.4,.420,0.3,1.2,.270,1.1,2.2,.500,.467,0.2,0.2,.846,0.3,1.3,1.6,3.0,0.7,0.2,1.1,1.3,3.3,2010
10380,Rk,Player,Pos,Age,Tm,G,GS,MP,FG,FGA,FG%,3P,3PA,3P%,2P,2PA,2P%,eFG%,FT,FTA,FT%,ORB,DRB,TRB,AST,STL,BLK,TOV,PF,PTS,2010
10381,81,Vince Carter,SG,33,ORL,75,74,30.8,5.8,13.5,.428,1.6,4.3,.367,4.2,9.2,.456,.486,3.4,4.1,.840,0.4,3.5,3.9,3.1,0.7,0.2,1.4,2.5,16.6,2010
10382,82,Omri Casspi,SF,21,SAC,77,31,25.1,3.9,8.7,.446,1.0,2.6,.369,2.9,6.1,.480,.502,1.5,2.3,.672,1.0,3.6,4.5,1.2,0.7,0.2,1.3,1.6,10.3,2010
10383,83,Mario Chalmers,PG,23,MIA,73,22,24.8,2.5,6.2,.401,1.0,3.2,.318,1.5,3.0,.491,.483,1.1,1.5,.745,0.3,1.5,1.8,3.4,1.2,0.2,1.7,2.4,7.1,2010
10384,84,Tyson Chandler,C,27,CHA,51,27,22.8,2.1,3.7,.574,0.0,0.0,,2.1,3.7,.574,.574,2.3,3.1,.732,2.2,4.0,6.3,0.3,0.3,1.1,1.8,2.7,6.5,2010
10385,85,Wilson Chandler,SG,22,NYK,65,64,35.7,6.3,13.2,.479,0.6,2.3,.267,5.7,10.9,.524,.502,2.0,2.5,.806,1.4,3.9,5.4,2.1,0.7,0.8,1.7,2.8,15.3,2010
10386,86,Earl Clark,PF,22,PHO,51,0,7.5,1.1,3.0,.371,0.0,0.1,.400,1.1,2.9,.370,.377,0.5,0.7,.722,0.4,0.9,1.2,0.4,0.1,0.3,0.5,0.5,2.7,2010
10387,87,Jarron Collins,C,31,PHO,34,10,7.7,0.4,0.9,.387,0.0,0.0,,0.4,0.9,.387,.387,0.3,0.7,.400,0.6,1.2,1.8,0.2,0.1,0.1,0.3,1.2,1.0,2010
10388,88,Jason Collins,C,31,ATL,24,0,4.8,0.3,1.0,.348,0.0,0.0,.000,0.3,0.9,.364,.348,0.0,0.1,.000,0.2,0.4,0.6,0.2,0.1,0.1,0.2,0.9,0.7,2010
10389,89,Mardy Collins,SG,25,LAC,43,0,10.9,1.1,3.0,.367,0.1,0.4,.235,1.0,2.6,.387,.383,0.3,0.5,.619,0.3,0.9,1.2,1.0,0.5,0.0,0.7,1.0,2.6,2010
10390,90,Darren Collison,PG,22,NOH,76,37,27.8,4.9,10.4,.477,0.6,1.5,.400,4.3,8.9,.490,.506,1.9,2.3,.851,0.5,2.0,2.5,5.7,1.0,0.1,2.7,1.2,12.4,2010
10391,91,Nick Collison,C,29,OKC,75,5,20.8,2.4,4.1,.589,0.0,0.1,.250,2.4,4.1,.593,.591,1.0,1.4,.692,2.0,3.1,5.1,0.5,0.5,0.6,0.8,3.1,5.9,2010
10392,92,Mike Conley,PG,22,MEM,80,80,32.1,4.6,10.4,.445,1.0,2.7,.387,3.6,7.7,.464,.494,1.7,2.3,.743,0.4,2.0,2.4,5.3,1.4,0.2,2.1,2.2,12.0,2010
10393,93,Will Conroy,PG,27,HOU,5,0,7.2,0.6,2.0,.300,0.0,0.6,.000,0.6,1.4,.429,.300,0.0,0.4,.000,0.0,0.6,0.6,1.4,0.0,0.0,0.8,1.0,1.2,2010
10394,94,Brian Cook,PF,29,HOU,15,0,2.9,0.5,1.5,.304,0.1,0.6,.222,0.3,0.9,.357,.348,0.3,0.5,.714,0.1,0.5,0.6,0.1,0.0,0.1,0.4,0.3,1.4,2010
10395,95,Daequan Cook,SG,22,MIA,45,3,15.4,1.8,5.6,.320,0.9,2.8,.317,0.9,2.8,.323,.399,0.5,0.6,.840,0.2,1.6,1.8,1.0,0.3,0.2,0.5,1.1,5.0,2010
10396,96,Jamal Crawford,SG,29,ATL,79,0,31.1,6.3,14.0,.449,2.1,5.4,.382,4.2,8.6,.491,.523,3.4,4.0,.857,0.4,2.1,2.5,3.0,0.8,0.2,1.7,1.7,18.0,2010
10397,97,Dante Cunningham,PF,22,POR,63,2,11.2,1.7,3.4,.495,0.0,0.0,.000,1.7,3.4,.500,.495,0.5,0.8,.646,0.9,1.7,2.5,0.2,0.4,0.3,0.2,1.5,3.9,2010
10398,98,Eddy Curry,C,27,NYK,7,0,8.9,1.1,3.0,.381,0.0,0.0,,1.1,3.0,.381,.381,1.4,2.4,.588,0.6,1.3,1.9,0.0,0.0,0.1,1.9,1.9,3.7,2010
10399,99,JamesOn Curry,PG,24,LAC,1,0,0.0,0.0,0.0,,0.0,0.0,,0.0,0.0,,,0.0,0.0,,0.0,0.0,0.0,0.0,0.0,0.0,0.0,0.0,0.0,2010
10400,100,Stephen Curry,PG,21,GSW,80,77,36.2,6.6,14.3,.462,2.1,4.8,.437,4.5,9.5,.474,.535,2.2,2.5,.885,0.6,3.9,4.5,5.9,1.9,0.2,3.0,3.2,17.5,2010
10401,Rk,Player,Pos,Age,Tm,G,GS,MP,FG,FGA,FG%,3P,3PA,3P%,2P,2PA,2P%,eFG%,FT,FTA,FT%,ORB,DRB,TRB,AST,STL,BLK,TOV,PF,PTS,2010
10402,101,Samuel Dalembert,C,28,PHI,82,80,25.9,3.5,6.4,.545,0.0,0.0,,3.5,6.4,.545,.545,1.2,1.6,.729,2.9,6.6,9.6,0.8,0.5,1.8,1.5,3.1,8.1,2010
10403,102,Erick Dampier,C,34,DAL,55,47,23.3,2.4,3.9,.624,0.0,0.1,.333,2.4,3.8,.629,.627,1.1,1.8,.604,2.3,4.9,7.3,0.6,0.3,1.4,1.1,2.8,6.0,2010
10404,103,Marquis Daniels,SF,29,BOS,51,4,18.4,2.4,4.9,.498,0.1,0.5,.214,2.3,4.3,.534,.510,0.7,1.1,.607,0.5,1.3,1.9,1.3,0.5,0.1,0.8,1.8,5.6,2010
10405,104,Baron Davis,PG,30,LAC,75,73,33.6,5.5,13.5,.406,1.1,3.9,.277,4.4,9.6,.459,.446,3.2,3.9,.821,0.7,2.9,3.5,8.0,1.7,0.6,2.8,2.8,15.3,2010
10406,105,Glen Davis,PF,24,BOS,54,1,17.3,2.3,5.2,.437,0.0,0.1,.000,2.3,5.1,.444,.437,1.8,2.6,.696,1.9,1.9,3.8,0.6,0.4,0.3,1.0,2.4,6.3,2010
10407,106,Paul Davis,PF,25,WAS,2,0,4.0,1.0,2.0,.500,0.0,0.0,,1.0,2.0,.500,.500,0.5,1.0,.500,0.0,0.0,0.0,1.5,0.0,0.5,0.0,0.0,2.5,2010
10408,107,Ricky Davis,SF,30,LAC,36,2,13.9,1.7,4.0,.434,0.4,1.2,.381,1.3,2.8,.455,.490,0.5,0.9,.581,0.3,1.3,1.6,1.1,0.3,0.1,0.8,1.1,4.4,2010
10409,108,Austin Daye,SF,21,DET,69,4,13.3,2.0,4.3,.464,0.4,1.4,.305,1.6,2.9,.540,.514,0.7,0.8,.821,0.5,2.0,2.5,0.5,0.4,0.4,0.7,1.7,5.1,2010
10410,109,Carlos Delfino,SF,27,MIL,75,66,30.4,4.0,9.8,.408,1.8,4.9,.367,2.2,4.9,.450,.500,1.2,1.6,.782,0.7,4.6,5.3,2.7,1.1,0.3,1.6,1.8,11.0,2010
10411,110,Luol Deng,SF,24,CHI,70,69,37.9,6.8,14.5,.466,0.5,1.2,.386,6.3,13.3,.474,.482,3.6,4.7,.764,1.9,5.4,7.3,2.0,0.9,0.9,1.9,1.8,17.6,2010
10412,111,DeMar DeRozan,SG,20,TOR,77,65,21.6,3.3,6.6,.498,0.1,0.2,.250,3.3,6.4,.506,.502,1.9,2.5,.763,0.9,2.0,2.9,0.7,0.6,0.2,0.8,2.3,8.6,2010
10413,112,Boris Diaw,PF,27,CHA,82,82,35.4,4.5,9.4,.483,0.8,2.5,.320,3.7,6.9,.541,.525,1.4,1.8,.769,1.6,3.6,5.2,4.0,0.7,0.7,2.2,2.7,11.3,2010
10414,113,Yakhouba Diawara,SG,27,MIA,6,2,7.3,0.3,1.7,.200,0.2,1.0,.167,0.2,0.7,.250,.250,0.0,0.0,,0.2,0.5,0.7,0.5,0.2,0.0,0.5,1.3,0.8,2010
10415,114,Travis Diener,PG,27,TOT,9,0,5.7,0.2,1.1,.200,0.1,0.8,.143,0.1,0.3,.333,.250,0.1,0.4,.250,0.0,0.3,0.3,0.9,0.4,0.0,0.0,0.2,0.7,2010
10416,114,Travis Diener,PG,27,IND,4,0,6.3,0.3,1.5,.167,0.3,1.3,.200,0.0,0.3,.000,.250,0.0,0.5,.000,0.0,0.5,0.5,1.0,0.8,0.0,0.0,0.3,0.8,2010
10417,114,Travis Diener,PG,27,POR,5,0,5.2,0.2,0.8,.250,0.0,0.4,.000,0.2,0.4,.500,.250,0.2,0.4,.500,0.0,0.2,0.2,0.8,0.2,0.0,0.0,0.2,0.6,2010
10418,115,DeSagana Diop,C,28,CHA,27,0,9.7,0.6,1.1,.517,0.0,0.0,,0.6,1.1,.517,.517,0.1,0.3,.222,0.9,1.5,2.4,0.2,0.2,0.5,0.4,1.1,1.2,2010
10419,116,Keyon Dooling,PG,29,NJN,53,8,18.3,2.4,6.1,.398,1.1,3.0,.376,1.3,3.2,.419,.489,0.9,1.2,.770,0.2,0.9,1.0,2.5,0.6,0.0,1.1,1.5,6.9,2010
10420,117,Joey Dorsey,PF,26,TOT,15,0,7.1,0.6,1.3,.450,0.0,0.0,,0.6,1.3,.450,.450,0.3,0.8,.417,1.1,1.8,2.9,0.1,0.2,0.1,0.4,1.4,1.5,2010
10421,117,Joey Dorsey,PF,26,HOU,7,0,7.7,0.7,1.6,.455,0.0,0.0,,0.7,1.6,.455,.455,0.1,0.3,.500,1.6,2.0,3.6,0.3,0.3,0.1,0.6,1.7,1.6,2010
10422,117,Joey Dorsey,PF,26,SAC,8,0,6.5,0.5,1.1,.444,0.0,0.0,,0.5,1.1,.444,.444,0.5,1.3,.400,0.6,1.6,2.3,0.0,0.1,0.1,0.3,1.1,1.5,2010
10423,118,Toney Douglas,PG,23,NYK,56,12,19.4,3.2,7.0,.458,1.2,3.1,.389,2.0,3.9,.514,.545,1.0,1.2,.809,0.7,1.2,1.9,2.0,0.8,0.1,1.0,2.1,8.6,2010
10424,119,Chris Douglas-Roberts,SF,23,NJN,67,38,25.8,3.8,8.6,.445,0.2,0.8,.259,3.6,7.7,.464,.457,2.0,2.3,.847,0.7,2.3,3.0,1.4,0.8,0.3,1.4,1.5,9.8,2010
10425,120,Goran Dragić,PG,23,PHO,80,2,18.0,2.8,6.1,.452,0.9,2.4,.394,1.9,3.8,.488,.527,1.5,2.0,.736,0.5,1.7,2.1,3.0,0.6,0.1,1.6,1.6,7.9,2010
10426,Rk,Player,Pos,Age,Tm,G,GS,MP,FG,FGA,FG%,3P,3PA,3P%,2P,2PA,2P%,eFG%,FT,FTA,FT%,ORB,DRB,TRB,AST,STL,BLK,TOV,PF,PTS,2010
10427,121,Jared Dudley,SF,24,PHO,82,1,24.3,2.7,6.0,.459,1.5,3.2,.458,1.3,2.8,.461,.582,1.3,1.7,.754,1.2,2.2,3.4,1.4,1.0,0.2,0.8,2.0,8.2,2010
10428,122,Chris Duhon,PG,27,NYK,67,59,30.9,2.5,6.7,.373,1.3,3.9,.349,1.2,2.9,.404,.472,1.0,1.4,.716,0.4,2.2,2.7,5.6,0.9,0.0,1.6,1.2,7.4,2010
10429,123,Tim Duncan*,C,33,SAS,78,77,31.3,7.2,13.9,.518,0.0,0.1,.182,7.2,13.7,.522,.519,3.5,4.8,.725,2.8,7.3,10.1,3.2,0.6,1.5,1.8,1.9,17.9,2010
10430,124,Mike Dunleavy,SF,29,IND,67,15,22.2,3.4,8.3,.410,1.1,3.5,.318,2.3,4.8,.478,.478,2.0,2.4,.842,0.4,3.1,3.5,1.5,0.6,0.2,1.1,1.6,9.9,2010
10431,125,Kevin Durant,SF,21,OKC,82,82,39.5,9.7,20.3,.476,1.6,4.3,.365,8.1,16.1,.506,.514,9.2,10.2,.900,1.3,6.3,7.6,2.8,1.4,1.0,3.3,2.1,30.1,2010
10432,126,Wayne Ellington,SG,22,MIN,76,1,18.2,2.5,5.9,.424,0.8,2.1,.395,1.7,3.8,.441,.496,0.8,0.9,.871,0.4,1.7,2.1,1.0,0.3,0.1,1.0,0.9,6.6,2010
10433,127,Monta Ellis,SG,24,GSW,64,64,41.4,9.9,22.0,.449,1.2,3.6,.338,8.7,18.4,.470,.476,4.6,6.1,.753,0.7,3.3,4.0,5.3,2.2,0.4,3.8,3.0,25.5,2010
10434,128,Francisco Elson,C,33,TOT,12,0,5.5,0.4,1.3,.333,0.0,0.0,,0.4,1.3,.333,.333,0.2,0.4,.400,0.5,0.7,1.2,0.2,0.1,0.0,0.1,0.6,1.0,2010
10435,128,Francisco Elson,C,33,MIL,11,0,5.6,0.4,1.2,.308,0.0,0.0,,0.4,1.2,.308,.308,0.2,0.2,1.000,0.5,0.7,1.2,0.2,0.1,0.0,0.1,0.6,0.9,2010
10436,128,Francisco Elson,C,33,PHI,1,0,4.0,1.0,2.0,.500,0.0,0.0,,1.0,2.0,.500,.500,0.0,3.0,.000,1.0,0.0,1.0,0.0,0.0,0.0,0.0,0.0,2.0,2010
10437,129,Maurice Evans,SF,31,ATL,79,5,16.7,2.2,5.0,.445,0.7,2.1,.337,1.5,2.8,.527,.518,0.6,0.8,.754,0.7,1.2,1.9,0.6,0.4,0.2,0.3,1.6,5.7,2010
10438,130,Reggie Evans,PF,29,TOR,28,1,11.1,1.2,2.5,.493,0.0,0.0,,1.2,2.5,.493,.493,1.0,2.1,.450,1.1,2.7,3.8,0.3,0.5,0.1,0.8,1.6,3.4,2010
10439,131,Tyreke Evans,SG,20,SAC,72,72,37.2,7.4,16.2,.458,0.5,2.0,.255,6.9,14.2,.485,.473,4.8,6.5,.748,0.9,4.4,5.3,5.8,1.5,0.4,3.0,2.8,20.1,2010
10440,132,Jordan Farmar,PG,23,LAL,82,0,18.0,2.7,6.3,.435,1.0,2.8,.376,1.7,3.5,.483,.518,0.7,1.0,.671,0.2,1.4,1.6,1.5,0.6,0.1,0.9,1.3,7.2,2010
10441,133,Raymond Felton,PG,25,CHA,80,80,33.0,4.9,10.6,.459,0.8,2.0,.385,4.1,8.6,.475,.494,1.7,2.2,.763,0.7,2.9,3.6,5.6,1.5,0.3,2.1,2.2,12.1,2010
10442,134,Rudy Fernández,SG,24,POR,62,2,23.2,2.6,6.8,.378,1.6,4.3,.368,1.0,2.5,.395,.494,1.4,1.6,.867,0.6,2.1,2.6,2.0,1.0,0.2,1.2,1.4,8.1,2010
10443,135,Kyrylo Fesenko,C,23,UTA,49,5,8.3,1.1,1.9,.547,0.0,0.0,.000,1.1,1.9,.553,.547,0.5,1.2,.421,0.7,1.2,1.8,0.3,0.1,0.4,0.5,1.6,2.6,2010
10444,136,Michael Finley,SF,36,TOT,46,7,15.4,1.8,4.0,.440,0.7,1.8,.390,1.1,2.2,.480,.527,0.2,0.3,.533,0.1,1.4,1.5,0.9,0.2,0.1,0.5,0.7,4.4,2010
10445,136,Michael Finley,SF,36,SAS,25,6,15.8,1.5,3.9,.381,0.5,1.6,.317,1.0,2.2,.429,.448,0.2,0.4,.667,0.2,1.3,1.5,0.8,0.2,0.2,0.5,0.5,3.7,2010
10446,136,Michael Finley,SF,36,BOS,21,1,15.0,2.1,4.1,.506,0.9,2.0,.463,1.2,2.2,.543,.615,0.1,0.3,.333,0.0,1.5,1.6,1.1,0.2,0.1,0.4,1.0,5.2,2010
10447,137,Derek Fisher,PG,35,LAL,82,82,27.2,2.6,6.8,.380,1.0,2.7,.348,1.6,4.1,.401,.450,1.4,1.6,.856,0.3,1.8,2.1,2.5,1.1,0.1,1.0,2.5,7.5,2010
10448,138,Jonny Flynn,PG,20,MIN,81,81,28.9,4.9,11.8,.417,1.0,2.7,.358,4.0,9.1,.434,.457,2.8,3.3,.826,0.3,2.1,2.4,4.4,1.0,0.0,2.9,1.2,13.5,2010
10449,139,T.J. Ford,PG,26,IND,47,32,25.3,4.0,8.9,.445,0.2,1.1,.160,3.8,7.8,.484,.455,2.2,2.9,.770,0.9,2.3,3.2,3.8,0.9,0.2,1.9,2.2,10.3,2010
10450,140,Jeff Foster,C,33,IND,16,3,15.9,1.4,2.9,.478,0.0,0.1,.000,1.4,2.8,.489,.478,0.3,0.6,.556,2.1,2.9,5.1,1.3,0.2,0.3,0.9,2.8,3.1,2010
10451,Rk,Player,Pos,Age,Tm,G,GS,MP,FG,FGA,FG%,3P,3PA,3P%,2P,2PA,2P%,eFG%,FT,FTA,FT%,ORB,DRB,TRB,AST,STL,BLK,TOV,PF,PTS,2010
10452,141,Randy Foye,PG,26,WAS,70,38,23.8,3.7,8.8,.414,0.9,2.6,.346,2.8,6.2,.442,.464,1.8,2.1,.890,0.2,1.6,1.9,3.3,0.5,0.1,1.3,1.8,10.1,2010
10453,142,Channing Frye,C,26,PHO,81,41,27.0,3.9,8.7,.451,2.1,4.8,.439,1.8,3.8,.466,.573,1.2,1.5,.810,0.8,4.5,5.3,1.4,0.8,0.9,0.9,3.2,11.2,2010
10454,143,Dan Gadzuric,C,31,MIL,32,6,9.8,1.2,2.8,.438,0.0,0.0,,1.2,2.8,.438,.438,0.3,0.8,.400,1.2,1.7,2.9,0.4,0.3,0.4,0.5,2.0,2.8,2010
10455,144,Sundiata Gaines,PG,23,UTA,32,0,6.8,1.2,2.6,.463,0.2,0.8,.269,1.0,1.8,.554,.506,0.7,1.4,.500,0.2,0.7,0.9,1.2,0.4,0.0,0.4,0.5,3.3,2010
10456,145,Danilo Gallinari,SF,21,NYK,81,74,33.9,4.8,11.4,.423,2.3,6.0,.381,2.5,5.4,.469,.523,3.1,3.8,.818,0.8,4.1,4.9,1.7,0.9,0.7,1.4,2.4,15.1,2010
10457,146,Francisco García,SG,28,SAC,25,4,23.0,3.3,7.0,.466,0.9,2.4,.390,2.4,4.7,.504,.531,0.6,0.7,.882,0.4,2.2,2.6,1.8,0.4,0.8,0.8,2.0,8.1,2010
10458,147,Kevin Garnett*,PF,33,BOS,69,69,29.9,5.8,11.2,.521,0.0,0.1,.200,5.8,11.1,.523,.521,2.7,3.2,.837,1.1,6.2,7.3,2.7,1.0,0.8,1.5,2.5,14.3,2010
10459,148,Marc Gasol,C,25,MEM,69,69,35.8,5.5,9.4,.581,0.0,0.0,.000,5.5,9.4,.582,.581,3.7,5.4,.670,3.0,6.3,9.3,2.4,1.0,1.6,2.0,3.7,14.6,2010
10460,149,Pau Gasol,C,29,LAL,65,65,37.0,7.0,13.0,.536,0.0,0.1,.000,7.0,12.9,.539,.536,4.4,5.6,.790,3.7,7.6,11.3,3.4,0.6,1.7,2.2,2.3,18.3,2010
10461,150,Rudy Gay,SF,23,MEM,80,80,39.7,7.5,16.1,.466,0.8,2.5,.327,6.7,13.6,.492,.491,3.8,5.0,.753,1.4,4.5,5.9,1.9,1.5,0.8,2.1,2.5,19.6,2010
10462,151,Alonzo Gee,SG,22,WAS,11,2,16.5,2.5,5.4,.475,0.6,0.8,.778,1.9,4.5,.420,.534,1.6,2.6,.621,1.4,1.6,3.0,0.6,0.6,0.1,0.9,1.2,7.4,2010
10463,152,Devean George,SF,32,GSW,45,4,16.9,2.0,4.6,.432,1.1,2.7,.390,0.9,1.8,.494,.549,0.4,0.5,.696,0.5,2.1,2.5,0.7,0.9,0.2,0.3,2.0,5.4,2010
10464,153,Daniel Gibson,PG,23,CLE,56,10,19.1,2.2,4.8,.466,1.3,2.7,.477,1.0,2.1,.454,.599,0.6,0.9,.694,0.2,1.1,1.3,1.3,0.4,0.1,0.6,1.4,6.3,2010
10465,154,Taj Gibson,PF,24,CHI,82,70,26.9,3.8,7.7,.494,0.0,0.0,,3.8,7.7,.494,.494,1.4,2.1,.646,2.8,4.7,7.5,0.9,0.6,1.3,1.4,3.4,9.0,2010
10466,155,J.R. Giddens,SF,24,TOT,32,1,7.5,0.9,1.9,.467,0.0,0.3,.000,0.9,1.6,.560,.467,0.4,0.7,.565,0.5,1.1,1.6,0.4,0.3,0.1,0.5,0.9,2.2,2010
10467,155,J.R. Giddens,SF,24,BOS,21,1,4.7,0.4,1.0,.429,0.0,0.1,.000,0.4,0.9,.474,.429,0.3,0.6,.500,0.2,0.8,1.0,0.3,0.2,0.0,0.3,0.5,1.1,2010
10468,155,J.R. Giddens,SF,24,NYK,11,0,12.7,1.7,3.5,.487,0.0,0.7,.000,1.7,2.8,.613,.487,0.6,1.0,.636,1.1,1.7,2.8,0.6,0.5,0.1,0.9,1.7,4.1,2010
10469,156,Trey Gilder,SF,25,MEM,2,0,2.5,0.5,0.5,1.000,0.0,0.0,,0.5,0.5,1.000,1.000,0.0,0.0,,0.0,0.5,0.5,0.0,0.5,0.0,0.0,0.0,1.0,2010
10470,157,Manu Ginóbili*,SG,32,SAS,75,21,28.7,5.3,12.0,.441,1.8,4.7,.377,3.5,7.4,.481,.514,4.1,4.7,.870,0.9,2.9,3.8,4.9,1.4,0.3,2.1,2.1,16.5,2010
10471,158,Ryan Gomes,SF,27,MIN,76,64,29.1,4.3,9.6,.447,1.0,2.6,.372,3.3,7.0,.475,.497,1.4,1.7,.825,1.0,3.6,4.6,1.6,0.8,0.2,1.3,2.0,10.9,2010
10472,159,Drew Gooden,C-PF,28,TOT,70,33,25.1,4.1,8.6,.478,0.0,0.1,.125,4.1,8.5,.483,.479,2.7,3.1,.861,3.0,4.8,7.7,0.7,0.6,0.8,1.5,2.8,10.9,2010
10473,159,Drew Gooden,C,28,DAL,46,11,22.4,3.4,7.3,.467,0.0,0.1,.167,3.4,7.2,.473,.469,2.0,2.5,.809,2.7,4.2,6.9,0.6,0.6,1.1,1.2,2.8,8.9,2010
10474,159,Drew Gooden,PF,28,LAC,24,22,30.2,5.5,11.1,.492,0.0,0.1,.000,5.5,11.0,.496,.492,3.9,4.2,.921,3.5,5.9,9.4,0.9,0.6,0.3,2.2,2.7,14.8,2010
10475,160,Ben Gordon,SG,26,DET,62,17,27.9,4.7,11.3,.416,1.2,3.8,.321,3.5,7.5,.465,.470,3.2,3.7,.861,0.4,1.5,1.9,2.7,0.8,0.1,1.9,2.4,13.8,2010
10476,Rk,Player,Pos,Age,Tm,G,GS,MP,FG,FGA,FG%,3P,3PA,3P%,2P,2PA,2P%,eFG%,FT,FTA,FT%,ORB,DRB,TRB,AST,STL,BLK,TOV,PF,PTS,2010
10477,161,Eric Gordon,SG,21,LAC,62,60,36.0,5.7,12.6,.449,1.9,5.2,.371,3.8,7.5,.503,.525,3.6,4.8,.742,0.4,2.2,2.6,3.0,1.1,0.2,2.3,1.5,16.9,2010
10478,162,Marcin Gortat,C,25,ORL,81,0,13.4,1.5,2.8,.533,0.0,0.0,.000,1.5,2.8,.540,.533,0.6,0.9,.680,1.3,2.9,4.2,0.2,0.2,0.9,0.6,1.7,3.6,2010
10479,163,Joey Graham,SF,27,DEN,63,18,12.0,1.7,3.2,.520,0.0,0.2,.154,1.6,3.0,.545,.525,0.9,1.2,.740,0.6,1.3,2.0,0.3,0.4,0.1,0.7,1.7,4.2,2010
10480,164,Stephen Graham,SG,27,CHA,70,8,11.5,1.7,3.4,.496,0.2,0.7,.320,1.5,2.7,.542,.529,0.6,0.9,.646,0.3,1.6,1.9,0.3,0.3,0.1,0.5,1.3,4.2,2010
10481,165,Danny Granger,SF,26,IND,62,62,36.7,7.9,18.4,.428,2.5,7.1,.361,5.3,11.3,.471,.498,5.9,6.9,.848,1.1,4.4,5.5,2.8,1.5,0.8,2.5,3.0,24.1,2010
10482,166,Aaron Gray,C,25,TOT,32,0,9.7,1.3,2.6,.512,0.0,0.0,,1.3,2.6,.512,.512,0.6,0.9,.714,1.4,1.9,3.3,0.7,0.3,0.3,0.6,1.7,3.3,2010
10483,166,Aaron Gray,C,25,CHI,8,0,6.3,1.0,2.6,.381,0.0,0.0,,1.0,2.6,.381,.381,0.3,0.9,.286,0.6,1.4,2.0,0.3,0.0,0.0,0.1,1.3,2.3,2010
10484,166,Aaron Gray,C,25,NOH,24,0,10.9,1.4,2.5,.557,0.0,0.0,,1.4,2.5,.557,.557,0.8,0.9,.857,1.7,2.1,3.8,0.8,0.4,0.5,0.7,1.8,3.6,2010
10485,167,Danny Green,SG,22,CLE,20,0,5.8,0.8,2.0,.385,0.3,1.1,.273,0.5,0.9,.529,.462,0.2,0.3,.667,0.4,0.5,0.9,0.3,0.3,0.2,0.3,0.5,2.0,2010
10486,168,Jeff Green,PF,23,OKC,82,82,37.1,5.9,13.0,.453,1.3,3.8,.333,4.6,9.2,.503,.502,2.0,2.7,.740,1.4,4.6,6.0,1.6,1.3,0.9,1.6,2.7,15.1,2010
10487,169,Willie Green,SG,28,PHI,73,18,21.3,3.4,7.4,.457,0.6,1.9,.346,2.8,5.6,.494,.500,1.3,1.6,.833,0.3,1.5,1.8,2.1,0.4,0.2,0.9,1.8,8.7,2010
10488,170,Donté Greene,SF,21,SAC,76,50,21.4,3.2,7.3,.441,0.9,2.4,.377,2.3,4.9,.473,.504,1.2,1.8,.643,0.7,2.4,3.1,0.9,0.5,0.7,1.2,2.0,8.5,2010
10489,171,Taylor Griffin,SF,23,PHO,8,0,4.0,0.5,1.3,.400,0.0,0.3,.000,0.5,1.0,.500,.400,0.3,0.5,.500,0.0,0.3,0.3,0.1,0.0,0.3,0.1,0.5,1.3,2010
10490,172,Hamed Haddadi,C,24,MEM,36,0,6.7,0.7,1.7,.387,0.0,0.1,.000,0.7,1.6,.407,.387,0.4,0.5,.737,0.7,1.4,2.1,0.3,0.0,0.4,0.6,1.6,1.7,2010
10491,173,Malik Hairston,SG,22,SAS,47,0,6.7,0.9,1.6,.526,0.0,0.2,.182,0.8,1.4,.585,.539,0.4,0.6,.567,0.3,0.8,1.0,0.3,0.1,0.2,0.2,0.6,2.1,2010
10492,174,Marcus Haislip,SF,29,SAS,10,0,4.4,1.0,2.1,.476,0.3,0.5,.600,0.7,1.6,.438,.548,0.2,0.5,.400,0.4,0.6,1.0,0.0,0.0,0.2,0.3,0.5,2.5,2010
10493,175,Richard Hamilton,SG,31,DET,46,46,33.7,6.4,15.6,.409,0.9,3.0,.297,5.5,12.6,.435,.437,4.4,5.2,.846,0.7,2.0,2.7,4.4,0.7,0.1,2.5,2.5,18.1,2010
10494,176,Tyler Hansbrough,PF,24,IND,29,1,17.6,2.8,7.8,.360,0.0,0.1,.000,2.8,7.6,.367,.360,2.9,3.9,.743,2.1,2.7,4.8,1.0,0.6,0.3,0.7,2.4,8.5,2010
10495,177,James Harden,SG,20,OKC,76,0,22.9,3.1,7.6,.403,1.2,3.3,.375,1.8,4.3,.424,.484,2.6,3.2,.808,0.6,2.6,3.2,1.8,1.1,0.3,1.4,2.6,9.9,2010
10496,178,Al Harrington,PF,29,NYK,72,15,30.5,6.2,14.3,.435,1.9,5.7,.342,4.3,8.6,.496,.503,3.3,4.4,.757,1.2,4.4,5.6,1.5,0.9,0.4,1.8,2.9,17.7,2010
10497,179,Devin Harris,PG,26,NJN,64,61,34.7,5.6,13.8,.403,0.9,3.4,.276,4.6,10.4,.444,.437,4.8,6.0,.798,0.4,2.8,3.2,6.6,1.2,0.3,2.8,2.8,16.9,2010
10498,180,Mike Harris,PF,26,TOT,13,0,7.4,0.8,2.3,.367,0.0,0.1,.000,0.8,2.2,.379,.367,0.5,0.8,.636,0.8,1.1,1.8,0.2,0.4,0.1,0.7,1.1,2.2,2010
10499,180,Mike Harris,PF,26,HOU,8,0,10.3,1.3,3.4,.370,0.0,0.1,.000,1.3,3.3,.385,.370,0.6,1.1,.556,1.1,1.4,2.5,0.4,0.5,0.1,1.1,1.3,3.1,2010
10500,180,Mike Harris,PF,26,WAS,5,0,2.8,0.2,0.6,.333,0.0,0.0,,0.2,0.6,.333,.333,0.4,0.4,1.000,0.2,0.6,0.8,0.0,0.2,0.0,0.0,0.8,0.8,2010
10501,Rk,Player,Pos,Age,Tm,G,GS,MP,FG,FGA,FG%,3P,3PA,3P%,2P,2PA,2P%,eFG%,FT,FTA,FT%,ORB,DRB,TRB,AST,STL,BLK,TOV,PF,PTS,2010
10502,181,Jason Hart,PG,31,TOT,5,0,4.4,0.2,0.4,.500,0.0,0.0,,0.2,0.4,.500,.500,0.0,0.0,,0.0,0.4,0.4,1.2,0.4,0.2,0.6,0.8,0.4,2010
10503,181,Jason Hart,PG,31,MIN,1,0,5.0,0.0,1.0,.000,0.0,0.0,,0.0,1.0,.000,.000,0.0,0.0,,0.0,0.0,0.0,1.0,1.0,0.0,0.0,0.0,0.0,2010
10504,181,Jason Hart,PG,31,NOH,4,0,4.3,0.3,0.3,1.000,0.0,0.0,,0.3,0.3,1.000,1.000,0.0,0.0,,0.0,0.5,0.5,1.3,0.3,0.3,0.8,1.0,0.5,2010
10505,182,Udonis Haslem,PF,29,MIA,78,0,27.9,4.0,8.1,.494,0.0,0.0,,4.0,8.1,.494,.494,1.9,2.5,.762,2.1,5.9,8.1,0.7,0.4,0.3,1.0,2.2,9.9,2010
10506,183,Trenton Hassell,SF,30,NJN,52,31,21.3,1.7,4.2,.411,0.0,0.1,.000,1.7,4.1,.421,.411,1.0,1.3,.754,1.1,1.8,2.9,1.0,0.3,0.2,0.9,1.8,4.5,2010
10507,184,Spencer Hawes,C,21,SAC,72,59,26.4,4.3,9.3,.468,0.4,1.2,.299,4.0,8.0,.494,.488,1.0,1.5,.689,2.0,4.0,6.1,2.2,0.4,1.2,1.8,2.8,10.0,2010
10508,185,Chuck Hayes,C,26,HOU,82,82,21.6,2.0,4.0,.489,0.0,0.0,,2.0,4.0,.489,.489,0.4,0.8,.545,1.8,3.8,5.7,1.7,0.9,0.5,0.9,2.7,4.4,2010
10509,186,Jarvis Hayes,SF,28,NJN,45,19,23.0,3.1,7.3,.421,1.3,4.0,.335,1.7,3.3,.523,.512,0.3,0.4,.778,0.2,2.2,2.4,0.9,0.6,0.2,0.6,2.0,7.8,2010
10510,187,Brendan Haywood,C,30,TOT,77,67,30.6,3.6,6.4,.562,0.0,0.0,.000,3.6,6.4,.563,.562,2.0,3.2,.620,3.6,5.7,9.3,0.6,0.3,2.1,1.3,2.7,9.1,2010
10511,187,Brendan Haywood,C,30,WAS,49,48,32.9,3.8,6.8,.561,0.0,0.0,,3.8,6.8,.561,.561,2.1,3.2,.646,4.1,6.3,10.3,0.4,0.4,2.1,1.4,3.0,9.8,2010
10512,187,Brendan Haywood,C,30,DAL,28,19,26.5,3.1,5.6,.564,0.0,0.0,.000,3.1,5.5,.568,.564,1.8,3.1,.575,2.8,4.6,7.4,0.9,0.3,2.0,1.1,2.3,8.1,2010
10513,188,Luther Head,SG,27,IND,47,10,17.3,2.9,6.6,.437,0.8,2.2,.352,2.1,4.4,.481,.497,1.0,1.2,.828,0.1,1.6,1.7,1.5,0.4,0.2,1.1,1.1,7.6,2010
10514,189,Gerald Henderson,SG,22,CHA,43,0,8.3,0.9,2.4,.356,0.1,0.4,.211,0.8,2.0,.388,.375,0.8,1.1,.745,0.3,0.9,1.3,0.3,0.2,0.2,0.3,0.6,2.6,2010
10515,190,Roy Hibbert,C,23,IND,81,69,25.1,4.8,9.7,.495,0.0,0.1,.500,4.7,9.6,.495,.497,2.1,2.8,.754,2.2,3.5,5.7,2.0,0.4,1.6,1.8,3.5,11.7,2010
10516,191,J.J. Hickson,PF,21,CLE,81,73,20.9,3.6,6.4,.554,0.0,0.0,.000,3.6,6.4,.555,.554,1.4,2.0,.681,1.4,3.6,4.9,0.5,0.4,0.5,1.1,1.6,8.5,2010
10517,192,Nenê,C,27,DEN,82,82,33.6,5.1,8.7,.587,0.0,0.0,.000,5.1,8.7,.589,.587,3.6,5.1,.704,2.0,5.6,7.6,2.5,1.4,1.0,1.5,3.4,13.8,2010
10518,193,George Hill,PG,23,SAS,78,43,29.2,4.5,9.5,.478,1.0,2.4,.399,3.6,7.1,.505,.529,2.3,3.0,.772,0.5,2.1,2.6,2.9,0.9,0.3,1.3,2.8,12.4,2010
10519,194,Grant Hill*,SF,37,PHO,81,81,30.0,4.1,8.7,.478,0.4,1.0,.438,3.7,7.7,.483,.503,2.5,3.1,.817,0.9,4.6,5.5,2.4,0.7,0.4,1.3,2.0,11.3,2010
10520,195,Jordan Hill,PF,22,TOT,47,0,13.3,2.1,4.3,.493,0.0,0.0,.000,2.1,4.2,.497,.493,1.0,1.4,.676,1.6,2.1,3.7,0.4,0.3,0.4,0.6,2.0,5.2,2010
10521,195,Jordan Hill,PF,22,NYK,24,0,10.5,1.7,3.8,.446,0.0,0.1,.000,1.7,3.8,.456,.446,0.6,0.9,.714,1.3,1.2,2.5,0.3,0.4,0.4,0.5,1.5,4.0,2010
10522,195,Jordan Hill,PF,22,HOU,23,0,16.2,2.5,4.7,.532,0.0,0.0,,2.5,4.7,.532,.532,1.3,2.0,.660,1.9,3.0,5.0,0.6,0.2,0.5,0.8,2.4,6.4,2010
10523,196,Kirk Hinrich,SG,29,CHI,74,53,33.5,4.2,10.2,.409,1.4,3.8,.371,2.8,6.4,.431,.478,1.1,1.5,.752,0.3,3.2,3.5,4.5,1.1,0.3,1.5,2.8,10.9,2010
10524,197,Jrue Holiday,PG,19,PHI,73,51,24.2,3.2,7.1,.442,0.8,2.2,.390,2.3,4.9,.465,.502,0.9,1.2,.756,0.8,1.8,2.6,3.8,1.1,0.2,2.1,2.1,8.0,2010
10525,198,Ryan Hollins,C,25,MIN,73,27,16.8,2.3,4.2,.558,0.0,0.0,.000,2.3,4.1,.560,.558,1.5,2.2,.690,1.1,1.8,2.8,0.7,0.3,0.5,1.3,2.7,6.1,2010
10526,199,Al Horford,C,23,ATL,81,81,35.1,5.8,10.5,.551,0.0,0.0,1.000,5.8,10.4,.551,.552,2.6,3.3,.789,2.9,7.0,9.9,2.3,0.7,1.1,1.5,2.8,14.2,2010
10527,200,Eddie House,PG-SG,31,TOT,68,0,17.9,2.5,6.7,.380,1.2,3.3,.348,1.4,3.4,.412,.467,0.7,0.8,.923,0.2,1.4,1.6,1.3,0.6,0.1,0.7,1.2,7.0,2010
10528,200,Eddie House,PG,31,BOS,50,0,16.9,2.6,6.4,.401,1.3,3.3,.383,1.3,3.1,.419,.500,0.7,0.8,.900,0.1,1.2,1.4,1.0,0.6,0.1,0.5,1.2,7.2,2010
10529,200,Eddie House,SG,31,NYK,18,0,20.6,2.4,7.4,.331,0.8,3.3,.250,1.6,4.1,.397,.387,0.7,0.7,1.000,0.3,1.9,2.2,2.1,0.7,0.0,1.1,1.1,6.4,2010
10530,Rk,Player,Pos,Age,Tm,G,GS,MP,FG,FGA,FG%,3P,3PA,3P%,2P,2PA,2P%,eFG%,FT,FTA,FT%,ORB,DRB,TRB,AST,STL,BLK,TOV,PF,PTS,2010
10531,201,Dwight Howard,C,24,ORL,82,82,34.7,6.2,10.2,.612,0.0,0.1,.000,6.2,10.1,.617,.612,5.9,10.0,.592,3.5,9.7,13.2,1.8,0.9,2.8,3.3,3.5,18.3,2010
10532,202,Josh Howard,SF,29,TOT,35,12,26.2,4.5,11.1,.405,0.7,2.5,.267,3.8,8.6,.444,.434,3.1,4.0,.784,0.9,2.7,3.6,1.4,0.7,0.3,1.3,2.6,12.7,2010
10533,202,Josh Howard,SF,29,DAL,31,9,26.7,4.4,11.0,.401,0.6,2.4,.267,3.8,8.6,.438,.430,3.0,3.8,.790,0.8,2.8,3.6,1.4,0.7,0.3,1.4,2.5,12.5,2010
10534,202,Josh Howard,SF,29,WAS,4,3,22.8,5.0,11.5,.435,0.8,2.8,.273,4.3,8.8,.486,.467,3.8,5.0,.750,1.0,2.3,3.3,1.0,0.8,0.5,0.8,3.3,14.5,2010
10535,203,Juwan Howard,C,36,POR,73,27,22.4,2.6,5.1,.509,0.0,0.0,.000,2.6,5.1,.511,.509,0.8,1.0,.786,1.5,3.1,4.6,0.8,0.4,0.1,1.0,2.6,6.0,2010
10536,204,Lester Hudson,PG,25,TOT,25,0,5.2,0.8,2.1,.396,0.2,0.6,.313,0.6,1.5,.432,.443,0.4,0.5,.846,0.3,0.4,0.7,0.5,0.3,0.1,0.6,0.5,2.3,2010
10537,204,Lester Hudson,PG,25,BOS,16,0,4.4,0.4,1.1,.389,0.2,0.3,.600,0.3,0.8,.308,.472,0.3,0.4,.833,0.2,0.3,0.5,0.5,0.2,0.1,0.6,0.4,1.4,2010
10538,204,Lester Hudson,PG,25,MEM,9,0,6.8,1.6,3.9,.400,0.2,1.2,.182,1.3,2.7,.500,.429,0.7,0.8,.857,0.4,0.7,1.1,0.6,0.6,0.1,0.6,0.6,4.0,2010
10539,205,Larry Hughes,SG,31,TOT,45,16,24.8,3.0,8.6,.355,1.0,3.1,.309,2.1,5.5,.381,.411,2.1,2.5,.832,0.5,2.6,3.2,3.0,1.2,0.3,1.7,1.6,9.1,2010
10540,205,Larry Hughes,SG,31,NYK,31,14,26.5,3.3,9.0,.366,0.9,3.1,.289,2.4,5.9,.407,.416,2.1,2.5,.823,0.5,3.0,3.5,3.5,1.3,0.4,1.8,1.7,9.6,2010
10541,205,Larry Hughes,SG,31,CHA,14,2,21.1,2.5,7.6,.327,1.1,3.0,.357,1.4,4.6,.308,.397,2.1,2.4,.853,0.5,1.8,2.3,2.0,0.9,0.3,1.4,1.2,8.1,2010
10542,206,Kris Humphries,PF,24,TOT,69,0,17.7,2.6,5.9,.441,0.0,0.0,.000,2.6,5.9,.442,.441,1.8,2.8,.668,1.7,3.7,5.5,0.5,0.5,0.7,1.0,2.1,7.1,2010
10543,206,Kris Humphries,PF,24,DAL,25,0,12.6,2.1,4.6,.461,0.0,0.0,,2.1,4.6,.461,.461,1.0,1.8,.568,1.5,2.3,3.8,0.3,0.3,0.4,0.5,1.7,5.2,2010
10544,206,Kris Humphries,PF,24,NJN,44,0,20.6,2.9,6.7,.433,0.0,0.0,.000,2.9,6.6,.435,.433,2.3,3.3,.699,1.9,4.6,6.4,0.6,0.7,0.8,1.2,2.3,8.1,2010
10545,207,Chris Hunter,C,25,GSW,60,9,13.1,1.8,3.6,.502,0.0,0.1,.000,1.8,3.6,.512,.502,0.9,1.2,.754,0.9,1.9,2.8,0.6,0.2,0.6,0.5,2.2,4.5,2010
10546,208,Lindsey Hunter,PG,39,CHI,13,0,9.4,0.4,2.3,.167,0.1,1.0,.077,0.3,1.3,.235,.183,0.2,0.2,1.000,0.1,1.0,1.1,0.7,0.1,0.0,0.3,0.9,1.0,2010
10547,209,Othello Hunter,SF,23,ATL,7,0,4.7,0.6,1.7,.333,0.0,0.0,,0.6,1.7,.333,.333,0.4,0.6,.750,0.9,0.9,1.7,0.0,0.0,0.1,0.4,0.7,1.6,2010
10548,210,Steven Hunter,C,28,MEM,21,0,7.5,0.8,2.0,.395,0.0,0.0,,0.8,2.0,.395,.395,0.9,1.7,.528,0.9,1.1,2.0,0.0,0.0,0.5,0.4,0.5,2.5,2010
10549,211,Serge Ibaka,PF,20,OKC,73,0,18.1,2.8,5.1,.543,0.0,0.0,.500,2.7,5.0,.543,.545,0.8,1.3,.630,1.9,3.5,5.4,0.1,0.3,1.3,0.9,2.7,6.3,2010
10550,212,Andre Iguodala,SF,26,PHI,82,82,38.9,6.0,13.7,.443,1.1,3.7,.310,4.9,10.0,.492,.485,3.8,5.2,.733,1.0,5.5,6.5,5.8,1.7,0.7,2.7,1.8,17.1,2010
10551,213,Zydrunas Ilgauskas,C,34,CLE,64,6,20.9,3.0,6.8,.443,0.2,0.4,.478,2.9,6.5,.441,.455,1.2,1.6,.743,1.8,3.6,5.4,0.8,0.2,0.8,1.0,2.9,7.4,2010
10552,214,D.J. Mbenga,C,29,LAL,49,2,7.2,1.0,2.1,.466,0.0,0.0,,1.0,2.1,.466,.466,0.2,0.4,.474,0.7,1.1,1.8,0.2,0.1,0.6,0.3,1.1,2.1,2010
10553,215,Ersan İlyasova,PF,22,MIL,81,31,23.4,4.0,9.0,.443,1.0,3.0,.336,3.0,6.0,.496,.499,1.4,2.0,.715,1.9,4.4,6.4,1.0,0.7,0.3,0.9,3.1,10.4,2010
10554,216,Allen Iverson*,SG-PG,34,TOT,28,24,30.9,4.9,11.3,.430,0.3,0.9,.360,4.5,10.4,.436,.445,3.7,4.7,.794,0.6,2.3,2.8,4.0,0.7,0.1,2.3,1.7,13.8,2010
10555,216,Allen Iverson*,PG,34,MEM,3,0,22.3,5.0,8.7,.577,0.3,0.3,1.000,4.7,8.3,.560,.596,2.0,4.0,.500,0.3,1.0,1.3,3.7,0.3,0.0,2.3,1.7,12.3,2010
10556,216,Allen Iverson*,SG,34,PHI,25,24,31.9,4.8,11.6,.417,0.3,1.0,.333,4.5,10.6,.425,.431,3.9,4.8,.824,0.6,2.4,3.0,4.1,0.7,0.1,2.3,1.7,13.9,2010
10557,217,Royal Ivey,SG,28,TOT,44,0,7.4,0.8,1.9,.422,0.3,0.8,.400,0.5,1.1,.438,.506,0.2,0.3,.750,0.1,0.6,0.8,0.6,0.4,0.0,0.3,0.9,2.1,2010
10558,217,Royal Ivey,SG,28,PHI,26,0,9.1,1.0,2.1,.473,0.5,0.9,.500,0.5,1.2,.452,.582,0.2,0.3,.857,0.2,0.8,1.0,0.7,0.4,0.1,0.2,1.0,2.7,2010
10559,217,Royal Ivey,SG,28,MIL,18,0,5.0,0.5,1.6,.321,0.1,0.6,.182,0.4,0.9,.412,.357,0.2,0.3,.600,0.1,0.4,0.4,0.6,0.5,0.0,0.3,0.8,1.3,2010
10560,218,Jarrett Jack,PG,26,TOR,82,43,27.4,3.9,8.2,.481,1.0,2.4,.412,2.9,5.8,.511,.542,2.5,2.9,.842,0.4,2.3,2.7,5.0,0.7,0.1,2.0,1.8,11.4,2010
10561,219,Cedric Jackson,PG,23,TOT,12,0,6.2,0.5,1.7,.300,0.1,0.5,.167,0.4,1.2,.357,.325,0.6,1.0,.583,0.2,0.5,0.7,1.2,0.3,0.2,0.9,0.6,1.7,2010
10562,219,Cedric Jackson,PG,23,CLE,5,0,2.0,0.0,0.4,.000,0.0,0.2,.000,0.0,0.2,.000,.000,0.2,0.8,.250,0.0,0.2,0.2,0.4,0.0,0.0,0.2,0.0,0.2,2010
10563,219,Cedric Jackson,PG,23,SAS,3,0,8.3,0.7,2.3,.286,0.0,0.7,.000,0.7,1.7,.400,.286,1.0,1.3,.750,0.3,1.0,1.3,2.0,1.0,0.7,0.7,0.7,2.3,2010
10564,219,Cedric Jackson,PG,23,WAS,4,0,9.8,1.0,2.8,.364,0.3,0.8,.333,0.8,2.0,.375,.409,0.8,1.0,.750,0.3,0.5,0.8,1.5,0.0,0.0,2.0,1.3,3.0,2010
10565,220,Darnell Jackson,PF,24,TOT,28,0,4.4,0.3,1.1,.300,0.0,0.1,.250,0.3,0.9,.308,.317,0.1,0.2,.667,0.3,0.5,0.8,0.1,0.1,0.1,0.5,0.8,0.8,2010
10566,220,Darnell Jackson,PF,24,CLE,27,0,4.2,0.3,0.9,.320,0.0,0.1,.333,0.3,0.8,.318,.340,0.1,0.2,.667,0.3,0.4,0.7,0.1,0.1,0.1,0.5,0.7,0.8,2010
10567,220,Darnell Jackson,PF,24,MIL,1,0,9.0,1.0,5.0,.200,0.0,1.0,.000,1.0,4.0,.250,.200,0.0,0.0,,1.0,1.0,2.0,0.0,0.0,0.0,0.0,2.0,2.0,2010
10568,Rk,Player,Pos,Age,Tm,G,GS,MP,FG,FGA,FG%,3P,3PA,3P%,2P,2PA,2P%,eFG%,FT,FTA,FT%,ORB,DRB,TRB,AST,STL,BLK,TOV,PF,PTS,2010
10569,221,Stephen Jackson,SG-PF,31,TOT,81,81,38.6,7.4,17.5,.423,1.6,4.9,.328,5.8,12.7,.460,.469,4.2,5.4,.779,1.0,4.0,5.0,3.7,1.6,0.5,3.2,2.4,20.6,2010
10570,221,Stephen Jackson,PF,31,GSW,9,9,33.3,6.2,14.8,.421,1.2,4.4,.275,5.0,10.3,.484,.462,2.9,4.1,.703,0.7,3.2,3.9,4.7,1.6,0.7,2.9,1.8,16.6,2010
10571,221,Stephen Jackson,SG,31,CHA,72,72,39.3,7.6,17.8,.423,1.6,4.9,.334,5.9,12.9,.457,.469,4.3,5.5,.786,1.0,4.1,5.1,3.6,1.6,0.5,3.2,2.5,21.1,2010
10572,222,LeBron James,SF,25,CLE,76,76,39.0,10.1,20.1,.503,1.7,5.1,.333,8.4,15.0,.560,.545,7.8,10.2,.767,0.9,6.4,7.3,8.6,1.6,1.0,3.4,1.6,29.7,2010
10573,223,Mike James,PG,34,WAS,4,0,11.5,1.5,5.0,.300,0.5,1.5,.333,1.0,3.5,.286,.350,1.0,2.0,.500,0.3,0.5,0.8,1.3,0.8,0.0,1.3,0.8,4.5,2010
10574,224,Antawn Jamison,PF,33,TOT,66,64,36.5,7.2,15.7,.461,1.3,3.7,.344,6.0,12.0,.498,.502,2.9,4.5,.647,2.1,6.3,8.4,1.3,1.1,0.3,1.4,2.7,18.7,2010
10575,224,Antawn Jamison,PF,33,WAS,41,41,38.9,7.7,17.1,.450,1.4,4.1,.345,6.3,13.0,.483,.491,3.7,5.3,.700,2.4,6.4,8.8,1.3,1.0,0.2,1.5,2.7,20.5,2010
10576,224,Antawn Jamison,PF,33,CLE,25,23,32.4,6.5,13.4,.485,1.1,3.2,.342,5.4,10.3,.529,.525,1.7,3.3,.506,1.5,6.2,7.7,1.3,1.1,0.5,1.2,2.7,15.8,2010
10577,225,Nathan Jawai,C,23,MIN,39,2,10.6,1.3,2.8,.441,0.0,0.0,.000,1.3,2.8,.445,.441,0.7,1.0,.684,1.3,1.4,2.7,0.6,0.3,0.2,0.7,1.5,3.2,2010
10578,226,Othyus Jeffers,SG,24,UTA,14,0,5.2,0.9,2.1,.414,0.0,0.0,,0.9,2.1,.414,.414,0.9,1.4,.684,0.6,0.8,1.4,0.1,0.3,0.0,0.4,0.7,2.6,2010
10579,227,Al Jefferson,C,25,MIN,76,76,32.4,7.4,14.8,.498,0.0,0.1,.000,7.4,14.8,.500,.498,2.4,3.5,.680,2.4,6.9,9.3,1.8,0.8,1.3,1.8,2.7,17.1,2010
10580,228,Richard Jefferson,SF,29,SAS,81,70,31.1,4.5,9.6,.467,0.7,2.3,.316,3.7,7.3,.515,.505,2.6,3.5,.735,0.7,3.7,4.4,2.0,0.6,0.5,1.3,2.2,12.3,2010
10581,229,Jared Jeffries,PF-SF,28,TOT,70,37,25.6,2.0,4.5,.439,0.3,1.0,.296,1.7,3.5,.481,.473,1.1,1.7,.625,1.9,2.3,4.1,1.4,0.9,1.0,1.1,2.9,5.3,2010
10582,229,Jared Jeffries,PF,28,NYK,52,37,28.1,2.0,4.4,.443,0.4,1.2,.323,1.6,3.2,.488,.487,1.2,1.8,.645,1.9,2.4,4.3,1.6,1.0,1.1,1.2,3.0,5.5,2010
10583,229,Jared Jeffries,SF,28,HOU,18,0,18.4,2.0,4.7,.429,0.1,0.5,.111,1.9,4.2,.467,.435,0.8,1.5,.556,1.7,1.9,3.6,1.0,0.5,0.7,0.8,2.6,4.9,2010
10584,230,Brandon Jennings,PG,20,MIL,82,82,32.6,5.5,14.8,.371,1.8,4.7,.374,3.7,10.1,.370,.431,2.7,3.3,.817,0.6,2.8,3.4,5.7,1.3,0.2,2.4,2.3,15.5,2010
10585,231,Jonas Jerebko,PF,22,DET,80,73,27.9,3.6,7.5,.481,0.5,1.4,.313,3.2,6.1,.520,.511,1.6,2.2,.710,2.4,3.6,6.0,0.7,1.0,0.4,1.0,2.9,9.3,2010
10586,232,Yi Jianlian,PF,22,NJN,52,51,31.8,4.4,10.8,.403,0.3,0.8,.366,4.1,10.0,.406,.417,3.0,3.7,.798,2.2,4.9,7.2,0.9,0.7,1.0,1.5,3.3,12.0,2010
10587,233,Amir Johnson,PF,22,TOR,82,5,17.7,2.5,4.1,.623,0.0,0.0,.000,2.5,4.0,.630,.623,1.2,1.8,.638,1.9,2.9,4.8,0.6,0.5,0.8,0.8,3.1,6.2,2010
10588,234,Anthony Johnson,PG,35,ORL,31,0,13.1,1.6,3.6,.441,0.4,1.3,.333,1.2,2.3,.500,.500,0.6,0.6,.950,0.3,1.3,1.5,2.0,0.4,0.0,0.8,1.0,4.2,2010
10589,235,James Johnson,PF,22,CHI,65,11,11.6,1.5,3.2,.452,0.2,0.7,.326,1.2,2.5,.488,.488,0.8,1.1,.729,0.5,1.4,2.0,0.7,0.3,0.7,1.0,1.9,3.9,2010
10590,236,Joe Johnson,SG,28,ATL,76,76,38.0,8.4,18.2,.458,1.7,4.6,.369,6.7,13.6,.488,.505,2.9,3.5,.818,1.0,3.7,4.6,4.9,1.1,0.1,1.9,1.9,21.3,2010
10591,237,Dahntay Jones,SF,29,IND,76,26,24.9,3.8,8.2,.461,0.1,0.4,.125,3.7,7.8,.479,.464,2.6,3.4,.770,0.6,2.4,3.0,2.0,0.5,0.5,1.7,3.1,10.2,2010
10592,238,Dwayne Jones,PF,26,PHO,2,0,3.5,0.0,0.0,,0.0,0.0,,0.0,0.0,,,0.0,0.0,,0.0,1.0,1.0,0.0,0.0,0.0,0.0,0.5,0.0,2010
10593,239,James Jones,SF,29,MIA,36,6,14.0,1.2,3.3,.361,1.0,2.5,.411,0.2,0.8,.207,.517,0.6,0.8,.821,0.1,1.1,1.3,0.5,0.3,0.1,0.3,1.3,4.1,2010
10594,240,Solomon Jones,C,25,IND,52,2,13.0,1.5,3.4,.443,0.0,0.1,.000,1.5,3.3,.451,.443,1.0,1.4,.718,1.0,1.8,2.8,0.6,0.3,0.7,0.8,2.4,4.0,2010
10595,Rk,Player,Pos,Age,Tm,G,GS,MP,FG,FGA,FG%,3P,3PA,3P%,2P,2PA,2P%,eFG%,FT,FTA,FT%,ORB,DRB,TRB,AST,STL,BLK,TOV,PF,PTS,2010
10596,241,DeAndre Jordan,C,21,LAC,70,12,16.2,2.1,3.4,.605,0.0,0.0,.000,2.1,3.4,.610,.605,0.7,1.8,.375,1.7,3.3,5.0,0.3,0.2,0.9,1.1,2.2,4.8,2010
10597,242,Chris Kaman,C,27,LAC,76,76,34.3,7.8,15.8,.490,0.0,0.1,.000,7.8,15.7,.492,.490,3.0,4.0,.749,2.4,6.8,9.3,1.6,0.5,1.2,2.9,2.8,18.5,2010
10598,243,Jason Kapono,SF,28,PHI,57,12,17.1,2.2,5.3,.419,1.1,3.0,.368,1.1,2.3,.485,.523,0.2,0.3,.600,0.2,0.9,1.2,0.7,0.4,0.1,0.6,1.4,5.7,2010
10599,244,Coby Karl,SF-SG,26,TOT,7,1,16.1,1.6,4.6,.344,0.3,1.6,.182,1.3,3.0,.429,.375,0.6,0.9,.667,0.6,2.0,2.6,2.1,0.4,0.1,1.4,2.0,4.0,2010
10600,244,Coby Karl,SG,26,CLE,3,0,1.7,0.0,0.0,,0.0,0.0,,0.0,0.0,,,0.0,0.0,,0.0,0.7,0.7,0.0,0.0,0.0,1.3,0.0,0.0,2010
10601,244,Coby Karl,SF,26,GSW,4,1,27.0,2.8,8.0,.344,0.5,2.8,.182,2.3,5.3,.429,.375,1.0,1.5,.667,1.0,3.0,4.0,3.8,0.8,0.3,1.5,3.5,7.0,2010
10602,245,Jason Kidd*,PG,36,DAL,80,80,36.0,3.6,8.4,.423,2.2,5.2,.425,1.4,3.2,.420,.554,1.0,1.2,.808,0.6,5.0,5.6,9.1,1.8,0.4,2.4,1.8,10.3,2010
10603,246,Andrei Kirilenko,SF,28,UTA,58,35,29.0,4.2,8.3,.506,0.4,1.5,.292,3.8,6.8,.555,.533,3.0,4.0,.744,1.3,3.2,4.6,2.7,1.4,1.2,1.4,1.8,11.9,2010
10604,247,Kyle Korver,SG,28,UTA,52,0,18.3,2.7,5.4,.493,1.1,2.1,.536,1.5,3.3,.465,.598,0.8,0.9,.796,0.2,1.9,2.1,1.7,0.5,0.2,0.8,1.5,7.2,2010
10605,248,Kosta Koufos,C,20,UTA,36,0,4.8,0.6,1.3,.468,0.0,0.0,,0.6,1.3,.468,.468,0.3,0.4,.600,0.4,0.8,1.3,0.2,0.1,0.1,0.4,0.7,1.5,2010
10606,249,Nenad Krstić,C,26,OKC,76,76,22.9,3.7,7.4,.502,0.0,0.1,.200,3.7,7.3,.505,.503,1.0,1.4,.717,1.8,3.3,5.0,0.7,0.4,0.6,0.8,2.3,8.4,2010
10607,250,Oliver Lafayette,SG,25,BOS,1,0,22.0,3.0,6.0,.500,1.0,2.0,.500,2.0,4.0,.500,.583,0.0,0.0,,1.0,3.0,4.0,2.0,0.0,0.0,1.0,0.0,7.0,2010
10608,251,Carl Landry,PF,26,TOT,80,29,30.9,6.2,11.6,.536,0.0,0.0,.333,6.2,11.6,.537,.537,4.3,5.3,.806,2.4,3.5,5.9,0.8,0.7,0.8,1.7,2.9,16.8,2010
10609,251,Carl Landry,PF,26,HOU,52,1,27.2,5.8,10.6,.547,0.0,0.0,,5.8,10.6,.547,.547,4.5,5.4,.839,2.3,3.2,5.5,0.8,0.5,0.9,1.7,2.8,16.1,2010
10610,251,Carl Landry,PF,26,SAC,28,28,37.6,7.0,13.5,.520,0.0,0.1,.333,7.0,13.4,.521,.521,3.9,5.3,.741,2.4,4.1,6.5,0.9,1.0,0.6,1.8,3.1,18.0,2010
10611,252,Marcus Landry,SF,24,TOT,18,0,6.2,0.9,2.4,.372,0.5,1.6,.321,0.4,0.8,.467,.477,0.2,0.3,.600,0.3,0.8,1.1,0.0,0.1,0.1,0.3,0.8,2.4,2010
10612,252,Marcus Landry,SF,24,NYK,17,0,6.4,0.9,2.4,.390,0.5,1.5,.346,0.4,0.9,.467,.500,0.2,0.3,.600,0.3,0.8,1.1,0.0,0.1,0.1,0.4,0.8,2.6,2010
10613,252,Marcus Landry,SF,24,BOS,1,0,3.0,0.0,2.0,.000,0.0,2.0,.000,0.0,0.0,,.000,0.0,0.0,,0.0,0.0,0.0,0.0,0.0,0.0,0.0,0.0,0.0,2010
10614,253,Acie Law,PG,25,TOT,26,1,9.0,1.3,2.9,.467,0.2,0.6,.313,1.2,2.3,.508,.500,1.5,1.9,.776,0.1,0.5,0.7,1.0,0.4,0.0,0.7,0.6,4.3,2010
10615,253,Acie Law,PG,25,GSW,5,0,13.2,1.8,2.8,.643,0.2,0.6,.333,1.6,2.2,.727,.679,2.4,3.0,.800,0.0,0.4,0.4,1.4,1.2,0.0,0.4,1.0,6.2,2010
10616,253,Acie Law,PG,25,CHA,9,0,3.7,0.6,1.8,.313,0.0,0.1,.000,0.6,1.7,.333,.313,0.7,0.8,.857,0.0,0.1,0.1,0.3,0.1,0.1,0.3,0.3,1.8,2010
10617,253,Acie Law,PG,25,CHI,12,1,11.3,1.8,3.8,.467,0.3,1.0,.333,1.4,2.8,.515,.511,1.7,2.3,.741,0.3,0.9,1.2,1.3,0.3,0.0,1.0,0.7,5.5,2010
10618,254,Ty Lawson,PG,22,DEN,65,8,20.3,3.1,6.0,.515,0.5,1.3,.410,2.6,4.7,.544,.559,1.6,2.2,.757,0.6,1.3,1.9,3.1,0.7,0.0,1.3,1.4,8.3,2010
10619,255,Courtney Lee,SG,24,NJN,71,66,33.5,4.8,10.9,.436,1.1,3.2,.338,3.7,7.7,.476,.485,1.9,2.2,.869,0.8,2.7,3.5,1.7,1.3,0.3,1.1,1.8,12.5,2010
10620,256,David Lee,C,26,NYK,81,81,37.3,8.5,15.5,.545,0.0,0.1,.000,8.5,15.4,.549,.545,3.3,4.1,.812,2.8,8.9,11.7,3.6,1.0,0.5,2.3,3.2,20.2,2010
10621,257,Rashard Lewis,PF,30,ORL,72,72,32.9,4.9,11.2,.435,2.3,5.9,.397,2.5,5.3,.476,.539,2.0,2.5,.806,0.9,3.6,4.4,1.5,1.1,0.4,1.5,2.5,14.1,2010
10622,258,Shaun Livingston,PG,24,TOT,36,18,22.1,2.9,5.6,.517,0.0,0.2,.000,2.9,5.4,.533,.517,1.2,1.3,.875,0.4,1.7,2.2,3.6,0.5,0.3,1.6,1.7,6.9,2010
10623,258,Shaun Livingston,PG,24,OKC,10,0,13.0,0.5,1.6,.313,0.0,0.2,.000,0.5,1.4,.357,.313,0.0,0.0,,0.4,1.6,2.0,1.4,0.5,0.2,0.8,0.9,1.0,2010
10624,258,Shaun Livingston,PG,24,WAS,26,18,25.6,3.8,7.1,.535,0.0,0.2,.000,3.8,7.0,.547,.535,1.6,1.8,.875,0.5,1.8,2.2,4.5,0.5,0.3,1.9,2.0,9.2,2010
10625,259,Brook Lopez,C,21,NJN,82,82,36.9,6.9,13.8,.499,0.0,0.0,.000,6.9,13.7,.500,.499,5.1,6.2,.817,3.3,5.4,8.6,2.3,0.7,1.7,2.5,3.1,18.8,2010
10626,260,Robin Lopez,C,21,PHO,51,31,19.3,3.4,5.7,.588,0.0,0.0,,3.4,5.7,.588,.588,1.7,2.5,.704,2.0,2.8,4.9,0.1,0.2,1.0,0.8,2.3,8.4,2010
10627,Rk,Player,Pos,Age,Tm,G,GS,MP,FG,FGA,FG%,3P,3PA,3P%,2P,2PA,2P%,eFG%,FT,FTA,FT%,ORB,DRB,TRB,AST,STL,BLK,TOV,PF,PTS,2010
10628,261,Kevin Love,PF,21,MIN,60,22,28.6,4.9,10.8,.450,0.6,1.8,.330,4.3,9.0,.474,.478,3.8,4.6,.815,3.8,7.2,11.0,2.3,0.7,0.4,2.0,2.3,14.0,2010
10629,262,Kyle Lowry,PG,23,HOU,68,0,24.3,2.7,6.8,.397,0.5,2.0,.272,2.2,4.8,.448,.436,3.2,3.8,.827,1.3,2.3,3.6,4.5,0.9,0.1,1.7,2.5,9.1,2010
10630,263,Corey Maggette,PF,30,GSW,70,49,29.7,6.5,12.7,.516,0.2,0.7,.260,6.3,11.9,.531,.523,6.6,7.9,.835,1.3,4.0,5.3,2.5,0.7,0.1,2.4,3.3,19.8,2010
10631,264,Jamaal Magloire,C,31,MIA,36,0,10.0,0.8,1.6,.500,0.0,0.0,,0.8,1.6,.500,.500,0.6,1.6,.356,1.1,2.2,3.4,0.0,0.3,0.3,0.5,1.6,2.1,2010
10632,265,Ian Mahinmi,C,23,SAS,26,0,6.3,1.3,2.1,.636,0.0,0.0,,1.3,2.1,.636,.636,1.2,1.8,.660,0.5,1.5,2.0,0.1,0.1,0.3,0.6,1.2,3.9,2010
10633,266,Shawn Marion,SF,31,DAL,75,75,31.8,5.3,10.4,.508,0.0,0.3,.158,5.2,10.1,.516,.510,1.4,1.9,.755,2.1,4.3,6.4,1.4,0.9,0.8,1.3,1.9,12.0,2010
10634,267,Sean Marks,C,34,NOH,14,0,5.4,0.3,0.6,.500,0.0,0.0,,0.3,0.6,.500,.500,0.1,0.4,.400,1.0,0.6,1.6,0.1,0.0,0.2,0.1,1.2,0.7,2010
10635,268,Cartier Martin,SF,25,TOT,18,2,21.7,2.8,7.6,.368,0.9,2.7,.347,1.8,4.8,.379,.430,1.3,1.7,.800,1.4,2.4,3.8,0.9,0.6,0.1,1.1,2.7,7.8,2010
10636,268,Cartier Martin,SF,25,GSW,10,2,27.6,3.2,8.8,.364,1.0,3.1,.323,2.2,5.7,.386,.420,1.6,2.1,.762,1.7,3.0,4.7,0.9,0.8,0.0,1.3,3.6,9.0,2010
10637,268,Cartier Martin,SF,25,WAS,8,0,14.3,2.3,6.0,.375,0.9,2.3,.389,1.4,3.8,.367,.448,1.0,1.1,.889,1.0,1.6,2.6,0.9,0.4,0.1,0.8,1.5,6.4,2010
10638,269,Kenyon Martin,PF,32,DEN,58,58,34.2,4.9,10.7,.456,0.1,0.5,.276,4.7,10.2,.465,.463,1.6,2.9,.557,2.4,7.0,9.4,1.9,1.2,1.1,1.6,3.2,11.5,2010
10639,270,Kevin Martin,SG,26,TOT,46,43,35.5,6.3,15.1,.417,1.5,4.6,.333,4.8,10.5,.453,.468,6.5,7.4,.876,0.6,2.9,3.6,2.4,1.0,0.1,2.0,2.1,20.6,2010
10640,270,Kevin Martin,SG,26,SAC,22,21,35.2,6.1,15.4,.398,1.8,5.0,.355,4.4,10.4,.419,.456,5.8,7.0,.819,0.9,3.4,4.3,2.6,1.0,0.2,1.6,2.3,19.8,2010
10641,270,Kevin Martin,SG,26,HOU,24,22,35.8,6.4,14.8,.435,1.3,4.2,.310,5.1,10.6,.484,.479,7.1,7.7,.924,0.4,2.5,2.9,2.3,1.0,0.1,2.4,1.9,21.3,2010
10642,271,Desmond Mason,SF,32,SAC,5,4,13.2,1.0,2.4,.417,0.0,0.0,,1.0,2.4,.417,.417,0.6,0.8,.750,0.8,1.8,2.6,0.4,0.2,0.2,0.8,1.0,2.6,2010
10643,272,Roger Mason,SG,29,SAS,79,5,19.2,2.4,6.3,.389,1.1,3.3,.333,1.3,2.9,.453,.478,0.3,0.4,.794,0.1,1.9,2.1,1.7,0.4,0.2,0.7,1.3,6.3,2010
10644,273,Wesley Matthews,SG,23,UTA,82,48,24.7,3.3,6.9,.483,0.8,2.0,.382,2.6,4.9,.525,.539,2.0,2.4,.829,0.6,1.7,2.3,1.5,0.8,0.2,1.1,1.9,9.4,2010
10645,274,Jason Maxiell,C,26,DET,76,29,20.4,2.8,5.5,.511,0.0,0.0,.000,2.8,5.4,.512,.511,1.2,2.0,.574,2.1,3.2,5.3,0.5,0.5,0.5,0.9,2.3,6.8,2010
10646,275,Sean May,C,25,SAC,37,4,8.9,1.4,3.0,.459,0.0,0.1,.000,1.4,2.9,.477,.459,0.6,0.9,.656,0.5,1.4,1.9,0.5,0.3,0.2,0.5,1.2,3.3,2010
10647,276,Eric Maynor,PG,22,TOT,81,2,15.7,1.9,4.5,.418,0.3,0.9,.310,1.6,3.7,.444,.448,0.6,0.9,.722,0.3,1.3,1.6,3.3,0.5,0.1,1.0,1.4,4.7,2010
10648,276,Eric Maynor,PG,22,UTA,26,2,14.0,2.0,5.1,.391,0.2,0.9,.208,1.8,4.2,.431,.410,1.0,1.3,.758,0.4,1.1,1.5,3.1,0.5,0.1,1.1,1.3,5.2,2010
10649,276,Eric Maynor,PG,22,OKC,55,0,16.5,1.9,4.3,.434,0.3,0.9,.362,1.5,3.4,.452,.470,0.5,0.7,.692,0.2,1.5,1.7,3.4,0.5,0.1,1.0,1.5,4.5,2010
10650,277,O.J. Mayo,SG,22,MEM,82,82,38.0,6.6,14.4,.458,1.7,4.3,.383,5.0,10.1,.490,.516,2.6,3.2,.809,0.7,3.0,3.8,3.0,1.2,0.2,2.1,2.1,17.5,2010
10651,278,Luc Mbah a Moute,PF,23,MIL,73,62,25.6,2.4,5.1,.480,0.1,0.2,.353,2.3,4.8,.486,.488,1.3,1.8,.699,2.3,3.1,5.5,1.1,0.8,0.5,1.0,2.5,6.2,2010
10652,279,Antonio McDyess,PF,35,SAS,77,50,21.0,2.7,5.6,.479,0.0,0.0,.000,2.7,5.5,.481,.479,0.5,0.7,.632,1.9,4.0,5.9,1.1,0.6,0.4,1.0,1.9,5.8,2010
10653,280,JaVale McGee,C,22,WAS,60,19,16.1,2.6,5.1,.508,0.0,0.0,.000,2.6,5.1,.510,.508,1.2,1.9,.638,1.5,2.6,4.1,0.2,0.3,1.7,0.9,2.0,6.4,2010
10654,Rk,Player,Pos,Age,Tm,G,GS,MP,FG,FGA,FG%,3P,3PA,3P%,2P,2PA,2P%,eFG%,FT,FTA,FT%,ORB,DRB,TRB,AST,STL,BLK,TOV,PF,PTS,2010
10655,281,Tracy McGrady*,SG,30,TOT,30,24,22.4,3.0,7.8,.387,0.5,2.1,.250,2.5,5.7,.439,.421,1.6,2.1,.746,0.7,2.4,3.1,3.3,0.5,0.5,1.5,1.3,8.2,2010
10656,281,Tracy McGrady*,SG,30,HOU,6,0,7.7,1.2,3.2,.368,0.2,0.3,.500,1.0,2.8,.353,.395,0.7,1.0,.667,0.0,0.8,0.8,1.0,0.0,0.3,0.2,0.3,3.2,2010
10657,281,Tracy McGrady*,SG,30,NYK,24,24,26.1,3.5,9.0,.389,0.6,2.6,.242,2.9,6.4,.448,.424,1.8,2.4,.754,0.9,2.8,3.7,3.9,0.6,0.5,1.8,1.6,9.4,2010
10658,282,Dominic McGuire,SF,24,TOT,51,2,6.0,0.4,1.0,.365,0.0,0.0,,0.4,1.0,.365,.365,0.0,0.1,.000,0.5,1.1,1.5,0.2,0.1,0.1,0.3,0.7,0.7,2010
10659,282,Dominic McGuire,SF,24,WAS,41,0,5.9,0.4,1.0,.375,0.0,0.0,,0.4,1.0,.375,.375,0.0,0.1,.000,0.4,1.1,1.5,0.2,0.1,0.1,0.2,0.8,0.7,2010
10660,282,Dominic McGuire,SF,24,SAC,10,2,6.7,0.4,1.2,.333,0.0,0.0,,0.4,1.2,.333,.333,0.0,0.2,.000,0.6,1.2,1.8,0.3,0.1,0.1,0.7,0.3,0.8,2010
10661,283,Josh McRoberts,C,22,IND,42,3,12.5,1.8,3.5,.521,0.2,0.5,.348,1.6,2.9,.553,.548,0.5,0.9,.500,1.0,2.1,3.0,1.0,0.4,0.4,0.5,1.8,4.3,2010
10662,284,Jodie Meeks,SG,22,TOT,60,0,12.0,1.7,4.5,.388,0.7,2.2,.318,1.0,2.3,.456,.466,0.5,0.7,.795,0.2,1.5,1.7,0.7,0.3,0.1,0.4,0.9,4.7,2010
10663,284,Jodie Meeks,SG,22,MIL,41,0,11.9,1.6,4.3,.362,0.6,2.0,.280,1.0,2.3,.432,.427,0.4,0.5,.857,0.1,1.6,1.8,0.5,0.3,0.1,0.5,0.8,4.1,2010
10664,284,Jodie Meeks,SG,22,PHI,19,0,12.3,2.1,4.8,.440,1.0,2.6,.380,1.1,2.2,.512,.544,0.7,0.9,.722,0.2,1.2,1.4,0.9,0.3,0.1,0.3,1.0,5.9,2010
10665,285,Pops Mensah-Bonsu,PF,26,TOT,20,0,6.0,0.7,1.7,.394,0.0,0.0,,0.7,1.7,.394,.394,0.7,1.2,.542,0.8,1.0,1.8,0.2,0.2,0.5,0.5,1.0,2.0,2010
10666,285,Pops Mensah-Bonsu,PF,26,HOU,4,0,3.3,0.3,1.0,.250,0.0,0.0,,0.3,1.0,.250,.250,0.8,1.5,.500,0.3,0.8,1.0,0.3,0.3,0.3,0.0,0.8,1.3,2010
10667,285,Pops Mensah-Bonsu,PF,26,TOR,16,0,6.7,0.8,1.8,.414,0.0,0.0,,0.8,1.8,.414,.414,0.6,1.1,.556,0.9,1.0,1.9,0.1,0.2,0.5,0.6,1.1,2.1,2010
10668,286,C.J. Miles,SF,22,UTA,63,28,23.8,3.8,8.9,.429,1.2,3.4,.341,2.7,5.5,.484,.495,1.0,1.5,.695,0.7,2.0,2.7,1.7,0.9,0.3,1.3,3.0,9.9,2010
10669,287,Darko Miličić,C,24,TOT,32,18,21.4,3.1,6.4,.490,0.0,0.0,.000,3.1,6.3,.493,.490,0.5,0.9,.536,1.5,3.3,4.7,1.5,0.7,1.1,1.1,2.6,6.7,2010
10670,287,Darko Miličić,C,24,NYK,8,0,8.9,1.0,2.1,.471,0.0,0.0,,1.0,2.1,.471,.471,0.0,0.0,,0.6,1.6,2.3,0.5,0.5,0.1,0.3,0.9,2.0,2010
10671,287,Darko Miličić,C,24,MIN,24,18,25.6,3.8,7.8,.492,0.0,0.0,.000,3.8,7.8,.495,.492,0.6,1.2,.536,1.8,3.8,5.5,1.8,0.8,1.4,1.4,3.1,8.3,2010
10672,288,Andre Miller,PG,33,POR,82,66,30.5,4.9,11.1,.445,0.2,1.0,.200,4.7,10.1,.469,.454,3.9,4.8,.821,1.0,2.3,3.2,5.4,1.1,0.1,2.1,2.1,14.0,2010
10673,289,Brad Miller,C,33,CHI,82,37,23.8,3.0,7.1,.430,0.5,1.6,.280,2.6,5.5,.474,.462,2.2,2.7,.827,1.0,3.9,4.9,1.9,0.5,0.4,1.3,2.3,8.8,2010
10674,290,Mike Miller,SG,29,WAS,54,50,33.4,4.0,8.0,.501,1.5,3.2,.480,2.5,4.9,.515,.596,1.3,1.6,.824,1.0,5.2,6.2,3.9,0.7,0.2,2.1,2.4,10.9,2010
10675,291,Patty Mills,PG,21,POR,10,0,3.8,1.0,2.4,.417,0.2,0.4,.500,0.8,2.0,.400,.458,0.4,0.7,.571,0.1,0.1,0.2,0.5,0.0,0.0,0.4,0.6,2.6,2010
10676,292,Paul Millsap,PF,24,UTA,82,8,27.8,4.7,8.7,.538,0.0,0.1,.111,4.7,8.6,.543,.538,2.2,3.2,.693,2.3,4.5,6.8,1.6,0.8,1.2,1.4,3.5,11.6,2010
10677,293,Nazr Mohammed,C,32,CHA,58,29,17.0,3.3,5.9,.553,0.0,0.0,,3.3,5.9,.553,.553,1.4,2.2,.648,2.0,3.3,5.2,0.5,0.3,0.7,0.9,1.8,7.9,2010
10678,294,Jamario Moon,SF,29,CLE,61,2,17.2,1.9,4.0,.462,0.5,1.6,.320,1.3,2.4,.558,.526,0.6,0.7,.800,0.4,2.7,3.1,0.8,0.6,0.5,0.4,1.1,4.9,2010
10679,295,Mikki Moore,C,34,GSW,23,20,17.7,2.3,3.9,.600,0.0,0.0,,2.3,3.9,.600,.600,0.3,0.5,.636,1.1,1.9,3.0,1.6,0.2,0.6,0.9,2.6,5.0,2010
10680,296,Randolph Morris,PF,24,ATL,28,0,4.4,0.8,1.5,.561,0.0,0.0,,0.8,1.5,.561,.561,0.6,1.0,.593,0.4,1.0,1.4,0.1,0.2,0.1,0.4,1.2,2.2,2010
10681,297,Adam Morrison,SF,25,LAL,31,0,7.8,1.0,2.7,.376,0.2,0.7,.238,0.9,2.1,.422,.406,0.2,0.3,.625,0.3,0.7,1.0,0.6,0.1,0.1,0.3,0.5,2.4,2010
10682,298,Anthony Morrow,SG,24,GSW,69,37,29.2,4.8,10.2,.468,2.0,4.4,.456,2.7,5.7,.477,.568,1.5,1.7,.886,0.9,2.9,3.8,1.5,0.9,0.2,1.2,2.3,13.0,2010
10683,299,Byron Mullens,PF,20,OKC,13,0,4.2,0.5,1.5,.368,0.0,0.0,,0.5,1.5,.368,.368,0.0,0.0,,0.2,0.5,0.8,0.1,0.2,0.0,0.3,1.0,1.1,2010
10684,300,Troy Murphy,PF,29,IND,72,69,32.6,5.3,11.3,.472,1.8,4.6,.384,3.6,6.7,.533,.551,2.1,2.7,.798,1.8,8.4,10.2,2.1,1.0,0.5,1.4,2.4,14.6,2010
10685,Rk,Player,Pos,Age,Tm,G,GS,MP,FG,FGA,FG%,3P,3PA,3P%,2P,2PA,2P%,eFG%,FT,FTA,FT%,ORB,DRB,TRB,AST,STL,BLK,TOV,PF,PTS,2010
10686,301,Ronald Murray,SG,30,TOT,75,2,22.3,3.6,9.1,.392,0.9,2.9,.312,2.7,6.2,.431,.443,1.9,2.6,.727,0.4,2.1,2.4,1.8,0.6,0.2,1.2,1.7,9.9,2010
10687,301,Ronald Murray,SG,30,CHA,46,1,21.6,3.5,8.9,.389,0.9,2.8,.313,2.6,6.1,.425,.439,2.0,2.8,.710,0.3,1.8,2.1,1.8,0.6,0.3,1.4,1.7,9.9,2010
10688,301,Ronald Murray,SG,30,CHI,29,1,23.4,3.7,9.4,.397,1.0,3.1,.311,2.8,6.3,.440,.449,1.7,2.2,.762,0.4,2.5,2.9,1.8,0.6,0.1,0.9,1.7,10.1,2010
10689,302,Eduardo Nájera,PF,33,TOT,46,5,14.9,1.3,3.2,.425,0.4,1.4,.297,0.9,1.8,.524,.490,0.3,0.5,.583,0.7,1.8,2.5,0.6,0.6,0.3,0.5,2.0,3.4,2010
10690,302,Eduardo Nájera,PF,33,NJN,13,2,15.7,1.5,4.1,.377,0.2,1.3,.176,1.3,2.8,.472,.406,0.5,0.9,.500,0.9,2.0,2.9,1.2,0.7,0.2,0.9,2.5,3.8,2010
10691,302,Eduardo Nájera,PF,33,DAL,33,3,14.6,1.3,2.8,.452,0.5,1.4,.340,0.8,1.4,.565,.538,0.2,0.4,.667,0.7,1.7,2.3,0.4,0.5,0.4,0.4,1.8,3.3,2010
10692,303,Steve Nash*,PG,35,PHO,81,81,32.8,6.2,12.2,.507,1.5,3.6,.426,4.6,8.6,.540,.570,2.6,2.8,.938,0.4,2.9,3.3,11.0,0.5,0.1,3.6,1.3,16.5,2010
10693,304,Jameer Nelson,PG,27,ORL,65,64,28.6,4.9,10.9,.449,1.3,3.5,.381,3.6,7.4,.481,.510,1.5,1.8,.845,0.4,2.6,3.0,5.4,0.7,0.0,2.1,2.3,12.6,2010
10694,305,Rasho Nesterović,C,33,TOR,42,8,9.8,1.9,3.5,.544,0.0,0.0,,1.9,3.5,.544,.544,0.0,0.1,.200,0.9,1.2,2.1,0.6,0.2,0.4,0.4,1.3,3.9,2010
10695,306,Joakim Noah,C,24,CHI,64,54,30.1,4.1,8.1,.504,0.0,0.0,,4.1,8.1,.504,.504,2.5,3.4,.744,3.4,7.6,11.0,2.1,0.5,1.6,1.8,3.1,10.7,2010
10696,307,Andrés Nocioni,SF,30,SAC,75,28,19.7,3.1,7.8,.399,1.3,3.3,.386,1.8,4.5,.408,.480,0.9,1.3,.717,0.4,2.5,3.0,1.0,0.4,0.3,0.9,2.1,8.5,2010
10697,308,Steve Novak,SF,26,LAC,54,0,6.7,0.8,2.0,.389,0.4,1.3,.310,0.4,0.7,.541,.491,0.1,0.2,.778,0.0,0.6,0.6,0.1,0.1,0.0,0.0,0.4,2.1,2010
10698,309,Dirk Nowitzki,PF,31,DAL,81,80,37.5,8.9,18.5,.481,0.6,1.5,.421,8.3,17.0,.487,.498,6.6,7.2,.915,1.0,6.7,7.7,2.7,0.9,1.0,1.8,2.6,25.0,2010
10699,310,Patrick O'Bryant,C,23,TOR,11,0,4.6,0.7,1.4,.533,0.0,0.1,.000,0.7,1.3,.571,.533,0.3,0.5,.500,0.2,0.8,1.0,0.1,0.2,0.4,0.5,1.1,1.7,2010
10700,311,Jermaine O'Neal,C,31,MIA,70,70,28.4,5.6,10.6,.529,0.0,0.0,.000,5.6,10.6,.530,.529,2.3,3.2,.720,1.8,5.2,6.9,1.3,0.4,1.4,1.8,3.0,13.6,2010
10701,312,Shaquille O'Neal*,C,37,CLE,53,53,23.4,4.9,8.7,.566,0.0,0.0,.000,4.9,8.7,.567,.566,2.1,4.3,.496,1.8,4.9,6.7,1.5,0.3,1.2,2.0,3.2,12.0,2010
10702,313,Fabricio Oberto,C,34,WAS,57,20,11.4,0.6,1.0,.625,0.0,0.0,,0.6,1.0,.625,.625,0.2,0.3,.765,0.6,1.2,1.8,0.9,0.2,0.2,0.6,2.1,1.5,2010
10703,314,Greg Oden,C,22,POR,21,21,23.9,4.4,7.2,.605,0.0,0.0,,4.4,7.2,.605,.605,2.3,3.0,.766,3.0,5.4,8.5,0.9,0.4,2.3,1.9,4.0,11.1,2010
10704,315,Lamar Odom,PF,30,LAL,82,38,31.5,4.2,9.0,.463,0.7,2.2,.319,3.5,6.8,.510,.502,1.7,2.5,.693,2.2,7.5,9.8,3.3,0.9,0.7,1.8,2.8,10.8,2010
10705,316,Emeka Okafor,C,27,NOH,82,82,28.9,4.2,8.0,.530,0.0,0.0,,4.2,8.0,.530,.530,1.9,3.3,.562,3.1,6.0,9.0,0.7,0.7,1.5,1.4,2.7,10.4,2010
10706,317,Mehmet Okur,C,30,UTA,73,73,29.4,4.9,10.6,.458,1.1,2.9,.385,3.7,7.7,.486,.511,2.7,3.3,.820,1.8,5.2,7.1,1.6,0.5,1.1,1.7,3.1,13.5,2010
10707,318,Kevin Ollie,PG,37,OKC,25,0,10.5,0.7,1.8,.400,0.0,0.0,.000,0.7,1.8,.409,.400,0.3,0.3,1.000,0.1,0.9,1.0,0.8,0.4,0.0,0.2,0.6,1.8,2010
10708,319,Travis Outlaw,SF,25,TOT,34,6,21.5,3.2,8.3,.391,1.2,3.1,.381,2.1,5.2,.398,.463,1.4,1.7,.831,1.0,2.6,3.6,1.0,0.5,0.5,0.9,1.3,9.1,2010
10709,319,Travis Outlaw,SF,25,POR,11,0,21.0,3.5,9.2,.376,1.1,2.8,.387,2.4,6.4,.371,.436,1.9,2.2,.875,1.2,2.3,3.5,0.7,0.6,0.7,1.1,1.2,9.9,2010
10710,319,Travis Outlaw,SF,25,LAC,23,6,21.7,3.1,7.8,.400,1.2,3.2,.378,1.9,4.6,.415,.478,1.2,1.5,.800,0.9,2.7,3.6,1.1,0.5,0.4,0.9,1.3,8.7,2010
10711,320,Zaza Pachulia,C,25,ATL,78,1,14.0,1.5,3.2,.488,0.0,0.1,.000,1.5,3.1,.496,.488,1.2,1.8,.650,1.5,2.3,3.8,0.5,0.5,0.4,0.7,2.4,4.3,2010
10712,Rk,Player,Pos,Age,Tm,G,GS,MP,FG,FGA,FG%,3P,3PA,3P%,2P,2PA,2P%,eFG%,FT,FTA,FT%,ORB,DRB,TRB,AST,STL,BLK,TOV,PF,PTS,2010
10713,321,Jannero Pargo,PG,30,CHI,63,5,13.2,2.1,6.0,.346,0.6,2.2,.275,1.5,3.9,.387,.396,0.7,0.7,.933,0.1,1.1,1.2,1.4,0.5,0.0,0.8,1.1,5.5,2010
10714,322,Anthony Parker,SG,34,CLE,81,81,28.3,2.5,5.9,.434,1.3,3.2,.414,1.2,2.6,.458,.547,0.9,1.2,.789,0.4,2.5,2.9,1.9,0.8,0.2,0.9,1.9,7.3,2010
10715,323,Tony Parker,PG,27,SAS,56,50,30.9,6.2,12.8,.487,0.2,0.6,.294,6.1,12.2,.497,.494,3.3,4.4,.756,0.1,2.3,2.4,5.7,0.5,0.1,2.7,1.7,16.0,2010
10716,324,Chris Paul,PG,24,NOH,45,45,38.0,7.0,14.2,.493,1.2,2.8,.409,5.8,11.3,.514,.534,3.6,4.2,.847,0.4,3.8,4.2,10.7,2.1,0.2,2.5,2.6,18.7,2010
10717,325,Sasha Pavlović,SF,26,MIN,71,0,12.4,1.5,4.2,.363,0.5,1.7,.297,1.0,2.6,.407,.422,0.1,0.4,.385,0.2,1.5,1.6,0.8,0.3,0.1,0.7,1.2,3.7,2010
10718,326,Oleksiy Pecherov,C,24,MIN,44,5,10.2,1.8,4.3,.410,0.3,1.2,.269,1.4,3.1,.463,.447,0.7,0.7,.906,0.7,2.1,2.8,0.3,0.2,0.3,0.7,1.3,4.5,2010
10719,327,Kendrick Perkins,C,25,BOS,78,78,27.6,4.0,6.7,.602,0.0,0.0,.000,4.0,6.7,.605,.602,2.1,3.6,.582,2.0,5.6,7.6,1.0,0.3,1.7,2.1,2.8,10.1,2010
10720,328,Morris Peterson,SG,32,NOH,46,39,21.2,2.5,6.5,.385,1.3,3.7,.363,1.2,2.8,.415,.488,0.7,1.2,.611,0.4,2.4,2.7,0.9,0.5,0.1,0.6,1.8,7.1,2010
10721,329,Johan Petro,C,24,DEN,36,16,12.1,1.5,2.8,.535,0.0,0.0,.000,1.5,2.8,.540,.535,0.4,0.6,.667,0.9,2.7,3.6,0.4,0.3,0.4,0.6,2.2,3.4,2010
10722,330,Paul Pierce*,SF,32,BOS,71,71,34.0,5.8,12.2,.472,1.5,3.7,.414,4.2,8.5,.497,.535,5.2,6.1,.852,0.5,3.8,4.4,3.1,1.2,0.4,2.3,2.8,18.3,2010
10723,331,Mickaël Piétrus,SF,27,ORL,75,24,22.5,3.1,7.2,.432,1.5,4.1,.379,1.6,3.1,.502,.540,0.9,1.5,.633,0.5,2.3,2.9,0.7,0.7,0.4,0.9,1.8,8.7,2010
10724,332,James Posey,SF,33,NOH,77,2,22.5,1.6,4.5,.365,1.1,3.1,.335,0.6,1.3,.437,.483,0.9,1.0,.825,0.4,3.9,4.3,1.5,0.5,0.2,0.7,2.6,5.2,2010
10725,333,Leon Powe,SF,26,CLE,20,2,11.8,1.1,2.5,.429,0.0,0.0,,1.1,2.5,.429,.429,1.9,3.2,.587,1.0,2.1,3.1,0.0,0.3,0.1,0.6,1.8,4.0,2010
10726,334,Josh Powell,PF,27,LAL,63,0,9.2,1.1,3.1,.366,0.1,0.3,.438,1.0,2.8,.360,.384,0.3,0.5,.645,0.7,1.1,1.8,0.6,0.1,0.1,0.5,1.1,2.7,2010
10727,335,A.J. Price,PG,23,IND,56,2,15.4,2.6,6.3,.410,1.1,3.1,.345,1.5,3.2,.472,.494,1.1,1.3,.800,0.2,1.4,1.6,1.9,0.6,0.1,1.1,0.9,7.3,2010
10728,336,Ronnie Price,PG,26,UTA,60,4,13.4,1.6,4.0,.405,0.3,1.1,.286,1.3,3.0,.447,.442,0.7,1.0,.695,0.5,0.8,1.2,2.1,0.7,0.2,0.9,1.8,4.3,2010
10729,337,Tayshaun Prince,SF,29,DET,49,49,34.0,5.8,11.8,.486,0.6,1.5,.370,5.2,10.3,.503,.509,1.4,2.0,.714,1.4,3.6,5.1,3.3,0.7,0.4,1.2,1.6,13.5,2010
10730,338,Joel Przybilla,C,30,POR,30,9,22.7,1.5,2.9,.523,0.0,0.0,,1.5,2.9,.523,.523,1.1,1.7,.647,2.4,5.5,7.9,0.3,0.3,1.4,1.3,3.2,4.1,2010
10731,339,Chris Quinn,PG,26,NJN,25,0,8.9,0.8,2.2,.357,0.4,1.3,.313,0.4,1.0,.417,.446,0.2,0.2,1.000,0.0,0.6,0.6,1.2,0.4,0.0,0.4,0.6,2.2,2010
10732,340,Vladimir Radmanović,PF,29,TOT,41,20,21.7,2.5,6.7,.377,0.7,2.6,.278,1.8,4.0,.442,.432,0.5,0.7,.741,1.2,3.1,4.3,1.1,0.7,0.2,1.1,2.4,6.2,2010
10733,340,Vladimir Radmanović,PF,29,CHA,8,0,16.6,1.8,5.3,.333,0.9,2.8,.318,0.9,2.5,.350,.417,0.5,0.8,.667,1.0,2.6,3.6,0.9,0.4,0.1,0.6,2.3,4.9,2010
10734,340,Vladimir Radmanović,PF,29,GSW,33,20,23.0,2.7,7.0,.385,0.7,2.6,.267,2.0,4.4,.455,.435,0.5,0.6,.762,1.3,3.2,4.5,1.2,0.8,0.2,1.2,2.4,6.6,2010
10735,Rk,Player,Pos,Age,Tm,G,GS,MP,FG,FGA,FG%,3P,3PA,3P%,2P,2PA,2P%,eFG%,FT,FTA,FT%,ORB,DRB,TRB,AST,STL,BLK,TOV,PF,PTS,2010
10736,341,Anthony Randolph,C,20,GSW,33,8,22.7,4.2,9.4,.443,0.0,0.2,.200,4.1,9.2,.447,.445,3.3,4.1,.801,2.2,4.3,6.5,1.3,0.8,1.5,1.5,2.8,11.6,2010
10737,342,Shavlik Randolph,PF,26,TOT,6,0,8.8,1.0,3.0,.333,0.0,0.0,,1.0,3.0,.333,.333,0.3,0.3,1.000,1.2,1.2,2.3,0.2,0.2,0.2,0.5,1.5,2.3,2010
10738,342,Shavlik Randolph,PF,26,MIA,3,0,15.7,1.7,5.0,.333,0.0,0.0,,1.7,5.0,.333,.333,0.0,0.0,,2.3,2.0,4.3,0.0,0.3,0.3,0.7,3.0,3.3,2010
10739,342,Shavlik Randolph,PF,26,POR,3,0,2.0,0.3,1.0,.333,0.0,0.0,,0.3,1.0,.333,.333,0.7,0.7,1.000,0.0,0.3,0.3,0.3,0.0,0.0,0.3,0.0,1.3,2010
10740,343,Zach Randolph,PF,28,MEM,81,81,37.7,8.0,16.5,.488,0.2,0.6,.288,7.9,15.9,.496,.494,4.5,5.7,.778,4.1,7.7,11.7,1.8,1.0,0.4,2.1,2.8,20.8,2010
10741,344,Theo Ratliff,C,36,TOT,49,29,16.5,1.4,3.1,.461,0.0,0.0,,1.4,3.1,.461,.461,0.8,1.0,.760,1.2,2.0,3.2,0.5,0.2,1.2,0.8,1.8,3.6,2010
10742,344,Theo Ratliff,C,36,SAS,21,3,8.7,0.8,1.7,.444,0.0,0.0,,0.8,1.7,.444,.444,0.1,0.2,.500,0.7,1.2,1.9,0.4,0.1,0.9,0.8,1.3,1.6,2010
10743,344,Theo Ratliff,C,36,CHA,28,26,22.3,1.9,4.1,.466,0.0,0.0,,1.9,4.1,.466,.466,1.3,1.6,.783,1.6,2.6,4.2,0.6,0.3,1.5,0.9,2.1,5.1,2010
10744,345,Michael Redd,SG,30,MIL,18,12,27.3,4.2,11.8,.352,1.0,3.3,.300,3.2,8.5,.373,.394,2.6,3.7,.712,0.6,2.4,3.0,2.2,1.1,0.1,0.8,1.3,11.9,2010
10745,346,J.J. Redick,SG,25,ORL,82,9,22.0,3.0,6.7,.439,1.4,3.3,.405,1.6,3.4,.473,.540,2.3,2.7,.860,0.2,1.7,1.9,1.9,0.3,0.0,0.8,1.4,9.6,2010
10746,347,Chris Richard,PF,25,CHI,18,0,12.4,0.8,1.6,.517,0.0,0.0,,0.8,1.6,.517,.517,0.4,0.6,.636,1.1,2.2,3.3,0.4,0.4,0.2,0.8,2.8,2.1,2010
10747,348,Jason Richardson,SG,29,PHO,79,76,31.5,6.0,12.6,.474,2.0,5.1,.393,4.0,7.6,.528,.553,1.7,2.3,.739,1.0,4.1,5.1,1.8,0.8,0.4,1.2,2.1,15.7,2010
10748,349,Quentin Richardson,SF,29,MIA,76,75,27.4,3.2,7.4,.431,1.9,4.7,.397,1.3,2.7,.493,.558,0.7,0.9,.732,0.8,4.1,4.9,1.2,0.9,0.2,0.8,2.2,8.9,2010
10749,350,Luke Ridnour,PG,28,MIL,82,0,21.5,4.0,8.4,.478,0.8,2.2,.381,3.2,6.2,.513,.528,1.5,1.7,.907,0.3,1.5,1.7,4.0,0.7,0.1,1.3,2.2,10.4,2010
10750,351,Nate Robinson,PG,25,TOT,56,2,19.9,3.8,8.8,.436,1.6,4.0,.390,2.3,4.8,.474,.524,0.9,1.2,.746,0.5,1.5,2.0,2.9,0.9,0.1,1.3,2.1,10.1,2010
10751,351,Nate Robinson,PG,25,NYK,30,2,24.4,5.1,11.2,.452,1.7,4.5,.375,3.4,6.7,.505,.528,1.4,1.8,.778,0.8,1.6,2.4,3.7,0.9,0.2,1.8,2.2,13.2,2010
10752,351,Nate Robinson,PG,25,BOS,26,0,14.7,2.4,6.0,.401,1.4,3.3,.414,1.0,2.7,.386,.516,0.3,0.5,.615,0.2,1.3,1.5,2.0,0.8,0.0,0.8,1.9,6.5,2010
10753,352,Sergio Rodríguez,PG,23,TOT,66,8,15.9,2.5,5.3,.476,0.5,1.4,.352,2.0,3.9,.519,.521,1.0,1.4,.731,0.4,1.0,1.3,3.2,0.8,0.1,1.7,1.3,6.6,2010
10754,352,Sergio Rodríguez,PG,23,SAC,39,0,13.3,2.3,4.9,.463,0.4,1.1,.357,1.9,3.8,.493,.503,1.1,1.6,.694,0.4,0.9,1.3,3.1,0.7,0.1,1.5,1.2,6.0,2010
10755,352,Sergio Rodríguez,PG,23,NYK,27,8,19.7,2.9,6.0,.491,0.6,1.8,.347,2.3,4.1,.554,.543,0.9,1.1,.806,0.3,1.1,1.4,3.4,0.8,0.1,2.0,1.4,7.4,2010
10756,353,Rajon Rondo,PG,23,BOS,81,81,36.6,5.7,11.2,.508,0.2,1.0,.213,5.5,10.2,.536,.517,2.2,3.5,.621,1.2,3.2,4.4,9.8,2.3,0.1,3.0,2.4,13.7,2010
10757,354,Derrick Rose,PG,21,CHI,78,78,36.8,8.6,17.6,.489,0.2,0.8,.267,8.4,16.8,.500,.495,3.3,4.3,.766,0.8,2.9,3.8,6.0,0.7,0.3,2.8,1.2,20.8,2010
10758,355,Quinton Ross,SF-SG,28,TOT,52,7,10.8,0.8,2.1,.360,0.1,0.4,.190,0.7,1.7,.400,.378,0.2,0.3,.571,0.3,0.6,0.9,0.2,0.3,0.1,0.2,1.3,1.8,2010
10759,355,Quinton Ross,SF,28,DAL,27,7,11.1,0.9,2.1,.411,0.1,0.5,.231,0.7,1.6,.465,.438,0.2,0.3,.625,0.4,0.6,1.0,0.3,0.3,0.1,0.1,1.3,2.0,2010
10760,355,Quinton Ross,SG,28,WAS,25,0,10.4,0.7,2.2,.309,0.0,0.3,.125,0.6,1.9,.340,.318,0.1,0.2,.500,0.2,0.6,0.9,0.2,0.2,0.1,0.3,1.4,1.5,2010
10761,356,Brandon Roy,SG,25,POR,65,65,37.2,7.6,16.0,.473,1.1,3.4,.330,6.4,12.6,.512,.508,5.3,6.8,.780,1.1,3.3,4.4,4.7,0.9,0.2,2.0,2.1,21.5,2010
10762,357,Brandon Rush,SG,24,IND,82,64,30.4,3.6,8.6,.423,1.5,3.7,.411,2.1,4.9,.433,.511,0.7,1.1,.629,0.5,3.7,4.2,1.4,0.7,0.8,1.1,1.9,9.4,2010
10763,358,Kareem Rush,SG,29,LAC,7,0,8.3,0.6,1.6,.364,0.1,0.4,.333,0.4,1.1,.375,.409,0.0,0.0,,0.1,0.7,0.9,0.6,0.3,0.4,0.4,1.1,1.3,2010
10764,359,John Salmons,SG,30,TOT,81,56,34.9,5.4,12.2,.441,1.5,3.8,.382,3.9,8.4,.468,.501,3.1,3.8,.830,0.4,2.9,3.3,2.8,1.2,0.3,1.5,2.0,15.4,2010
10765,359,John Salmons,SG,30,CHI,51,28,33.2,4.5,10.7,.420,1.4,3.8,.380,3.1,7.0,.441,.486,2.3,2.9,.789,0.4,3.1,3.4,2.5,1.3,0.4,1.4,2.0,12.7,2010
10766,359,John Salmons,SG,30,MIL,30,28,37.6,6.9,14.8,.467,1.5,3.9,.385,5.4,10.9,.497,.518,4.6,5.3,.867,0.6,2.6,3.2,3.3,1.1,0.1,1.8,2.2,19.9,2010
10767,360,Brian Scalabrine,PF,31,BOS,52,3,9.1,0.6,1.6,.341,0.3,0.9,.327,0.3,0.7,.361,.435,0.1,0.1,.667,0.2,0.8,0.9,0.5,0.2,0.1,0.3,1.1,1.5,2010
10768,Rk,Player,Pos,Age,Tm,G,GS,MP,FG,FGA,FG%,3P,3PA,3P%,2P,2PA,2P%,eFG%,FT,FTA,FT%,ORB,DRB,TRB,AST,STL,BLK,TOV,PF,PTS,2010
10769,361,Luis Scola,PF,29,HOU,82,82,32.6,6.8,13.3,.514,0.0,0.1,.200,6.8,13.2,.515,.514,2.5,3.3,.779,2.1,6.5,8.6,2.1,0.8,0.3,2.0,3.0,16.2,2010
10770,362,Thabo Sefolosha,SG,25,OKC,82,82,28.6,2.4,5.4,.440,0.5,1.6,.313,1.9,3.8,.494,.486,0.7,1.1,.674,0.9,3.8,4.7,1.8,1.2,0.6,1.1,1.9,6.0,2010
10771,363,Ramon Sessions,PG,23,MIN,82,1,21.1,3.1,6.8,.456,0.0,0.2,.067,3.1,6.6,.467,.457,2.0,2.8,.717,0.7,1.9,2.6,3.1,0.7,0.1,1.7,1.7,8.2,2010
10772,364,Bobby Simmons,PF,29,NJN,23,2,17.2,1.8,5.1,.359,0.9,2.7,.317,1.0,2.3,.407,.444,0.8,0.9,.900,0.5,2.3,2.7,0.7,0.7,0.1,0.8,2.3,5.3,2010
10773,365,James Singleton,PF-SF,28,TOT,57,3,17.1,1.7,4.5,.382,0.1,0.6,.189,1.6,3.8,.415,.396,0.9,1.1,.855,1.9,2.9,4.8,0.5,0.5,0.8,0.9,2.0,4.5,2010
10774,365,James Singleton,SF,28,DAL,25,0,8.4,1.0,2.6,.375,0.2,0.9,.227,0.8,1.7,.452,.414,0.2,0.2,1.000,0.7,1.5,2.2,0.4,0.4,0.3,0.5,1.2,2.4,2010
10775,365,James Singleton,PF,28,WAS,32,3,23.9,2.3,5.9,.384,0.1,0.5,.133,2.2,5.5,.406,.389,1.5,1.8,.839,2.8,4.1,6.9,0.7,0.5,1.1,1.2,2.6,6.1,2010
10776,366,Brian Skinner,PF,33,LAC,16,1,7.7,0.6,1.6,.400,0.0,0.0,,0.6,1.6,.400,.400,0.4,0.5,.750,0.6,1.1,1.7,0.0,0.2,0.3,0.4,1.3,1.6,2010
10777,367,Craig Smith,PF,26,LAC,75,2,16.4,3.0,5.3,.569,0.0,0.1,.200,3.0,5.2,.574,.571,1.8,2.8,.635,1.3,2.5,3.8,1.1,0.4,0.3,1.2,2.6,7.8,2010
10778,368,J.R. Smith,SG,24,DEN,75,0,27.8,5.7,13.8,.414,2.1,6.2,.338,3.6,7.5,.477,.491,1.9,2.7,.706,0.4,2.7,3.1,2.4,1.3,0.3,1.9,2.3,15.4,2010
10779,369,Jason Smith,PF,23,PHI,56,2,11.8,1.3,3.1,.431,0.2,0.5,.345,1.2,2.6,.448,.460,0.5,0.8,.690,1.0,1.4,2.4,0.6,0.4,0.5,0.6,2.0,3.4,2010
10780,370,Joe Smith,PF,34,ATL,64,1,9.3,1.2,3.0,.399,0.0,0.1,.143,1.2,2.9,.409,.402,0.6,0.8,.813,1.0,1.4,2.5,0.3,0.1,0.3,0.3,1.5,3.0,2010
10781,371,Josh Smith,PF,24,ATL,81,81,35.4,6.2,12.3,.505,0.0,0.1,.000,6.2,12.2,.508,.505,3.2,5.2,.618,2.8,6.0,8.7,4.2,1.6,2.1,2.4,3.0,15.7,2010
10782,372,Darius Songaila,C,31,NOH,75,1,18.8,3.2,6.5,.494,0.0,0.1,.167,3.2,6.4,.498,.495,0.8,1.0,.811,0.8,2.3,3.1,0.9,0.8,0.2,1.1,2.7,7.2,2010
10783,373,Marreese Speights,C,22,PHI,62,1,16.4,3.4,7.2,.477,0.0,0.1,.000,3.4,7.1,.483,.477,1.7,2.3,.745,1.4,2.7,4.1,0.6,0.5,0.5,0.8,2.5,8.6,2010
10784,374,Jerry Stackhouse,SG,35,MIL,42,0,20.4,3.1,7.5,.408,1.1,3.1,.346,2.0,4.4,.452,.479,1.3,1.6,.797,0.5,1.9,2.4,1.7,0.5,0.2,1.6,1.3,8.5,2010
10785,375,DeShawn Stevenson,SG,28,TOT,64,18,13.8,0.7,2.5,.282,0.3,1.4,.218,0.4,1.2,.355,.340,0.4,0.5,.714,0.2,1.3,1.4,0.9,0.3,0.1,0.5,1.2,2.1,2010
10786,375,DeShawn Stevenson,SG,28,WAS,40,13,15.4,0.7,2.6,.282,0.3,1.6,.177,0.5,1.0,.439,.335,0.5,0.6,.720,0.2,1.5,1.6,1.1,0.3,0.1,0.6,1.3,2.2,2010
10787,375,DeShawn Stevenson,SG,28,DAL,24,5,11.1,0.7,2.5,.283,0.3,1.0,.320,0.4,1.5,.257,.350,0.3,0.4,.700,0.2,0.9,1.1,0.5,0.2,0.0,0.3,1.0,2.0,2010
10788,376,Peja Stojaković,SF,32,NOH,62,55,31.4,4.5,11.1,.404,2.1,5.7,.375,2.4,5.4,.435,.500,1.5,1.7,.897,0.6,3.0,3.7,1.5,0.8,0.1,0.9,1.3,12.6,2010
10789,377,Amar'e Stoudemire,PF,27,PHO,82,82,34.6,8.6,15.4,.557,0.0,0.1,.167,8.6,15.3,.559,.557,5.9,7.7,.771,2.8,6.1,8.9,1.0,0.6,1.0,2.6,3.4,23.1,2010
10790,378,Rodney Stuckey,PG,23,DET,73,67,34.2,6.2,15.2,.405,0.2,1.1,.228,5.9,14.1,.418,.413,4.1,4.9,.833,0.9,2.9,3.8,4.8,1.4,0.2,2.2,2.8,16.6,2010
10791,379,DaJuan Summers,SF,22,DET,44,0,9.2,1.0,3.0,.354,0.3,1.0,.357,0.7,2.0,.352,.412,0.6,0.9,.711,0.3,0.7,1.0,0.4,0.2,0.2,0.4,1.2,3.0,2010
10792,380,Jermaine Taylor,SG,23,HOU,31,4,9.8,1.5,3.8,.378,0.2,0.7,.227,1.3,3.1,.412,.399,1.1,1.5,.717,0.7,0.8,1.5,0.5,0.3,0.1,0.6,0.5,4.1,2010
10793,Rk,Player,Pos,Age,Tm,G,GS,MP,FG,FGA,FG%,3P,3PA,3P%,2P,2PA,2P%,eFG%,FT,FTA,FT%,ORB,DRB,TRB,AST,STL,BLK,TOV,PF,PTS,2010
10794,381,Jeff Teague,PG,21,ATL,71,3,10.1,1.3,3.2,.396,0.1,0.5,.219,1.2,2.7,.426,.412,0.6,0.7,.837,0.1,0.9,0.9,1.7,0.5,0.2,0.7,1.2,3.2,2010
10795,382,Sebastian Telfair,PG,24,TOT,43,1,15.3,1.9,4.7,.413,0.3,1.3,.232,1.6,3.4,.483,.445,0.7,0.9,.784,0.1,0.9,1.0,2.9,0.6,0.1,1.2,1.7,4.8,2010
10796,382,Sebastian Telfair,PG,24,LAC,39,1,14.9,1.7,4.3,.404,0.3,1.2,.234,1.4,3.1,.471,.437,0.6,0.8,.774,0.1,0.9,1.1,2.9,0.6,0.1,1.1,1.7,4.3,2010
10797,382,Sebastian Telfair,PG,24,CLE,4,0,19.3,4.0,8.8,.457,0.5,2.3,.222,3.5,6.5,.538,.486,1.3,1.5,.833,0.0,1.0,1.0,3.0,0.5,0.0,1.5,1.5,9.8,2010
10798,383,Garrett Temple,SG,23,TOT,27,4,12.4,1.6,3.7,.436,0.5,1.4,.351,1.1,2.4,.484,.500,1.3,1.9,.700,0.2,0.9,1.1,0.8,0.5,0.2,1.0,1.6,5.0,2010
10799,383,Garrett Temple,SG,23,HOU,9,0,13.1,1.4,3.2,.448,0.3,1.3,.250,1.1,1.9,.588,.500,1.8,2.7,.667,0.2,1.3,1.6,0.8,0.4,0.4,1.6,1.8,5.0,2010
10800,383,Garrett Temple,SG,23,SAC,5,0,4.6,0.6,1.6,.375,0.0,0.4,.000,0.6,1.2,.500,.375,1.0,1.0,1.000,0.2,0.4,0.6,0.4,0.2,0.0,0.4,0.2,2.2,2010
10801,383,Garrett Temple,SG,23,SAS,13,4,14.8,2.2,4.9,.438,0.8,1.8,.435,1.4,3.2,.439,.516,1.1,1.6,.667,0.2,0.8,1.1,0.9,0.6,0.2,0.8,1.9,6.2,2010
10802,384,Jason Terry,SG,32,DAL,77,12,33.0,5.9,13.5,.438,1.8,4.8,.365,4.2,8.7,.479,.503,3.0,3.5,.866,0.2,1.6,1.8,3.8,1.2,0.2,1.4,1.8,16.6,2010
10803,385,Hasheem Thabeet,C,22,MEM,68,13,13.0,1.1,1.9,.588,0.0,0.0,,1.1,1.9,.588,.588,0.8,1.4,.581,1.3,2.3,3.6,0.2,0.2,1.3,0.6,2.4,3.1,2010
10804,386,Etan Thomas,C,31,OKC,23,1,14.0,1.3,3.0,.456,0.0,0.0,,1.3,3.0,.456,.456,0.6,1.0,.591,0.8,2.0,2.8,0.0,0.2,0.7,0.8,1.7,3.3,2010
10805,387,Kenny Thomas,PF,32,SAC,26,2,12.0,0.7,1.3,.486,0.0,0.0,,0.7,1.3,.486,.486,0.3,0.5,.583,1.3,2.0,3.3,0.6,0.4,0.4,0.7,1.6,1.6,2010
10806,388,Kurt Thomas,C,37,MIL,70,9,15.0,1.4,3.0,.476,0.0,0.0,,1.4,3.0,.476,.476,0.2,0.2,.800,1.2,3.0,4.2,0.7,0.4,0.7,0.7,2.3,3.0,2010
10807,389,Tim Thomas,SF,32,DAL,18,1,15.8,2.7,5.9,.462,0.9,2.4,.372,1.8,3.5,.524,.538,1.2,1.3,.875,0.7,1.6,2.3,0.8,0.6,0.1,0.8,1.7,7.5,2010
10808,390,Tyrus Thomas,PF-C,23,TOT,54,3,22.6,3.6,7.8,.462,0.0,0.1,.000,3.6,7.7,.465,.462,2.2,3.2,.686,1.5,4.7,6.2,1.0,1.2,1.6,1.7,2.4,9.4,2010
10809,390,Tyrus Thomas,PF,23,CHI,29,3,23.4,3.4,7.1,.483,0.0,0.0,.000,3.4,7.0,.485,.483,2.0,3.1,.644,1.4,4.9,6.3,1.1,1.4,1.7,1.8,2.2,8.8,2010
10810,390,Tyrus Thomas,C,23,CHA,25,0,21.7,3.8,8.6,.442,0.0,0.1,.000,3.8,8.5,.446,.442,2.5,3.4,.729,1.6,4.5,6.1,0.9,0.9,1.5,1.6,2.6,10.1,2010
10811,391,Jason Thompson,C,23,SAC,75,58,31.4,4.9,10.5,.472,0.0,0.1,.100,4.9,10.3,.477,.473,2.6,3.7,.715,3.0,5.5,8.5,1.7,0.5,1.0,1.9,3.7,12.5,2010
10812,392,Al Thornton,SF,26,TOT,75,46,27.7,4.3,9.0,.473,0.1,0.4,.355,4.1,8.6,.479,.482,2.0,2.8,.725,1.5,2.4,3.9,1.2,0.6,0.5,1.4,2.7,10.7,2010
10813,392,Al Thornton,SF,26,LAC,51,30,27.5,4.3,9.0,.478,0.1,0.3,.357,4.2,8.7,.482,.484,2.0,2.7,.741,1.7,2.1,3.8,1.2,0.5,0.4,1.3,2.8,10.7,2010
10814,392,Al Thornton,SF,26,WAS,24,16,28.1,4.2,9.0,.463,0.3,0.7,.353,3.9,8.3,.472,.477,2.1,3.0,.694,1.3,3.0,4.3,1.2,0.8,0.5,1.5,2.6,10.7,2010
10815,393,Marcus Thornton,SG,22,NOH,73,17,25.6,5.5,12.1,.451,1.6,4.3,.374,3.8,7.8,.493,.517,2.0,2.4,.814,1.0,1.9,2.9,1.6,0.8,0.2,1.0,1.7,14.5,2010
10816,394,Jamaal Tinsley,PG,31,MEM,38,1,15.5,1.4,3.7,.371,0.2,1.0,.179,1.2,2.7,.446,.396,0.6,0.7,.815,0.3,1.4,1.7,2.8,0.9,0.1,1.7,1.8,3.5,2010
10817,395,Anthony Tolliver,PF,24,TOT,46,29,31.0,4.2,9.8,.430,1.1,3.3,.329,3.1,6.5,.481,.486,2.2,2.9,.769,1.8,5.1,7.0,1.9,0.7,0.7,1.0,2.8,11.7,2010
10818,395,Anthony Tolliver,PF,24,POR,2,0,2.0,0.0,0.5,.000,0.0,0.5,.000,0.0,0.0,,.000,0.0,0.0,,0.0,0.5,0.5,0.0,0.0,0.0,0.0,0.5,0.0,2010
10819,395,Anthony Tolliver,PF,24,GSW,44,29,32.3,4.4,10.2,.431,1.1,3.4,.331,3.3,6.8,.481,.487,2.3,3.0,.769,1.9,5.3,7.3,2.0,0.7,0.8,1.0,2.9,12.3,2010
10820,396,Alando Tucker,SF,25,TOT,15,0,6.4,1.1,2.6,.436,0.1,0.5,.143,1.1,2.1,.500,.449,1.1,1.4,.762,0.4,0.3,0.7,0.3,0.0,0.0,0.3,0.4,3.4,2010
10821,396,Alando Tucker,SF,25,PHO,11,0,6.5,1.2,2.7,.433,0.1,0.6,.143,1.1,2.1,.522,.450,1.5,1.9,.762,0.5,0.2,0.6,0.3,0.0,0.0,0.4,0.5,3.9,2010
10822,396,Alando Tucker,SF,25,MIN,4,0,6.3,1.0,2.3,.444,0.0,0.0,,1.0,2.3,.444,.444,0.0,0.0,,0.3,0.5,0.8,0.3,0.0,0.0,0.3,0.3,2.0,2010
10823,397,Ronny Turiaf,C,27,GSW,42,20,20.8,2.0,3.5,.582,0.0,0.0,.000,2.0,3.5,.586,.582,0.9,1.9,.474,1.3,3.3,4.5,2.1,0.5,1.3,1.2,2.3,4.9,2010
10824,398,Hedo Türkoğlu,SF,30,TOR,74,69,30.7,3.7,9.1,.409,1.5,3.9,.374,2.3,5.2,.436,.490,2.4,3.1,.774,0.6,4.1,4.6,4.1,0.7,0.4,1.7,3.0,11.3,2010
10825,399,Ime Udoka,SG,32,SAC,69,2,13.7,1.3,3.5,.378,0.4,1.3,.286,0.9,2.2,.433,.432,0.6,0.8,.737,0.7,2.0,2.8,0.8,0.5,0.1,0.6,1.2,3.6,2010
10826,400,Beno Udrih,PG,27,SAC,79,41,31.4,5.3,10.6,.493,0.9,2.5,.377,4.3,8.1,.530,.538,1.5,1.8,.837,0.5,2.3,2.8,4.7,1.1,0.1,1.7,2.1,12.9,2010
10827,Rk,Player,Pos,Age,Tm,G,GS,MP,FG,FGA,FG%,3P,3PA,3P%,2P,2PA,2P%,eFG%,FT,FTA,FT%,ORB,DRB,TRB,AST,STL,BLK,TOV,PF,PTS,2010
10828,401,Roko Ukić,PG,25,MIL,13,0,7.5,1.1,2.3,.467,0.2,0.9,.250,0.8,1.4,.611,.517,0.7,0.8,.818,0.0,0.2,0.2,0.9,0.1,0.0,0.5,0.5,3.1,2010
10829,402,Anderson Varejão,PF,27,CLE,76,7,28.5,3.5,6.1,.572,0.0,0.1,.200,3.5,6.1,.576,.573,1.5,2.3,.663,2.5,5.1,7.6,1.1,0.9,0.9,0.9,2.9,8.6,2010
10830,403,Charlie Villanueva,PF,25,DET,78,16,23.7,4.7,10.6,.439,1.3,3.6,.351,3.4,7.0,.484,.499,1.4,1.7,.815,1.1,3.6,4.7,0.7,0.6,0.7,0.9,2.9,11.9,2010
10831,404,Sasha Vujačić,SG,25,LAL,67,1,8.6,1.0,2.4,.402,0.4,1.2,.309,0.6,1.2,.494,.479,0.4,0.5,.848,0.4,0.8,1.2,0.6,0.3,0.1,0.3,1.0,2.8,2010
10832,405,Dwyane Wade,SG,28,MIA,77,77,36.3,9.3,19.6,.476,0.9,3.2,.300,8.4,16.5,.509,.500,6.9,9.1,.761,1.4,3.5,4.8,6.5,1.8,1.1,3.3,2.4,26.6,2010
10833,406,Henry Walker,SG-SF,22,TOT,35,13,21.9,3.4,6.6,.517,1.4,3.3,.431,2.0,3.3,.603,.625,1.1,1.4,.796,0.4,2.1,2.5,1.1,0.7,0.1,0.8,2.4,9.4,2010
10834,406,Henry Walker,SF,22,BOS,8,0,3.6,0.4,0.8,.500,0.0,0.0,,0.4,0.8,.500,.500,0.3,0.3,1.000,0.0,0.6,0.6,0.4,0.0,0.0,0.3,0.5,1.0,2010
10835,406,Henry Walker,SG,22,NYK,27,13,27.4,4.3,8.4,.518,1.9,4.3,.431,2.5,4.1,.609,.628,1.4,1.7,.787,0.6,2.5,3.1,1.4,0.9,0.1,1.0,2.9,11.9,2010
10836,407,Ben Wallace*,C,35,DET,69,67,28.6,2.3,4.2,.541,0.0,0.0,.000,2.3,4.2,.545,.541,0.9,2.3,.406,3.6,5.1,8.7,1.5,1.2,1.2,0.9,1.9,5.5,2010
10837,408,Gerald Wallace,SF,27,CHA,76,76,41.0,6.0,12.4,.484,0.7,1.8,.371,5.3,10.6,.503,.511,5.6,7.2,.776,2.0,8.1,10.0,2.1,1.5,1.1,2.3,2.6,18.2,2010
10838,409,Rasheed Wallace,C,35,BOS,79,13,22.5,3.4,8.2,.409,1.0,3.7,.283,2.3,4.6,.511,.472,1.2,1.6,.768,0.5,3.6,4.1,1.0,1.0,0.9,0.8,2.8,9.0,2010
10839,410,Luke Walton,SF,29,LAL,29,0,9.4,1.0,2.9,.357,0.2,0.6,.412,0.8,2.3,.343,.399,0.1,0.1,.500,0.4,0.9,1.3,1.4,0.3,0.0,0.4,0.7,2.4,2010
10840,411,Hakim Warrick,PF,27,TOT,76,6,20.5,3.5,7.2,.482,0.0,0.1,.143,3.5,7.1,.486,.483,2.7,3.6,.737,1.7,2.5,4.1,0.7,0.3,0.2,1.1,1.7,9.6,2010
10841,411,Hakim Warrick,PF,27,MIL,48,6,21.3,3.8,7.9,.481,0.0,0.1,.167,3.8,7.8,.487,.483,2.6,3.6,.727,1.8,2.6,4.4,0.7,0.4,0.2,1.2,1.7,10.2,2010
10842,411,Hakim Warrick,PF,27,CHI,28,0,19.0,3.0,6.1,.483,0.0,0.0,.000,3.0,6.1,.485,.483,2.8,3.6,.755,1.4,2.2,3.6,0.6,0.3,0.3,0.8,1.5,8.7,2010
10843,412,C.J. Watson,PG,25,GSW,65,15,27.5,3.8,8.1,.468,0.7,2.2,.310,3.1,5.9,.527,.510,2.0,2.6,.771,0.4,2.2,2.6,2.8,1.6,0.1,1.1,1.9,10.3,2010
10844,413,Earl Watson,PG,30,IND,79,52,29.4,2.8,6.6,.426,0.7,2.3,.288,2.2,4.3,.500,.476,1.5,2.1,.710,0.7,2.4,3.0,5.1,1.3,0.2,2.2,2.3,7.8,2010
10845,414,Kyle Weaver,SG,23,OKC,12,0,12.0,1.0,2.8,.364,0.6,1.6,.368,0.4,1.2,.357,.470,0.4,0.5,.833,0.1,1.4,1.5,0.9,0.5,0.5,0.3,1.1,3.0,2010
10846,415,Martell Webster,SF,23,POR,82,49,24.5,3.2,7.8,.405,1.5,4.0,.373,1.6,3.7,.440,.502,1.5,1.9,.813,0.6,2.7,3.3,0.8,0.5,0.5,0.7,1.9,9.4,2010
10847,416,Sonny Weems,SG,23,TOR,69,19,19.8,3.4,6.6,.515,0.0,0.2,.133,3.4,6.4,.528,.517,0.6,0.9,.688,0.6,2.2,2.8,1.5,0.6,0.4,0.9,1.8,7.5,2010
10848,417,David West,PF,29,NOH,81,81,36.4,7.6,15.1,.505,0.1,0.3,.259,7.6,14.8,.510,.508,3.7,4.2,.865,2.0,5.4,7.5,3.0,0.9,0.7,2.1,2.9,19.0,2010
10849,418,Delonte West,SG,26,CLE,60,3,25.0,3.2,7.3,.445,0.4,1.3,.325,2.8,6.0,.471,.474,1.9,2.4,.810,0.5,2.3,2.8,3.3,0.9,0.5,1.5,1.4,8.8,2010
10850,419,Mario West,SG,25,ATL,39,1,3.6,0.3,0.5,.571,0.0,0.0,.000,0.3,0.5,.600,.571,0.2,0.3,.600,0.2,0.5,0.7,0.2,0.2,0.0,0.2,0.6,0.8,2010
10851,420,Russell Westbrook,PG,21,OKC,82,82,34.3,5.9,14.1,.418,0.3,1.3,.221,5.6,12.9,.438,.428,4.0,5.1,.780,1.7,3.1,4.9,8.0,1.3,0.4,3.3,2.5,16.1,2010
10852,Rk,Player,Pos,Age,Tm,G,GS,MP,FG,FGA,FG%,3P,3PA,3P%,2P,2PA,2P%,eFG%,FT,FTA,FT%,ORB,DRB,TRB,AST,STL,BLK,TOV,PF,PTS,2010
10853,421,D.J. White,PF,23,OKC,12,0,8.5,2.1,3.4,.610,0.0,0.0,,2.1,3.4,.610,.610,0.8,0.8,.900,0.8,1.1,1.9,0.3,0.4,0.3,0.3,1.0,4.9,2010
10854,422,Chris Wilcox,PF,27,DET,34,10,13.0,1.9,3.5,.525,0.0,0.0,,1.9,3.5,.525,.525,0.8,1.5,.500,1.3,2.1,3.4,0.4,0.4,0.4,1.1,1.9,4.5,2010
10855,423,Damien Wilkins,SF,30,MIN,80,31,19.8,2.1,4.8,.433,0.2,0.8,.295,1.8,4.0,.459,.457,1.3,1.6,.798,0.9,2.2,3.1,1.7,0.8,0.3,1.0,1.8,5.6,2010
10856,424,Mike Wilks,PG,30,OKC,4,0,14.8,1.5,3.0,.500,0.5,0.8,.667,1.0,2.3,.444,.583,0.5,1.0,.500,0.3,0.8,1.0,1.0,0.0,0.0,1.0,1.3,4.0,2010
10857,425,Deron Williams,PG,25,UTA,76,76,36.9,6.5,13.9,.469,1.3,3.4,.371,5.2,10.4,.501,.515,4.4,5.5,.801,0.7,3.3,4.0,10.5,1.3,0.2,3.3,2.7,18.7,2010
10858,426,Jason Williams,PG,34,ORL,82,18,20.8,2.3,5.2,.444,1.0,2.7,.380,1.3,2.5,.512,.542,0.4,0.5,.756,0.1,1.5,1.5,3.6,0.6,0.0,1.1,0.8,6.0,2010
10859,427,Jawad Williams,PG,26,CLE,54,6,13.7,1.5,3.8,.393,0.6,1.7,.323,0.9,2.1,.451,.466,0.6,0.8,.711,0.3,1.2,1.5,0.6,0.2,0.1,0.3,1.4,4.1,2010
10860,428,Lou Williams,PG,23,PHI,64,38,29.9,5.0,10.6,.470,1.1,3.2,.340,3.9,7.4,.527,.521,3.0,3.6,.824,0.4,2.5,2.9,4.2,1.3,0.2,1.7,1.7,14.0,2010
10861,429,Marcus Williams,PG,24,MEM,62,1,14.1,1.7,4.4,.384,0.4,1.3,.296,1.3,3.1,.421,.428,0.6,0.9,.673,0.2,1.3,1.5,2.6,0.5,0.0,1.2,0.7,4.3,2010
10862,430,Marvin Williams,SF,23,ATL,81,81,30.5,3.7,8.2,.455,0.5,1.6,.303,3.2,6.6,.492,.485,2.2,2.7,.819,1.3,3.8,5.1,1.1,0.8,0.6,0.9,2.0,10.1,2010
10863,431,Mo Williams,PG,27,CLE,69,68,34.2,5.5,12.4,.442,2.3,5.4,.429,3.2,7.0,.452,.535,2.6,2.9,.894,0.4,2.6,3.0,5.3,1.0,0.3,2.5,2.5,15.8,2010
10864,432,Reggie Williams,SF,23,GSW,24,10,32.6,5.8,11.8,.495,1.4,3.8,.359,4.5,8.0,.560,.553,2.2,2.6,.839,0.8,3.8,4.6,2.8,1.0,0.3,1.2,2.0,15.2,2010
10865,433,Sean Williams,PF,23,NJN,20,0,11.4,1.1,2.5,.429,0.0,0.1,.000,1.1,2.4,.438,.429,0.5,1.0,.526,1.1,1.3,2.3,0.1,0.4,1.0,1.0,2.1,2.6,2010
10866,434,Shelden Williams,PF,26,BOS,54,0,11.1,1.2,2.2,.521,0.0,0.0,.000,1.2,2.2,.525,.521,1.4,1.8,.765,0.9,1.8,2.7,0.4,0.2,0.4,0.6,1.6,3.7,2010
10867,435,Terrence Williams,SF,22,NJN,78,9,22.6,3.3,8.3,.401,0.4,1.3,.310,2.9,7.1,.417,.425,1.3,1.8,.715,0.6,3.9,4.5,2.9,0.6,0.1,1.6,1.6,8.4,2010
10868,436,Metta World Peace,SF,30,LAL,77,77,33.8,4.0,9.6,.414,1.4,3.8,.355,2.6,5.8,.453,.484,1.7,2.4,.688,1.3,3.0,4.3,3.0,1.4,0.3,1.6,2.1,11.0,2010
10869,437,Antoine Wright,SF,25,TOR,67,10,20.8,2.4,6.0,.406,0.9,2.6,.335,1.6,3.4,.460,.479,0.8,1.1,.688,0.6,2.3,2.8,1.1,0.4,0.2,0.9,2.0,6.5,2010
10870,438,Dorell Wright,SF,24,MIA,72,1,20.8,2.7,5.8,.463,0.8,2.2,.389,1.8,3.6,.508,.536,0.8,1.0,.884,0.7,2.6,3.3,1.3,0.7,0.4,0.7,1.3,7.1,2010
10871,439,Julian Wright,SF,22,NOH,68,14,12.8,1.7,3.4,.500,0.0,0.1,.333,1.7,3.3,.504,.504,0.4,0.6,.610,0.9,1.3,2.1,0.6,0.4,0.3,0.6,0.7,3.8,2010
10872,440,Nick Young,SG,24,WAS,74,23,19.2,3.1,7.5,.418,0.9,2.3,.406,2.2,5.2,.423,.479,1.4,1.8,.800,0.3,1.1,1.4,0.6,0.4,0.1,0.8,2.0,8.6,2010
10873,Rk,Player,Pos,Age,Tm,G,GS,MP,FG,FGA,FG%,3P,3PA,3P%,2P,2PA,2P%,eFG%,FT,FTA,FT%,ORB,DRB,TRB,AST,STL,BLK,TOV,PF,PTS,2010
10874,441,Sam Young,SF,24,MEM,80,1,16.5,2.8,6.2,.451,0.1,0.7,.196,2.7,5.5,.483,.462,1.7,2.2,.777,1.0,1.6,2.5,0.7,0.4,0.3,1.2,1.3,7.4,2010
10875,442,Thaddeus Young,PF,21,PHI,67,45,32.0,5.7,12.1,.470,0.7,2.1,.348,5.0,10.1,.495,.499,1.7,2.5,.691,1.9,3.3,5.2,1.4,1.2,0.2,1.9,2.0,13.8,2010
10876,1,Jeff Adrien,PF,24,GSW,23,0,8.5,1.0,2.3,.426,0.0,0.0,,1.0,2.3,.426,.426,0.5,0.8,.579,1.0,1.5,2.5,0.4,0.2,0.2,0.4,1.2,2.5,2011
10877,2,Arron Afflalo,SG,25,DEN,69,69,33.7,4.5,9.1,.498,1.5,3.6,.423,3.0,5.5,.546,.581,2.0,2.4,.847,0.7,3.0,3.6,2.4,0.5,0.4,1.0,2.2,12.6,2011
10878,3,Maurice Ager,SG,26,MIN,4,0,7.3,1.5,2.8,.545,0.8,1.0,.750,0.8,1.8,.429,.682,0.0,0.0,,0.0,0.5,0.5,0.3,0.3,0.0,1.0,1.0,3.8,2011
10879,4,Alexis Ajinça,C,22,TOT,34,2,10.0,1.7,3.9,.444,0.4,1.0,.353,1.4,2.9,.475,.489,0.4,0.5,.722,0.5,1.8,2.3,0.3,0.3,0.6,0.5,2.1,4.2,2011
10880,4,Alexis Ajinça,C,22,DAL,10,2,7.5,1.2,3.2,.375,0.3,0.7,.429,0.9,2.5,.360,.422,0.2,0.3,.667,0.5,1.2,1.7,0.2,0.3,0.5,0.1,1.3,2.9,2011
10881,4,Alexis Ajinça,C,22,TOR,24,0,11.0,2.0,4.2,.465,0.4,1.1,.333,1.6,3.1,.514,.510,0.5,0.6,.733,0.5,2.0,2.5,0.3,0.3,0.6,0.7,2.5,4.8,2011
10882,5,Solomon Alabi,C,22,TOR,12,0,4.9,0.3,1.3,.200,0.0,0.0,,0.3,1.3,.200,.200,0.0,0.2,.000,0.6,0.6,1.2,0.2,0.2,0.2,0.3,0.4,0.5,2011
10883,6,Cole Aldrich,C,22,OKC,18,0,7.9,0.4,0.8,.533,0.0,0.0,,0.4,0.8,.533,.533,0.1,0.2,.500,0.7,1.2,1.9,0.2,0.3,0.4,0.4,1.7,1.0,2011
10884,7,LaMarcus Aldridge,PF,25,POR,81,81,39.6,8.7,17.5,.500,0.0,0.3,.174,8.7,17.2,.505,.501,4.3,5.5,.791,3.4,5.3,8.8,2.1,1.0,1.2,1.9,2.7,21.8,2011
10885,8,Malik Allen,PF,32,ORL,18,0,9.9,0.6,1.7,.355,0.0,0.0,,0.6,1.7,.355,.355,0.1,0.1,.500,0.7,1.1,1.8,0.2,0.1,0.2,0.2,1.7,1.3,2011
10886,9,Ray Allen*,SG,35,BOS,80,80,36.1,6.0,12.2,.491,2.1,4.7,.444,3.9,7.5,.520,.577,2.4,2.7,.881,0.6,2.8,3.4,2.7,1.0,0.2,1.5,1.8,16.5,2011
10887,10,Tony Allen,SG,29,MEM,72,31,20.8,3.5,6.8,.510,0.1,0.3,.174,3.4,6.5,.527,.514,1.9,2.5,.753,1.0,1.7,2.7,1.4,1.8,0.6,1.2,2.2,8.9,2011
10888,11,Al-Farouq Aminu,SF,20,LAC,81,14,17.9,2.0,5.0,.394,0.6,1.8,.315,1.4,3.2,.437,.450,1.1,1.5,.773,0.9,2.4,3.3,0.7,0.7,0.3,1.3,1.5,5.6,2011
10889,12,Lou Amundson,PF,28,GSW,46,7,15.0,1.8,4.0,.454,0.0,0.0,,1.8,4.0,.454,.454,0.7,1.9,.391,1.8,2.3,4.0,0.4,0.3,0.7,0.5,1.9,4.3,2011
10890,13,Chris Andersen,C,32,DEN,45,0,16.3,1.8,3.0,.599,0.0,0.0,.000,1.8,3.0,.603,.599,1.9,3.0,.637,1.7,3.2,4.9,0.4,0.5,1.3,0.6,1.8,5.6,2011
10891,14,David Andersen,PF,30,TOT,40,0,9.3,1.4,3.0,.463,0.2,0.6,.348,1.2,2.5,.490,.496,0.4,0.6,.636,0.5,1.6,2.1,0.3,0.1,0.2,0.6,1.0,3.4,2011
10892,14,David Andersen,PF,30,TOR,11,0,13.6,2.1,4.3,.489,0.3,0.9,.300,1.8,3.4,.541,.521,0.6,0.6,1.000,0.7,2.4,3.1,0.6,0.3,0.3,0.7,1.0,5.1,2011
10893,14,David Andersen,PF,30,NOH,29,0,7.7,1.1,2.6,.446,0.2,0.4,.385,1.0,2.1,.459,.480,0.2,0.5,.467,0.4,1.3,1.7,0.2,0.1,0.2,0.5,1.0,2.7,2011
10894,15,James Anderson,SF,21,SAS,26,2,11.0,1.2,3.1,.383,0.7,1.8,.391,0.5,1.3,.371,.494,0.5,0.7,.778,0.1,0.8,0.9,0.7,0.1,0.2,0.5,0.9,3.6,2011
10895,16,Ryan Anderson,PF,22,ORL,64,14,22.3,3.5,8.2,.430,2.1,5.3,.393,1.4,2.9,.500,.558,1.5,1.8,.812,2.0,3.5,5.5,0.8,0.5,0.6,0.8,2.1,10.6,2011
10896,17,Carmelo Anthony,SF,26,TOT,77,77,35.7,8.9,19.5,.455,1.2,3.3,.378,7.6,16.3,.470,.487,6.6,7.9,.838,1.5,5.8,7.3,2.9,0.9,0.6,2.7,2.9,25.6,2011
10897,17,Carmelo Anthony,SF,26,DEN,50,50,35.5,8.7,19.3,.452,0.8,2.5,.333,7.9,16.8,.470,.474,6.9,8.3,.823,1.5,6.1,7.6,2.8,0.9,0.6,2.8,2.7,25.2,2011
10898,17,Carmelo Anthony,SF,26,NYK,27,27,36.2,9.1,19.9,.461,2.0,4.6,.424,7.2,15.2,.472,.510,6.1,7.0,.872,1.5,5.2,6.7,3.0,0.9,0.6,2.4,3.3,26.3,2011
10899,18,Joel Anthony,C,28,MIA,75,11,19.5,0.7,1.3,.535,0.0,0.0,,0.7,1.3,.535,.535,0.6,1.0,.644,1.4,2.2,3.5,0.3,0.1,1.2,0.5,2.6,2.0,2011
10900,19,Gilbert Arenas,PG,29,TOT,70,16,25.7,3.8,10.5,.366,1.4,4.7,.297,2.5,5.8,.423,.433,1.7,2.2,.784,0.3,2.4,2.7,3.9,1.1,0.3,2.5,2.7,10.8,2011
10901,19,Gilbert Arenas,PG,29,WAS,21,14,34.6,6.2,15.7,.394,2.2,6.9,.324,4.0,8.8,.449,.465,2.7,3.2,.836,0.3,3.0,3.3,5.6,1.4,0.6,3.4,3.6,17.3,2011
10902,19,Gilbert Arenas,PG,29,ORL,49,2,21.8,2.8,8.2,.344,1.0,3.7,.275,1.8,4.5,.401,.406,1.3,1.8,.744,0.3,2.1,2.4,3.2,0.9,0.2,2.2,2.3,8.0,2011
10903,20,Trevor Ariza,SF,25,NOH,75,75,34.7,4.0,10.2,.398,1.1,3.6,.303,2.9,6.5,.450,.451,1.8,2.6,.701,0.8,4.6,5.4,2.2,1.6,0.4,1.6,2.4,11.0,2011
10904,21,Hilton Armstrong,C,26,TOT,53,2,9.2,0.7,1.4,.487,0.0,0.1,.500,0.7,1.4,.486,.500,0.3,0.6,.485,0.8,1.7,2.5,0.3,0.3,0.4,0.5,1.6,1.7,2011
10905,21,Hilton Armstrong,C,26,WAS,41,2,10.0,0.8,1.6,.484,0.0,0.1,.333,0.7,1.5,.492,.492,0.3,0.6,.609,1.0,1.8,2.8,0.2,0.4,0.4,0.6,1.8,1.9,2011
10906,21,Hilton Armstrong,C,26,ATL,12,0,6.3,0.5,1.0,.500,0.1,0.1,1.000,0.4,0.9,.455,.542,0.2,0.8,.200,0.3,1.2,1.4,0.3,0.3,0.4,0.3,0.8,1.3,2011
10907,22,Carlos Arroyo,PG,31,TOT,64,43,18.5,1.9,4.3,.440,0.5,1.1,.449,1.4,3.2,.436,.496,0.6,0.7,.830,0.3,1.3,1.6,2.0,0.3,0.0,0.9,1.1,4.8,2011
10908,22,Carlos Arroyo,PG,31,MIA,49,42,20.3,2.2,4.9,.458,0.6,1.3,.438,1.7,3.6,.466,.517,0.6,0.7,.800,0.3,1.4,1.6,2.0,0.3,0.0,0.9,1.2,5.6,2011
10909,22,Carlos Arroyo,PG,31,BOS,15,1,12.7,0.7,2.3,.314,0.2,0.3,.600,0.5,2.0,.267,.357,0.7,0.8,.917,0.5,1.1,1.5,1.7,0.5,0.0,1.1,0.7,2.4,2011
10910,23,Darrell Arthur,PF,22,MEM,80,9,20.1,3.9,7.8,.497,0.0,0.1,.000,3.9,7.7,.502,.497,1.4,1.7,.813,1.4,2.8,4.3,0.7,0.7,0.8,1.1,2.9,9.1,2011
10911,24,Ömer Aşık,C,24,CHI,82,0,12.1,1.0,1.7,.553,0.0,0.0,,1.0,1.7,.553,.553,0.9,1.8,.503,1.4,2.4,3.7,0.4,0.2,0.7,0.8,1.9,2.8,2011
10912,25,D.J. Augustin,PG,23,CHA,82,82,33.6,4.9,11.7,.416,1.4,4.1,.333,3.5,7.6,.461,.474,3.3,3.6,.906,0.5,2.3,2.7,6.1,0.7,0.0,1.9,1.9,14.4,2011
10913,26,Luke Babbitt,SF,21,POR,24,0,5.7,0.6,2.3,.273,0.1,0.7,.188,0.5,1.6,.308,.300,0.1,0.4,.333,0.3,1.0,1.3,0.3,0.1,0.1,0.3,0.6,1.5,2011
10914,27,Renaldo Balkman,SF,26,TOT,8,0,7.8,0.8,1.6,.462,0.1,0.3,.500,0.6,1.4,.455,.500,0.4,0.5,.750,0.3,0.6,0.9,0.3,0.5,0.3,0.1,1.9,2.0,2011
10915,27,Renaldo Balkman,SF,26,DEN,5,0,8.8,1.0,1.8,.556,0.0,0.0,,1.0,1.8,.556,.556,0.6,0.8,.750,0.2,0.6,0.8,0.4,0.6,0.4,0.0,2.2,2.6,2011
10916,27,Renaldo Balkman,SF,26,NYK,3,0,6.0,0.3,1.3,.250,0.3,0.7,.500,0.0,0.7,.000,.375,0.0,0.0,,0.3,0.7,1.0,0.0,0.3,0.0,0.3,1.3,1.0,2011
10917,28,Marcus Banks,PG,29,TOR,3,0,7.3,0.0,0.7,.000,0.0,0.0,,0.0,0.7,.000,.000,2.0,2.7,.750,0.0,0.3,0.3,1.0,0.3,0.0,0.7,1.3,2.0,2011
10918,29,Leandro Barbosa,SG,28,TOR,58,0,24.1,5.1,11.3,.450,1.2,3.7,.338,3.8,7.6,.505,.505,1.9,2.4,.796,0.2,1.5,1.7,2.1,0.9,0.1,1.4,1.9,13.3,2011
10919,30,J.J. Barea,PG,26,DAL,81,2,20.6,3.5,8.0,.439,0.8,2.3,.349,2.7,5.7,.476,.490,1.6,1.9,.847,0.4,1.6,2.0,3.9,0.4,0.0,1.7,1.7,9.5,2011
10920,31,Andrea Bargnani,C,25,TOR,66,66,35.7,8.0,17.8,.448,1.2,3.4,.345,6.8,14.4,.472,.480,4.3,5.3,.820,1.1,4.1,5.2,1.8,0.5,0.7,2.3,2.4,21.4,2011
10921,32,Matt Barnes,SF,30,LAL,53,0,19.2,2.5,5.3,.470,0.6,2.0,.318,1.8,3.2,.564,.530,1.1,1.5,.779,1.4,2.9,4.3,1.3,0.7,0.4,1.1,2.4,6.7,2011
10922,33,Earl Barron,C,29,TOT,21,7,14.5,1.5,4.7,.323,0.0,0.0,,1.5,4.7,.323,.323,0.7,1.1,.625,1.5,2.1,3.6,0.5,0.4,0.3,0.8,2.2,3.8,2011
10923,33,Earl Barron,C,29,PHO,12,6,15.3,1.0,4.3,.235,0.0,0.0,,1.0,4.3,.235,.235,1.0,1.7,.600,1.3,2.0,3.3,0.3,0.5,0.3,0.9,2.7,3.0,2011
10924,33,Earl Barron,C,29,MIL,7,0,12.1,2.4,5.3,.459,0.0,0.0,,2.4,5.3,.459,.459,0.3,0.3,1.000,1.7,1.4,3.1,0.6,0.3,0.3,0.3,1.4,5.1,2011
10925,33,Earl Barron,C,29,POR,2,1,18.5,1.5,5.5,.273,0.0,0.0,,1.5,5.5,.273,.273,0.5,1.0,.500,2.0,5.0,7.0,1.5,0.0,0.0,1.5,2.0,3.5,2011
10926,34,Brandon Bass,PF,25,ORL,76,51,26.1,4.4,8.5,.515,0.0,0.0,.000,4.4,8.5,.516,.515,2.5,3.1,.815,1.8,3.8,5.6,0.8,0.4,0.7,1.3,2.1,11.2,2011
10927,35,Tony Battie,C,34,PHI,38,0,9.9,1.2,2.5,.469,0.1,0.1,.667,1.1,2.4,.462,.479,0.2,0.4,.571,0.4,2.2,2.6,0.3,0.1,0.4,0.3,1.6,2.6,2011
10928,36,Shane Battier,SF,32,TOT,82,59,29.0,2.8,6.2,.450,1.2,3.3,.382,1.5,3.0,.525,.550,0.8,1.1,.688,1.1,3.5,4.5,2.3,0.8,1.0,1.0,1.9,7.6,2011
10929,36,Shane Battier,SF,32,HOU,59,59,30.8,3.2,6.9,.456,1.5,3.8,.391,1.7,3.1,.536,.564,0.8,1.3,.645,1.0,3.8,4.8,2.6,0.9,1.2,1.1,2.2,8.6,2011
10930,36,Shane Battier,SF,32,MEM,23,0,24.2,1.9,4.4,.426,0.6,1.8,.333,1.3,2.6,.492,.495,0.7,0.7,.882,1.4,2.6,4.0,1.4,0.7,0.4,0.7,1.3,5.0,2011
10931,37,Nicolas Batum,SF,22,POR,80,67,31.5,4.6,10.1,.455,1.5,4.3,.345,3.1,5.8,.535,.528,1.7,2.1,.841,1.4,3.2,4.5,1.5,0.9,0.6,1.0,2.4,12.4,2011
10932,38,Jerryd Bayless,PG,22,TOT,71,14,21.1,3.1,7.3,.422,0.7,2.1,.336,2.4,5.2,.456,.469,2.3,2.9,.806,0.4,2.0,2.3,3.7,0.5,0.1,1.8,2.1,9.2,2011
10933,38,Jerryd Bayless,PG,22,NOH,11,0,13.5,1.5,4.5,.347,0.3,1.3,.214,1.3,3.2,.400,.378,1.2,1.5,.765,0.2,1.2,1.4,2.5,0.2,0.1,1.5,1.5,4.5,2011
10934,38,Jerryd Bayless,PG,22,TOR,60,14,22.5,3.4,7.8,.429,0.8,2.2,.348,2.6,5.6,.461,.479,2.6,3.2,.810,0.4,2.1,2.5,4.0,0.6,0.1,1.8,2.2,10.0,2011
10935,39,Michael Beasley,SF,22,MIN,73,73,32.3,7.7,17.1,.450,0.8,2.2,.366,6.9,14.8,.463,.474,3.0,4.0,.753,1.6,4.0,5.6,2.2,0.7,0.7,2.7,3.0,19.2,2011
10936,40,Rodrigue Beaubois,PG,22,DAL,28,26,17.7,3.4,8.0,.422,0.9,3.0,.301,2.5,5.0,.493,.478,0.8,1.1,.767,0.3,1.6,1.9,2.3,0.7,0.3,1.7,2.7,8.4,2011
10937,Rk,Player,Pos,Age,Tm,G,GS,MP,FG,FGA,FG%,3P,3PA,3P%,2P,2PA,2P%,eFG%,FT,FTA,FT%,ORB,DRB,TRB,AST,STL,BLK,TOV,PF,PTS,2011
10938,41,Marco Belinelli,SG,24,NOH,80,69,24.5,3.8,8.6,.437,1.7,4.1,.414,2.1,4.6,.458,.534,1.2,1.6,.784,0.2,1.7,1.9,1.2,0.5,0.1,1.0,1.8,10.5,2011
10939,42,Charlie Bell,SG,31,GSW,19,0,9.0,0.6,2.3,.279,0.3,1.1,.286,0.3,1.2,.273,.349,0.1,0.2,.500,0.3,0.6,0.9,0.7,0.3,0.1,0.3,0.7,1.7,2011
10940,43,Raja Bell,SG,34,UTA,68,63,30.8,2.8,6.9,.409,1.0,2.8,.352,1.8,4.0,.449,.482,1.3,1.5,.892,0.5,2.1,2.6,1.7,0.8,0.2,0.9,2.5,8.0,2011
10941,44,Mike Bibby,PG,32,TOT,80,68,28.6,3.1,7.2,.431,1.9,4.4,.440,1.2,2.9,.417,.563,0.5,0.8,.629,0.2,2.2,2.4,3.3,0.6,0.1,1.3,2.2,8.6,2011
10942,44,Mike Bibby,PG,32,ATL,56,56,29.9,3.4,7.9,.435,2.0,4.6,.441,1.4,3.3,.427,.563,0.5,0.8,.630,0.3,2.3,2.6,3.6,0.7,0.1,1.2,2.2,9.4,2011
10943,44,Mike Bibby,PG,32,WAS,2,0,14.5,0.5,4.5,.111,0.0,2.0,.000,0.5,2.5,.200,.111,0.0,0.0,,0.0,1.5,1.5,4.0,0.5,0.0,0.5,1.5,1.0,2011
10944,44,Mike Bibby,PG,32,MIA,22,12,26.5,2.5,5.7,.437,1.8,4.0,.455,0.7,1.7,.395,.595,0.5,0.7,.625,0.1,2.1,2.2,2.5,0.5,0.1,1.5,2.1,7.3,2011
10945,45,Andris Biedriņš,C,24,GSW,59,55,23.7,2.4,4.5,.534,0.0,0.0,,2.4,4.5,.534,.534,0.2,0.5,.323,2.5,4.8,7.2,1.0,0.9,0.9,1.0,3.4,5.0,2011
10946,46,Chauncey Billups,PG,34,TOT,72,72,32.1,4.7,11.0,.427,2.0,5.0,.402,2.7,6.0,.448,.519,5.3,5.8,.916,0.3,2.3,2.6,5.4,1.0,0.2,2.5,2.0,16.8,2011
10947,46,Chauncey Billups,PG,34,DEN,51,51,32.3,4.6,10.5,.438,2.1,4.7,.441,2.5,5.8,.436,.536,5.2,5.6,.923,0.2,2.2,2.5,5.3,1.0,0.2,2.5,1.8,16.5,2011
10948,46,Chauncey Billups,PG,34,NYK,21,21,31.6,5.0,12.3,.403,2.0,6.0,.328,3.0,6.3,.474,.483,5.7,6.3,.902,0.6,2.5,3.1,5.5,0.9,0.1,2.3,2.5,17.5,2011
10949,47,DeJuan Blair,PF,21,SAS,81,65,21.4,3.6,7.2,.501,0.0,0.0,.000,3.6,7.2,.503,.501,1.1,1.7,.657,2.7,4.3,7.0,1.0,1.2,0.5,1.4,2.6,8.3,2011
10950,48,Steve Blake,PG,30,LAL,79,0,20.0,1.4,3.9,.359,0.9,2.4,.378,0.5,1.4,.327,.479,0.3,0.4,.867,0.2,1.7,2.0,2.2,0.5,0.0,0.9,1.3,4.0,2011
10951,49,Andray Blatche,PF,24,WAS,64,63,33.9,6.7,15.0,.445,0.1,0.3,.222,6.6,14.7,.449,.447,3.4,4.4,.777,2.9,5.4,8.2,2.3,1.5,0.8,2.7,2.8,16.8,2011
10952,50,Eric Bledsoe,PG,21,LAC,81,25,22.7,2.5,6.0,.424,0.4,1.4,.276,2.1,4.6,.470,.457,1.2,1.6,.744,0.8,1.9,2.8,3.6,1.1,0.3,2.4,1.6,6.7,2011
10953,51,Keith Bogans,SG,30,CHI,82,82,17.8,1.5,3.7,.404,1.1,2.9,.380,0.4,0.9,.486,.550,0.3,0.4,.656,0.2,1.6,1.8,1.2,0.5,0.1,0.5,1.4,4.4,2011
10954,52,Andrew Bogut,C,26,MIL,65,65,35.3,5.6,11.4,.495,0.0,0.1,.000,5.6,11.4,.497,.495,1.5,3.3,.442,3.1,8.0,11.1,2.0,0.7,2.6,1.9,3.3,12.8,2011
10955,53,Matt Bonner,PF,30,SAS,66,1,21.7,2.6,5.6,.464,1.6,3.5,.457,1.0,2.1,.475,.605,0.5,0.7,.744,0.9,2.7,3.6,0.9,0.4,0.3,0.4,1.7,7.3,2011
10956,54,Trevor Booker,PF,23,WAS,65,14,16.4,2.1,3.9,.549,0.0,0.0,.000,2.1,3.9,.552,.549,1.0,1.6,.673,1.5,2.4,3.9,0.5,0.4,0.6,0.6,1.8,5.3,2011
10957,55,Carlos Boozer,C,29,CHI,59,59,31.9,7.3,14.3,.510,0.0,0.0,,7.3,14.3,.510,.510,2.9,4.1,.701,2.2,7.4,9.6,2.5,0.8,0.3,2.5,3.2,17.5,2011
10958,56,Chris Bosh*,PF,26,MIA,77,77,36.3,6.8,13.7,.496,0.1,0.3,.240,6.7,13.4,.502,.499,5.0,6.1,.815,1.8,6.5,8.3,1.9,0.8,0.6,1.8,2.2,18.7,2011
10959,57,Earl Boykins,PG,34,MIL,57,0,15.1,2.7,6.2,.443,0.5,1.2,.380,2.3,4.9,.459,.482,1.2,1.4,.841,0.3,0.7,1.0,2.5,0.7,0.1,0.9,0.8,7.2,2011
10960,58,Craig Brackins,PF,23,PHI,3,0,11.0,1.3,5.3,.250,0.0,1.7,.000,1.3,3.7,.364,.250,0.0,0.0,,0.7,0.7,1.3,0.3,0.3,0.0,0.0,1.0,2.7,2011
10961,59,Avery Bradley,PG,20,BOS,31,0,5.2,0.7,2.2,.343,0.0,0.2,.000,0.7,2.0,.371,.343,0.2,0.4,.500,0.1,0.4,0.5,0.4,0.3,0.0,0.5,0.6,1.7,2011
10962,60,Elton Brand,PF,31,PHI,81,81,34.7,6.2,12.1,.512,0.0,0.0,.000,6.2,12.1,.512,.512,2.6,3.4,.780,2.9,5.4,8.3,1.5,1.1,1.3,1.2,3.0,15.0,2011
10963,Rk,Player,Pos,Age,Tm,G,GS,MP,FG,FGA,FG%,3P,3PA,3P%,2P,2PA,2P%,eFG%,FT,FTA,FT%,ORB,DRB,TRB,AST,STL,BLK,TOV,PF,PTS,2011
10964,61,Corey Brewer,SF-SG,24,TOT,69,24,21.9,2.8,7.1,.395,0.4,1.6,.268,2.4,5.4,.434,.426,2.0,2.8,.708,0.8,1.7,2.5,1.3,1.4,0.2,1.3,2.3,8.0,2011
10965,61,Corey Brewer,SF,24,MIN,56,22,24.3,3.0,7.8,.384,0.5,1.8,.263,2.5,6.0,.420,.414,2.2,3.1,.708,0.8,1.9,2.7,1.4,1.6,0.3,1.4,2.4,8.6,2011
10966,61,Corey Brewer,SG,24,DAL,13,2,11.4,1.9,3.9,.490,0.3,1.0,.308,1.6,2.9,.553,.529,1.2,1.6,.714,0.9,0.8,1.8,0.9,0.8,0.2,0.8,1.9,5.3,2011
10967,62,Ronnie Brewer,SG,25,CHI,81,1,22.0,2.5,5.3,.480,0.1,0.3,.222,2.5,4.9,.498,.487,1.1,1.6,.654,0.7,2.6,3.2,1.7,1.3,0.3,0.7,1.0,6.2,2011
10968,63,Jon Brockman,C,23,MIL,63,6,10.7,0.8,1.5,.511,0.0,0.0,,0.8,1.5,.511,.511,0.6,0.9,.678,1.2,1.7,2.9,0.3,0.2,0.0,0.4,1.9,2.2,2011
10969,64,Aaron Brooks,PG,26,TOT,59,12,21.8,3.7,9.9,.375,1.2,4.0,.297,2.5,5.9,.427,.434,2.1,2.4,.886,0.3,1.0,1.3,3.9,0.6,0.1,1.7,1.9,10.7,2011
10970,64,Aaron Brooks,PG,26,HOU,34,7,23.9,3.9,11.4,.346,1.4,5.0,.284,2.5,6.4,.394,.408,2.3,2.4,.940,0.3,1.2,1.5,3.8,0.6,0.1,1.6,2.0,11.6,2011
10971,64,Aaron Brooks,PG,26,PHO,25,5,18.9,3.4,8.0,.430,0.9,2.7,.328,2.6,5.3,.481,.485,1.8,2.3,.807,0.4,0.7,1.1,4.2,0.5,0.0,1.8,1.8,9.6,2011
10972,65,Derrick Brown,SF,23,TOT,49,1,11.8,1.5,2.7,.565,0.1,0.2,.500,1.4,2.5,.570,.584,0.7,1.2,.533,0.8,1.2,2.0,0.7,0.4,0.2,0.7,1.2,3.8,2011
10973,65,Derrick Brown,SF,23,CHA,41,1,11.9,1.5,2.8,.549,0.0,0.1,.333,1.5,2.6,.561,.558,0.6,1.1,.532,0.8,1.3,2.0,0.7,0.4,0.2,0.7,1.2,3.7,2011
10974,65,Derrick Brown,SF,23,NYK,8,0,11.0,1.5,2.3,.667,0.4,0.5,.750,1.1,1.8,.643,.750,0.9,1.6,.538,1.1,0.8,1.9,0.5,0.5,0.3,0.9,1.4,4.3,2011
10975,66,Kwame Brown,C,28,CHA,66,50,26.0,2.9,5.7,.517,0.0,0.0,,2.9,5.7,.517,.517,2.1,3.5,.589,2.2,4.6,6.8,0.7,0.4,0.6,1.0,2.6,7.9,2011
10976,67,Shannon Brown,SG,25,LAL,82,0,19.1,3.3,7.8,.425,0.9,2.6,.349,2.4,5.3,.462,.482,1.1,1.2,.911,0.4,1.5,1.9,1.2,0.8,0.2,0.9,1.5,8.7,2011
10977,68,Kobe Bryant*,SG,32,LAL,82,82,33.9,9.0,20.0,.451,1.4,4.3,.323,7.6,15.6,.487,.487,5.9,7.1,.828,1.0,4.1,5.1,4.7,1.2,0.1,3.0,2.1,25.3,2011
10978,69,Chase Budinger,SF,22,HOU,78,22,22.3,3.6,8.4,.425,1.1,3.5,.325,2.4,4.9,.497,.493,1.5,1.8,.855,0.7,2.9,3.6,1.6,0.5,0.2,0.9,1.5,9.8,2011
10979,70,Caron Butler,SF,30,DAL,29,29,29.9,5.9,13.0,.450,1.0,2.2,.431,4.9,10.8,.454,.487,2.3,3.0,.773,0.8,3.3,4.1,1.6,1.0,0.3,1.7,2.0,15.0,2011
10980,71,Rasual Butler,SG,31,TOT,47,2,16.4,1.7,5.0,.333,1.0,2.9,.338,0.7,2.1,.327,.430,0.4,0.6,.667,0.2,1.4,1.6,0.6,0.2,0.3,0.5,0.8,4.7,2011
10981,71,Rasual Butler,SG,31,LAC,41,2,18.1,1.8,5.5,.323,1.0,3.1,.326,0.8,2.4,.320,.416,0.4,0.7,.667,0.2,1.6,1.9,0.7,0.2,0.4,0.5,0.8,5.0,2011
10982,71,Rasual Butler,SG,31,CHI,6,0,4.3,1.0,1.8,.545,0.7,1.2,.571,0.3,0.7,.500,.727,0.0,0.0,,0.0,0.2,0.2,0.0,0.0,0.0,0.3,0.5,2.7,2011
10983,72,Andrew Bynum,C,23,LAL,54,47,27.8,4.4,7.6,.574,0.0,0.0,,4.4,7.6,.574,.574,2.6,3.9,.660,3.1,6.3,9.4,1.4,0.4,2.0,1.4,2.6,11.3,2011
10984,73,Will Bynum,PG,28,DET,61,5,18.4,3.0,6.7,.448,0.3,0.8,.320,2.7,5.8,.466,.468,1.7,2.0,.836,0.2,1.0,1.2,3.2,0.9,0.1,1.4,1.9,7.9,2011
10985,74,José Calderón,PG,29,TOR,68,55,30.9,3.9,8.8,.440,0.8,2.3,.365,3.0,6.5,.466,.487,1.3,1.5,.854,0.4,2.5,3.0,8.9,1.2,0.1,2.2,2.1,9.8,2011
10986,75,Marcus Camby,C,36,POR,59,51,26.1,2.0,5.0,.398,0.0,0.0,.000,2.0,5.0,.399,.398,0.7,1.2,.614,3.1,7.2,10.3,2.1,0.7,1.6,1.1,2.4,4.7,2011
10987,76,Derrick Caracter,C,22,LAL,41,0,5.2,0.8,1.6,.485,0.0,0.0,,0.8,1.6,.485,.485,0.4,0.6,.739,0.5,0.6,1.0,0.2,0.1,0.2,0.5,1.1,2.0,2011
10988,77,Brian Cardinal,SF,33,DAL,56,4,11.0,0.8,1.8,.430,0.8,1.6,.483,0.0,0.2,.077,.640,0.3,0.3,.944,0.2,0.9,1.1,0.7,0.4,0.1,0.3,1.5,2.6,2011
10989,78,Rodney Carney,SF,26,TOT,27,1,12.4,1.7,4.1,.418,0.6,1.4,.447,1.1,2.7,.403,.495,0.7,1.0,.667,0.5,1.3,1.8,0.4,0.4,0.2,0.6,1.2,4.7,2011
10990,78,Rodney Carney,SF,26,GSW,25,1,13.2,1.8,4.3,.421,0.7,1.5,.459,1.1,2.8,.400,.500,0.7,1.1,.667,0.5,1.4,1.9,0.4,0.4,0.2,0.6,1.3,5.0,2011
10991,78,Rodney Carney,SF,26,MEM,2,0,2.5,0.5,1.5,.333,0.0,0.5,.000,0.5,1.0,.500,.333,0.0,0.0,,0.5,0.0,0.5,0.0,0.5,0.0,0.0,0.0,1.0,2011
10992,79,DeMarre Carroll,PF,24,TOT,12,0,4.2,0.3,1.0,.333,0.0,0.0,,0.3,1.0,.333,.333,0.2,0.2,1.000,0.2,0.5,0.7,0.3,0.1,0.1,0.0,0.4,0.8,2011
10993,79,DeMarre Carroll,PF,24,MEM,7,0,5.6,0.6,1.3,.444,0.0,0.0,,0.6,1.3,.444,.444,0.3,0.3,1.000,0.3,0.9,1.1,0.3,0.1,0.1,0.0,0.7,1.4,2011
10994,79,DeMarre Carroll,PF,24,HOU,5,0,2.2,0.0,0.6,.000,0.0,0.0,,0.0,0.6,.000,.000,0.0,0.0,,0.0,0.0,0.0,0.4,0.0,0.0,0.0,0.0,0.0,2011
10995,80,Matt Carroll,SG,30,CHA,54,1,10.8,1.6,3.7,.447,0.3,0.9,.370,1.3,2.8,.471,.490,0.7,1.0,.769,0.2,1.0,1.3,0.4,0.3,0.1,0.4,0.8,4.4,2011
10996,Rk,Player,Pos,Age,Tm,G,GS,MP,FG,FGA,FG%,3P,3PA,3P%,2P,2PA,2P%,eFG%,FT,FTA,FT%,ORB,DRB,TRB,AST,STL,BLK,TOV,PF,PTS,2011
10997,81,Anthony Carter,PG,35,TOT,33,0,14.0,1.4,3.2,.425,0.4,1.2,.300,1.0,2.0,.500,.481,0.2,0.2,1.000,0.2,1.3,1.5,2.1,0.8,0.2,1.2,1.5,3.3,2011
10998,81,Anthony Carter,PG,35,DEN,14,0,10.9,0.7,2.1,.333,0.3,0.9,.333,0.4,1.3,.333,.400,0.1,0.1,1.000,0.0,0.9,0.9,1.9,0.6,0.1,1.0,1.4,1.9,2011
10999,81,Anthony Carter,PG,35,NYK,19,0,16.3,1.8,4.0,.461,0.4,1.5,.286,1.4,2.5,.563,.513,0.3,0.3,1.000,0.4,1.7,2.1,2.3,0.9,0.3,1.3,1.6,4.4,2011
11000,82,Vince Carter,SG,34,TOT,73,63,28.1,5.3,12.2,.437,1.6,4.4,.361,3.7,7.8,.479,.502,1.8,2.4,.740,0.7,3.0,3.8,2.0,0.9,0.3,1.2,2.6,14.0,2011
11001,82,Vince Carter,SG,34,ORL,22,22,30.2,5.7,12.1,.470,1.2,3.5,.346,4.5,8.5,.521,.521,2.5,3.4,.747,0.5,3.6,4.1,2.9,0.9,0.1,1.6,3.2,15.1,2011
11002,82,Vince Carter,SG,34,PHO,51,41,27.2,5.2,12.3,.422,1.7,4.8,.366,3.4,7.5,.458,.494,1.4,1.9,.735,0.8,2.8,3.6,1.6,0.9,0.3,1.1,2.4,13.5,2011
11003,83,Omri Casspi,SF,22,SAC,71,27,24.0,3.2,7.7,.412,1.3,3.5,.372,1.9,4.2,.445,.496,1.0,1.4,.673,1.0,3.3,4.3,1.0,0.8,0.2,1.0,1.6,8.6,2011
11004,84,Mario Chalmers,PG,24,MIA,70,28,22.6,2.2,5.5,.399,1.2,3.3,.359,1.0,2.2,.459,.506,0.8,0.9,.871,0.2,1.9,2.1,2.5,1.1,0.1,1.3,2.3,6.4,2011
11005,85,Tyson Chandler,C,28,DAL,74,74,27.8,3.6,5.5,.654,0.0,0.0,,3.6,5.5,.654,.654,2.9,4.0,.732,2.8,6.6,9.4,0.4,0.5,1.1,1.2,3.2,10.1,2011
11006,86,Wilson Chandler,SF,23,TOT,72,49,33.3,6.0,13.2,.450,1.6,4.4,.350,4.4,8.8,.501,.509,1.8,2.2,.807,1.0,4.6,5.7,1.7,0.7,1.3,1.4,2.8,15.3,2011
11007,86,Wilson Chandler,SF,23,NYK,51,30,34.5,6.4,14.0,.461,1.7,4.8,.351,4.7,9.2,.518,.521,1.9,2.3,.807,1.2,4.7,5.9,1.7,0.7,1.4,1.3,3.0,16.4,2011
11008,86,Wilson Chandler,SF,23,DEN,21,19,30.6,4.8,11.5,.419,1.2,3.6,.347,3.6,7.9,.452,.473,1.6,2.0,.810,0.6,4.4,5.0,1.6,0.7,1.1,1.8,2.2,12.5,2011
11009,87,Josh Childress,SG,27,PHO,54,3,16.6,2.2,4.0,.565,0.0,0.3,.063,2.2,3.7,.606,.568,0.5,1.1,.492,1.3,1.6,2.9,0.8,0.6,0.4,0.8,1.3,5.0,2011
11010,88,Earl Clark,SF,23,TOT,42,0,11.0,1.6,3.8,.430,0.0,0.1,.000,1.6,3.6,.444,.430,0.6,1.1,.574,0.9,1.5,2.4,0.2,0.2,0.4,0.7,1.1,3.9,2011
11011,88,Earl Clark,SF,23,PHO,9,0,8.0,1.3,3.4,.387,0.0,0.0,,1.3,3.4,.387,.387,0.6,1.1,.500,0.4,1.4,1.9,0.4,0.1,0.3,0.2,0.7,3.2,2011
11012,88,Earl Clark,SF,23,ORL,33,0,11.9,1.7,3.8,.441,0.0,0.2,.000,1.7,3.7,.459,.441,0.7,1.1,.595,1.0,1.5,2.5,0.2,0.2,0.5,0.8,1.2,4.1,2011
11013,89,Jarron Collins,C,32,TOT,28,0,6.5,0.2,0.8,.286,0.0,0.0,,0.2,0.8,.286,.286,0.3,0.4,.700,0.5,0.4,0.9,0.1,0.1,0.0,0.3,1.0,0.7,2011
11014,89,Jarron Collins,C,32,LAC,23,0,6.8,0.2,0.7,.333,0.0,0.0,,0.2,0.7,.333,.333,0.3,0.4,.700,0.3,0.4,0.7,0.0,0.2,0.0,0.2,1.0,0.7,2011
11015,89,Jarron Collins,C,32,POR,5,0,4.8,0.2,1.2,.167,0.0,0.0,,0.2,1.2,.167,.167,0.0,0.0,,1.4,0.0,1.4,0.2,0.0,0.0,0.4,1.0,0.4,2011
11016,90,Jason Collins,C,32,ATL,49,28,12.1,0.7,1.4,.479,0.0,0.0,1.000,0.7,1.4,.471,.486,0.6,0.8,.659,0.6,1.5,2.1,0.4,0.2,0.2,0.5,2.0,2.0,2011
11017,91,Sherron Collins,PG,23,CHA,20,0,3.3,0.4,1.3,.280,0.1,0.5,.200,0.3,0.8,.333,.320,0.1,0.1,1.000,0.0,0.3,0.3,0.4,0.1,0.0,0.2,0.1,0.9,2011
11018,92,Darren Collison,PG,23,IND,79,79,29.9,5.0,11.0,.457,0.5,1.6,.331,4.5,9.4,.479,.481,2.6,2.9,.871,0.5,2.3,2.8,5.1,1.1,0.2,2.5,1.4,13.2,2011
11019,93,Nick Collison,C,30,OKC,71,2,21.5,1.9,3.4,.566,0.0,0.0,,1.9,3.4,.566,.566,0.8,1.0,.753,1.7,2.8,4.5,1.0,0.6,0.4,0.8,3.0,4.6,2011
11020,94,Mike Conley,PG,23,MEM,81,81,35.5,5.2,11.8,.444,1.0,2.7,.369,4.2,9.1,.466,.486,2.2,3.0,.733,0.4,2.7,3.0,6.5,1.8,0.2,2.2,2.2,13.7,2011
11021,95,Brian Cook,PF,30,LAC,40,0,11.2,1.8,4.3,.424,0.9,2.0,.430,1.0,2.3,.418,.524,0.4,0.6,.625,0.5,1.9,2.4,0.4,0.3,0.3,0.6,1.9,4.8,2011
11022,96,Daequan Cook,SG,23,OKC,43,0,13.9,1.8,4.2,.436,1.5,3.6,.422,0.3,0.6,.519,.616,0.4,0.5,.800,0.2,1.5,1.7,0.5,0.3,0.0,0.4,1.2,5.6,2011
11023,97,Marcus Cousin,C,24,UTA,4,0,4.5,0.5,0.8,.667,0.0,0.0,,0.5,0.8,.667,.667,0.0,0.0,,0.0,0.8,0.8,0.0,0.0,0.3,0.3,0.3,1.0,2011
11024,98,DeMarcus Cousins,C,20,SAC,81,62,28.5,5.3,12.4,.430,0.0,0.2,.167,5.3,12.2,.435,.432,3.4,5.0,.687,2.7,6.0,8.6,2.5,1.0,0.8,3.3,4.1,14.1,2011
11025,99,Jamal Crawford,SG,30,ATL,76,0,30.2,4.8,11.5,.421,1.6,4.6,.341,3.3,6.9,.474,.489,2.9,3.4,.854,0.3,1.4,1.7,3.2,0.8,0.2,1.9,1.3,14.2,2011
11026,100,Jordan Crawford,SG,22,TOT,42,18,24.5,4.6,11.9,.384,0.8,3.0,.258,3.8,8.9,.427,.417,1.7,2.0,.869,0.7,1.8,2.5,2.8,0.9,0.1,2.0,1.5,11.7,2011
11027,100,Jordan Crawford,SG,22,ATL,16,0,10.0,1.7,4.8,.351,0.6,1.7,.333,1.1,3.1,.360,.409,0.3,0.4,.667,0.6,1.2,1.8,0.9,0.2,0.0,0.9,0.8,4.2,2011
11028,100,Jordan Crawford,SG,22,WAS,26,18,33.3,6.3,16.3,.390,0.9,3.9,.238,5.4,12.4,.438,.418,2.7,3.0,.885,0.8,2.1,3.0,3.9,1.4,0.1,2.6,1.9,16.3,2011
11029,Rk,Player,Pos,Age,Tm,G,GS,MP,FG,FGA,FG%,3P,3PA,3P%,2P,2PA,2P%,eFG%,FT,FTA,FT%,ORB,DRB,TRB,AST,STL,BLK,TOV,PF,PTS,2011
11030,101,Dante Cunningham,PF,23,TOT,78,18,21.0,2.8,6.1,.462,0.0,0.2,.077,2.8,5.9,.473,.463,0.6,0.8,.726,1.2,2.3,3.6,0.6,0.7,0.6,0.7,2.3,6.2,2011
11031,101,Dante Cunningham,PF,23,POR,56,9,19.8,2.3,5.2,.433,0.0,0.1,.000,2.3,5.1,.439,.433,0.6,0.8,.711,1.3,2.1,3.4,0.5,0.7,0.6,0.6,2.5,5.1,2011
11032,101,Dante Cunningham,PF,23,CHA,22,9,24.0,4.2,8.2,.508,0.0,0.4,.111,4.1,7.8,.529,.511,0.6,0.8,.765,1.0,3.0,4.0,0.6,0.7,0.5,0.8,1.7,9.0,2011
11033,102,Stephen Curry,PG,22,GSW,74,74,33.6,6.8,14.2,.480,2.0,4.6,.442,4.8,9.6,.498,.551,2.9,3.1,.934,0.7,3.2,3.9,5.8,1.5,0.3,3.1,3.1,18.6,2011
11034,103,Samuel Dalembert,C,29,SAC,80,46,24.2,3.4,7.1,.473,0.0,0.0,.000,3.4,7.1,.474,.473,1.4,1.9,.730,2.7,5.6,8.2,0.8,0.5,1.5,1.7,2.8,8.1,2011
11035,104,Erick Dampier,C,35,MIA,51,22,16.0,1.0,1.7,.584,0.0,0.0,.000,1.0,1.7,.591,.584,0.5,0.9,.545,1.0,2.4,3.5,0.4,0.3,0.9,0.6,1.6,2.5,2011
11036,105,Antonio Daniels,PG,35,PHI,4,0,8.8,0.5,1.3,.400,0.0,0.5,.000,0.5,0.8,.667,.400,0.5,0.5,1.000,0.0,1.3,1.3,0.5,0.0,0.0,0.3,0.0,1.5,2011
11037,106,Marquis Daniels,SF,30,BOS,49,0,19.1,2.3,4.7,.491,0.1,0.4,.190,2.2,4.3,.521,.500,0.8,1.2,.684,0.5,1.8,2.3,1.3,0.8,0.4,0.8,1.3,5.5,2011
11038,107,Baron Davis,PG,31,TOT,58,44,28.4,5.0,11.9,.417,1.4,4.1,.339,3.6,7.8,.458,.475,1.7,2.3,.771,0.6,2.1,2.7,6.7,1.3,0.5,2.5,2.5,13.1,2011
11039,107,Baron Davis,PG,31,LAC,43,35,29.5,5.0,12.0,.416,1.0,3.5,.296,3.9,8.4,.466,.459,1.8,2.4,.760,0.7,2.1,2.8,7.0,1.4,0.5,2.5,2.7,12.8,2011
11040,107,Baron Davis,PG,31,CLE,15,9,25.3,5.0,11.9,.421,2.4,5.8,.414,2.6,6.1,.429,.522,1.5,1.8,.815,0.4,2.0,2.4,6.1,1.1,0.4,2.6,1.9,13.9,2011
11041,108,Ed Davis,PF,21,TOR,65,17,24.6,3.3,5.7,.576,0.0,0.0,,3.3,5.7,.576,.576,1.1,2.0,.555,2.6,4.5,7.1,0.6,0.6,1.0,0.7,2.8,7.7,2011
11042,109,Glen Davis,C,25,BOS,78,13,29.5,4.6,10.3,.448,0.0,0.2,.133,4.6,10.1,.454,.449,2.5,3.4,.736,1.3,4.2,5.4,1.2,1.0,0.4,1.1,3.0,11.7,2011
11043,110,Austin Daye,SF,22,DET,72,16,20.1,2.7,6.5,.410,1.0,2.4,.401,1.7,4.2,.415,.483,1.1,1.5,.759,0.9,2.9,3.8,1.1,0.5,0.5,0.8,2.3,7.5,2011
11044,111,Carlos Delfino,SF,28,MIL,49,40,32.4,4.1,10.5,.390,2.1,5.8,.370,1.9,4.7,.415,.492,1.2,1.5,.800,0.5,3.6,4.1,2.3,1.6,0.2,1.2,1.5,11.5,2011
11045,112,Luol Deng,SF,25,CHI,82,82,39.1,6.5,14.1,.460,1.4,4.1,.345,5.1,10.0,.506,.510,3.1,4.1,.753,1.4,4.4,5.8,2.8,1.0,0.6,1.9,2.0,17.4,2011
11046,113,DeMar DeRozan,SG,21,TOR,82,82,34.8,6.6,14.1,.467,0.1,0.6,.096,6.5,13.4,.485,.469,4.0,4.9,.813,0.9,2.9,3.8,1.8,1.0,0.4,1.8,2.6,17.2,2011
11047,114,Boris Diaw,PF,28,CHA,82,82,33.9,4.6,9.4,.492,1.0,2.8,.345,3.7,6.7,.553,.543,1.0,1.5,.683,1.3,3.8,5.0,4.1,0.9,0.6,2.0,2.3,11.3,2011
11048,115,Ike Diogu,PF,27,LAC,36,0,13.1,2.3,4.1,.561,0.0,0.0,,2.3,4.1,.561,.561,1.1,1.7,.661,1.1,2.1,3.2,0.1,0.1,0.1,0.6,2.0,5.8,2011
11049,116,DeSagana Diop,C,29,CHA,16,0,11.3,0.5,1.5,.333,0.0,0.0,,0.5,1.5,.333,.333,0.3,0.7,.364,0.8,1.8,2.5,0.4,0.3,0.9,0.7,1.6,1.3,2011
11050,117,Keyon Dooling,PG,30,MIL,80,22,22.0,2.6,6.5,.397,1.0,2.9,.346,1.6,3.6,.439,.475,1.0,1.2,.830,0.2,1.3,1.5,3.0,0.7,0.1,1.1,1.5,7.1,2011
11051,118,Joey Dorsey,C,27,TOR,43,9,12.1,1.2,2.3,.525,0.0,0.0,,1.2,2.3,.525,.525,0.7,1.5,.477,1.8,2.6,4.4,0.6,0.6,0.4,0.9,1.8,3.1,2011
11052,119,Toney Douglas,SG,24,NYK,81,9,24.3,3.9,9.3,.416,1.8,4.7,.373,2.1,4.6,.460,.511,1.0,1.3,.794,0.8,2.2,3.0,3.0,1.1,0.0,1.1,2.2,10.6,2011
11053,120,Chris Douglas-Roberts,SF,24,MIL,44,12,20.1,2.7,6.2,.429,0.3,1.0,.326,2.3,5.2,.449,.456,1.7,2.0,.831,0.2,1.8,2.0,1.1,0.7,0.3,0.8,1.7,7.3,2011
11054,Rk,Player,Pos,Age,Tm,G,GS,MP,FG,FGA,FG%,3P,3PA,3P%,2P,2PA,2P%,eFG%,FT,FTA,FT%,ORB,DRB,TRB,AST,STL,BLK,TOV,PF,PTS,2011
11055,121,Zabian Dowdell,PG,26,PHO,24,0,12.2,2.1,5.2,.408,0.1,0.4,.300,2.0,4.8,.417,.420,0.7,0.7,.941,0.2,0.6,0.8,2.1,0.8,0.1,1.2,1.3,5.0,2011
11056,122,Goran Dragić,PG,24,TOT,70,5,17.6,2.7,6.3,.435,0.8,2.2,.361,1.9,4.1,.476,.499,1.2,1.9,.624,0.5,1.5,2.0,2.9,0.7,0.1,1.7,1.8,7.5,2011
11057,122,Goran Dragić,PG,24,PHO,48,2,17.8,2.8,6.6,.421,0.6,2.1,.277,2.2,4.5,.488,.465,1.2,2.0,.608,0.5,1.3,1.8,3.1,0.8,0.1,2.0,1.9,7.4,2011
11058,122,Goran Dragić,PG,24,HOU,22,3,17.2,2.7,5.7,.472,1.3,2.5,.519,1.4,3.2,.437,.584,1.1,1.6,.667,0.5,2.0,2.5,2.5,0.6,0.2,1.0,1.6,7.7,2011
11059,123,Jared Dudley,SF,25,PHO,82,15,26.1,3.7,7.7,.477,1.3,3.1,.415,2.4,4.6,.519,.560,2.0,2.7,.743,1.4,2.5,3.9,1.3,1.1,0.2,0.9,1.7,10.6,2011
11060,124,Chris Duhon,PG,28,ORL,51,5,15.2,1.0,2.5,.380,0.3,1.0,.250,0.7,1.5,.468,.430,0.3,0.5,.560,0.2,0.8,1.0,2.3,0.3,0.0,1.2,0.6,2.5,2011
11061,125,Tim Duncan*,C,34,SAS,76,76,28.4,5.5,11.0,.500,0.0,0.1,.000,5.5,11.0,.502,.500,2.4,3.4,.716,2.2,6.7,8.9,2.7,0.7,1.9,1.6,1.6,13.4,2011
11062,126,Mike Dunleavy,SG,30,IND,61,44,27.6,3.9,8.5,.462,1.7,4.2,.402,2.3,4.4,.519,.560,1.6,2.0,.800,0.5,4.1,4.5,1.7,0.7,0.5,1.1,1.8,11.2,2011
11063,127,Ronald Dupree,SF,30,TOR,3,0,4.3,0.3,1.3,.250,0.0,0.3,.000,0.3,1.0,.333,.250,0.0,0.0,,0.0,1.0,1.0,0.3,0.0,0.0,0.0,0.7,0.7,2011
11064,128,Kevin Durant,SF,22,OKC,78,78,38.9,9.1,19.7,.462,1.9,5.3,.350,7.3,14.4,.504,.509,7.6,8.7,.880,0.7,6.1,6.8,2.7,1.1,1.0,2.8,2.0,27.7,2011
11065,129,Devin Ebanks,SG,21,LAL,20,0,5.9,1.1,2.6,.412,0.1,0.3,.400,1.0,2.3,.413,.431,0.9,1.2,.783,0.8,0.6,1.4,0.1,0.2,0.3,0.3,0.4,3.1,2011
11066,130,Wayne Ellington,SG,23,MIN,62,8,19.0,2.6,6.4,.403,0.8,2.0,.397,1.8,4.5,.406,.463,0.7,0.9,.792,0.4,1.3,1.7,1.2,0.5,0.0,0.9,1.4,6.6,2011
11067,131,Monta Ellis,SG,25,GSW,80,80,40.3,9.1,20.1,.451,1.7,4.7,.361,7.4,15.4,.478,.493,4.3,5.4,.789,0.6,3.0,3.5,5.6,2.1,0.3,3.2,2.5,24.1,2011
11068,132,Francisco Elson,C,34,UTA,62,1,9.8,0.9,1.8,.478,0.0,0.0,,0.9,1.8,.478,.478,0.4,0.5,.839,0.6,1.3,1.9,0.5,0.3,0.2,0.5,1.4,2.2,2011
11069,133,Melvin Ely,C,32,DEN,30,2,12.2,0.9,1.7,.549,0.0,0.0,,0.9,1.7,.549,.549,0.4,0.7,.619,0.9,1.6,2.5,0.5,0.1,0.4,0.5,1.7,2.3,2011
11070,134,Semih Erden,C,24,TOT,41,8,14.5,1.5,2.7,.559,0.0,0.0,,1.5,2.7,.559,.559,1.0,1.5,.650,0.9,2.0,2.9,0.5,0.4,0.6,0.8,2.5,4.0,2011
11071,134,Semih Erden,C,24,BOS,37,7,14.4,1.6,2.6,.598,0.0,0.0,,1.6,2.6,.598,.598,0.9,1.5,.630,0.8,2.1,2.9,0.5,0.4,0.6,0.9,2.5,4.1,2011
11072,134,Semih Erden,C,24,CLE,4,1,16.0,1.0,3.5,.286,0.0,0.0,,1.0,3.5,.286,.286,1.3,1.5,.833,1.5,1.3,2.8,0.3,0.5,0.8,0.5,3.0,3.3,2011
11073,135,Jeremy Evans,SF,23,UTA,49,3,9.4,1.6,2.3,.661,0.0,0.0,.000,1.6,2.3,.667,.661,0.5,0.8,.703,0.7,1.2,2.0,0.5,0.3,0.3,0.4,1.0,3.6,2011
11074,136,Maurice Evans,SF,32,TOT,73,24,21.2,2.4,5.8,.417,0.8,2.3,.329,1.7,3.5,.475,.482,0.7,0.8,.897,0.7,1.4,2.1,0.6,0.5,0.2,0.5,1.8,6.3,2011
11075,136,Maurice Evans,SF,32,ATL,47,12,17.8,1.7,4.3,.393,0.6,1.9,.315,1.1,2.4,.455,.463,0.5,0.6,.857,0.5,1.3,1.8,0.6,0.3,0.1,0.3,1.6,4.5,2011
11076,136,Maurice Evans,SF,32,WAS,26,12,27.4,3.8,8.6,.439,1.0,3.0,.346,2.7,5.6,.490,.500,1.1,1.2,.933,1.1,1.7,2.8,0.6,0.7,0.3,0.7,2.1,9.7,2011
11077,137,Reggie Evans,PF,30,TOR,30,18,26.6,1.4,3.4,.408,0.0,0.0,.000,1.4,3.4,.412,.408,1.6,2.9,.545,4.0,7.5,11.5,1.3,1.0,0.2,1.3,3.0,4.4,2011
11078,138,Tyreke Evans,SG,21,SAC,57,53,37.0,6.7,16.4,.409,0.8,2.6,.291,5.9,13.8,.432,.432,3.6,4.7,.771,0.8,4.0,4.8,5.6,1.5,0.5,3.2,2.5,17.8,2011
11079,139,Patrick Ewing,SF,26,NOH,7,0,2.7,0.0,0.7,.000,0.0,0.3,.000,0.0,0.4,.000,.000,0.4,0.6,.750,0.1,0.1,0.3,0.3,0.0,0.1,0.1,0.1,0.4,2011
11080,140,Christian Eyenga,SF,21,CLE,44,18,21.5,3.0,7.0,.425,0.6,2.1,.275,2.4,4.9,.488,.466,0.4,0.6,.643,0.6,2.2,2.8,0.8,0.8,0.6,1.1,1.8,6.9,2011
11081,Rk,Player,Pos,Age,Tm,G,GS,MP,FG,FGA,FG%,3P,3PA,3P%,2P,2PA,2P%,eFG%,FT,FTA,FT%,ORB,DRB,TRB,AST,STL,BLK,TOV,PF,PTS,2011
11082,141,Jordan Farmar,PG,24,NJN,73,18,24.6,3.5,8.9,.392,1.5,4.2,.359,2.0,4.8,.421,.475,1.1,1.4,.820,0.3,2.0,2.4,5.0,0.8,0.1,1.9,1.8,9.6,2011
11083,142,Derrick Favors,PF,19,TOT,78,27,19.7,2.8,5.3,.517,0.0,0.0,,2.8,5.3,.517,.517,1.3,2.2,.595,2.2,3.1,5.3,0.5,0.4,0.9,1.0,3.2,6.8,2011
11084,142,Derrick Favors,PF,19,NJN,56,23,19.5,2.5,4.9,.511,0.0,0.0,,2.5,4.9,.511,.511,1.3,2.1,.612,2.3,3.1,5.3,0.4,0.3,0.7,1.0,3.3,6.3,2011
11085,142,Derrick Favors,PF,19,UTA,22,4,20.2,3.4,6.4,.529,0.0,0.0,,3.4,6.4,.529,.529,1.5,2.6,.561,2.0,3.2,5.2,0.8,0.5,1.2,1.0,2.9,8.2,2011
11086,143,Raymond Felton,PG-SG,26,TOT,75,54,36.5,5.7,13.4,.425,1.5,4.4,.353,4.1,9.0,.460,.483,2.6,3.2,.805,0.6,2.9,3.6,8.3,1.7,0.1,2.9,2.0,15.5,2011
11087,143,Raymond Felton,PG,26,NYK,54,54,38.4,6.3,14.8,.423,1.6,5.0,.328,4.6,9.9,.471,.478,2.9,3.4,.867,0.7,2.9,3.6,9.0,1.8,0.2,3.3,2.1,17.1,2011
11088,143,Raymond Felton,SG,26,DEN,21,0,31.6,4.2,9.7,.431,1.3,2.9,.459,2.9,6.8,.420,.500,1.8,2.9,.617,0.4,3.2,3.6,6.5,1.3,0.0,2.1,1.8,11.5,2011
11089,144,Rudy Fernández,SG,25,POR,78,3,23.3,2.7,7.4,.370,1.5,4.6,.321,1.2,2.7,.453,.471,1.6,1.9,.863,0.5,1.7,2.2,2.5,1.1,0.2,1.1,1.7,8.6,2011
11090,145,Kyrylo Fesenko,C,24,UTA,53,1,8.6,0.8,1.9,.440,0.0,0.0,.000,0.8,1.9,.444,.440,0.3,0.9,.391,0.6,1.4,2.0,0.3,0.1,0.3,0.5,1.7,2.0,2011
11091,146,Landry Fields,SG,22,NYK,82,81,31.0,3.6,7.3,.497,1.0,2.7,.393,2.6,4.7,.556,.568,1.4,1.8,.769,1.3,5.1,6.4,1.9,1.0,0.2,1.3,1.4,9.7,2011
11092,147,Derek Fisher,PG,36,LAL,82,82,28.0,2.5,6.5,.389,0.8,1.9,.396,1.7,4.5,.386,.449,1.0,1.3,.806,0.2,1.7,1.9,2.7,1.2,0.1,0.9,2.3,6.8,2011
11093,148,Jonny Flynn,PG,21,MIN,53,8,18.5,2.0,5.6,.365,0.6,1.9,.310,1.5,3.7,.393,.417,0.6,0.8,.762,0.2,1.2,1.5,3.4,0.6,0.1,2.1,1.1,5.3,2011
11094,149,Gary Forbes,SF,25,DEN,63,11,12.6,2.0,4.3,.454,0.3,0.9,.328,1.7,3.4,.488,.489,0.9,1.4,.678,0.4,1.4,1.8,0.8,0.4,0.1,0.7,1.2,5.2,2011
11095,150,T.J. Ford,PG,27,IND,41,3,18.9,2.2,5.8,.386,0.1,0.8,.188,2.1,5.0,.417,.398,0.9,1.2,.729,0.4,1.6,2.0,3.4,0.9,0.2,1.5,1.7,5.4,2011
11096,151,Jeff Foster,C,34,IND,56,3,16.8,1.4,3.0,.479,0.0,0.1,.000,1.4,2.9,.488,.479,0.5,0.9,.563,2.9,3.4,6.3,0.8,0.4,0.6,0.5,2.3,3.3,2011
11097,152,Randy Foye,SG,27,LAC,63,24,24.6,3.3,8.4,.388,1.1,3.4,.327,2.1,5.0,.430,.455,2.1,2.4,.893,0.2,1.4,1.6,2.7,0.7,0.3,1.5,1.9,9.8,2011
11098,153,Channing Frye,PF,27,PHO,77,64,33.0,4.6,10.8,.432,2.2,5.7,.390,2.4,5.1,.479,.535,1.2,1.4,.832,0.8,5.8,6.7,1.2,0.6,1.0,0.9,3.5,12.7,2011
11099,154,Dan Gadzuric,C-PF,32,TOT,42,9,11.0,1.3,3.1,.419,0.0,0.0,.000,1.3,3.0,.422,.419,0.2,0.6,.370,1.7,1.5,3.2,0.3,0.3,0.7,0.7,2.2,2.8,2011
11100,154,Dan Gadzuric,C,32,GSW,28,4,10.6,1.3,3.1,.420,0.0,0.0,.000,1.3,3.1,.425,.420,0.2,0.5,.357,1.9,1.2,3.1,0.4,0.4,0.6,0.8,2.3,2.8,2011
11101,154,Dan Gadzuric,PF,32,NJN,14,5,11.9,1.2,2.9,.415,0.0,0.0,,1.2,2.9,.415,.415,0.4,0.9,.385,1.3,2.2,3.5,0.2,0.2,0.8,0.6,2.0,2.8,2011
11102,155,Sundiata Gaines,PG,24,TOT,24,0,12.5,1.8,4.4,.400,0.4,1.6,.237,1.4,2.8,.493,.443,0.8,1.5,.500,0.5,1.0,1.6,1.8,0.7,0.0,1.1,1.0,4.6,2011
11103,155,Sundiata Gaines,PG,24,MIN,8,0,8.1,0.9,2.8,.318,0.3,0.8,.333,0.6,2.0,.313,.364,0.6,1.3,.500,0.1,0.6,0.8,0.8,0.4,0.0,0.8,0.5,2.6,2011
11104,155,Sundiata Gaines,PG,24,TOR,6,0,15.0,2.5,5.8,.429,0.5,2.5,.200,2.0,3.3,.600,.471,0.3,1.0,.333,0.3,1.0,1.3,1.8,0.7,0.2,1.3,1.7,5.8,2011
11105,155,Sundiata Gaines,PG,24,NJN,10,0,14.6,2.0,4.8,.417,0.4,1.7,.235,1.6,3.1,.516,.458,1.1,2.0,.550,1.0,1.4,2.4,2.5,0.9,0.0,1.3,1.1,5.5,2011
11106,156,Danilo Gallinari,PF-SF,22,TOT,62,60,33.9,4.3,10.3,.414,1.7,4.7,.352,2.6,5.6,.467,.495,5.4,6.3,.862,1.0,4.0,4.9,1.7,0.8,0.4,1.3,2.3,15.6,2011
11107,156,Danilo Gallinari,PF,22,NYK,48,48,34.8,4.4,10.6,.415,1.7,5.0,.347,2.7,5.6,.474,.496,5.4,6.0,.893,1.0,3.8,4.8,1.7,0.8,0.4,1.2,2.4,15.9,2011
11108,156,Danilo Gallinari,SF,22,DEN,14,12,30.9,3.9,9.4,.412,1.4,3.9,.370,2.4,5.5,.442,.489,5.6,7.2,.772,0.8,4.6,5.4,1.6,0.9,0.6,1.8,1.9,14.7,2011
11109,157,Francisco García,SF,29,SAC,58,34,23.9,3.6,8.2,.436,1.4,3.9,.362,2.2,4.3,.502,.521,1.1,1.3,.855,0.4,1.9,2.3,1.2,0.9,0.8,0.8,2.2,9.7,2011
11110,158,Kevin Garnett*,PF,34,BOS,71,71,31.3,6.1,11.6,.528,0.0,0.1,.200,6.1,11.5,.530,.529,2.6,3.1,.862,1.2,7.7,8.9,2.4,1.3,0.8,1.6,2.1,14.9,2011
11111,159,Marc Gasol,C,26,MEM,81,81,31.9,4.5,8.5,.527,0.0,0.1,.429,4.5,8.4,.528,.529,2.7,3.6,.748,1.9,5.1,7.0,2.5,0.9,1.7,1.8,3.3,11.7,2011
11112,160,Pau Gasol,C,30,LAL,82,82,37.0,7.2,13.7,.529,0.0,0.0,.333,7.2,13.6,.530,.530,4.3,5.2,.823,3.3,6.9,10.2,3.3,0.6,1.6,1.7,2.5,18.8,2011
11113,Rk,Player,Pos,Age,Tm,G,GS,MP,FG,FGA,FG%,3P,3PA,3P%,2P,2PA,2P%,eFG%,FT,FTA,FT%,ORB,DRB,TRB,AST,STL,BLK,TOV,PF,PTS,2011
11114,161,Rudy Gay,SF,24,MEM,54,54,39.9,7.6,16.1,.471,1.1,2.7,.396,6.5,13.4,.486,.503,3.6,4.5,.805,1.5,4.7,6.2,2.8,1.7,1.1,2.5,2.4,19.8,2011
11115,162,Alonzo Gee,SG,23,TOT,56,34,20.0,2.2,4.7,.458,0.3,0.9,.333,1.9,3.8,.488,.491,1.3,1.6,.783,1.1,2.1,3.3,0.7,0.7,0.3,1.0,1.7,5.9,2011
11116,162,Alonzo Gee,SG,23,SAS,5,0,3.6,0.2,0.6,.333,0.0,0.0,,0.2,0.6,.333,.333,0.0,0.0,,0.4,0.2,0.6,0.0,0.0,0.4,0.6,0.6,0.4,2011
11117,162,Alonzo Gee,SG,23,WAS,11,5,11.5,1.1,2.5,.444,0.0,0.2,.000,1.1,2.3,.480,.444,0.7,1.1,.667,1.0,1.0,2.0,0.5,0.6,0.0,0.7,0.9,2.9,2011
11118,162,Alonzo Gee,SG,23,CLE,40,29,24.3,2.7,5.9,.462,0.4,1.2,.347,2.3,4.6,.492,.498,1.6,2.0,.800,1.2,2.7,3.9,0.8,0.8,0.4,1.1,2.0,7.4,2011
11119,163,Paul George,SG,20,IND,61,19,20.7,2.9,6.5,.453,0.7,2.3,.297,2.3,4.2,.537,.505,1.3,1.7,.762,0.6,3.1,3.7,1.1,1.0,0.4,1.1,2.1,7.8,2011
11120,164,Daniel Gibson,SG,24,CLE,67,15,27.8,3.9,9.9,.400,1.8,4.4,.403,2.2,5.5,.398,.489,2.0,2.4,.822,0.4,2.3,2.6,3.0,0.7,0.3,1.2,2.3,11.6,2011
11121,165,Taj Gibson,PF,25,CHI,80,19,21.8,2.9,6.3,.466,0.0,0.1,.125,2.9,6.2,.472,.467,1.3,1.9,.676,2.0,3.7,5.7,0.7,0.5,1.3,0.9,2.5,7.1,2011
11122,166,Manu Ginóbili*,SG,33,SAS,80,79,30.3,5.5,12.7,.433,1.9,5.5,.349,3.6,7.2,.497,.509,4.5,5.1,.871,0.5,3.2,3.7,4.9,1.5,0.4,2.2,2.0,17.4,2011
11123,167,Ryan Gomes,SF,28,LAC,76,62,27.6,2.7,6.6,.410,0.9,2.8,.341,1.8,3.9,.459,.481,0.8,1.1,.718,0.8,2.5,3.3,1.6,0.8,0.2,0.7,2.1,7.2,2011
11124,168,Drew Gooden,PF,29,MIL,35,18,24.6,4.5,10.3,.431,0.1,0.6,.150,4.4,9.8,.447,.435,2.3,2.9,.794,2.1,4.7,6.8,1.3,0.6,0.5,1.3,2.8,11.3,2011
11125,169,Ben Gordon,SG,27,DET,82,27,26.0,4.1,9.4,.440,1.3,3.2,.402,2.8,6.1,.460,.510,1.7,2.0,.850,0.5,1.9,2.4,2.1,0.6,0.2,1.7,2.2,11.2,2011
11126,170,Eric Gordon,SG,22,LAC,56,56,37.7,7.6,16.9,.450,1.9,5.2,.364,5.7,11.8,.488,.506,5.1,6.2,.825,0.8,2.1,2.9,4.4,1.3,0.3,2.7,2.1,22.3,2011
11127,171,Marcin Gortat,C,26,TOT,80,14,25.4,4.2,7.5,.561,0.0,0.1,.250,4.2,7.5,.563,.561,1.8,2.4,.725,1.9,6.0,7.9,0.9,0.5,1.1,1.0,2.4,10.2,2011
11128,171,Marcin Gortat,C,26,ORL,25,2,15.8,1.8,3.2,.543,0.0,0.0,,1.8,3.2,.543,.543,0.5,0.7,.667,1.5,3.2,4.7,0.7,0.3,0.8,0.7,2.1,4.0,2011
11129,171,Marcin Gortat,C,26,PHO,55,12,29.7,5.3,9.5,.563,0.0,0.1,.250,5.3,9.4,.566,.564,2.3,3.2,.731,2.0,7.3,9.3,1.0,0.5,1.3,1.2,2.5,13.0,2011
11130,172,Joey Graham,SF,28,CLE,39,8,15.0,2.1,4.6,.458,0.2,0.8,.300,1.9,3.8,.490,.483,0.7,0.9,.806,0.2,1.9,2.2,0.5,0.2,0.2,0.7,1.9,5.2,2011
11131,173,Stephen Graham,SG,28,NJN,59,28,16.3,1.4,3.4,.405,0.1,0.4,.238,1.3,3.0,.425,.418,0.5,0.6,.816,0.3,1.8,2.1,0.7,0.2,0.0,0.6,1.8,3.4,2011
11132,174,Danny Granger,SF,27,IND,79,79,35.0,6.8,15.9,.425,2.0,5.2,.386,4.8,10.8,.443,.487,5.0,5.9,.848,1.1,4.3,5.4,2.6,1.1,0.8,2.6,2.7,20.5,2011
11133,175,Aaron Gray,C,26,NOH,41,6,13.0,1.4,2.4,.566,0.0,0.0,,1.4,2.4,.566,.566,0.4,0.8,.500,1.4,2.7,4.2,0.4,0.3,0.3,0.8,2.3,3.1,2011
11134,176,Danny Green,SG,23,SAS,8,0,11.5,2.1,4.4,.486,0.9,2.4,.368,1.3,2.0,.625,.586,0.0,0.0,,0.4,1.5,1.9,0.3,0.3,0.1,0.6,0.9,5.1,2011
11135,177,Jeff Green,PF-SF,24,TOT,75,51,32.4,4.9,10.9,.449,0.9,2.8,.303,4.1,8.1,.499,.488,2.6,3.3,.811,1.0,3.8,4.8,1.4,0.7,0.5,1.3,2.8,13.3,2011
11136,177,Jeff Green,PF,24,OKC,49,49,37.0,5.5,12.6,.437,1.1,3.8,.304,4.4,8.9,.493,.482,3.0,3.7,.818,1.2,4.4,5.6,1.8,0.8,0.4,1.6,2.9,15.2,2011
11137,177,Jeff Green,SF,24,BOS,26,2,23.5,3.8,7.8,.485,0.3,1.0,.296,3.5,6.7,.514,.505,1.9,2.4,.794,0.6,2.7,3.3,0.7,0.5,0.6,0.9,2.6,9.8,2011
11138,178,Willie Green,SG,29,NOH,77,13,21.7,3.5,7.9,.443,0.7,2.0,.348,2.8,5.9,.476,.488,1.0,1.3,.780,0.3,1.8,2.1,1.0,0.5,0.2,0.9,1.9,8.7,2011
11139,179,Donté Greene,SF,22,SAC,69,21,16.3,2.3,5.6,.404,0.7,2.2,.292,1.6,3.4,.478,.462,0.6,0.9,.662,0.7,1.4,2.1,0.7,0.5,0.3,0.9,1.3,5.8,2011
11140,180,Orien Greene,SG,28,NJN,3,0,1.7,0.3,0.7,.500,0.0,0.0,,0.3,0.7,.500,.500,0.3,0.7,.500,0.0,0.0,0.0,0.3,0.3,0.0,0.0,0.0,1.0,2011
11141,Rk,Player,Pos,Age,Tm,G,GS,MP,FG,FGA,FG%,3P,3PA,3P%,2P,2PA,2P%,eFG%,FT,FTA,FT%,ORB,DRB,TRB,AST,STL,BLK,TOV,PF,PTS,2011
11142,181,Blake Griffin,PF,21,LAC,82,82,38.0,8.5,16.8,.506,0.1,0.3,.292,8.4,16.5,.510,.508,5.4,8.5,.642,3.3,8.8,12.1,3.8,0.8,0.5,2.7,3.1,22.5,2011
11143,182,Hamed Haddadi,C,25,MEM,31,0,5.4,1.0,1.9,.517,0.0,0.0,.000,1.0,1.8,.526,.517,0.5,0.7,.652,0.8,1.4,2.2,0.2,0.1,0.4,0.4,0.9,2.4,2011
11144,183,Richard Hamilton,SG,32,DET,55,39,27.2,5.2,12.2,.429,1.0,2.6,.382,4.2,9.6,.442,.470,2.7,3.1,.849,0.4,1.9,2.3,3.1,0.7,0.1,1.6,1.7,14.1,2011
11145,184,Tyler Hansbrough,PF,25,IND,70,29,21.9,4.1,8.8,.465,0.0,0.0,.000,4.1,8.7,.466,.465,2.8,3.6,.779,2.1,3.2,5.2,0.6,0.5,0.2,1.1,2.3,11.0,2011
11146,185,Luke Harangody,PF,23,TOT,49,0,13.1,1.6,4.2,.383,0.3,1.3,.242,1.3,2.9,.450,.422,0.4,0.5,.731,0.8,2.1,2.9,0.6,0.3,0.3,0.3,1.6,3.9,2011
11147,185,Luke Harangody,PF,23,BOS,28,0,8.6,1.0,2.5,.394,0.1,0.4,.200,0.9,2.2,.426,.408,0.2,0.3,.625,0.6,1.4,2.0,0.4,0.1,0.3,0.2,1.3,2.3,2011
11148,185,Luke Harangody,PF,23,CLE,21,0,19.0,2.4,6.4,.378,0.7,2.7,.250,1.8,3.8,.468,.430,0.7,0.9,.778,1.1,3.1,4.2,1.0,0.5,0.5,0.5,2.1,6.2,2011
11149,186,James Harden,SG,21,OKC,82,5,26.7,3.6,8.3,.436,1.4,4.0,.349,2.3,4.4,.514,.518,3.5,4.2,.843,0.5,2.6,3.1,2.1,1.1,0.3,1.3,2.5,12.2,2011
11150,187,Al Harrington,PF,30,DEN,73,3,22.8,3.8,9.2,.416,1.6,4.5,.357,2.2,4.8,.473,.503,1.2,1.6,.735,1.0,3.5,4.5,1.4,0.5,0.1,1.5,2.8,10.5,2011
11151,188,Devin Harris,PG,27,TOT,71,70,31.7,4.8,11.5,.422,0.8,2.5,.322,4.0,8.9,.450,.458,4.7,5.7,.833,0.2,2.1,2.4,7.1,1.0,0.1,2.9,2.3,15.2,2011
11152,188,Devin Harris,PG,27,NJN,54,54,31.9,4.8,11.3,.425,0.6,2.0,.300,4.2,9.3,.452,.452,4.8,5.7,.840,0.2,2.2,2.4,7.6,1.1,0.1,2.9,2.4,15.0,2011
11153,188,Devin Harris,PG,27,UTA,17,16,31.2,4.9,11.8,.413,1.5,4.1,.357,3.4,7.7,.443,.475,4.5,5.6,.811,0.4,2.0,2.4,5.4,0.8,0.1,2.9,1.9,15.8,2011
11154,189,Manny Harris,SG,21,CLE,54,15,17.3,2.0,5.4,.374,0.6,1.7,.370,1.4,3.6,.376,.433,1.3,1.7,.763,0.7,1.9,2.6,1.6,0.6,0.1,1.2,1.2,5.9,2011
11155,190,Mike Harris,PF,27,HOU,4,0,4.0,0.8,1.5,.500,0.0,0.0,,0.8,1.5,.500,.500,0.5,1.0,.500,0.5,0.8,1.3,0.3,0.0,0.3,0.3,0.5,2.0,2011
11156,191,Udonis Haslem,PF,30,MIA,13,0,26.5,3.4,6.6,.512,0.0,0.0,,3.4,6.6,.512,.512,1.2,1.5,.800,2.2,5.9,8.2,0.5,0.5,0.2,1.1,3.0,8.0,2011
11157,192,Spencer Hawes,C,22,PHI,81,81,21.2,3.3,7.0,.465,0.1,0.5,.243,3.1,6.6,.480,.473,0.6,1.1,.534,1.6,4.1,5.7,1.5,0.4,0.9,1.2,2.5,7.2,2011
11158,193,Chuck Hayes,C,27,HOU,74,63,28.1,3.3,6.3,.527,0.0,0.0,.000,3.3,6.2,.529,.527,1.3,1.9,.662,3.0,5.1,8.1,2.7,1.1,0.7,1.2,2.7,7.9,2011
11159,194,Gordon Hayward,SF,20,UTA,72,17,16.9,2.0,4.1,.485,0.5,1.0,.473,1.5,3.0,.489,.544,1.0,1.3,.711,0.6,1.4,1.9,1.1,0.4,0.3,1.0,1.5,5.4,2011
11160,195,Lazar Hayward,SF,24,MIN,42,0,10.0,1.3,3.7,.357,0.4,1.4,.283,0.9,2.2,.404,.412,0.8,1.0,.786,0.5,1.1,1.7,0.7,0.3,0.2,0.5,1.0,3.8,2011
11161,196,Brendan Haywood,C,31,DAL,72,8,18.5,1.8,3.1,.574,0.0,0.0,.000,1.8,3.1,.577,.574,0.9,2.5,.362,1.8,3.4,5.2,0.3,0.2,1.0,0.7,2.0,4.4,2011
11162,197,Luther Head,PG,28,SAC,36,14,16.3,1.9,4.6,.415,0.7,1.8,.391,1.2,2.8,.430,.491,1.1,1.4,.780,0.4,1.2,1.7,1.9,0.3,0.3,0.9,1.2,5.6,2011
11163,198,Gerald Henderson,SG,23,CHA,68,30,24.4,3.8,8.4,.454,0.1,0.5,.194,3.7,7.9,.472,.461,1.9,2.4,.785,0.7,2.3,3.0,1.5,0.7,0.5,0.9,1.7,9.6,2011
11164,199,Xavier Henry,SG,19,MEM,38,16,13.9,1.7,4.2,.406,0.1,0.4,.118,1.7,3.8,.441,.413,0.9,1.4,.635,0.2,0.7,1.0,0.5,0.3,0.1,0.3,1.3,4.3,2011
11165,200,Roy Hibbert,C,24,IND,81,80,27.7,5.1,11.0,.461,0.0,0.0,.000,5.1,10.9,.463,.461,2.5,3.4,.745,2.2,5.3,7.5,2.0,0.4,1.8,2.3,3.2,12.7,2011
11166,Rk,Player,Pos,Age,Tm,G,GS,MP,FG,FGA,FG%,3P,3PA,3P%,2P,2PA,2P%,eFG%,FT,FTA,FT%,ORB,DRB,TRB,AST,STL,BLK,TOV,PF,PTS,2011
11167,201,J.J. Hickson,C,22,CLE,80,66,28.2,5.4,11.7,.458,0.0,0.1,.000,5.4,11.6,.461,.458,3.1,4.6,.673,2.7,6.0,8.7,1.1,0.6,0.7,2.2,2.7,13.8,2011
11168,202,Nenê,C,28,DEN,75,75,30.5,5.4,8.7,.615,0.0,0.1,.200,5.3,8.7,.618,.615,3.8,5.4,.711,1.9,5.7,7.6,2.0,1.1,1.0,1.8,3.2,14.5,2011
11169,203,George Hill,PG,24,SAS,76,5,28.3,3.8,8.3,.453,1.0,2.7,.377,2.8,5.6,.490,.514,3.1,3.6,.863,0.3,2.3,2.6,2.5,0.9,0.3,1.3,2.0,11.6,2011
11170,204,Grant Hill*,SF,38,PHO,80,80,30.1,5.0,10.3,.484,0.6,1.4,.395,4.4,8.9,.498,.511,2.7,3.2,.829,1.0,3.3,4.2,2.5,0.8,0.4,1.7,2.3,13.2,2011
11171,205,Jordan Hill,C,23,HOU,72,11,15.6,2.4,4.9,.491,0.0,0.0,.000,2.4,4.9,.494,.491,0.8,1.2,.706,1.8,2.5,4.3,0.4,0.2,0.7,0.9,2.2,5.6,2011
11172,206,Kirk Hinrich,SG-PG,30,TOT,72,51,30.0,3.9,8.7,.446,1.0,2.6,.399,2.8,6.0,.467,.506,1.5,1.8,.841,0.3,2.2,2.5,4.0,1.0,0.2,1.7,2.6,10.2,2011
11173,206,Kirk Hinrich,SG,30,WAS,48,29,30.6,4.1,9.1,.452,0.9,2.3,.384,3.2,6.8,.475,.501,1.9,2.2,.876,0.3,2.4,2.7,4.4,1.2,0.2,1.8,2.5,11.1,2011
11174,206,Kirk Hinrich,PG,30,ATL,24,22,28.6,3.3,7.7,.432,1.3,3.2,.421,2.0,4.5,.440,.519,0.6,0.9,.667,0.3,1.9,2.2,3.3,0.8,0.3,1.5,2.8,8.6,2011
11175,207,Jrue Holiday,PG,20,PHI,82,82,35.4,5.4,12.2,.446,1.0,2.7,.365,4.5,9.5,.470,.487,2.1,2.5,.823,0.8,3.2,4.0,6.5,1.5,0.4,2.7,2.5,14.0,2011
11176,208,Ryan Hollins,C,26,CLE,70,16,16.9,1.9,3.1,.598,0.0,0.0,,1.9,3.1,.598,.598,1.6,2.3,.681,1.0,1.7,2.7,0.4,0.3,0.6,1.0,2.8,5.3,2011
11177,209,Al Horford,C,24,ATL,77,77,35.1,6.7,12.0,.557,0.0,0.1,.500,6.6,11.9,.557,.558,1.9,2.4,.798,2.4,7.0,9.3,3.5,0.8,1.0,1.5,2.5,15.3,2011
11178,210,Eddie House,SG,32,MIA,56,1,17.5,2.3,5.7,.399,1.2,3.1,.389,1.1,2.6,.411,.505,0.7,0.7,.950,0.2,1.5,1.6,1.1,0.6,0.1,0.5,1.2,6.5,2011
11179,211,Dwight Howard,C,25,ORL,78,78,37.6,7.9,13.4,.593,0.0,0.1,.000,7.9,13.3,.597,.593,7.0,11.7,.596,4.0,10.1,14.1,1.4,1.4,2.4,3.6,3.3,22.9,2011
11180,212,Josh Howard,SF,30,WAS,18,10,22.7,3.2,9.0,.358,0.4,1.6,.241,2.8,7.4,.383,.380,1.6,2.6,.617,1.0,3.1,4.1,1.3,0.7,0.3,1.1,1.9,8.4,2011
11181,213,Juwan Howard,PF,37,MIA,57,0,10.4,1.0,2.2,.440,0.0,0.0,,1.0,2.2,.440,.440,0.5,0.6,.829,0.6,1.5,2.1,0.4,0.2,0.1,0.4,1.1,2.4,2011
11182,214,Lester Hudson,PG,26,WAS,11,0,6.6,0.5,2.2,.250,0.4,1.4,.267,0.2,0.8,.222,.333,0.2,0.4,.500,0.1,0.4,0.5,1.5,0.4,0.1,0.6,0.9,1.6,2011
11183,215,Kris Humphries,PF,25,NJN,74,44,27.9,4.1,7.9,.527,0.0,0.0,.000,4.1,7.9,.527,.527,1.7,2.6,.665,3.0,7.4,10.4,1.1,0.4,1.1,1.4,2.3,10.0,2011
11184,216,Serge Ibaka,PF,21,OKC,82,44,27.0,4.1,7.5,.543,0.0,0.0,.000,4.1,7.5,.544,.543,1.7,2.2,.750,2.6,5.0,7.6,0.3,0.4,2.4,0.9,3.3,9.9,2011
11185,217,Andre Iguodala,SF,27,PHI,67,67,36.9,5.0,11.3,.445,0.9,2.7,.337,4.1,8.6,.479,.486,3.1,4.5,.693,0.9,4.9,5.8,6.3,1.5,0.6,2.1,1.6,14.1,2011
11186,218,Zydrunas Ilgauskas,C,35,MIA,72,51,15.9,2.3,4.4,.508,0.0,0.0,.000,2.3,4.4,.509,.508,0.5,0.6,.783,1.5,2.5,4.0,0.4,0.3,0.8,0.7,2.6,5.0,2011
11187,219,D.J. Mbenga,C,30,NOH,41,0,8.0,0.6,1.2,.469,0.0,0.0,,0.6,1.2,.469,.469,0.3,0.4,.722,0.9,1.2,2.1,0.1,0.1,0.7,0.5,1.3,1.4,2011
11188,220,Ersan İlyasova,PF,23,MIL,60,34,25.1,3.7,8.5,.436,0.6,2.0,.298,3.1,6.4,.479,.471,1.6,1.7,.894,1.8,4.3,6.1,0.9,0.9,0.4,1.1,2.7,9.5,2011
11189,Rk,Player,Pos,Age,Tm,G,GS,MP,FG,FGA,FG%,3P,3PA,3P%,2P,2PA,2P%,eFG%,FT,FTA,FT%,ORB,DRB,TRB,AST,STL,BLK,TOV,PF,PTS,2011
11190,221,Royal Ivey,SG,29,OKC,25,0,6.2,0.6,1.5,.421,0.3,0.6,.438,0.4,0.9,.409,.513,0.1,0.1,1.000,0.1,0.6,0.6,0.3,0.2,0.0,0.2,0.7,1.6,2011
11191,222,Jarrett Jack,SG-PG,27,TOT,83,15,20.7,3.1,7.7,.408,0.4,1.3,.306,2.7,6.4,.429,.434,2.2,2.6,.850,0.2,1.8,2.1,2.9,0.7,0.1,1.3,1.2,8.9,2011
11192,222,Jarrett Jack,PG,27,TOR,13,13,26.7,3.7,9.4,.393,0.3,1.8,.167,3.4,7.5,.449,.410,3.1,3.5,.870,0.5,2.8,3.2,4.5,1.1,0.0,2.6,1.9,10.8,2011
11193,222,Jarrett Jack,SG,27,NOH,70,2,19.6,3.0,7.4,.412,0.4,1.2,.345,2.6,6.2,.425,.440,2.0,2.4,.845,0.2,1.7,1.9,2.6,0.6,0.1,1.1,1.1,8.5,2011
11194,223,Darnell Jackson,PF,25,SAC,59,2,8.2,1.3,2.7,.487,0.1,0.2,.273,1.3,2.5,.503,.497,0.5,0.8,.612,0.8,0.8,1.6,0.2,0.2,0.1,0.4,1.0,3.2,2011
11195,224,Stephen Jackson,SG,32,CHA,67,67,35.9,6.5,15.8,.411,1.8,5.4,.337,4.7,10.4,.449,.468,3.7,4.6,.816,0.8,3.7,4.5,3.6,1.2,0.4,3.1,2.4,18.5,2011
11196,225,Damion James,SF,23,NJN,25,9,16.1,1.8,4.1,.447,0.0,0.1,.000,1.8,4.0,.460,.447,0.7,1.1,.643,0.7,2.7,3.4,0.8,0.6,0.5,1.0,1.4,4.4,2011
11197,226,LeBron James,SF,26,MIA,79,79,38.8,9.6,18.8,.510,1.2,3.5,.330,8.4,15.3,.552,.541,6.4,8.4,.759,1.0,6.5,7.5,7.0,1.6,0.6,3.6,2.1,26.7,2011
11198,227,Antawn Jamison,PF,34,CLE,56,38,32.9,6.7,15.6,.427,1.6,4.7,.346,5.1,10.9,.462,.479,3.1,4.2,.731,1.5,5.2,6.7,1.7,0.9,0.5,1.4,2.4,18.0,2011
11199,228,Othyus Jeffers,SG,25,TOT,17,1,18.9,1.8,3.8,.477,0.1,0.2,.250,1.8,3.6,.492,.485,1.8,2.7,.652,1.5,2.5,3.9,1.2,1.0,0.0,0.8,1.9,5.5,2011
11200,228,Othyus Jeffers,SG,25,SAS,1,0,8.0,1.0,3.0,.333,0.0,0.0,,1.0,3.0,.333,.333,0.0,0.0,,0.0,2.0,2.0,1.0,0.0,0.0,1.0,1.0,2.0,2011
11201,228,Othyus Jeffers,SG,25,WAS,16,1,19.6,1.9,3.9,.484,0.1,0.3,.250,1.8,3.6,.500,.492,1.9,2.9,.652,1.6,2.5,4.1,1.2,1.1,0.0,0.8,1.9,5.7,2011
11202,229,Al Jefferson,C,26,UTA,82,82,35.9,8.0,16.1,.496,0.0,0.0,,8.0,16.1,.496,.496,2.7,3.5,.761,2.9,6.8,9.7,1.8,0.6,1.9,1.3,2.9,18.6,2011
11203,230,Richard Jefferson,SF,30,SAS,81,81,30.4,3.8,7.9,.474,1.7,3.8,.440,2.1,4.1,.504,.579,1.8,2.4,.759,0.7,3.2,3.8,1.3,0.5,0.4,1.1,2.0,11.0,2011
11204,231,Jared Jeffries,PF,29,TOT,42,9,14.3,0.7,2.0,.349,0.0,0.2,.222,0.7,1.8,.364,.360,0.3,0.7,.414,1.5,1.3,2.8,0.9,0.7,0.4,0.5,1.8,1.8,2011
11205,231,Jared Jeffries,PF,29,HOU,18,0,7.7,0.6,2.0,.306,0.1,0.3,.167,0.6,1.7,.333,.319,0.2,0.6,.400,1.1,0.8,1.9,0.6,0.4,0.2,0.2,1.2,1.5,2011
11206,231,Jared Jeffries,PF,29,NYK,24,9,19.3,0.8,2.1,.380,0.0,0.1,.333,0.8,2.0,.383,.390,0.3,0.8,.421,1.8,1.6,3.4,1.0,1.0,0.6,0.7,2.3,2.0,2011
11207,232,Brandon Jennings,PG,21,MIL,63,61,34.4,5.7,14.7,.390,1.6,4.8,.323,4.2,9.9,.422,.443,3.2,3.9,.809,0.7,3.0,3.7,4.8,1.5,0.3,2.3,2.1,16.2,2011
11208,233,Eugene Jeter,PG,27,SAC,62,1,13.8,1.7,4.2,.409,0.1,0.5,.200,1.6,3.7,.437,.421,0.6,0.7,.902,0.1,1.0,1.1,2.6,0.5,0.0,0.8,0.9,4.1,2011
11209,234,Yi Jianlian,PF,23,WAS,63,11,17.7,2.3,5.5,.418,0.0,0.2,.231,2.3,5.3,.425,.422,1.0,1.4,.681,1.3,2.7,3.9,0.4,0.4,0.5,0.8,1.8,5.6,2011
11210,235,Amir Johnson,PF,23,TOR,72,54,25.7,3.9,6.9,.568,0.0,0.0,.000,3.9,6.9,.569,.568,1.8,2.2,.788,2.6,3.8,6.4,1.1,0.7,1.2,1.0,3.7,9.6,2011
11211,236,Armon Johnson,PG,21,POR,38,0,7.3,1.2,2.7,.455,0.1,0.3,.417,1.1,2.3,.461,.480,0.3,0.6,.591,0.3,0.7,0.9,1.2,0.1,0.0,1.0,0.8,2.9,2011
11212,237,Chris Johnson,C,25,TOT,14,1,9.9,0.6,1.5,.429,0.0,0.0,,0.6,1.5,.429,.429,1.1,1.4,.750,0.9,1.4,2.3,0.2,0.2,0.6,0.7,1.5,2.4,2011
11213,237,Chris Johnson,C,25,POR,10,1,10.6,0.7,1.8,.389,0.0,0.0,,0.7,1.8,.389,.389,1.3,1.8,.722,1.1,1.6,2.7,0.2,0.3,0.6,0.8,1.8,2.7,2011
11214,237,Chris Johnson,C,25,BOS,4,0,8.0,0.5,0.8,.667,0.0,0.0,,0.5,0.8,.667,.667,0.5,0.5,1.000,0.3,1.0,1.3,0.3,0.0,0.8,0.5,0.8,1.5,2011
11215,238,James Johnson,SF,23,TOT,38,25,21.6,2.8,6.2,.456,0.2,0.9,.235,2.6,5.3,.493,.473,1.2,1.9,.662,1.0,2.8,3.7,2.3,0.9,1.0,1.7,2.5,7.1,2011
11216,238,James Johnson,SF,23,CHI,13,0,9.5,1.3,3.2,.415,0.2,0.7,.222,1.2,2.5,.469,.439,0.5,1.0,.462,0.5,1.4,1.8,1.1,0.6,0.7,1.4,1.9,3.2,2011
11217,238,James Johnson,SF,23,TOR,25,25,28.0,3.6,7.8,.464,0.2,1.0,.240,3.4,6.8,.497,.480,1.6,2.3,.707,1.2,3.5,4.7,3.0,1.0,1.1,1.8,2.8,9.2,2011
11218,239,Joe Johnson,SG,29,ATL,72,72,35.5,7.1,16.1,.443,1.2,4.2,.297,5.9,12.0,.494,.481,2.7,3.4,.802,0.8,3.2,4.0,4.7,0.7,0.1,2.0,1.8,18.2,2011
11219,240,Trey Johnson,SG,26,TOT,8,0,11.8,1.5,4.1,.364,0.1,0.4,.333,1.4,3.8,.367,.379,1.1,1.3,.900,0.3,0.6,0.9,1.4,0.1,0.1,0.6,1.5,4.3,2011
11220,240,Trey Johnson,SG,26,TOR,7,0,11.6,1.4,4.3,.333,0.1,0.4,.333,1.3,3.9,.333,.350,1.0,1.1,.875,0.3,0.7,1.0,1.6,0.1,0.1,0.7,1.6,4.0,2011
11221,240,Trey Johnson,SG,26,LAL,1,0,13.0,2.0,3.0,.667,0.0,0.0,,2.0,3.0,.667,.667,2.0,2.0,1.000,0.0,0.0,0.0,0.0,0.0,0.0,0.0,1.0,6.0,2011
11222,Rk,Player,Pos,Age,Tm,G,GS,MP,FG,FGA,FG%,3P,3PA,3P%,2P,2PA,2P%,eFG%,FT,FTA,FT%,ORB,DRB,TRB,AST,STL,BLK,TOV,PF,PTS,2011
11223,241,Wesley Johnson,SG,23,MIN,79,63,26.2,3.4,8.6,.397,1.3,3.7,.356,2.1,5.0,.427,.473,0.8,1.2,.696,0.6,2.4,3.0,1.9,0.7,0.7,1.2,2.1,9.0,2011
11224,242,Dahntay Jones,SG,30,IND,45,2,13.1,2.2,4.8,.467,0.3,0.9,.359,1.9,3.9,.491,.500,1.5,2.0,.767,0.1,1.4,1.4,0.7,0.4,0.2,0.7,1.6,6.3,2011
11225,243,Dominique Jones,SG,22,DAL,18,0,7.5,0.8,2.5,.311,0.0,0.2,.000,0.8,2.3,.341,.311,0.8,0.9,.824,0.3,1.1,1.4,1.1,0.3,0.2,0.6,0.4,2.3,2011
11226,244,James Jones,SF,30,MIA,81,8,19.1,1.8,4.3,.422,1.5,3.5,.429,0.3,0.7,.390,.600,0.7,0.9,.833,0.3,1.7,2.0,0.5,0.4,0.2,0.3,1.6,5.9,2011
11227,245,Solomon Jones,C,26,IND,39,0,13.5,1.3,3.1,.405,0.0,0.0,.000,1.3,3.1,.408,.405,1.1,1.6,.661,1.2,1.7,2.9,0.8,0.3,0.6,0.9,2.4,3.6,2011
11228,246,DeAndre Jordan,C,22,LAC,80,66,25.6,2.9,4.3,.686,0.0,0.0,.000,2.9,4.3,.688,.686,1.2,2.7,.452,2.6,4.6,7.2,0.5,0.5,1.8,1.3,3.2,7.1,2011
11229,247,Chris Kaman,C,28,LAC,32,15,26.2,5.5,11.8,.471,0.0,0.0,,5.5,11.8,.471,.471,1.3,1.8,.754,1.6,5.4,7.0,1.4,0.5,1.5,1.8,2.3,12.4,2011
11230,248,Jason Kapono,SF,29,PHI,24,2,4.7,0.3,1.2,.250,0.0,0.3,.125,0.3,0.8,.300,.268,0.0,0.1,.500,0.1,0.3,0.5,0.2,0.1,0.0,0.1,0.2,0.7,2011
11231,249,Jason Kidd*,PG,37,DAL,80,80,33.2,2.7,7.5,.361,1.7,4.9,.340,1.0,2.6,.400,.472,0.8,1.0,.870,0.4,4.0,4.4,8.2,1.7,0.4,2.2,1.5,7.9,2011
11232,250,Andrei Kirilenko,SF,29,UTA,64,62,31.2,4.0,8.5,.467,0.6,1.5,.367,3.4,6.9,.489,.500,3.3,4.2,.770,1.6,3.5,5.1,3.0,1.3,1.2,1.8,1.8,11.7,2011
11233,251,Linas Kleiza,SF,26,TOR,39,23,26.5,4.6,10.4,.438,1.0,3.4,.298,3.6,7.1,.505,.486,1.1,1.7,.631,0.9,3.6,4.5,1.0,0.5,0.2,1.7,2.5,11.2,2011
11234,252,Kyle Korver,SG,29,CHI,82,0,20.1,3.0,6.8,.434,1.5,3.5,.415,1.5,3.3,.455,.542,0.9,1.1,.885,0.1,1.7,1.8,1.5,0.4,0.2,0.7,1.9,8.3,2011
11235,253,Kosta Koufos,C,21,TOT,50,2,8.7,1.4,3.0,.453,0.0,0.0,.000,1.4,3.0,.459,.453,0.5,0.9,.558,1.1,1.5,2.6,0.1,0.2,0.5,0.6,1.2,3.2,2011
11236,253,Kosta Koufos,C,21,MIN,39,1,8.6,1.2,2.8,.435,0.0,0.1,.000,1.2,2.7,.443,.435,0.3,0.6,.500,1.1,1.4,2.5,0.2,0.2,0.5,0.6,1.3,2.7,2011
11237,253,Kosta Koufos,C,21,DEN,11,1,8.9,1.9,3.8,.500,0.0,0.0,,1.9,3.8,.500,.500,1.1,1.7,.632,1.4,1.6,3.0,0.0,0.2,0.5,0.5,0.8,4.9,2011
11238,254,Nenad Krstić,C,27,TOT,71,67,22.1,3.3,6.4,.511,0.0,0.0,,3.3,6.4,.511,.511,1.6,2.1,.774,1.7,3.0,4.7,0.4,0.4,0.4,0.8,2.6,8.1,2011
11239,254,Nenad Krstić,C,27,OKC,47,47,21.7,3.2,6.5,.498,0.0,0.0,,3.2,6.5,.498,.498,1.1,1.4,.803,1.6,2.8,4.4,0.4,0.4,0.4,0.7,2.3,7.6,2011
11240,254,Nenad Krstić,C,27,BOS,24,20,23.0,3.3,6.1,.537,0.0,0.0,,3.3,6.1,.537,.537,2.5,3.3,.750,2.0,3.4,5.3,0.3,0.3,0.3,1.0,3.2,9.1,2011
11241,255,Carl Landry,PF,27,TOT,76,26,26.4,4.5,9.0,.502,0.0,0.1,.000,4.5,9.0,.505,.502,2.8,3.8,.740,2.2,2.4,4.6,0.8,0.5,0.4,1.4,2.6,11.9,2011
11242,255,Carl Landry,PF,27,SAC,53,16,26.5,4.5,9.1,.492,0.0,0.1,.000,4.5,9.1,.495,.492,2.9,4.1,.721,2.4,2.4,4.8,0.9,0.6,0.4,1.5,2.4,11.9,2011
11243,255,Carl Landry,PF,27,NOH,23,10,26.2,4.7,8.8,.527,0.0,0.0,.000,4.7,8.8,.530,.527,2.5,3.2,.795,1.7,2.4,4.1,0.6,0.4,0.5,1.2,3.1,11.8,2011
11244,256,Acie Law,PG,26,TOT,51,0,14.2,1.6,3.6,.435,0.1,0.7,.167,1.5,2.9,.500,.452,0.9,1.3,.734,0.2,1.0,1.2,1.6,0.6,0.0,0.8,1.2,4.2,2011
11245,256,Acie Law,PG,26,MEM,11,0,8.5,0.3,1.7,.158,0.0,0.5,.000,0.3,1.2,.231,.158,0.5,0.9,.600,0.3,0.7,1.0,1.3,0.4,0.0,0.9,0.9,1.1,2011
11246,256,Acie Law,PG,26,GSW,40,0,15.8,2.0,4.2,.467,0.2,0.8,.200,1.8,3.4,.526,.485,1.0,1.4,.759,0.2,1.1,1.3,1.8,0.7,0.0,0.8,1.3,5.1,2011
11247,257,Gani Lawal,PF,22,PHO,1,0,2.0,0.0,0.0,,0.0,0.0,,0.0,0.0,,,0.0,0.0,,0.0,0.0,0.0,0.0,0.0,0.0,0.0,1.0,0.0,2011
11248,258,Ty Lawson,PG,23,DEN,80,31,26.3,4.3,8.6,.503,0.9,2.1,.404,3.5,6.5,.536,.553,2.2,2.8,.764,0.8,1.8,2.6,4.7,1.0,0.1,1.7,1.7,11.7,2011
11249,259,Courtney Lee,SG,25,HOU,81,1,21.3,3.1,7.1,.439,0.9,2.1,.408,2.2,5.0,.453,.501,1.2,1.5,.792,0.6,2.0,2.6,1.2,0.7,0.2,0.8,1.3,8.3,2011
11250,260,David Lee,PF,27,GSW,73,73,36.1,6.8,13.4,.507,0.0,0.0,.333,6.8,13.4,.508,.508,2.9,3.7,.787,3.0,6.8,9.8,3.2,1.0,0.4,2.3,2.9,16.5,2011
11251,Rk,Player,Pos,Age,Tm,G,GS,MP,FG,FGA,FG%,3P,3PA,3P%,2P,2PA,2P%,eFG%,FT,FTA,FT%,ORB,DRB,TRB,AST,STL,BLK,TOV,PF,PTS,2011
11252,261,Rashard Lewis,SF-PF,31,TOT,57,52,32.0,4.4,10.2,.433,1.5,4.3,.357,2.9,5.9,.488,.508,1.4,1.7,.802,1.2,3.8,5.1,1.6,0.9,0.5,1.5,2.8,11.7,2011
11253,261,Rashard Lewis,PF,31,ORL,25,25,32.4,4.5,10.8,.419,1.8,4.8,.367,2.8,6.0,.460,.500,1.4,1.8,.756,0.9,3.3,4.2,1.2,0.9,0.4,1.4,2.5,12.2,2011
11254,261,Rashard Lewis,SF,31,WAS,32,27,31.7,4.3,9.8,.446,1.3,3.9,.347,3.0,5.9,.511,.514,1.3,1.6,.843,1.5,4.3,5.8,2.0,0.9,0.6,1.6,3.0,11.4,2011
11255,262,Jeremy Lin,PG,22,GSW,29,0,9.8,1.0,2.5,.389,0.0,0.2,.200,0.9,2.3,.403,.396,0.7,0.9,.760,0.4,0.8,1.2,1.4,1.1,0.3,0.6,1.1,2.6,2011
11256,263,Shaun Livingston,PG,25,CHA,73,0,17.3,2.5,5.4,.466,0.0,0.1,.250,2.5,5.4,.468,.467,1.5,1.7,.864,0.4,1.6,2.0,2.2,0.6,0.4,1.2,1.5,6.6,2011
11257,264,Brook Lopez,C,22,NJN,82,82,35.2,7.9,16.0,.492,0.0,0.0,.000,7.9,16.0,.492,.492,4.7,6.0,.787,2.4,3.5,6.0,1.6,0.6,1.5,2.1,2.9,20.4,2011
11258,265,Robin Lopez,C,22,PHO,67,56,14.8,2.7,5.3,.501,0.0,0.0,,2.7,5.3,.501,.501,1.1,1.5,.740,1.2,2.0,3.2,0.1,0.3,0.7,0.7,2.1,6.4,2011
11259,266,Kevin Love,PF,22,MIN,73,73,35.8,6.6,14.1,.470,1.2,2.9,.417,5.4,11.2,.483,.513,5.8,6.8,.850,4.5,10.7,15.2,2.5,0.6,0.4,2.1,2.0,20.2,2011
11260,267,Kyle Lowry,PG,24,HOU,75,71,34.2,4.6,10.8,.426,1.7,4.6,.376,2.9,6.2,.464,.506,2.6,3.3,.765,1.2,2.9,4.1,6.7,1.4,0.3,2.1,2.8,13.5,2011
11261,268,John Lucas III,PG,28,CHI,2,0,5.0,0.5,1.5,.333,0.0,0.5,.000,0.5,1.0,.500,.333,0.0,1.0,.000,0.0,0.0,0.0,0.5,0.0,0.0,0.0,0.0,1.0,2011
11262,269,Corey Maggette,SF,31,MIL,67,18,20.9,3.8,8.3,.453,0.4,1.2,.359,3.4,7.2,.468,.478,4.0,4.9,.834,0.7,2.9,3.6,1.3,0.3,0.1,1.9,2.6,12.0,2011
11263,270,Jamaal Magloire,C,32,MIA,18,0,8.8,0.7,1.2,.591,0.0,0.0,,0.7,1.2,.591,.591,0.5,1.0,.500,0.9,2.4,3.4,0.2,0.2,0.1,0.3,1.4,1.9,2011
11264,271,Ian Mahinmi,C,24,DAL,56,0,8.7,1.0,1.8,.561,0.0,0.0,.000,1.0,1.7,.573,.561,1.1,1.5,.768,0.8,1.4,2.1,0.1,0.3,0.3,0.4,1.9,3.1,2011
11265,272,Shawn Marion,SF,32,DAL,80,27,28.2,5.4,10.4,.520,0.1,0.4,.152,5.4,10.0,.536,.523,1.6,2.1,.768,2.1,4.8,6.9,1.4,0.9,0.6,1.6,1.8,12.5,2011
11266,273,Sean Marks,C,35,POR,29,0,7.2,0.7,1.5,.432,0.1,0.1,1.000,0.6,1.4,.405,.455,0.2,0.3,.625,0.6,0.8,1.4,0.1,0.1,0.2,0.4,1.5,1.6,2011
11267,274,Cartier Martin,SF,26,WAS,52,1,10.4,1.4,3.5,.390,0.8,1.9,.394,0.6,1.6,.386,.497,0.5,0.8,.700,0.4,1.0,1.4,0.3,0.3,0.1,0.3,1.0,4.0,2011
11268,275,Kenyon Martin,PF,33,DEN,48,48,25.7,3.9,7.5,.511,0.0,0.2,.222,3.8,7.4,.518,.514,0.9,1.5,.583,1.4,4.8,6.2,2.3,0.9,0.7,1.2,2.8,8.6,2011
11269,276,Kevin Martin,SG,27,HOU,80,80,32.5,6.9,15.8,.436,2.2,5.7,.383,4.7,10.1,.467,.506,7.4,8.4,.888,0.4,2.9,3.2,2.5,1.0,0.2,2.3,1.9,23.5,2011
11270,277,Roger Mason,SG,30,NYK,26,0,12.3,1.0,3.0,.338,0.6,1.7,.364,0.4,1.3,.303,.442,0.3,0.4,.700,0.2,1.5,1.7,0.8,0.2,0.1,0.2,1.0,2.9,2011
11271,278,Wesley Matthews,SG,24,POR,82,69,33.6,5.4,11.9,.449,1.9,4.6,.407,3.5,7.3,.476,.528,3.2,3.8,.844,0.6,2.6,3.1,2.0,1.2,0.1,1.7,2.4,15.9,2011
11272,279,Jason Maxiell,PF,27,DET,57,14,16.3,1.6,3.3,.492,0.0,0.0,,1.6,3.3,.492,.492,0.9,1.7,.515,1.2,1.9,3.0,0.3,0.4,0.4,0.8,1.6,4.2,2011
11273,280,Eric Maynor,PG,23,OKC,82,0,14.6,1.6,4.1,.402,0.5,1.2,.385,1.2,2.9,.409,.458,0.5,0.7,.729,0.3,1.2,1.5,2.9,0.4,0.1,0.9,1.2,4.2,2011
11274,Rk,Player,Pos,Age,Tm,G,GS,MP,FG,FGA,FG%,3P,3PA,3P%,2P,2PA,2P%,eFG%,FT,FTA,FT%,ORB,DRB,TRB,AST,STL,BLK,TOV,PF,PTS,2011
11275,281,O.J. Mayo,SG,23,MEM,71,17,26.3,4.3,10.5,.407,1.4,3.7,.364,2.9,6.8,.431,.471,1.4,1.8,.756,0.5,1.9,2.4,2.0,1.0,0.4,1.4,1.8,11.3,2011
11276,282,Luc Mbah a Moute,PF,24,MIL,79,52,26.5,2.5,5.4,.463,0.0,0.1,.000,2.5,5.3,.470,.463,1.7,2.4,.707,2.1,3.2,5.3,0.9,0.9,0.4,1.0,2.3,6.7,2011
11277,283,Antonio McDyess,PF,36,SAS,73,16,19.0,2.3,4.7,.491,0.0,0.0,.000,2.3,4.7,.493,.491,0.7,1.1,.675,1.7,3.7,5.4,1.2,0.5,0.5,1.0,2.2,5.3,2011
11278,284,JaVale McGee,C,23,WAS,79,75,27.8,4.2,7.6,.550,0.0,0.0,.000,4.2,7.6,.552,.550,1.7,2.9,.583,2.8,5.2,8.0,0.5,0.5,2.4,1.3,2.9,10.1,2011
11279,285,Tracy McGrady*,SG,31,DET,72,39,23.4,3.2,7.1,.442,0.4,1.2,.341,2.7,5.9,.462,.471,1.3,1.8,.698,0.7,2.8,3.5,3.5,0.9,0.5,1.4,1.4,8.0,2011
11280,286,Dominic McGuire,SF,25,CHA,52,8,14.6,1.4,3.5,.396,0.0,0.0,.000,1.4,3.5,.400,.396,0.6,0.8,.769,1.2,2.6,3.8,0.8,0.2,0.6,0.5,1.8,3.3,2011
11281,287,Josh McRoberts,PF,23,IND,72,51,22.2,2.9,5.4,.547,0.3,0.8,.383,2.6,4.5,.577,.576,1.2,1.7,.739,1.5,3.8,5.3,2.1,0.7,0.8,1.3,2.3,7.4,2011
11282,288,Jodie Meeks,SG,23,PHI,74,64,27.9,3.3,7.7,.425,1.9,4.7,.397,1.4,3.0,.468,.546,2.1,2.3,.894,0.3,2.0,2.3,1.1,0.9,0.1,0.8,1.3,10.5,2011
11283,289,Pops Mensah-Bonsu,PF,27,NOH,7,0,5.0,0.1,0.4,.333,0.0,0.0,,0.1,0.4,.333,.333,0.0,0.0,,0.4,1.1,1.6,0.3,0.0,0.0,0.3,1.6,0.3,2011
11284,290,C.J. Miles,SF,23,UTA,78,19,25.2,4.7,11.5,.407,1.4,4.3,.322,3.3,7.2,.459,.468,2.0,2.5,.811,0.7,2.6,3.3,1.7,0.9,0.5,1.2,2.8,12.8,2011
11285,291,Darko Miličić,C,25,MIN,69,69,24.4,3.9,8.4,.469,0.0,0.0,,3.9,8.4,.469,.469,0.9,1.7,.557,1.9,3.3,5.2,1.5,0.8,2.0,2.2,3.3,8.8,2011
11286,292,Andre Miller,PG,34,POR,81,81,32.7,4.8,10.4,.460,0.0,0.5,.108,4.7,10.0,.476,.462,3.1,3.6,.853,1.2,2.5,3.7,7.0,1.4,0.1,2.4,2.1,12.7,2011
11287,293,Brad Miller,C,34,HOU,60,5,16.9,2.2,4.9,.446,0.7,1.8,.374,1.5,3.2,.487,.514,1.3,1.6,.830,0.7,3.0,3.7,2.4,0.5,0.4,0.9,1.6,6.4,2011
11288,294,Mike Miller,SG,30,MIA,41,2,20.4,2.0,4.9,.401,1.0,2.9,.364,0.9,2.0,.452,.507,0.6,0.8,.676,0.9,3.6,4.5,1.2,0.5,0.0,1.0,2.1,5.6,2011
11289,295,Patty Mills,PG,22,POR,64,0,12.2,2.1,5.1,.412,0.7,2.1,.353,1.4,3.0,.451,.483,0.6,0.7,.766,0.3,0.5,0.8,1.7,0.4,0.0,1.0,1.0,5.5,2011
11290,296,Paul Millsap,PF,25,UTA,76,76,34.3,6.9,13.0,.531,0.1,0.3,.391,6.8,12.7,.535,.536,3.4,4.4,.757,2.2,5.5,7.6,2.5,1.4,0.9,1.9,3.6,17.3,2011
11291,297,Yao Ming*,C,30,HOU,5,5,18.2,3.6,7.4,.486,0.0,0.0,,3.6,7.4,.486,.486,3.0,3.2,.938,1.4,4.0,5.4,0.8,0.0,1.6,1.4,2.6,10.2,2011
11292,298,Nazr Mohammed,C,33,TOT,75,37,17.1,3.1,6.0,.522,0.0,0.0,.000,3.1,6.0,.523,.522,0.9,1.5,.598,1.9,3.0,4.9,0.3,0.4,0.7,0.9,2.5,7.1,2011
11293,298,Nazr Mohammed,C,33,CHA,51,30,16.7,3.1,6.2,.502,0.0,0.0,.000,3.1,6.2,.503,.502,1.0,1.7,.591,1.8,3.1,4.9,0.3,0.3,0.9,1.0,2.4,7.3,2011
11294,298,Nazr Mohammed,C,33,OKC,24,7,17.9,3.1,5.5,.573,0.0,0.0,,3.1,5.5,.573,.573,0.6,1.0,.625,1.9,2.9,4.8,0.3,0.7,0.4,0.8,2.6,6.9,2011
11295,299,Greg Monroe,C,20,DET,80,48,27.8,3.8,6.9,.551,0.0,0.0,.000,3.8,6.9,.552,.551,1.8,2.9,.622,3.1,4.4,7.5,1.3,1.2,0.6,1.0,2.5,9.4,2011
11296,300,Jamario Moon,SF,30,TOT,59,20,17.7,1.7,4.2,.407,0.6,2.1,.309,1.1,2.1,.504,.484,0.3,0.3,.882,0.4,2.4,2.8,0.9,0.5,0.6,0.4,1.1,4.3,2011
11297,300,Jamario Moon,SF,30,CLE,40,13,19.1,1.9,4.7,.402,0.7,2.4,.284,1.2,2.4,.521,.474,0.3,0.3,.909,0.4,2.6,3.0,1.1,0.6,0.7,0.4,1.0,4.7,2011
11298,300,Jamario Moon,SF,30,LAC,19,7,14.6,1.3,3.1,.424,0.6,1.5,.393,0.7,1.6,.452,.517,0.3,0.3,.833,0.5,2.0,2.5,0.4,0.2,0.3,0.3,1.4,3.5,2011
11299,Rk,Player,Pos,Age,Tm,G,GS,MP,FG,FGA,FG%,3P,3PA,3P%,2P,2PA,2P%,eFG%,FT,FTA,FT%,ORB,DRB,TRB,AST,STL,BLK,TOV,PF,PTS,2011
11300,301,Anthony Morrow,SG,25,NJN,58,47,32.0,4.8,10.7,.450,1.9,4.5,.423,2.9,6.2,.469,.539,1.7,1.8,.897,0.6,2.3,3.0,1.2,0.3,0.1,0.9,2.3,13.2,2011
11301,302,Timofey Mozgov,C,24,TOT,45,14,11.6,1.4,3.0,.474,0.0,0.0,,1.4,3.0,.474,.474,0.8,1.2,.712,1.0,1.7,2.7,0.3,0.3,0.6,0.8,1.9,3.6,2011
11302,302,Timofey Mozgov,C,24,NYK,34,14,13.5,1.5,3.3,.464,0.0,0.0,,1.5,3.3,.464,.464,0.9,1.3,.705,1.2,1.9,3.1,0.4,0.4,0.7,0.9,2.2,4.0,2011
11303,302,Timofey Mozgov,C,24,DEN,11,0,6.0,1.0,1.9,.524,0.0,0.0,,1.0,1.9,.524,.524,0.5,0.7,.750,0.5,1.1,1.5,0.0,0.1,0.2,0.3,0.7,2.5,2011
11304,303,Byron Mullens,PF,21,OKC,13,0,6.5,0.7,2.2,.321,0.0,0.0,,0.7,2.2,.321,.321,0.5,1.1,.500,0.5,1.4,1.8,0.0,0.2,0.2,0.6,0.8,1.9,2011
11305,304,Troy Murphy,PF,30,TOT,35,4,13.3,1.2,3.3,.368,0.1,0.9,.152,1.1,2.3,.457,.390,0.6,0.9,.667,0.6,2.6,3.2,0.7,0.4,0.1,0.6,1.3,3.1,2011
11306,304,Troy Murphy,PF,30,NJN,18,4,16.0,1.4,4.2,.342,0.2,1.3,.174,1.2,2.9,.415,.368,0.5,0.9,.529,0.6,3.6,4.2,0.9,0.4,0.1,0.7,1.6,3.6,2011
11307,304,Troy Murphy,PF,30,BOS,17,0,10.5,0.9,2.2,.421,0.1,0.6,.100,0.9,1.6,.536,.434,0.6,0.8,.846,0.6,1.6,2.2,0.4,0.5,0.1,0.4,1.1,2.6,2011
11308,305,Hamady N'Diaye,C,24,WAS,16,0,5.0,0.3,0.3,.800,0.0,0.0,,0.3,0.3,.800,.800,0.4,0.8,.500,0.1,0.3,0.4,0.0,0.1,0.3,0.2,1.1,0.9,2011
11309,306,Eduardo Nájera,PF,34,CHA,31,0,12.0,0.8,2.3,.361,0.4,1.1,.324,0.5,1.2,.395,.438,0.2,0.4,.545,0.5,1.0,1.4,0.6,0.4,0.2,0.4,1.7,2.2,2011
11310,307,Steve Nash*,PG,36,PHO,75,75,33.3,5.3,10.8,.492,1.1,2.7,.395,4.2,8.1,.525,.542,3.0,3.3,.912,0.5,2.9,3.5,11.4,0.6,0.1,3.5,1.2,14.7,2011
11311,308,Gary Neal,SG,26,SAS,80,1,21.1,3.6,7.9,.451,1.6,3.9,.419,2.0,4.1,.481,.553,1.1,1.3,.808,0.3,2.2,2.5,1.2,0.3,0.1,1.0,1.9,9.8,2011
11312,309,Jameer Nelson,PG,28,ORL,76,76,30.5,4.9,11.0,.446,1.6,3.9,.401,3.4,7.1,.471,.517,1.7,2.1,.802,0.5,2.5,3.0,6.0,1.0,0.0,2.6,2.8,13.1,2011
11313,310,Joakim Noah,C,25,CHI,48,48,32.8,4.4,8.4,.525,0.0,0.0,.000,4.4,8.4,.526,.525,2.9,3.9,.739,3.8,6.6,10.4,2.2,1.0,1.5,1.9,3.3,11.7,2011
11314,311,Andrés Nocioni,SF,31,PHI,54,17,17.2,2.2,5.1,.426,0.8,2.2,.356,1.4,2.9,.478,.502,0.9,1.1,.803,0.4,2.8,3.1,0.8,0.3,0.3,0.9,1.9,6.1,2011
11315,312,Steve Novak,SF,27,TOT,30,0,7.2,1.2,2.2,.522,0.9,1.5,.565,0.3,0.7,.429,.716,0.3,0.3,1.000,0.1,0.8,0.9,0.1,0.0,0.2,0.1,0.5,3.5,2011
11316,312,Steve Novak,SF,27,DAL,7,0,2.6,0.6,1.1,.500,0.4,0.6,.750,0.1,0.6,.250,.688,0.0,0.0,,0.0,0.7,0.7,0.0,0.0,0.0,0.0,0.4,1.6,2011
11317,312,Steve Novak,SF,27,SAS,23,0,8.6,1.3,2.6,.525,1.0,1.8,.548,0.3,0.7,.471,.720,0.3,0.3,1.000,0.2,0.8,1.0,0.1,0.0,0.2,0.2,0.5,4.0,2011
11318,313,Dirk Nowitzki,PF,32,DAL,73,73,34.3,8.4,16.2,.517,0.9,2.3,.393,7.5,13.8,.538,.545,5.4,6.1,.892,0.7,6.3,7.0,2.6,0.5,0.6,1.9,2.4,23.0,2011
11319,314,Jermaine O'Neal,C,32,BOS,24,10,18.0,2.1,4.5,.459,0.0,0.0,.000,2.1,4.5,.463,.459,1.2,1.8,.674,1.0,2.6,3.7,0.5,0.1,1.3,1.1,2.7,5.4,2011
11320,315,Shaquille O'Neal*,C,38,BOS,37,36,20.3,3.6,5.4,.667,0.0,0.0,,3.6,5.4,.667,.667,2.0,3.5,.557,1.3,3.5,4.8,0.7,0.4,1.1,1.5,3.2,9.2,2011
11321,316,Fabricio Oberto,C,35,POR,5,0,9.0,0.6,1.0,.600,0.0,0.0,,0.6,1.0,.600,.600,0.2,0.4,.500,0.6,0.8,1.4,0.0,0.0,0.0,0.6,2.0,1.4,2011
11322,317,Lamar Odom,PF,31,LAL,82,35,32.2,5.8,10.9,.530,0.8,2.2,.382,4.9,8.7,.566,.568,2.0,3.0,.675,2.1,6.5,8.7,3.0,0.6,0.7,1.7,2.4,14.4,2011
11323,318,Emeka Okafor,C,28,NOH,72,72,31.8,4.2,7.3,.573,0.0,0.0,.000,4.2,7.3,.574,.573,2.0,3.6,.562,3.2,6.3,9.5,0.6,0.6,1.8,1.7,3.2,10.3,2011
11324,319,Mehmet Okur,C,31,UTA,13,0,12.9,1.7,4.8,.355,0.4,1.2,.313,1.3,3.5,.370,.395,1.2,1.5,.750,0.7,1.6,2.3,1.5,0.3,0.3,0.5,1.4,4.9,2011
11325,320,Travis Outlaw,SF,26,NJN,82,55,28.8,3.3,8.9,.375,0.9,3.1,.302,2.4,5.8,.413,.427,1.6,2.1,.772,0.7,3.3,4.0,1.0,0.4,0.4,0.9,1.8,9.2,2011
11326,Rk,Player,Pos,Age,Tm,G,GS,MP,FG,FGA,FG%,3P,3PA,3P%,2P,2PA,2P%,eFG%,FT,FTA,FT%,ORB,DRB,TRB,AST,STL,BLK,TOV,PF,PTS,2011
11327,321,Larry Owens,SF,28,TOT,12,0,11.9,1.3,2.7,.469,0.5,1.1,.462,0.8,1.6,.474,.563,0.3,0.8,.444,0.1,1.2,1.3,0.7,0.8,0.4,0.4,1.5,3.3,2011
11328,321,Larry Owens,SF,28,SAS,7,0,4.4,0.4,0.9,.500,0.1,0.4,.333,0.3,0.4,.667,.583,0.3,0.6,.500,0.0,0.6,0.6,0.1,0.3,0.0,0.0,0.6,1.3,2011
11329,321,Larry Owens,SF,28,WAS,5,0,22.4,2.4,5.2,.462,1.0,2.0,.500,1.4,3.2,.438,.558,0.4,1.0,.400,0.2,2.0,2.2,1.4,1.4,1.0,1.0,2.8,6.2,2011
11330,322,Zaza Pachulia,C,26,ATL,79,7,15.7,1.4,2.9,.461,0.0,0.0,,1.4,2.9,.461,.461,1.7,2.3,.754,1.5,2.7,4.2,0.7,0.4,0.3,0.9,2.3,4.4,2011
11331,323,Anthony Parker,SF,35,CLE,72,65,29.0,3.1,7.7,.399,1.2,3.2,.379,1.9,4.5,.412,.476,1.0,1.3,.779,0.5,2.6,3.0,3.0,0.9,0.1,1.1,1.5,8.3,2011
11332,324,Tony Parker,PG,28,SAS,78,78,32.4,7.1,13.7,.519,0.3,0.9,.357,6.8,12.8,.531,.531,3.0,3.9,.769,0.4,2.7,3.1,6.6,1.2,0.0,2.6,1.7,17.5,2011
11333,325,Patrick Patterson,PF,21,HOU,52,6,16.7,2.9,5.1,.558,0.0,0.0,.000,2.9,5.1,.562,.558,0.6,0.8,.714,1.7,2.2,3.8,0.8,0.3,0.7,0.6,1.5,6.3,2011
11334,326,Chris Paul,PG,25,NOH,80,80,36.0,5.4,11.6,.463,0.9,2.3,.388,4.5,9.3,.482,.502,4.2,4.8,.878,0.5,3.6,4.1,9.8,2.4,0.1,2.2,2.5,15.9,2011
11335,327,Sasha Pavlović,SF-SG,27,TOT,31,7,11.7,0.9,2.3,.403,0.4,1.0,.387,0.5,1.3,.415,.486,0.2,0.3,.600,0.0,1.0,1.0,0.5,0.3,0.2,0.4,1.1,2.5,2011
11336,327,Sasha Pavlović,SF,27,DAL,10,6,16.3,1.5,3.5,.429,0.7,1.6,.438,0.8,1.9,.421,.529,0.4,0.5,.800,0.0,1.2,1.2,0.7,0.5,0.3,0.5,1.5,4.1,2011
11337,327,Sasha Pavlović,SG,27,NOH,4,1,12.5,0.5,2.8,.182,0.0,1.3,.000,0.5,1.5,.333,.182,0.0,0.0,,0.0,1.5,1.5,1.5,0.0,1.0,0.3,1.0,1.0,2011
11338,327,Sasha Pavlović,SG,27,BOS,17,0,8.8,0.7,1.5,.462,0.3,0.6,.500,0.4,0.9,.438,.558,0.1,0.3,.400,0.1,0.8,0.8,0.2,0.3,0.0,0.4,0.9,1.8,2011
11339,328,Nikola Peković,C,25,MIN,65,11,13.6,2.1,4.0,.517,0.0,0.0,,2.1,4.0,.517,.517,1.3,1.8,.763,1.4,1.6,3.0,0.4,0.3,0.5,1.4,2.8,5.5,2011
11340,329,Kendrick Perkins,C,26,TOT,29,24,25.6,2.3,4.5,.515,0.0,0.0,,2.3,4.5,.515,.515,1.4,2.5,.556,2.1,5.9,8.0,0.9,0.3,0.9,1.9,3.1,6.0,2011
11341,329,Kendrick Perkins,C,26,BOS,12,7,26.1,2.7,4.9,.542,0.0,0.0,,2.7,4.9,.542,.542,1.9,3.3,.575,1.9,6.2,8.1,0.8,0.2,0.8,2.1,3.1,7.3,2011
11342,329,Kendrick Perkins,C,26,OKC,17,17,25.2,2.1,4.2,.493,0.0,0.0,,2.1,4.2,.493,.493,1.0,1.9,.531,2.3,5.6,7.9,0.9,0.4,0.9,1.8,3.2,5.1,2011
11343,330,Morris Peterson,SG,33,OKC,4,0,5.8,0.5,1.3,.400,0.0,0.3,.000,0.5,1.0,.500,.400,0.0,0.0,,0.0,0.8,0.8,0.3,0.0,0.0,0.0,1.3,1.0,2011
11344,331,Johan Petro,C,25,NJN,77,1,11.6,1.7,3.8,.445,0.0,0.1,.000,1.7,3.7,.451,.445,0.2,0.4,.536,0.8,1.9,2.8,0.6,0.4,0.4,0.6,2.3,3.5,2011
11345,332,Paul Pierce*,SF,33,BOS,80,80,34.7,6.3,12.8,.497,1.4,3.7,.374,5.0,9.1,.547,.551,4.8,5.6,.860,0.4,5.0,5.4,3.3,1.0,0.6,2.1,2.9,18.9,2011
11346,333,Mickaël Piétrus,SG-SF,28,TOT,57,4,19.4,2.5,6.4,.392,1.5,4.1,.360,1.0,2.3,.450,.508,0.7,1.0,.684,0.3,1.9,2.2,0.6,0.5,0.4,0.7,1.8,7.2,2011
11347,333,Mickaël Piétrus,SF,28,ORL,19,0,22.0,2.4,6.1,.391,1.8,4.6,.391,0.6,1.5,.393,.539,0.2,0.3,.500,0.3,2.3,2.6,0.5,0.5,0.2,0.7,1.8,6.7,2011
11348,333,Mickaël Piétrus,SG,28,PHO,38,4,18.1,2.6,6.6,.392,1.3,3.9,.342,1.2,2.7,.465,.494,0.9,1.3,.706,0.2,1.8,2.0,0.6,0.5,0.5,0.7,1.7,7.4,2011
11349,334,Dexter Pittman,C,22,MIA,2,0,5.5,0.5,1.5,.333,0.0,0.0,,0.5,1.5,.333,.333,0.0,0.0,,0.5,1.0,1.5,0.0,0.0,0.0,1.0,1.0,1.0,2011
11350,335,Quincy Pondexter,SF,22,NOH,66,6,11.1,1.1,2.7,.406,0.3,0.8,.360,0.8,2.0,.423,.456,0.4,0.5,.706,0.3,1.0,1.3,0.4,0.3,0.2,0.2,1.0,2.8,2011
11351,336,James Posey,SF,34,IND,49,0,17.1,1.7,4.9,.336,1.4,4.3,.316,0.3,0.6,.483,.475,0.2,0.3,.733,0.2,2.8,3.0,0.7,0.5,0.1,0.5,2.1,4.9,2011
11352,337,Leon Powe,C-PF,27,TOT,30,3,10.9,2.0,4.0,.496,0.0,0.1,.000,2.0,3.9,.504,.496,1.3,2.4,.556,0.8,1.3,2.1,0.2,0.3,0.1,0.4,1.5,5.3,2011
11353,337,Leon Powe,PF,27,CLE,14,3,13.4,2.1,4.2,.492,0.0,0.0,,2.1,4.2,.492,.492,0.9,1.9,.462,1.1,1.6,2.7,0.1,0.5,0.2,0.4,1.4,5.0,2011
11354,337,Leon Powe,C,27,MEM,16,0,8.8,1.9,3.8,.500,0.0,0.1,.000,1.9,3.6,.517,.500,1.8,2.9,.609,0.5,1.1,1.6,0.3,0.2,0.1,0.4,1.5,5.5,2011
11355,338,Josh Powell,PF,28,ATL,54,0,12.1,1.7,3.9,.452,0.0,0.0,.000,1.7,3.8,.454,.452,0.7,0.8,.800,0.9,1.6,2.5,0.4,0.1,0.1,1.0,1.4,4.1,2011
11356,339,A.J. Price,PG,24,IND,50,0,15.9,2.3,6.4,.356,0.8,3.0,.275,1.5,3.4,.427,.420,1.1,1.6,.667,0.3,1.1,1.4,2.2,0.6,0.0,1.1,1.2,6.5,2011
11357,340,Ronnie Price,SG,27,UTA,59,0,12.2,1.3,3.6,.352,0.3,1.2,.290,0.9,2.4,.383,.400,0.5,0.7,.744,0.4,0.7,1.0,0.9,0.7,0.1,0.9,1.8,3.3,2011
11358,Rk,Player,Pos,Age,Tm,G,GS,MP,FG,FGA,FG%,3P,3PA,3P%,2P,2PA,2P%,eFG%,FT,FTA,FT%,ORB,DRB,TRB,AST,STL,BLK,TOV,PF,PTS,2011
11359,341,Tayshaun Prince,SF,30,DET,78,78,32.8,6.1,12.8,.473,0.4,1.3,.347,5.6,11.6,.486,.490,1.5,2.2,.702,1.0,3.2,4.2,2.8,0.4,0.5,1.1,1.2,14.1,2011
11360,342,Joel Przybilla,C,31,TOT,36,9,14.4,0.7,1.2,.568,0.0,0.0,,0.7,1.2,.568,.568,0.4,0.8,.519,1.0,3.0,4.0,0.4,0.1,0.4,0.8,2.2,1.8,2011
11361,342,Joel Przybilla,C,31,POR,31,9,14.4,0.7,1.1,.618,0.0,0.0,,0.7,1.1,.618,.618,0.4,0.7,.565,0.9,3.0,3.9,0.4,0.2,0.5,0.7,2.0,1.8,2011
11362,342,Joel Przybilla,C,31,CHA,5,0,14.8,0.8,2.0,.400,0.0,0.0,,0.8,2.0,.400,.400,0.2,0.8,.250,1.8,3.0,4.8,0.0,0.0,0.2,1.4,3.2,1.8,2011
11363,343,Chris Quinn,PG,27,SAS,41,0,7.1,0.8,2.2,.363,0.3,0.9,.297,0.5,1.3,.407,.423,0.1,0.2,.500,0.1,0.5,0.6,1.0,0.1,0.0,0.3,0.7,2.0,2011
11364,344,Vladimir Radmanović,PF,30,GSW,74,6,15.8,1.9,4.3,.431,0.9,2.3,.405,0.9,2.0,.462,.541,0.4,0.5,.882,0.9,2.0,2.9,1.1,0.6,0.6,0.8,2.1,5.1,2011
11365,345,Anthony Randolph,C-PF,21,TOT,40,3,14.8,3.1,6.6,.466,0.0,0.1,.250,3.1,6.5,.469,.468,1.5,2.2,.674,1.1,2.9,4.0,0.8,0.6,0.6,1.3,1.6,7.6,2011
11366,345,Anthony Randolph,PF,21,NYK,17,0,7.5,0.8,2.6,.311,0.1,0.2,.250,0.8,2.4,.317,.322,0.4,0.7,.500,0.6,1.7,2.4,0.4,0.2,0.5,0.6,0.9,2.1,2011
11367,345,Anthony Randolph,C,21,MIN,23,3,20.1,4.7,9.5,.498,0.0,0.0,,4.7,9.5,.498,.498,2.3,3.2,.703,1.4,3.8,5.2,1.1,0.8,0.7,1.9,2.0,11.7,2011
11368,346,Zach Randolph,PF,29,MEM,75,74,36.3,8.0,15.8,.503,0.1,0.6,.186,7.9,15.3,.515,.507,4.0,5.3,.758,4.3,7.8,12.2,2.2,0.8,0.3,2.0,2.3,20.1,2011
11369,347,Theo Ratliff,C,37,LAL,10,0,7.1,0.1,0.6,.167,0.0,0.0,,0.1,0.6,.167,.167,0.0,0.2,.000,0.6,0.7,1.3,0.3,0.2,0.5,0.3,0.7,0.2,2011
11370,348,Andy Rautins,SG,24,NYK,5,0,4.8,0.6,1.4,.429,0.2,0.8,.250,0.4,0.6,.667,.500,0.2,0.4,.500,0.0,0.2,0.2,0.6,0.2,0.0,1.4,0.0,1.6,2011
11371,349,Michael Redd,SG,31,MIL,10,0,13.4,1.8,4.5,.400,0.4,1.7,.235,1.4,2.8,.500,.444,0.4,0.4,1.000,0.0,0.8,0.8,1.2,0.2,0.1,0.4,0.4,4.4,2011
11372,350,J.J. Redick,SG,26,ORL,59,5,25.6,3.3,7.6,.441,1.5,3.7,.397,1.9,3.9,.482,.538,1.9,2.2,.875,0.1,1.8,1.9,1.7,0.5,0.1,0.9,1.4,10.1,2011
11373,351,Jason Richardson,SG,30,TOT,80,80,33.9,5.9,13.2,.447,2.4,6.0,.395,3.5,7.2,.490,.536,1.5,2.0,.730,0.8,3.3,4.1,1.8,1.2,0.2,1.2,2.0,15.6,2011
11374,351,Jason Richardson,SG,30,PHO,25,25,31.8,7.3,15.6,.470,2.5,5.9,.419,4.8,9.6,.502,.550,2.2,2.9,.764,1.3,3.1,4.4,1.4,1.1,0.1,1.2,1.8,19.3,2011
11375,351,Jason Richardson,SG,30,ORL,55,55,34.9,5.3,12.1,.433,2.3,6.0,.384,2.9,6.1,.482,.528,1.1,1.6,.701,0.6,3.4,4.0,2.0,1.2,0.2,1.2,2.1,13.9,2011
11376,352,Quentin Richardson,SF,30,ORL,57,19,16.8,1.5,4.5,.341,0.7,2.6,.288,0.8,1.9,.413,.424,0.6,0.8,.750,0.7,2.4,3.1,0.7,0.4,0.1,0.6,1.3,4.4,2011
11377,353,Luke Ridnour,PG,29,MIN,71,66,30.4,4.5,9.6,.468,1.1,2.6,.440,3.4,7.0,.479,.528,1.7,1.9,.883,0.5,2.3,2.8,5.4,1.3,0.1,2.2,2.1,11.8,2011
11378,354,Nate Robinson,PG,26,TOT,59,11,17.2,2.5,6.4,.399,1.1,3.4,.325,1.4,3.0,.483,.485,0.6,0.7,.818,0.3,1.3,1.5,1.9,0.5,0.1,1.2,1.9,6.8,2011
11379,354,Nate Robinson,PG,26,BOS,55,11,17.9,2.7,6.6,.404,1.1,3.5,.328,1.5,3.1,.491,.492,0.6,0.7,.825,0.3,1.3,1.6,1.9,0.5,0.1,1.2,1.9,7.1,2011
11380,354,Nate Robinson,PG,26,OKC,4,0,7.5,1.0,3.8,.267,0.5,2.0,.250,0.5,1.8,.286,.333,0.8,1.0,.750,0.0,0.3,0.3,1.5,0.0,0.0,0.5,2.0,3.3,2011
11381,355,Rajon Rondo,PG,24,BOS,68,68,37.2,4.7,9.9,.475,0.1,0.6,.233,4.5,9.2,.491,.482,1.1,1.9,.568,1.3,3.1,4.4,11.2,2.3,0.2,3.4,1.8,10.6,2011
11382,356,Derrick Rose,PG,22,CHI,81,81,37.4,8.8,19.7,.445,1.6,4.8,.332,7.2,15.0,.481,.485,5.9,6.9,.858,1.0,3.1,4.1,7.7,1.0,0.6,3.4,1.7,25.0,2011
11383,357,Quinton Ross,SF,29,NJN,36,4,9.8,0.7,1.6,.441,0.0,0.1,.000,0.7,1.6,.464,.441,0.1,0.4,.357,0.3,0.6,0.8,0.3,0.1,0.2,0.2,1.1,1.6,2011
11384,358,Brandon Roy,SG,26,POR,47,23,27.9,4.4,11.1,.400,0.8,2.4,.333,3.6,8.7,.418,.436,2.5,2.9,.848,0.6,2.0,2.6,2.7,0.8,0.3,1.2,1.6,12.2,2011
11385,359,Brandon Rush,SG,25,IND,67,21,26.2,3.2,7.7,.421,1.4,3.3,.417,1.9,4.4,.425,.512,1.2,1.6,.755,0.5,2.7,3.2,0.9,0.6,0.5,1.0,1.6,9.1,2011
11386,360,John Salmons,SG,31,MIL,73,70,35.0,5.1,12.3,.415,1.1,3.0,.379,4.0,9.3,.427,.462,2.7,3.3,.813,0.4,3.3,3.6,3.5,1.0,0.4,1.9,2.2,14.0,2011
11387,Rk,Player,Pos,Age,Tm,G,GS,MP,FG,FGA,FG%,3P,3PA,3P%,2P,2PA,2P%,eFG%,FT,FTA,FT%,ORB,DRB,TRB,AST,STL,BLK,TOV,PF,PTS,2011
11388,361,Samardo Samuels,PF,22,CLE,37,10,18.9,3.0,6.5,.456,0.0,0.1,.000,3.0,6.4,.462,.456,1.8,3.0,.618,2.0,2.2,4.3,0.5,0.4,0.5,1.4,2.4,7.8,2011
11389,362,Larry Sanders,C,22,MIL,60,12,14.5,1.9,4.5,.433,0.0,0.0,,1.9,4.5,.433,.433,0.5,0.8,.560,1.0,2.0,3.0,0.3,0.4,1.2,0.6,2.0,4.3,2011
11390,363,Brian Scalabrine,PF,32,CHI,18,0,4.9,0.6,1.1,.526,0.0,0.3,.000,0.6,0.8,.714,.526,0.0,0.0,,0.1,0.4,0.4,0.3,0.2,0.2,0.3,1.0,1.1,2011
11391,364,Luis Scola,PF,30,HOU,74,74,32.6,7.7,15.3,.504,0.0,0.0,.000,7.7,15.2,.505,.504,2.9,3.9,.738,2.0,6.2,8.2,2.5,0.6,0.6,2.0,3.1,18.3,2011
11392,365,Thabo Sefolosha,SG,26,OKC,79,79,25.9,2.0,4.2,.471,0.4,1.3,.275,1.6,2.9,.558,.514,0.7,1.0,.747,0.8,3.6,4.4,1.4,1.2,0.5,0.7,2.2,5.1,2011
11393,366,Kevin Séraphin,PF,21,WAS,58,1,10.9,1.1,2.5,.449,0.0,0.0,,1.1,2.5,.449,.449,0.4,0.5,.710,1.4,1.2,2.6,0.2,0.3,0.5,0.7,2.2,2.7,2011
11394,367,Ramon Sessions,PG,24,CLE,81,38,26.3,4.5,9.6,.466,0.0,0.2,.200,4.4,9.4,.472,.468,4.3,5.2,.823,0.6,2.6,3.1,5.2,0.7,0.1,2.2,1.1,13.3,2011
11395,368,Mustafa Shakur,PG,26,WAS,22,0,7.2,1.0,2.7,.356,0.0,0.5,.100,0.9,2.2,.408,.364,0.4,0.7,.533,0.3,0.7,1.0,1.1,0.2,0.1,0.8,0.7,2.3,2011
11396,369,Garret Siler,C,24,PHO,21,0,4.8,0.8,1.5,.548,0.0,0.0,,0.8,1.5,.548,.548,0.5,1.0,.500,0.8,0.6,1.3,0.1,0.0,0.2,0.5,1.0,2.1,2011
11397,370,Bobby Simmons,SF,30,SAS,2,0,8.0,0.0,1.5,.000,0.0,1.5,.000,0.0,0.0,,.000,0.0,0.0,,0.0,0.0,0.0,1.0,0.0,0.0,0.0,1.0,0.0,2011
11398,371,Brian Skinner,C,34,MIL,2,0,3.0,0.0,0.0,,0.0,0.0,,0.0,0.0,,,0.0,0.0,,0.0,0.0,0.0,0.0,0.0,0.0,0.0,0.0,0.0,2011
11399,372,Craig Smith,PF,27,LAC,48,0,12.2,2.2,3.9,.553,0.0,0.1,.000,2.2,3.8,.568,.553,1.0,1.4,.735,0.9,1.5,2.4,0.6,0.3,0.1,0.7,1.8,5.4,2011
11400,373,Ish Smith,PG,22,TOT,43,3,10.3,1.0,2.7,.374,0.1,0.2,.300,0.9,2.4,.381,.387,0.3,0.5,.571,0.2,0.9,1.1,1.8,0.4,0.0,0.8,0.9,2.3,2011
11401,373,Ish Smith,PG,22,HOU,28,3,11.8,1.1,3.0,.386,0.1,0.3,.375,1.0,2.7,.387,.404,0.3,0.4,.700,0.2,1.3,1.5,2.3,0.5,0.1,0.9,0.9,2.6,2011
11402,373,Ish Smith,PG,22,MEM,15,0,7.5,0.7,2.1,.344,0.0,0.1,.000,0.7,2.0,.367,.344,0.3,0.7,.455,0.1,0.3,0.3,1.0,0.3,0.0,0.5,0.7,1.8,2011
11403,374,J.R. Smith,SF,25,DEN,79,6,24.9,4.3,9.9,.435,1.6,4.0,.390,2.7,5.9,.466,.514,2.1,2.8,.738,0.6,3.5,4.1,2.2,1.2,0.2,1.3,2.2,12.3,2011
11404,375,Jason Smith,C,24,NOH,77,6,14.3,1.8,4.0,.443,0.0,0.0,.000,1.8,4.0,.446,.443,0.8,0.9,.843,1.2,2.0,3.1,0.5,0.3,0.4,0.7,1.9,4.3,2011
11405,376,Joe Smith,PF,35,TOT,16,3,4.3,0.2,1.0,.188,0.0,0.0,,0.2,1.0,.188,.188,0.1,0.1,1.000,0.2,1.1,1.3,0.3,0.0,0.3,0.3,0.8,0.5,2011
11406,376,Joe Smith,PF,35,NJN,4,3,6.3,0.3,1.0,.250,0.0,0.0,,0.3,1.0,.250,.250,0.0,0.0,,0.3,0.5,0.8,0.3,0.0,0.0,0.5,0.8,0.5,2011
11407,376,Joe Smith,PF,35,LAL,12,0,3.7,0.2,1.0,.167,0.0,0.0,,0.2,1.0,.167,.167,0.2,0.2,1.000,0.2,1.3,1.5,0.3,0.0,0.3,0.3,0.8,0.5,2011
11408,377,Josh Smith,PF,25,ATL,77,77,34.4,6.5,13.5,.477,0.7,2.0,.331,5.8,11.5,.503,.502,3.0,4.1,.725,1.7,6.8,8.5,3.3,1.3,1.6,2.6,2.8,16.5,2011
11409,378,Darius Songaila,C,32,PHI,10,0,7.1,0.7,1.5,.467,0.0,0.0,,0.7,1.5,.467,.467,0.2,0.4,.500,0.2,0.8,1.0,0.2,0.0,0.0,0.4,1.6,1.6,2011
11410,379,Marreese Speights,C,23,PHI,64,1,11.5,2.3,4.5,.495,0.0,0.1,.250,2.2,4.5,.498,.497,0.9,1.1,.753,1.0,2.3,3.3,0.5,0.1,0.3,0.6,1.9,5.4,2011
11411,380,Tiago Splitter,C,26,SAS,60,6,12.3,1.7,3.2,.529,0.0,0.0,.000,1.7,3.2,.532,.529,1.3,2.3,.543,1.2,2.2,3.4,0.4,0.5,0.3,0.5,1.5,4.6,2011
11412,Rk,Player,Pos,Age,Tm,G,GS,MP,FG,FGA,FG%,3P,3PA,3P%,2P,2PA,2P%,eFG%,FT,FTA,FT%,ORB,DRB,TRB,AST,STL,BLK,TOV,PF,PTS,2011
11413,381,Jerry Stackhouse,SG,36,MIA,7,1,7.1,0.4,1.7,.250,0.1,0.6,.250,0.3,1.1,.250,.292,0.7,1.0,.714,0.1,0.9,1.0,0.4,0.0,0.3,0.3,0.4,1.7,2011
11414,382,Lance Stephenson,SG,20,IND,12,0,9.6,1.1,3.3,.333,0.0,0.4,.000,1.1,2.8,.382,.333,0.9,1.2,.786,0.1,1.4,1.5,1.8,0.3,0.0,1.3,1.2,3.1,2011
11415,383,DeShawn Stevenson,SG,29,DAL,72,54,16.1,1.8,4.6,.388,1.3,3.5,.378,0.5,1.1,.420,.530,0.5,0.6,.767,0.3,1.2,1.5,1.1,0.3,0.1,0.6,1.0,5.3,2011
11416,384,Peja Stojaković,SF,33,TOT,33,13,18.7,3.0,6.9,.441,1.7,4.1,.419,1.3,2.8,.473,.566,0.7,0.8,.920,0.4,1.8,2.3,0.9,0.4,0.1,0.5,0.7,8.5,2011
11417,384,Peja Stojaković,SF,33,NOH,6,0,14.8,2.3,5.5,.424,1.8,4.2,.440,0.5,1.3,.375,.591,1.0,1.2,.857,0.0,1.0,1.0,1.0,0.3,0.0,0.7,0.3,7.5,2011
11418,384,Peja Stojaković,SF,33,TOR,2,0,11.0,3.5,5.0,.700,2.0,3.0,.667,1.5,2.0,.750,.900,1.0,1.0,1.000,0.0,1.5,1.5,0.5,0.0,0.0,1.0,0.0,10.0,2011
11419,384,Peja Stojaković,SF,33,DAL,25,13,20.2,3.2,7.4,.429,1.7,4.2,.400,1.5,3.2,.468,.543,0.6,0.6,.938,0.6,2.1,2.6,0.9,0.4,0.1,0.4,0.9,8.6,2011
11420,385,Amar'e Stoudemire,C,28,NYK,78,78,36.8,9.5,19.0,.502,0.1,0.3,.435,9.4,18.7,.503,.505,6.1,7.7,.792,2.5,5.6,8.2,2.6,0.9,1.9,3.2,3.5,25.3,2011
11421,386,Rodney Stuckey,PG,24,DET,70,54,31.2,5.2,11.8,.439,0.4,1.3,.289,4.8,10.5,.457,.455,4.7,5.4,.866,1.0,2.1,3.1,5.2,1.1,0.1,2.2,2.5,15.5,2011
11422,387,DaJuan Summers,SF,23,DET,22,1,9.0,1.3,3.1,.406,0.4,1.0,.429,0.9,2.2,.396,.471,0.4,0.9,.450,0.1,0.5,0.5,0.1,0.1,0.0,0.6,1.0,3.4,2011
11423,388,Pape Sy,SF,22,ATL,3,0,7.0,0.7,2.0,.333,0.0,0.3,.000,0.7,1.7,.400,.333,1.0,1.0,1.000,0.7,0.3,1.0,0.7,0.3,0.0,1.0,0.3,2.3,2011
11424,389,Jermaine Taylor,SG,24,TOT,34,8,14.2,2.8,5.8,.480,0.4,1.3,.311,2.4,4.4,.530,.515,0.6,0.8,.750,0.8,1.1,1.8,0.9,0.4,0.1,1.4,1.1,6.6,2011
11425,389,Jermaine Taylor,SG,24,HOU,8,0,9.6,2.0,4.0,.500,0.3,0.6,.400,1.8,3.4,.519,.531,0.6,0.8,.833,0.1,1.0,1.1,0.3,0.3,0.3,0.8,0.5,4.9,2011
11426,389,Jermaine Taylor,SG,24,SAC,26,8,15.6,3.0,6.3,.476,0.5,1.5,.300,2.5,4.8,.532,.512,0.6,0.8,.727,1.0,1.1,2.0,1.2,0.5,0.1,1.5,1.3,7.1,2011
11427,390,Jeff Teague,PG,22,ATL,70,7,13.8,1.9,4.3,.438,0.3,0.7,.375,1.6,3.7,.449,.467,1.1,1.4,.794,0.2,1.3,1.5,2.0,0.6,0.4,0.9,1.2,5.2,2011
11428,391,Sebastian Telfair,PG,25,MIN,37,8,19.2,2.6,6.5,.402,0.8,2.1,.359,1.9,4.4,.423,.461,1.2,1.6,.733,0.5,1.0,1.5,3.0,0.7,0.1,1.7,1.7,7.2,2011
11429,392,Garrett Temple,PG-SG,24,TOT,24,0,9.6,0.8,2.8,.294,0.4,1.5,.270,0.4,1.3,.323,.368,0.3,0.7,.412,0.0,0.9,1.0,1.3,0.5,0.3,1.0,1.0,2.4,2011
11430,392,Garrett Temple,SG,24,SAS,3,0,7.0,0.3,1.7,.200,0.0,0.3,.000,0.3,1.3,.250,.200,0.0,0.7,.000,0.3,0.3,0.7,0.7,0.3,0.3,0.3,0.7,0.7,2011
11431,392,Garrett Temple,SG,24,MIL,9,0,9.2,0.8,2.3,.333,0.3,1.1,.300,0.4,1.2,.364,.405,0.0,0.4,.000,0.0,0.7,0.7,0.7,0.1,0.1,0.2,0.9,1.9,2011
11432,392,Garrett Temple,PG,24,CHA,12,0,10.5,1.0,3.5,.286,0.6,2.2,.269,0.4,1.3,.313,.369,0.6,0.9,.636,0.0,1.3,1.3,2.0,0.8,0.3,1.7,1.2,3.2,2011
11433,393,Jason Terry,SG,33,DAL,82,10,31.3,6.0,13.3,.451,1.5,4.3,.362,4.5,9.0,.493,.509,2.2,2.6,.850,0.3,1.6,1.9,4.1,1.1,0.2,2.0,1.7,15.8,2011
11434,394,Hasheem Thabeet,C,23,TOT,47,0,7.9,0.4,0.9,.425,0.0,0.0,,0.4,0.9,.425,.425,0.4,0.7,.543,0.5,1.1,1.6,0.1,0.2,0.3,0.4,1.6,1.1,2011
11435,394,Hasheem Thabeet,C,23,MEM,45,0,8.2,0.4,0.9,.436,0.0,0.0,,0.4,0.9,.436,.436,0.4,0.8,.543,0.5,1.1,1.7,0.1,0.2,0.3,0.4,1.6,1.2,2011
11436,394,Hasheem Thabeet,C,23,HOU,2,0,2.0,0.0,0.5,.000,0.0,0.0,,0.0,0.5,.000,.000,0.0,0.0,,0.0,0.0,0.0,0.0,0.0,0.5,0.0,1.5,0.0,2011
11437,395,Etan Thomas,C,32,ATL,13,0,6.3,0.8,1.6,.476,0.0,0.0,,0.8,1.6,.476,.476,0.9,1.2,.800,0.5,1.3,1.8,0.2,0.1,0.3,0.4,0.8,2.5,2011
11438,396,Kurt Thomas,PF,38,CHI,52,37,22.7,1.8,3.6,.511,0.0,0.0,1.000,1.8,3.6,.508,.513,0.4,0.6,.625,1.4,4.3,5.8,1.2,0.6,0.8,0.8,3.2,4.1,2011
11439,397,Tyrus Thomas,C,24,CHA,41,2,21.0,3.8,8.1,.471,0.0,0.1,.000,3.8,8.0,.476,.471,2.6,3.3,.787,1.6,3.9,5.5,0.7,0.7,1.6,1.6,2.8,10.2,2011
11440,398,Jason Thompson,PF,24,SAC,75,39,23.3,3.6,7.1,.507,0.0,0.0,.000,3.6,7.1,.510,.507,1.6,2.7,.605,1.9,4.1,6.1,1.2,0.4,0.6,1.3,2.8,8.8,2011
11441,399,Al Thornton,SF-PF,27,TOT,71,23,19.5,2.9,6.1,.476,0.1,0.4,.154,2.8,5.7,.496,.480,1.5,2.0,.775,0.8,2.2,3.0,0.9,0.5,0.2,0.9,2.0,7.4,2011
11442,399,Al Thornton,SF,27,WAS,49,23,21.8,3.1,6.7,.471,0.1,0.5,.160,3.1,6.2,.497,.477,1.7,2.2,.757,0.9,2.2,3.2,1.0,0.6,0.2,0.9,2.1,8.0,2011
11443,399,Al Thornton,PF,27,GSW,22,0,14.3,2.3,4.7,.490,0.0,0.0,.000,2.3,4.7,.495,.490,1.3,1.6,.829,0.5,2.1,2.6,0.5,0.3,0.1,0.9,1.8,6.0,2011
11444,400,Marcus Thornton,SG,23,TOT,73,23,24.3,4.8,11.1,.434,1.2,3.3,.367,3.6,7.8,.462,.488,2.0,2.5,.788,0.8,2.7,3.5,1.8,0.9,0.1,1.3,1.5,12.8,2011
11445,400,Marcus Thornton,SG,23,NOH,46,0,16.2,3.0,7.3,.410,0.8,2.0,.376,2.2,5.2,.423,.463,1.1,1.4,.758,0.5,2.3,2.8,0.9,0.4,0.1,0.8,1.1,7.8,2011
11446,400,Marcus Thornton,SG,23,SAC,27,23,38.1,7.9,17.5,.450,2.0,5.4,.361,5.9,12.1,.491,.506,3.5,4.4,.805,1.3,3.4,4.7,3.4,1.7,0.2,2.1,2.2,21.3,2011
11447,Rk,Player,Pos,Age,Tm,G,GS,MP,FG,FGA,FG%,3P,3PA,3P%,2P,2PA,2P%,eFG%,FT,FTA,FT%,ORB,DRB,TRB,AST,STL,BLK,TOV,PF,PTS,2011
11448,401,Anthony Tolliver,SF,25,MIN,65,4,21.0,2.2,4.8,.450,0.7,1.8,.409,1.4,3.0,.475,.526,1.6,2.0,.802,1.4,3.1,4.5,1.3,0.4,0.4,0.8,2.2,6.7,2011
11449,402,Ronny Turiaf,C,28,NYK,64,21,17.8,1.6,2.5,.632,0.0,0.0,,1.6,2.5,.632,.632,1.0,1.5,.622,1.0,2.2,3.2,1.4,0.5,1.1,0.6,2.5,4.2,2011
11450,403,Hedo Türkoğlu,SF-PF,31,TOT,81,72,31.4,4.0,8.9,.446,1.6,3.8,.410,2.4,5.1,.473,.534,1.3,1.9,.679,0.6,3.8,4.4,4.2,0.9,0.4,1.6,3.0,10.8,2011
11451,403,Hedo Türkoğlu,PF,31,PHO,25,16,25.2,3.4,7.7,.440,1.6,3.9,.423,1.8,3.8,.458,.547,1.0,1.4,.722,0.8,3.2,4.0,2.3,0.7,0.6,1.2,3.1,9.5,2011
11452,403,Hedo Türkoğlu,SF,31,ORL,56,56,34.1,4.2,9.4,.448,1.5,3.8,.404,2.7,5.6,.478,.529,1.4,2.1,.667,0.4,4.1,4.6,5.1,1.0,0.4,1.8,3.0,11.4,2011
11453,404,Evan Turner,SG,22,PHI,78,14,23.0,2.9,6.8,.425,0.2,0.6,.318,2.7,6.2,.435,.439,1.3,1.6,.808,0.5,3.4,3.9,2.0,0.6,0.2,1.0,1.8,7.2,2011
11454,405,Ekpe Udoh,C,23,GSW,58,18,17.8,1.7,3.8,.437,0.0,0.0,,1.7,3.8,.437,.437,0.7,1.1,.656,1.4,1.7,3.1,0.7,0.4,1.5,0.8,2.5,4.1,2011
11455,406,Ime Udoka,SF,33,SAS,20,0,6.5,0.3,1.1,.238,0.0,0.4,.000,0.3,0.7,.385,.238,0.2,0.4,.500,0.3,0.7,1.0,0.7,0.4,0.1,0.3,0.7,0.7,2011
11456,407,Beno Udrih,PG,28,SAC,79,64,34.6,5.2,10.4,.500,0.8,2.3,.357,4.4,8.1,.540,.539,2.5,2.9,.864,0.5,2.8,3.4,4.9,1.2,0.1,1.8,2.3,13.7,2011
11457,408,Ben Uzoh,PG,22,NJN,42,0,10.4,1.5,3.4,.424,0.1,0.2,.375,1.4,3.2,.426,.434,0.8,1.3,.589,0.7,0.7,1.5,1.6,0.3,0.2,0.6,0.7,3.8,2011
11458,409,Anderson Varejão,C,28,CLE,31,31,32.1,3.7,7.0,.528,0.0,0.1,.000,3.7,6.9,.533,.528,1.7,2.6,.667,3.2,6.5,9.7,1.5,0.9,1.2,1.3,2.8,9.1,2011
11459,410,Greivis Vásquez,PG,24,MEM,70,1,12.3,1.4,3.3,.408,0.4,1.2,.291,1.0,2.1,.476,.461,0.5,0.6,.773,0.2,0.9,1.0,2.2,0.3,0.1,1.0,1.2,3.6,2011
11460,411,Charlie Villanueva,PF,26,DET,76,11,21.9,4.1,9.3,.442,1.6,4.3,.387,2.5,5.1,.488,.530,1.2,1.5,.767,0.7,3.2,3.9,0.6,0.6,0.6,0.9,2.3,11.1,2011
11461,412,Sasha Vujačić,SG,26,TOT,67,17,24.6,3.6,8.9,.402,1.4,3.9,.370,2.1,5.0,.426,.483,1.2,1.4,.844,0.4,2.3,2.8,2.0,0.8,0.1,1.0,2.0,9.8,2011
11462,412,Sasha Vujačić,SG,26,LAL,11,0,4.9,0.7,2.1,.348,0.3,0.6,.429,0.5,1.5,.313,.413,0.1,0.2,.500,0.1,0.3,0.4,0.5,0.1,0.0,0.5,0.6,1.8,2011
11463,412,Sasha Vujačić,SG,26,NJN,56,17,28.5,4.1,10.2,.404,1.7,4.6,.369,2.4,5.7,.432,.486,1.4,1.7,.851,0.5,2.7,3.3,2.3,0.9,0.1,1.1,2.3,11.4,2011
11464,413,Dwyane Wade,SG,29,MIA,76,76,37.1,9.1,18.2,.500,0.8,2.7,.306,8.3,15.5,.534,.523,6.5,8.6,.758,1.6,4.8,6.4,4.6,1.5,1.1,3.1,2.6,25.5,2011
11465,414,Von Wafer,SG,25,BOS,58,2,9.5,1.2,2.7,.421,0.3,1.2,.269,0.8,1.6,.533,.478,0.6,0.7,.842,0.1,0.7,0.8,0.6,0.3,0.1,0.3,0.7,3.2,2011
11466,415,Henry Walker,SG,23,NYK,61,1,12.9,1.7,3.9,.441,1.0,2.5,.386,0.7,1.4,.542,.566,0.5,0.7,.705,0.3,1.7,2.0,0.6,0.3,0.1,0.6,1.3,4.9,2011
11467,416,John Wall,PG,20,WAS,69,64,37.8,5.8,14.1,.409,0.5,1.7,.296,5.3,12.4,.425,.427,4.4,5.7,.766,0.5,4.1,4.6,8.3,1.8,0.5,3.8,2.5,16.4,2011
11468,417,Ben Wallace*,C,36,DET,54,49,22.9,1.2,2.8,.450,0.0,0.0,.500,1.2,2.7,.449,.453,0.4,1.1,.333,2.4,4.1,6.5,1.3,1.0,1.0,0.8,1.5,2.9,2011
11469,418,Gerald Wallace,SF-PF,28,TOT,71,63,37.9,5.4,12.0,.454,0.9,2.6,.333,4.6,9.4,.487,.490,3.9,5.3,.746,1.6,6.5,8.0,2.4,1.5,0.9,2.1,2.6,15.7,2011
11470,418,Gerald Wallace,SF,28,CHA,48,48,39.0,5.3,12.1,.433,0.7,2.2,.330,4.5,9.9,.456,.463,4.4,5.9,.739,1.5,6.7,8.2,2.4,1.2,1.0,2.1,2.5,15.6,2011
11471,418,Gerald Wallace,PF,28,POR,23,15,35.7,5.8,11.7,.498,1.2,3.5,.338,4.7,8.2,.566,.548,3.0,3.9,.767,1.7,5.9,7.6,2.5,2.0,0.7,2.3,2.7,15.8,2011
11472,419,Luke Walton,SF,30,LAL,54,0,9.0,0.7,2.1,.328,0.1,0.6,.235,0.6,1.5,.366,.362,0.1,0.2,.700,0.2,1.1,1.2,1.1,0.2,0.1,0.6,0.7,1.7,2011
11473,420,Willie Warren,PG,21,LAC,19,0,7.1,0.7,1.8,.371,0.3,0.8,.333,0.4,1.1,.400,.443,0.3,0.4,.750,0.1,0.6,0.6,1.4,0.3,0.0,0.4,0.8,1.9,2011
11474,Rk,Player,Pos,Age,Tm,G,GS,MP,FG,FGA,FG%,3P,3PA,3P%,2P,2PA,2P%,eFG%,FT,FTA,FT%,ORB,DRB,TRB,AST,STL,BLK,TOV,PF,PTS,2011
11475,421,Hakim Warrick,PF,28,PHO,80,6,17.7,2.9,5.6,.511,0.0,0.1,.091,2.8,5.4,.522,.512,2.7,3.7,.721,1.1,2.6,3.7,0.9,0.4,0.1,1.0,1.3,8.4,2011
11476,422,C.J. Watson,PG,26,CHI,82,1,13.3,1.8,4.8,.371,0.5,1.4,.393,1.2,3.4,.362,.426,0.8,1.1,.742,0.2,1.0,1.1,2.3,0.7,0.1,0.9,1.0,4.9,2011
11477,423,Earl Watson,PG,31,UTA,80,13,19.6,1.6,3.8,.410,0.5,1.3,.336,1.1,2.5,.450,.469,0.7,1.0,.671,0.7,1.6,2.3,3.5,0.8,0.2,1.5,1.8,4.3,2011
11478,424,Kyle Weaver,SG,24,UTA,5,0,13.8,1.8,5.0,.360,0.6,1.4,.429,1.2,3.6,.333,.420,1.4,1.6,.875,0.4,1.6,2.0,1.4,0.4,0.4,1.4,0.6,5.6,2011
11479,425,Martell Webster,SF,24,MIN,46,1,23.8,3.3,7.4,.447,1.2,2.9,.417,2.1,4.5,.466,.528,2.0,2.7,.770,0.8,2.4,3.2,1.2,0.6,0.2,1.3,2.2,9.8,2011
11480,426,Sonny Weems,SF,24,TOR,59,28,23.9,3.9,8.7,.444,0.3,1.0,.279,3.6,7.7,.467,.461,1.2,1.6,.766,0.7,1.9,2.6,1.8,0.6,0.0,1.5,1.5,9.2,2011
11481,427,David West,PF,30,NOH,70,70,35.0,7.5,14.9,.508,0.0,0.1,.222,7.5,14.7,.510,.509,3.8,4.7,.807,2.2,5.3,7.6,2.3,1.0,0.9,2.0,2.9,18.9,2011
11482,428,Delonte West,PG,27,BOS,24,2,18.9,2.3,5.0,.458,0.5,1.4,.364,1.8,3.6,.494,.508,0.5,0.6,.867,0.3,1.3,1.5,2.7,0.8,0.4,1.3,1.2,5.6,2011
11483,429,Mario West,SG,26,NJN,6,3,19.3,1.5,3.5,.429,0.2,0.7,.250,1.3,2.8,.471,.452,0.5,0.8,.600,0.3,1.5,1.8,1.7,1.2,0.0,0.3,2.2,3.7,2011
11484,430,Russell Westbrook,PG,22,OKC,82,82,34.7,7.5,17.0,.442,0.4,1.3,.330,7.1,15.7,.451,.454,6.5,7.7,.842,1.5,3.1,4.6,8.2,1.9,0.4,3.9,2.5,21.9,2011
11485,431,D.J. White,C-PF,24,TOT,47,0,14.6,2.4,4.7,.507,0.0,0.0,.000,2.4,4.6,.512,.507,1.0,1.4,.719,0.9,2.4,3.4,0.4,0.3,0.4,0.3,1.6,5.7,2011
11486,431,D.J. White,PF,24,OKC,23,0,9.5,1.3,2.8,.462,0.0,0.0,,1.3,2.8,.462,.462,0.2,0.4,.500,0.5,1.7,2.3,0.2,0.3,0.3,0.3,1.3,2.8,2011
11487,431,D.J. White,C,24,CHA,24,0,19.4,3.4,6.4,.526,0.0,0.1,.000,3.4,6.3,.533,.526,1.7,2.3,.759,1.3,3.1,4.4,0.6,0.3,0.5,0.3,1.9,8.5,2011
11488,432,Hassan Whiteside,C,21,SAC,1,0,2.0,0.0,0.0,,0.0,0.0,,0.0,0.0,,,0.0,0.0,,0.0,0.0,0.0,0.0,0.0,0.0,0.0,2.0,0.0,2011
11489,433,Chris Wilcox,PF,28,DET,57,29,17.5,3.3,5.6,.581,0.0,0.0,.000,3.3,5.6,.583,.581,0.9,1.6,.562,1.7,3.1,4.8,0.8,0.5,0.3,0.8,2.5,7.4,2011
11490,434,Damien Wilkins,SF,31,ATL,52,0,13.0,1.3,2.6,.504,0.0,0.2,.200,1.3,2.4,.528,.511,0.8,1.1,.714,0.4,1.3,1.7,0.8,0.5,0.2,0.4,1.4,3.5,2011
11491,435,Deron Williams,PG,26,TOT,65,65,37.9,6.6,15.0,.439,1.6,4.9,.331,5.0,10.1,.491,.493,5.4,6.3,.845,0.6,3.4,4.0,10.3,1.2,0.2,3.5,2.9,20.1,2011
11492,435,Deron Williams,PG,26,UTA,53,53,37.9,7.0,15.2,.458,1.7,4.9,.345,5.3,10.3,.511,.513,5.7,6.7,.853,0.6,3.3,3.9,9.7,1.2,0.2,3.5,2.9,21.3,2011
11493,435,Deron Williams,PG,26,NJN,12,12,38.0,4.9,14.1,.349,1.3,4.9,.271,3.6,9.2,.391,.396,3.8,4.8,.793,0.7,3.9,4.6,12.8,1.3,0.3,3.6,3.2,15.0,2011
11494,436,Jason Williams,PG,35,TOT,27,0,10.9,0.8,2.5,.328,0.4,1.4,.263,0.4,1.1,.414,.403,0.0,0.0,,0.1,1.0,1.1,1.9,0.4,0.0,0.7,0.3,2.0,2011
11495,436,Jason Williams,PG,35,ORL,16,0,10.7,0.8,2.4,.342,0.4,1.4,.304,0.4,0.9,.400,.434,0.0,0.0,,0.2,1.2,1.4,1.5,0.5,0.0,0.7,0.4,2.1,2011
11496,436,Jason Williams,PG,35,MEM,11,0,11.3,0.8,2.6,.310,0.3,1.4,.200,0.5,1.3,.429,.362,0.0,0.0,,0.0,0.7,0.7,2.5,0.3,0.1,0.6,0.2,1.9,2011
11497,437,Jawad Williams,SF,27,CLE,26,1,15.0,1.6,4.8,.325,0.5,1.7,.289,1.1,3.1,.346,.377,0.3,0.5,.750,0.3,1.6,1.8,0.8,0.3,0.1,0.6,1.3,4.0,2011
11498,438,Lou Williams,SG,24,PHI,75,0,23.3,4.3,10.6,.406,1.2,3.4,.348,3.1,7.2,.434,.462,3.9,4.7,.823,0.4,1.6,2.0,3.4,0.6,0.2,1.4,1.7,13.7,2011
11499,439,Marvin Williams,SF,24,ATL,65,52,28.7,3.8,8.3,.458,0.6,1.7,.336,3.2,6.6,.489,.493,2.3,2.7,.845,1.0,3.8,4.8,1.4,0.5,0.4,1.0,1.6,10.4,2011
11500,440,Mo Williams,PG,28,TOT,58,56,30.8,5.0,12.6,.399,1.4,4.2,.324,3.7,8.4,.436,.453,2.6,3.1,.853,0.4,2.3,2.6,6.6,0.9,0.2,2.9,2.6,14.0,2011
11501,440,Mo Williams,PG,28,CLE,36,34,29.6,4.9,12.8,.385,1.0,3.8,.265,3.9,9.1,.436,.424,2.4,2.8,.833,0.4,2.3,2.7,7.1,0.9,0.3,2.9,2.5,13.3,2011
11502,440,Mo Williams,PG,28,LAC,22,22,32.9,5.1,12.2,.422,2.0,4.9,.398,3.2,7.3,.438,.502,3.0,3.4,.880,0.3,2.3,2.5,5.6,0.9,0.0,3.0,2.7,15.2,2011
11503,Rk,Player,Pos,Age,Tm,G,GS,MP,FG,FGA,FG%,3P,3PA,3P%,2P,2PA,2P%,eFG%,FT,FTA,FT%,ORB,DRB,TRB,AST,STL,BLK,TOV,PF,PTS,2011
11504,441,Reggie Williams,SF,24,GSW,80,9,20.3,3.4,7.2,.469,1.3,3.0,.423,2.1,4.1,.502,.558,1.3,1.7,.746,0.6,2.1,2.7,1.5,0.4,0.0,0.7,1.6,9.2,2011
11505,442,Shawne Williams,PF,24,NYK,64,11,20.7,2.6,6.0,.426,1.3,3.3,.401,1.2,2.7,.457,.536,0.6,0.8,.837,0.9,2.8,3.7,0.7,0.6,0.8,0.7,2.6,7.1,2011
11506,443,Shelden Williams,PF,27,TOT,59,38,15.4,1.7,3.7,.468,0.0,0.0,,1.7,3.7,.468,.468,1.0,1.3,.773,1.6,3.1,4.6,0.5,0.4,0.4,0.7,2.1,4.5,2011
11507,443,Shelden Williams,PF,27,DEN,42,32,17.0,2.0,4.3,.453,0.0,0.0,,2.0,4.3,.453,.453,0.8,1.1,.739,1.8,3.5,5.3,0.5,0.4,0.5,0.9,2.2,4.7,2011
11508,443,Shelden Williams,PF,27,NYK,17,6,11.6,1.2,2.3,.538,0.0,0.0,,1.2,2.3,.538,.538,1.4,1.7,.828,1.1,1.8,2.9,0.8,0.3,0.2,0.4,2.0,3.9,2011
11509,444,Terrence Williams,SG,23,TOT,21,0,13.8,2.0,5.5,.374,0.3,1.0,.273,1.8,4.4,.398,.400,0.7,1.0,.667,0.2,2.2,2.4,1.8,0.4,0.0,1.6,1.2,5.0,2011
11510,444,Terrence Williams,SG,23,NJN,10,0,20.6,2.9,7.3,.397,0.4,1.2,.333,2.5,6.1,.410,.425,0.5,1.0,.500,0.3,3.3,3.6,3.1,0.5,0.0,2.5,2.1,6.7,2011
11511,444,Terrence Williams,SG,23,HOU,11,0,7.6,1.3,3.8,.333,0.2,0.9,.200,1.1,2.9,.375,.357,0.8,1.0,.818,0.1,1.3,1.4,0.6,0.4,0.0,0.7,0.4,3.5,2011
11512,445,Metta World Peace,SF,31,LAL,82,82,29.4,3.2,8.0,.397,1.0,2.8,.356,2.2,5.2,.419,.460,1.1,1.7,.676,1.2,2.0,3.3,2.1,1.5,0.4,1.1,2.2,8.5,2011
11513,446,Antoine Wright,SG,26,SAC,7,0,4.4,0.1,1.1,.125,0.0,0.6,.000,0.1,0.6,.250,.125,0.0,0.0,,0.3,0.1,0.4,0.0,0.1,0.0,0.1,0.4,0.3,2011
11514,447,Brandan Wright,PF,23,TOT,37,2,10.2,1.6,3.2,.513,0.0,0.0,,1.6,3.2,.513,.513,0.6,0.8,.677,0.8,1.6,2.4,0.3,0.3,0.5,0.4,0.9,3.8,2011
11515,447,Brandan Wright,PF,23,GSW,21,1,9.3,1.8,3.0,.603,0.0,0.0,,1.8,3.0,.603,.603,0.3,0.7,.500,0.7,1.3,2.0,0.2,0.1,0.5,0.5,0.9,4.0,2011
11516,447,Brandan Wright,PF,23,NJN,16,1,11.5,1.4,3.4,.407,0.0,0.0,,1.4,3.4,.407,.407,0.9,1.1,.824,1.1,1.9,3.0,0.4,0.5,0.4,0.3,0.9,3.6,2011
11517,448,Dorell Wright,SF,25,GSW,82,82,38.4,5.9,14.0,.423,2.4,6.3,.376,3.5,7.7,.462,.508,2.2,2.8,.789,1.1,4.2,5.3,3.0,1.5,0.8,1.6,2.1,16.4,2011
11518,449,Julian Wright,SF,23,TOR,52,6,14.7,1.6,3.1,.513,0.0,0.2,.200,1.5,2.9,.533,.519,0.4,0.8,.512,0.9,1.4,2.3,1.1,0.8,0.4,0.8,0.9,3.6,2011
11519,450,Nick Young,SG,25,WAS,64,40,31.8,6.4,14.6,.441,1.6,4.2,.387,4.8,10.4,.462,.497,2.9,3.6,.816,0.4,2.3,2.7,1.2,0.7,0.3,1.4,2.3,17.4,2011
11520,451,Sam Young,SF,25,MEM,78,46,20.2,3.0,6.3,.472,0.2,0.6,.340,2.8,5.7,.486,.489,1.1,1.5,.767,0.5,1.9,2.4,0.9,0.9,0.3,0.8,1.5,7.3,2011
11521,452,Thaddeus Young,PF,22,PHI,82,1,26.0,5.6,10.3,.541,0.1,0.3,.273,5.5,10.1,.548,.544,1.5,2.1,.707,1.9,3.4,5.3,1.0,1.1,0.3,1.2,2.1,12.7,2011
11522,1,Jeff Adrien,PF,25,HOU,8,0,7.9,0.9,2.0,.438,0.0,0.0,,0.9,2.0,.438,.438,0.9,1.5,.583,0.6,2.1,2.8,0.1,0.0,0.3,0.3,1.6,2.6,2012
11523,2,Arron Afflalo,SG,26,DEN,62,62,33.6,5.3,11.3,.471,1.4,3.6,.398,3.9,7.7,.504,.534,3.2,4.0,.798,0.6,2.5,3.2,2.4,0.6,0.2,1.4,2.2,15.2,2012
11524,3,Blake Ahearn,PG,27,UTA,4,0,7.5,1.0,3.5,.286,0.5,2.3,.222,0.5,1.3,.400,.357,0.0,0.0,,0.0,0.5,0.5,0.3,0.0,0.0,1.3,1.0,2.5,2012
11525,4,Solomon Alabi,C,23,TOR,14,0,8.7,0.9,2.6,.361,0.0,0.0,,0.9,2.6,.361,.361,0.5,0.6,.875,1.1,2.3,3.4,0.2,0.1,0.6,0.4,0.8,2.4,2012
11526,5,Cole Aldrich,C,23,OKC,26,0,6.7,0.8,1.6,.524,0.0,0.0,,0.8,1.6,.524,.524,0.5,0.5,.929,0.5,1.3,1.8,0.1,0.3,0.6,0.3,0.8,2.2,2012
11527,6,LaMarcus Aldridge,PF,26,POR,55,55,36.3,8.8,17.1,.512,0.0,0.2,.182,8.7,16.9,.516,.513,4.1,5.0,.814,2.7,5.3,8.0,2.4,0.9,0.8,2.0,2.8,21.7,2012
11528,7,Lavoy Allen,PF,22,PHI,41,15,15.2,1.9,4.1,.473,0.0,0.0,,1.9,4.1,.473,.473,0.3,0.3,.786,1.1,3.0,4.2,0.8,0.3,0.4,0.5,1.8,4.1,2012
11529,8,Ray Allen*,SG,36,BOS,46,42,34.0,4.9,10.7,.458,2.3,5.1,.453,2.6,5.6,.463,.566,2.1,2.3,.915,0.3,2.8,3.1,2.4,1.1,0.2,1.5,1.8,14.2,2012
11530,9,Tony Allen,SG,30,MEM,58,57,26.3,3.6,7.7,.469,0.1,0.4,.308,3.5,7.3,.479,.478,2.4,3.0,.800,1.7,2.3,4.0,1.4,1.8,0.6,1.6,2.4,9.8,2012
11531,10,Morris Almond,SG,26,WAS,4,0,16.8,1.5,4.3,.353,0.3,0.8,.333,1.3,3.5,.357,.382,0.3,0.8,.333,0.3,1.8,2.0,0.5,1.8,0.0,0.3,1.5,3.5,2012
11532,11,Al-Farouq Aminu,SF,21,NOH,66,21,22.4,2.3,5.5,.411,0.2,0.7,.277,2.1,4.8,.431,.429,1.3,1.7,.754,1.4,3.2,4.7,1.0,0.9,0.5,1.4,2.1,6.0,2012
11533,12,Lou Amundson,PF,29,IND,60,0,12.6,1.5,3.5,.430,0.0,0.0,,1.5,3.5,.430,.430,0.6,1.4,.427,1.6,2.1,3.7,0.2,0.5,0.7,0.8,2.1,3.6,2012
11534,13,Chris Andersen,C,33,DEN,32,1,15.2,1.8,3.4,.546,0.0,0.0,,1.8,3.4,.546,.546,1.6,2.6,.610,1.5,3.1,4.6,0.2,0.6,1.4,0.5,1.6,5.3,2012
11535,14,Alan Anderson,SF,29,TOR,17,12,27.1,3.2,8.4,.387,1.4,3.6,.393,1.8,4.8,.383,.472,1.7,2.0,.853,0.5,1.5,2.0,1.5,0.3,0.2,1.5,2.1,9.6,2012
11536,15,James Anderson,SG,22,SAS,51,2,11.8,1.3,3.4,.379,0.4,1.3,.279,0.9,2.1,.443,.434,0.8,1.0,.750,0.3,1.2,1.5,0.8,0.2,0.0,0.6,0.7,3.7,2012
11537,16,Ryan Anderson,PF,23,ORL,61,61,32.2,5.4,12.4,.439,2.7,6.9,.393,2.7,5.5,.496,.548,2.5,2.8,.877,3.7,4.0,7.7,0.9,0.8,0.4,0.9,2.4,16.1,2012
11538,17,Carmelo Anthony,SF,27,NYK,55,55,34.1,8.0,18.6,.430,1.2,3.7,.335,6.8,14.9,.454,.463,5.4,6.7,.804,1.6,4.7,6.3,3.6,1.1,0.4,2.6,2.8,22.6,2012
11539,18,Joel Anthony,C,29,MIA,64,51,21.1,1.3,2.4,.559,0.0,0.0,,1.3,2.4,.559,.559,0.8,1.1,.690,1.6,2.3,3.9,0.1,0.6,1.3,0.7,2.0,3.4,2012
11540,19,Gilbert Arenas,PG,30,MEM,17,0,12.4,1.5,3.8,.406,0.8,2.3,.333,0.8,1.5,.520,.508,0.4,0.6,.700,0.1,0.9,1.1,1.1,0.6,0.1,0.7,2.1,4.2,2012
11541,20,Trevor Ariza,SF,26,NOH,41,41,32.9,4.1,9.8,.417,0.7,2.1,.333,3.4,7.7,.440,.453,1.9,2.5,.775,1.0,4.2,5.2,3.3,1.7,0.6,1.9,1.8,10.8,2012
11542,21,Ömer Aşık,C,25,CHI,66,2,14.7,1.2,2.4,.506,0.0,0.0,,1.2,2.4,.506,.506,0.7,1.6,.456,1.9,3.4,5.3,0.5,0.5,1.0,1.0,1.8,3.1,2012
11543,22,D.J. Augustin,PG,24,CHA,48,46,29.3,3.8,10.1,.376,1.3,3.7,.341,2.5,6.4,.396,.438,2.2,2.5,.875,0.5,1.8,2.3,6.4,0.8,0.0,2.3,1.4,11.1,2012
11544,23,Gustavo Ayón,PF,26,NOH,54,24,20.1,2.6,4.8,.536,0.0,0.0,.000,2.6,4.8,.538,.536,0.7,1.2,.619,1.6,3.3,4.9,1.4,1.0,0.9,0.9,2.2,5.9,2012
11545,24,Jeff Ayres,C,24,IND,20,1,5.3,0.8,1.8,.417,0.0,0.0,,0.8,1.8,.417,.417,0.2,0.4,.571,0.6,1.1,1.7,0.2,0.2,0.1,0.1,0.8,1.7,2012
11546,25,Kelenna Azubuike,SG,28,DAL,3,0,6.0,1.0,2.7,.375,0.3,1.0,.333,0.7,1.7,.400,.438,0.0,0.0,,0.0,0.0,0.0,0.0,0.3,0.0,1.3,0.3,2.3,2012
11547,26,Luke Babbitt,SF,22,POR,40,4,13.4,1.8,4.3,.410,1.1,2.5,.430,0.7,1.8,.384,.535,0.4,0.5,.850,0.4,2.0,2.4,0.4,0.3,0.1,0.7,1.2,5.1,2012
11548,27,Renaldo Balkman,SF,27,NYK,14,0,8.2,1.1,2.3,.500,0.1,0.6,.222,1.0,1.6,.609,.531,0.6,0.8,.727,0.4,1.4,1.9,0.4,0.3,0.2,0.4,1.0,3.0,2012
11549,28,Leandro Barbosa,SG,29,TOT,64,0,21.6,4.2,10.0,.425,1.0,2.7,.382,3.2,7.3,.441,.476,1.6,1.9,.815,0.5,1.5,2.0,1.5,0.9,0.1,1.5,2.1,11.1,2012
11550,28,Leandro Barbosa,SG,29,TOR,42,0,22.5,4.7,10.8,.436,1.0,2.6,.360,3.8,8.2,.461,.480,1.8,2.2,.835,0.5,1.4,1.9,1.5,0.9,0.2,1.6,2.4,12.2,2012
11551,28,Leandro Barbosa,SG,29,IND,22,0,19.8,3.3,8.3,.399,1.1,2.7,.424,2.2,5.6,.387,.467,1.1,1.5,.758,0.5,1.7,2.2,1.5,0.9,0.0,1.2,1.5,8.9,2012
11552,29,J.J. Barea,PG,27,MIN,41,11,25.2,4.1,10.2,.400,1.3,3.5,.371,2.8,6.7,.415,.463,1.9,2.4,.776,0.3,2.4,2.8,5.7,0.5,0.0,2.5,1.5,11.3,2012
11553,30,Andrea Bargnani,C,26,TOR,31,31,33.3,6.7,15.6,.432,1.1,3.7,.296,5.6,11.9,.474,.467,4.9,5.6,.873,0.8,4.8,5.5,2.0,0.6,0.5,2.2,1.7,19.5,2012
11554,31,Matt Barnes,SF,31,LAL,63,16,22.9,2.8,6.1,.452,0.7,2.2,.333,2.0,4.0,.518,.512,1.5,2.0,.742,1.5,3.9,5.5,2.0,0.6,0.8,1.2,2.4,7.8,2012
11555,32,Earl Barron,C,30,GSW,2,0,4.5,1.0,2.0,.500,0.0,0.0,,1.0,2.0,.500,.500,0.0,0.0,,0.5,0.0,0.5,0.0,0.0,0.0,0.0,2.5,2.0,2012
11556,33,Brandon Bass,PF,26,BOS,59,39,31.7,5.1,10.7,.479,0.0,0.0,,5.1,10.7,.479,.479,2.2,2.8,.810,1.6,4.6,6.2,0.9,0.6,0.9,1.1,2.3,12.5,2012
11557,34,Tony Battie,C,35,PHI,27,11,10.9,0.7,1.9,.373,0.0,0.0,.000,0.7,1.9,.380,.373,0.1,0.1,1.000,0.3,2.2,2.5,0.6,0.1,0.2,0.1,1.0,1.6,2012
11558,35,Shane Battier,SF,33,MIA,65,10,23.1,1.7,4.5,.387,1.0,2.8,.339,0.8,1.7,.468,.493,0.4,0.6,.622,0.9,1.5,2.4,1.3,1.0,0.5,0.6,1.6,4.8,2012
11559,36,Nicolas Batum,SF,23,POR,59,34,30.4,4.9,10.9,.451,1.8,4.6,.391,3.1,6.2,.496,.534,2.3,2.7,.836,1.4,3.2,4.6,1.4,1.0,1.0,1.5,1.8,13.9,2012
11560,37,Jerryd Bayless,PG,23,TOR,31,11,22.7,3.8,8.9,.424,1.4,3.4,.423,2.4,5.5,.424,.504,2.4,2.8,.852,0.3,1.9,2.1,3.8,0.8,0.1,1.7,2.3,11.4,2012
11561,38,Michael Beasley,SF,23,MIN,47,7,23.1,4.7,10.6,.445,0.8,2.1,.376,3.9,8.4,.462,.483,1.3,2.0,.642,0.8,3.6,4.4,1.0,0.4,0.4,1.7,1.8,11.5,2012
11562,39,Rodrigue Beaubois,PG,23,DAL,53,12,21.7,3.5,8.4,.422,0.7,2.5,.288,2.8,5.9,.479,.465,1.1,1.3,.841,0.4,2.5,2.8,2.9,1.1,0.5,1.3,1.8,8.9,2012
11563,40,Marco Belinelli,SG,25,NOH,66,55,29.8,4.3,10.4,.417,1.6,4.3,.377,2.7,6.1,.445,.495,1.5,2.0,.783,0.3,2.3,2.6,1.5,0.7,0.1,1.0,1.7,11.8,2012
11564,Rk,Player,Pos,Age,Tm,G,GS,MP,FG,FGA,FG%,3P,3PA,3P%,2P,2PA,2P%,eFG%,FT,FTA,FT%,ORB,DRB,TRB,AST,STL,BLK,TOV,PF,PTS,2012
11565,41,Raja Bell,SG,35,UTA,34,33,23.4,2.4,5.1,.466,1.0,2.6,.391,1.4,2.6,.540,.563,0.6,0.7,.840,0.2,1.3,1.4,1.1,0.4,0.1,0.6,2.3,6.4,2012
11566,42,Keith Benson,C,23,GSW,3,0,3.0,0.0,0.3,.000,0.0,0.0,,0.0,0.3,.000,.000,0.0,0.0,,0.7,0.3,1.0,0.0,0.0,0.0,0.0,0.0,0.0,2012
11567,43,Mike Bibby,PG,33,NYK,39,4,14.3,0.9,3.2,.282,0.7,2.2,.318,0.2,1.0,.205,.391,0.2,0.2,.750,0.1,1.4,1.5,2.1,0.5,0.1,0.5,1.2,2.6,2012
11568,44,Andris Biedriņš,C,25,GSW,47,35,15.7,0.8,1.4,.609,0.0,0.0,,0.8,1.4,.609,.609,0.0,0.2,.111,1.0,2.8,3.7,0.3,0.5,1.0,0.3,2.7,1.7,2012
11569,45,Chauncey Billups,SG,35,LAC,20,20,30.4,4.2,11.4,.364,2.4,6.3,.384,1.8,5.2,.340,.469,4.3,4.8,.895,0.2,2.3,2.5,4.0,0.5,0.2,1.9,2.0,15.0,2012
11570,46,Bismack Biyombo,C,19,CHA,63,41,23.1,2.0,4.4,.464,0.0,0.0,,2.0,4.4,.464,.464,1.1,2.3,.483,1.8,4.0,5.8,0.4,0.3,1.8,1.1,2.3,5.2,2012
11571,47,DeJuan Blair,PF,22,SAS,64,62,21.3,4.2,7.9,.534,0.0,0.0,.000,4.2,7.9,.535,.534,1.1,1.9,.613,2.4,3.1,5.5,1.2,0.9,0.2,1.4,2.6,9.5,2012
11572,48,Steve Blake,PG,31,LAL,53,5,23.3,1.9,5.1,.377,1.0,3.0,.335,0.9,2.1,.436,.476,0.4,0.5,.778,0.2,1.4,1.6,3.3,0.7,0.0,1.4,1.4,5.2,2012
11573,49,Andray Blatche,PF,25,WAS,26,13,24.1,3.6,9.4,.380,0.1,0.3,.286,3.5,9.2,.382,.384,1.3,1.9,.673,1.6,4.2,5.8,1.1,0.8,0.7,1.4,2.1,8.5,2012
11574,50,Eric Bledsoe,PG,22,LAC,40,1,11.6,1.2,3.2,.389,0.2,0.8,.200,1.1,2.4,.448,.413,0.7,1.1,.636,0.6,1.1,1.6,1.7,0.8,0.4,1.2,1.5,3.3,2012
11575,51,Keith Bogans,SF,31,NJN,5,1,18.8,1.6,4.2,.381,0.6,2.4,.250,1.0,1.8,.556,.452,0.4,1.0,.400,1.0,1.2,2.2,0.6,0.4,0.0,0.6,3.0,4.2,2012
11576,52,Andrew Bogut,C,27,MIL,12,12,30.3,5.1,11.3,.449,0.0,0.1,.000,5.1,11.3,.452,.449,1.2,1.9,.609,1.8,6.5,8.3,2.6,1.0,2.0,2.0,3.0,11.3,2012
11577,53,Matt Bonner,PF,31,SAS,65,2,20.4,2.4,5.4,.440,1.6,3.8,.420,0.8,1.5,.490,.590,0.2,0.3,.762,0.4,2.8,3.3,0.9,0.2,0.3,0.2,1.0,6.6,2012
11578,54,Trevor Booker,PF,24,WAS,50,32,25.2,3.6,6.8,.531,0.0,0.0,.500,3.6,6.8,.531,.532,1.1,1.9,.602,2.4,4.1,6.5,0.8,1.0,0.9,1.2,2.8,8.4,2012
11579,55,Carlos Boozer,PF,30,CHI,66,66,29.5,6.8,12.8,.532,0.0,0.0,.000,6.8,12.7,.533,.532,1.4,2.1,.693,1.7,6.8,8.5,1.9,1.0,0.4,1.7,2.5,15.0,2012
11580,56,Chris Bosh*,PF,27,MIA,57,57,35.2,6.9,14.2,.487,0.2,0.6,.286,6.7,13.5,.496,.493,4.0,4.9,.821,1.6,6.3,7.9,1.8,0.9,0.8,2.1,2.2,18.0,2012
11581,57,Earl Boykins,PG,35,HOU,8,0,13.9,1.5,4.5,.333,0.3,1.1,.222,1.3,3.4,.370,.361,1.6,1.9,.867,0.0,1.4,1.4,2.1,0.1,0.0,0.9,0.6,4.9,2012
11582,58,Craig Brackins,PF,24,PHI,14,1,6.3,0.6,2.4,.273,0.2,0.6,.333,0.4,1.7,.250,.318,0.1,0.1,.500,0.4,0.7,1.1,0.6,0.0,0.1,0.3,0.4,1.6,2012
11583,59,Avery Bradley,PG,21,BOS,64,28,21.4,3.1,6.3,.498,0.3,0.8,.407,2.8,5.4,.511,.525,1.0,1.2,.795,0.5,1.3,1.8,1.4,0.7,0.2,1.2,1.7,7.6,2012
11584,60,Elton Brand,C,32,PHI,60,60,28.9,4.8,9.7,.494,0.0,0.0,.000,4.8,9.7,.495,.494,1.4,1.9,.733,2.4,4.7,7.2,1.6,1.0,1.6,1.1,2.9,11.0,2012
11585,Rk,Player,Pos,Age,Tm,G,GS,MP,FG,FGA,FG%,3P,3PA,3P%,2P,2PA,2P%,eFG%,FT,FTA,FT%,ORB,DRB,TRB,AST,STL,BLK,TOV,PF,PTS,2012
11586,61,Corey Brewer,SF,25,DEN,59,17,21.8,3.4,7.8,.434,0.6,2.2,.260,2.8,5.7,.500,.470,1.5,2.2,.692,0.7,1.8,2.5,1.5,1.2,0.3,0.9,1.9,8.9,2012
11587,62,Ronnie Brewer,SG,26,CHI,66,43,24.8,2.9,6.7,.427,0.3,1.0,.275,2.6,5.7,.455,.448,0.8,1.5,.560,1.1,2.4,3.5,2.1,1.1,0.3,0.9,1.0,6.9,2012
11588,63,Jon Brockman,PF,24,MIL,35,0,6.8,0.4,1.3,.333,0.0,0.0,.000,0.4,1.3,.341,.333,0.2,0.4,.467,0.9,1.2,2.1,0.3,0.1,0.0,0.3,0.9,1.1,2012
11589,64,MarShon Brooks,SG,23,NJN,56,47,29.4,4.9,11.4,.428,0.8,2.7,.313,4.1,8.8,.463,.465,2.0,2.6,.764,1.3,2.3,3.6,2.3,0.9,0.3,2.1,2.1,12.6,2012
11590,65,Derrick Brown,SF,24,CHA,65,17,22.2,3.3,6.3,.518,0.1,0.4,.250,3.2,5.9,.535,.526,1.4,2.2,.667,1.5,2.2,3.6,1.0,0.7,0.2,0.8,1.5,8.1,2012
11591,66,Kwame Brown,C,29,GSW,9,3,20.8,2.3,4.4,.525,0.0,0.0,,2.3,4.4,.525,.525,1.7,3.8,.441,1.8,4.6,6.3,0.4,0.9,0.0,1.6,2.3,6.3,2012
11592,67,Shannon Brown,SG,26,PHO,59,19,23.7,4.3,10.1,.420,1.2,3.2,.362,3.1,6.9,.446,.477,1.4,1.7,.808,0.6,2.0,2.7,1.2,0.7,0.3,1.1,1.1,11.0,2012
11593,68,Kobe Bryant*,SG,33,LAL,58,58,38.5,9.9,23.0,.430,1.5,4.9,.303,8.4,18.1,.464,.462,6.6,7.8,.845,1.1,4.3,5.4,4.6,1.2,0.3,3.5,1.8,27.9,2012
11594,69,Chase Budinger,SF,23,HOU,58,9,22.4,3.6,8.1,.442,1.5,3.8,.402,2.1,4.3,.476,.535,0.9,1.2,.771,0.7,3.1,3.7,1.3,0.5,0.1,0.9,1.1,9.6,2012
11595,70,Alec Burks,SG,20,UTA,59,0,15.9,2.6,6.1,.429,0.3,0.8,.333,2.3,5.3,.442,.450,1.8,2.4,.727,1.0,1.3,2.2,0.9,0.5,0.1,0.9,1.4,7.2,2012
11596,71,Caron Butler,SF,31,LAC,63,63,29.7,4.6,11.2,.407,1.5,4.1,.358,3.1,7.1,.435,.472,1.4,1.7,.813,0.7,3.0,3.7,1.2,0.8,0.1,1.2,2.0,12.0,2012
11597,72,Jimmy Butler,SG,22,CHI,42,0,8.5,0.8,1.9,.405,0.0,0.3,.182,0.7,1.6,.441,.418,1.0,1.3,.768,0.5,0.8,1.3,0.3,0.3,0.1,0.3,0.5,2.6,2012
11598,73,Rasual Butler,SF,32,TOR,34,14,13.3,1.2,3.9,.308,0.6,2.3,.273,0.6,1.6,.357,.387,0.2,0.4,.583,0.2,1.8,1.9,0.6,0.2,0.1,0.4,1.1,3.2,2012
11599,74,Derrick Byars,PF,27,SAS,2,0,18.5,1.5,5.5,.273,0.0,3.0,.000,1.5,2.5,.600,.273,2.0,2.0,1.000,3.0,2.5,5.5,0.5,1.0,0.0,0.0,1.0,5.0,2012
11600,75,Andrew Bynum,C,24,LAL,60,60,35.2,7.4,13.3,.558,0.0,0.1,.200,7.4,13.2,.560,.558,3.9,5.6,.692,3.2,8.6,11.8,1.4,0.5,1.9,2.5,1.7,18.7,2012
11601,76,Will Bynum,PG,29,DET,36,0,14.3,2.1,5.4,.381,0.2,0.8,.241,1.9,4.6,.406,.399,1.4,1.8,.766,0.3,1.3,1.6,1.8,0.6,0.1,1.5,1.7,5.7,2012
11602,77,José Calderón,PG,30,TOR,53,53,33.9,4.1,9.0,.457,1.1,3.0,.371,3.0,6.0,.500,.519,1.1,1.3,.882,0.4,2.7,3.0,8.8,0.9,0.1,2.0,1.8,10.5,2012
11603,78,Marcus Camby,C,37,TOT,59,53,22.9,2.2,4.9,.446,0.0,0.1,.400,2.1,4.8,.447,.449,0.5,1.1,.453,2.7,6.3,9.0,1.8,0.8,1.4,1.0,2.1,4.9,2012
11604,78,Marcus Camby,C,37,POR,40,40,22.4,1.7,4.0,.416,0.0,0.0,,1.7,4.0,.416,.416,0.5,1.0,.474,2.6,6.2,8.9,1.9,0.8,1.4,1.2,2.2,3.8,2012
11605,78,Marcus Camby,C,37,HOU,19,13,24.1,3.2,6.6,.484,0.1,0.3,.400,3.1,6.4,.488,.492,0.6,1.4,.423,2.7,6.5,9.3,1.7,0.9,1.5,0.5,2.0,7.1,2012
11606,79,Brian Cardinal,SF,34,DAL,44,0,6.3,0.3,1.3,.255,0.2,1.1,.204,0.1,0.1,.667,.345,0.1,0.1,.833,0.1,0.7,0.8,0.4,0.2,0.0,0.2,0.9,1.0,2012
11607,80,DeMarre Carroll,SF-PF,25,TOT,24,9,14.5,1.8,4.4,.410,0.3,0.8,.368,1.5,3.6,.419,.443,0.6,0.7,.875,1.2,1.0,2.2,0.8,0.5,0.0,0.5,1.5,4.5,2012
11608,80,DeMarre Carroll,PF,25,DEN,4,0,5.3,1.5,1.5,1.000,0.0,0.0,,1.5,1.5,1.000,1.000,0.0,0.0,,0.0,0.8,0.8,0.8,0.0,0.0,0.5,0.3,3.0,2012
11609,80,DeMarre Carroll,SF,25,UTA,20,9,16.4,1.9,5.0,.374,0.4,1.0,.368,1.5,4.0,.375,.409,0.7,0.8,.875,1.4,1.1,2.5,0.8,0.6,0.1,0.5,1.8,4.8,2012
11610,Rk,Player,Pos,Age,Tm,G,GS,MP,FG,FGA,FG%,3P,3PA,3P%,2P,2PA,2P%,eFG%,FT,FTA,FT%,ORB,DRB,TRB,AST,STL,BLK,TOV,PF,PTS,2012
11611,81,Matt Carroll,SG,31,CHA,53,2,11.2,1.0,3.0,.331,0.2,0.8,.186,0.8,2.2,.386,.357,0.6,0.7,.789,0.2,0.9,1.1,0.7,0.3,0.1,0.5,1.0,2.7,2012
11612,82,Anthony Carter,PG,36,TOR,24,0,8.7,0.7,2.2,.321,0.2,0.7,.294,0.5,1.5,.333,.368,0.3,0.4,.800,0.2,1.2,1.4,1.4,0.3,0.2,0.7,0.8,2.0,2012
11613,83,Vince Carter,SG,35,DAL,61,40,25.3,3.7,8.9,.411,1.2,3.4,.361,2.4,5.5,.442,.480,1.6,1.9,.826,0.5,2.8,3.4,2.3,0.9,0.4,1.4,2.2,10.1,2012
11614,84,Omri Casspi,SF,23,CLE,65,35,20.6,2.6,6.3,.403,0.8,2.6,.315,1.7,3.8,.463,.467,1.1,1.7,.685,1.0,2.5,3.5,1.0,0.6,0.3,1.0,1.8,7.1,2012
11615,85,Mario Chalmers,PG,25,MIA,64,64,28.5,3.5,7.8,.448,1.6,4.1,.388,1.9,3.7,.513,.549,1.3,1.6,.792,0.3,2.4,2.7,3.5,1.5,0.2,2.2,2.6,9.8,2012
11616,86,Tyson Chandler,C,29,NYK,62,62,33.2,3.9,5.7,.679,0.0,0.0,.000,3.9,5.7,.683,.679,3.5,5.1,.689,3.4,6.5,9.9,0.9,0.9,1.4,1.6,3.0,11.3,2012
11617,87,Wilson Chandler,SF,24,DEN,8,6,26.9,3.9,9.9,.392,0.4,1.5,.250,3.5,8.4,.418,.411,1.3,1.5,.833,0.8,4.4,5.1,2.1,0.8,0.8,2.3,2.3,9.4,2012
11618,88,Josh Childress,SF,28,PHO,34,0,14.4,1.4,2.9,.485,0.1,0.7,.167,1.3,2.2,.587,.505,0.0,0.1,.000,0.9,1.9,2.8,1.0,0.4,0.2,0.3,1.1,2.9,2012
11619,89,Earl Clark,PF,24,ORL,45,1,12.4,1.1,3.1,.367,0.0,0.0,,1.1,3.1,.367,.367,0.5,0.6,.724,0.8,2.0,2.8,0.4,0.3,0.7,0.6,1.6,2.7,2012
11620,90,Norris Cole,PG,23,MIA,65,2,19.4,2.7,6.9,.393,0.3,1.2,.276,2.4,5.8,.417,.417,1.0,1.3,.776,0.3,1.1,1.4,2.0,0.7,0.0,1.6,1.9,6.8,2012
11621,91,Jason Collins,C,33,ATL,30,10,10.3,0.5,1.3,.400,0.0,0.0,,0.5,1.3,.400,.400,0.2,0.5,.467,0.4,1.2,1.6,0.3,0.1,0.1,0.3,1.1,1.3,2012
11622,92,Darren Collison,PG,24,IND,60,56,31.3,3.8,8.7,.440,0.6,1.6,.362,3.3,7.2,.457,.472,2.1,2.6,.830,0.5,2.6,3.1,4.8,0.8,0.2,1.9,1.7,10.4,2012
11623,93,Nick Collison,PF,31,OKC,63,0,20.7,1.9,3.2,.597,0.0,0.0,.000,1.9,3.2,.600,.597,0.7,1.0,.710,1.9,2.5,4.3,1.3,0.5,0.4,1.0,2.4,4.5,2012
11624,94,Mike Conley,PG,24,MEM,62,61,35.1,4.8,11.0,.433,1.0,2.6,.377,3.8,8.5,.450,.477,2.2,2.5,.861,0.4,2.2,2.5,6.5,2.2,0.2,2.0,2.1,12.7,2012
11625,95,Brian Cook,PF,31,TOT,32,0,8.6,1.0,3.1,.316,0.3,1.6,.200,0.7,1.5,.438,.367,0.3,0.3,.900,0.3,1.7,2.0,0.3,0.2,0.2,0.3,1.5,2.5,2012
11626,95,Brian Cook,PF,31,LAC,16,0,7.6,0.7,3.1,.224,0.3,1.7,.185,0.4,1.4,.273,.276,0.3,0.3,1.000,0.3,1.2,1.4,0.1,0.1,0.3,0.3,1.6,1.9,2012
11627,95,Brian Cook,PF,31,WAS,16,0,9.7,1.3,3.1,.408,0.3,1.4,.217,0.9,1.6,.577,.459,0.3,0.4,.833,0.4,2.1,2.5,0.5,0.3,0.1,0.4,1.4,3.1,2012
11628,96,Daequan Cook,SG,24,OKC,57,22,17.4,1.9,5.2,.368,1.4,4.0,.346,0.5,1.2,.441,.502,0.2,0.4,.636,0.2,1.9,2.1,0.3,0.4,0.2,0.3,1.2,5.5,2012
11629,97,DeMarcus Cousins,C,21,SAC,64,62,30.5,7.0,15.6,.448,0.0,0.2,.143,7.0,15.4,.453,.449,4.1,5.8,.702,4.1,6.8,11.0,1.6,1.5,1.2,2.7,4.0,18.1,2012
11630,98,Jamal Crawford,PG,31,POR,60,6,26.9,4.7,12.3,.384,1.3,4.3,.308,3.4,8.0,.426,.438,3.2,3.4,.927,0.3,1.7,2.0,3.2,0.9,0.2,1.9,1.2,14.0,2012
11631,99,Jordan Crawford,SG,23,WAS,64,32,27.4,5.5,13.6,.400,1.2,4.3,.289,4.2,9.4,.451,.446,2.5,3.2,.793,0.7,1.9,2.6,3.0,0.9,0.1,2.2,1.7,14.7,2012
11632,100,Dante Cunningham,PF,24,MEM,64,5,17.6,2.3,4.4,.516,0.0,0.0,.000,2.3,4.3,.520,.516,0.7,1.1,.652,1.4,2.4,3.8,0.6,0.7,0.5,0.5,1.5,5.2,2012
11633,Rk,Player,Pos,Age,Tm,G,GS,MP,FG,FGA,FG%,3P,3PA,3P%,2P,2PA,2P%,eFG%,FT,FTA,FT%,ORB,DRB,TRB,AST,STL,BLK,TOV,PF,PTS,2012
11634,101,Eddy Curry,C,29,MIA,14,1,5.9,0.9,1.9,.462,0.0,0.0,,0.9,1.9,.462,.462,0.4,0.6,.750,0.3,0.6,0.9,0.1,0.0,0.1,0.7,1.2,2.1,2012
11635,102,Stephen Curry,PG,23,GSW,26,23,28.2,5.6,11.4,.490,2.1,4.7,.455,3.5,6.7,.514,.583,1.5,1.8,.809,0.6,2.8,3.4,5.3,1.5,0.3,2.5,2.4,14.7,2012
11636,103,Samuel Dalembert,C,30,HOU,65,45,22.2,3.1,6.1,.506,0.0,0.0,.000,3.1,6.1,.508,.506,1.4,1.7,.796,2.4,4.6,7.0,0.5,0.6,1.7,1.3,2.5,7.5,2012
11637,104,Erick Dampier,C,36,ATL,15,0,5.5,0.1,0.5,.125,0.0,0.0,,0.1,0.5,.125,.125,0.0,0.0,,0.7,1.0,1.7,0.3,0.1,0.3,0.2,0.6,0.1,2012
11638,105,Marquis Daniels,SG,31,BOS,38,0,12.7,1.4,3.8,.364,0.0,0.3,.000,1.4,3.5,.391,.364,0.4,0.6,.739,0.4,1.3,1.7,1.2,0.6,0.2,0.7,0.9,3.2,2012
11639,106,Baron Davis,PG,32,NYK,29,14,20.5,2.3,6.3,.370,0.9,2.9,.306,1.4,3.4,.424,.440,0.6,0.8,.667,0.4,1.5,1.9,4.7,1.2,0.1,2.6,2.1,6.1,2012
11640,107,Ed Davis,PF,22,TOR,66,9,23.2,2.6,5.1,.513,0.0,0.0,.000,2.6,5.1,.515,.513,1.1,1.6,.670,2.0,4.6,6.6,0.9,0.6,1.0,1.0,2.4,6.3,2012
11641,108,Glen Davis,PF,26,ORL,61,13,23.4,3.7,8.8,.421,0.0,0.2,.143,3.7,8.5,.429,.423,1.9,2.7,.683,1.8,3.7,5.4,0.8,0.7,0.3,1.2,1.7,9.3,2012
11642,109,Josh Davis,PF,31,MEM,15,0,8.7,0.7,1.8,.370,0.3,0.9,.308,0.4,0.9,.429,.444,0.3,0.5,.500,1.1,0.7,1.8,0.4,0.5,0.1,0.2,1.3,1.9,2012
11643,110,Eric Dawson,C,27,SAS,4,0,9.8,1.8,3.0,.583,0.0,0.0,,1.8,3.0,.583,.583,0.3,0.5,.500,1.3,1.3,2.5,0.0,0.3,0.5,0.8,1.5,3.8,2012
11644,111,Austin Daye,SF,23,DET,41,4,14.7,1.8,5.5,.322,0.3,1.5,.210,1.5,4.0,.364,.350,0.9,1.0,.814,0.3,1.9,2.2,0.8,0.5,0.5,1.0,1.5,4.7,2012
11645,112,Carlos Delfino,SF,29,MIL,54,53,28.5,3.4,8.4,.402,1.6,4.4,.360,1.8,4.0,.449,.497,0.7,0.9,.792,0.4,3.5,3.9,2.3,1.5,0.2,1.2,1.8,9.0,2012
11646,113,Luol Deng,SF,26,CHI,54,54,39.4,5.8,14.0,.412,1.5,4.0,.367,4.3,10.0,.430,.464,2.4,3.1,.770,1.4,5.1,6.5,2.9,1.0,0.7,1.8,1.5,15.3,2012
11647,114,Justin Dentmon,PG,26,TOT,6,0,15.2,1.7,4.7,.357,0.3,2.3,.143,1.3,2.3,.571,.393,0.7,1.0,.667,0.0,1.3,1.3,1.7,0.3,0.0,1.2,1.7,4.3,2012
11648,114,Justin Dentmon,PG,26,SAS,2,0,9.5,1.0,3.0,.333,0.0,2.0,.000,1.0,1.0,1.000,.333,0.0,0.0,,0.0,0.5,0.5,0.5,0.5,0.0,0.5,1.0,2.0,2012
11649,114,Justin Dentmon,PG,26,TOR,4,0,18.0,2.0,5.5,.364,0.5,2.5,.200,1.5,3.0,.500,.409,1.0,1.5,.667,0.0,1.8,1.8,2.3,0.3,0.0,1.5,2.0,5.5,2012
11650,115,DeMar DeRozan,SG,22,TOR,63,63,35.0,6.0,14.3,.422,0.4,1.5,.261,5.7,12.9,.440,.435,4.3,5.3,.810,0.6,2.7,3.3,2.0,0.8,0.3,2.0,2.6,16.7,2012
11651,116,Boris Diaw,PF,29,TOT,57,35,25.0,2.7,6.2,.444,0.5,1.7,.313,2.2,4.4,.496,.489,0.4,0.6,.629,1.2,3.7,4.9,3.6,0.6,0.4,2.0,2.2,6.4,2012
11652,116,Boris Diaw,PF,29,CHA,37,28,27.5,3.1,7.6,.410,0.6,2.3,.267,2.5,5.3,.472,.451,0.5,0.7,.630,1.3,4.0,5.3,4.3,0.5,0.5,2.3,1.9,7.4,2012
11653,116,Boris Diaw,PF,29,SAS,20,7,20.3,2.0,3.4,.588,0.4,0.7,.615,1.6,2.8,.582,.647,0.3,0.4,.625,1.2,3.1,4.3,2.4,0.7,0.3,1.4,2.7,4.7,2012
11654,117,Ike Diogu,PF,28,SAS,2,0,7.0,0.0,1.0,.000,0.0,0.0,,0.0,1.0,.000,.000,1.0,1.0,1.000,0.0,0.5,0.5,0.0,0.0,0.0,0.5,0.5,1.0,2012
11655,118,DeSagana Diop,C,30,CHA,27,9,12.0,0.6,1.6,.357,0.0,0.0,,0.6,1.6,.357,.357,0.0,0.2,.167,1.2,1.9,3.1,0.9,0.2,0.5,0.7,1.3,1.1,2012
11656,119,Keyon Dooling,SG,31,BOS,46,2,14.4,1.4,3.5,.405,0.6,1.8,.333,0.8,1.8,.476,.488,0.5,0.7,.742,0.1,0.8,0.8,1.1,0.3,0.0,0.7,1.2,4.0,2012
11657,120,Toney Douglas,PG,25,NYK,38,9,17.3,2.5,7.6,.324,0.7,3.1,.231,1.8,4.6,.387,.371,0.6,0.7,.846,0.4,1.5,1.9,2.0,0.8,0.0,1.5,1.4,6.2,2012
11658,Rk,Player,Pos,Age,Tm,G,GS,MP,FG,FGA,FG%,3P,3PA,3P%,2P,2PA,2P%,eFG%,FT,FTA,FT%,ORB,DRB,TRB,AST,STL,BLK,TOV,PF,PTS,2012
11659,121,Goran Dragić,PG,25,HOU,66,28,26.5,4.2,9.1,.462,1.0,3.1,.337,3.2,6.0,.525,.518,2.3,2.9,.805,0.8,1.7,2.5,5.3,1.3,0.2,2.4,2.5,11.7,2012
11660,122,Jared Dudley,SG,26,PHO,65,60,31.1,4.8,9.9,.485,1.2,3.2,.383,3.6,6.7,.535,.547,1.8,2.5,.726,1.5,3.2,4.6,1.7,0.8,0.3,1.1,1.6,12.7,2012
11661,123,Chris Duhon,PG,29,ORL,63,9,19.5,1.3,3.2,.419,0.8,1.9,.420,0.6,1.3,.417,.542,0.3,0.3,.810,0.2,1.4,1.6,2.4,0.6,0.1,1.3,1.1,3.8,2012
11662,124,Tim Duncan*,C,35,SAS,58,58,28.2,6.2,12.6,.492,0.0,0.1,.000,6.2,12.6,.495,.492,3.0,4.3,.695,1.9,7.1,9.0,2.3,0.7,1.5,1.7,1.7,15.4,2012
11663,125,Mike Dunleavy,SF,31,MIL,55,3,26.3,4.3,9.2,.474,1.5,3.8,.399,2.8,5.4,.527,.557,2.1,2.6,.811,0.5,3.2,3.7,2.1,0.5,0.1,1.1,1.6,12.3,2012
11664,126,Kevin Durant,SF,23,OKC,66,66,38.6,9.7,19.7,.496,2.0,5.2,.387,7.7,14.4,.535,.547,6.5,7.6,.860,0.6,7.4,8.0,3.5,1.3,1.2,3.8,2.0,28.0,2012
11665,127,Jerome Dyson,PG,24,NOH,9,1,20.0,2.1,5.3,.396,0.1,0.9,.125,2.0,4.4,.450,.406,3.1,4.0,.778,0.2,1.9,2.1,2.0,1.2,0.2,2.2,2.1,7.4,2012
11666,128,Devin Ebanks,SG,22,LAL,24,12,16.5,1.5,3.7,.416,0.0,0.4,.000,1.5,3.3,.463,.416,1.0,1.5,.657,1.1,1.2,2.3,0.5,0.5,0.3,0.8,1.1,4.0,2012
11667,129,Wayne Ellington,SG,24,MIN,51,4,19.1,2.4,5.9,.404,0.7,2.1,.324,1.7,3.8,.448,.462,0.6,0.8,.800,0.3,1.7,1.9,0.6,0.5,0.2,0.5,1.1,6.1,2012
11668,130,Monta Ellis,SG,26,TOT,58,58,36.6,7.8,17.9,.433,1.1,3.5,.308,6.7,14.5,.462,.463,3.8,4.7,.796,0.3,3.1,3.4,6.0,1.5,0.3,3.1,2.3,20.4,2012
11669,130,Monta Ellis,SG,26,GSW,37,37,36.9,8.2,19.0,.433,1.4,4.2,.321,6.9,14.8,.465,.469,4.1,5.0,.812,0.4,3.0,3.4,6.0,1.5,0.3,3.3,2.3,21.9,2012
11670,130,Monta Ellis,SG,26,MIL,21,21,36.0,6.9,16.0,.432,0.6,2.1,.267,6.3,13.9,.457,.449,3.2,4.2,.764,0.2,3.3,3.5,5.9,1.4,0.3,2.6,2.5,17.6,2012
11671,131,Francisco Elson,C,35,PHI,5,0,3.2,0.2,0.6,.333,0.0,0.0,,0.2,0.6,.333,.333,0.0,0.0,,0.0,0.2,0.2,0.2,0.2,0.2,0.2,0.0,0.4,2012
11672,132,Andre Emmett,SF,29,NJN,6,0,7.5,0.7,1.2,.571,0.0,0.2,.000,0.7,1.0,.667,.571,0.8,1.3,.625,0.3,0.7,1.0,0.2,0.3,0.2,0.3,0.3,2.2,2012
11673,133,Semih Erden,C,25,CLE,28,9,11.9,1.4,2.6,.527,0.0,0.0,,1.4,2.6,.527,.527,0.8,1.5,.512,0.7,1.9,2.6,0.3,0.4,0.2,0.6,2.1,3.5,2012
11674,134,Jeremy Evans,SF,24,UTA,29,0,7.5,0.9,1.4,.643,0.0,0.0,.000,0.9,1.4,.659,.643,0.3,0.6,.500,0.7,1.1,1.7,0.4,0.2,0.8,0.2,0.8,2.1,2012
11675,135,Maurice Evans,SF,33,WAS,24,0,14.3,1.9,4.7,.402,0.7,1.9,.378,1.2,2.8,.418,.478,0.4,0.5,.769,0.3,0.7,1.0,0.4,0.6,0.0,0.4,1.5,4.9,2012
11676,136,Reggie Evans,PF,31,LAC,56,0,13.8,0.6,1.3,.472,0.0,0.0,,0.6,1.3,.472,.472,0.6,1.3,.507,1.8,3.1,4.8,0.3,0.6,0.1,0.8,2.1,1.9,2012
11677,137,Tyreke Evans,SG,22,SAC,63,61,34.3,6.5,14.3,.453,0.3,1.6,.202,6.2,12.7,.484,.464,3.2,4.1,.779,1.0,3.6,4.6,4.5,1.3,0.5,2.7,2.2,16.5,2012
11678,138,Christian Eyenga,SF,22,TOT,7,0,14.6,0.9,3.6,.240,0.1,0.4,.333,0.7,3.1,.227,.260,0.6,1.1,.500,0.6,1.4,2.0,0.7,0.4,0.7,0.4,1.0,2.4,2012
11679,138,Christian Eyenga,SF,22,CLE,6,0,13.8,0.5,3.2,.158,0.2,0.3,.500,0.3,2.8,.118,.184,0.3,1.0,.333,0.5,1.5,2.0,0.7,0.5,0.7,0.3,1.2,1.5,2012
11680,138,Christian Eyenga,SF,22,LAL,1,0,19.0,3.0,6.0,.500,0.0,1.0,.000,3.0,5.0,.600,.500,2.0,2.0,1.000,1.0,1.0,2.0,1.0,0.0,1.0,1.0,0.0,8.0,2012
11681,139,Kenneth Faried,PF,22,DEN,46,39,22.5,3.9,6.7,.586,0.0,0.0,,3.9,6.7,.586,.586,2.4,3.6,.665,3.1,4.6,7.7,0.8,0.7,1.0,1.2,2.5,10.2,2012
11682,140,Jordan Farmar,PG,25,NJN,39,5,21.3,3.8,8.1,.467,1.4,3.2,.440,2.4,4.9,.484,.554,1.5,1.6,.905,0.2,1.4,1.6,3.3,0.6,0.1,1.7,1.3,10.4,2012
11683,Rk,Player,Pos,Age,Tm,G,GS,MP,FG,FGA,FG%,3P,3PA,3P%,2P,2PA,2P%,eFG%,FT,FTA,FT%,ORB,DRB,TRB,AST,STL,BLK,TOV,PF,PTS,2012
11684,141,Derrick Favors,PF,20,UTA,65,9,21.2,3.4,6.8,.499,0.0,0.0,,3.4,6.8,.499,.499,1.9,3.0,.649,2.4,4.1,6.5,0.7,0.6,1.0,1.6,2.2,8.8,2012
11685,142,Raymond Felton,PG,27,POR,60,56,31.8,4.4,10.7,.407,1.0,3.4,.305,3.3,7.3,.453,.455,1.7,2.1,.806,0.5,2.0,2.5,6.5,1.3,0.2,2.8,2.0,11.4,2012
11686,143,Rudy Fernández,SG,26,DEN,31,1,22.9,3.2,7.3,.440,1.3,3.9,.328,1.9,3.3,.573,.529,1.0,1.4,.698,0.3,1.8,2.1,2.4,1.0,0.1,1.3,1.2,8.6,2012
11687,144,Kyrylo Fesenko,C,25,IND,3,0,5.7,0.7,1.7,.400,0.0,0.0,,0.7,1.7,.400,.400,1.3,2.0,.667,0.7,2.3,3.0,0.3,0.7,0.0,0.0,0.7,2.7,2012
11688,145,Landry Fields,SG,23,NYK,66,62,28.7,3.6,7.8,.460,0.5,1.8,.256,3.1,5.9,.523,.490,1.2,2.1,.562,0.9,3.3,4.2,2.6,1.2,0.3,1.5,1.5,8.8,2012
11689,146,Derek Fisher,PG,37,TOT,63,43,23.9,2.0,5.5,.371,0.6,1.7,.321,1.5,3.8,.393,.421,0.9,1.1,.851,0.2,1.7,1.9,2.7,0.8,0.1,1.2,1.9,5.6,2012
11690,146,Derek Fisher,PG,37,LAL,43,43,25.6,2.1,5.6,.383,0.6,1.7,.324,1.6,3.9,.410,.433,1.0,1.2,.830,0.2,1.9,2.1,3.3,0.9,0.1,1.3,2.0,5.9,2012
11691,146,Derek Fisher,PG,37,OKC,20,0,20.4,1.9,5.4,.343,0.6,1.8,.314,1.3,3.7,.356,.394,0.7,0.7,.929,0.1,1.4,1.5,1.4,0.6,0.1,0.8,1.6,4.9,2012
11692,147,Jonny Flynn,PG,22,TOT,29,1,14.3,1.6,4.5,.351,0.3,1.2,.294,1.2,3.3,.371,.389,1.0,1.3,.744,0.3,1.1,1.3,3.3,0.2,0.1,1.2,0.8,4.5,2012
11693,147,Jonny Flynn,PG,22,HOU,11,0,12.3,1.1,3.7,.293,0.2,0.8,.222,0.9,2.9,.313,.317,1.0,1.3,.786,0.1,0.6,0.7,2.5,0.3,0.1,0.8,0.7,3.4,2012
11694,147,Jonny Flynn,PG,22,POR,18,1,15.6,1.9,5.0,.378,0.4,1.4,.320,1.4,3.6,.400,.422,1.0,1.4,.720,0.4,1.3,1.7,3.8,0.2,0.1,1.5,0.8,5.2,2012
11695,148,Jeff Foote,C,24,NOH,4,0,9.8,0.5,1.5,.333,0.0,0.0,,0.5,1.5,.333,.333,0.0,0.0,,0.3,1.3,1.5,0.0,0.0,0.3,0.5,1.3,1.0,2012
11696,149,Gary Forbes,SG,26,TOR,48,2,14.9,2.3,5.6,.413,0.6,1.7,.349,1.7,3.9,.441,.467,1.4,1.9,.725,0.6,1.6,2.1,1.1,0.5,0.1,1.1,1.2,6.6,2012
11697,150,T.J. Ford,PG,28,SAS,14,0,13.6,1.4,3.1,.442,0.1,0.6,.250,1.2,2.5,.486,.465,0.8,1.0,.786,0.2,1.1,1.3,3.2,0.6,0.1,1.6,1.6,3.6,2012
11698,151,Courtney Fortson,PG,23,TOT,10,0,9.5,1.1,3.2,.344,0.3,1.3,.231,0.8,1.9,.421,.391,1.0,1.5,.667,0.6,0.9,1.5,1.0,0.3,0.0,1.0,0.5,3.5,2012
11699,151,Courtney Fortson,PG,23,LAC,4,0,11.5,1.3,3.0,.417,0.3,1.0,.250,1.0,2.0,.500,.458,1.5,2.3,.667,1.0,1.0,2.0,1.3,0.0,0.0,1.3,0.8,4.3,2012
11700,151,Courtney Fortson,PG,23,HOU,6,0,8.2,1.0,3.3,.300,0.3,1.5,.222,0.7,1.8,.364,.350,0.7,1.0,.667,0.3,0.8,1.2,0.8,0.5,0.0,0.8,0.3,3.0,2012
11701,152,Jeff Foster,C,35,IND,11,0,12.8,0.8,1.6,.500,0.1,0.1,1.000,0.7,1.5,.471,.528,0.5,0.8,.667,1.6,2.2,3.8,0.4,0.7,0.1,0.6,2.4,2.3,2012
11702,153,Randy Foye,SG,28,LAC,65,48,25.9,3.9,9.9,.398,2.0,5.1,.386,2.0,4.8,.410,.496,1.1,1.3,.859,0.4,1.7,2.1,2.2,0.7,0.4,1.1,2.0,11.0,2012
11703,154,Jimmer Fredette,PG,22,SAC,61,7,18.6,2.8,7.3,.386,1.3,3.5,.361,1.5,3.8,.409,.473,0.7,0.8,.833,0.3,0.9,1.2,1.8,0.5,0.0,1.1,1.2,7.6,2012
11704,155,Enes Freedom,C,19,UTA,66,0,13.2,1.8,3.6,.496,0.0,0.0,.000,1.8,3.6,.498,.496,1.1,1.6,.667,1.6,2.6,4.2,0.1,0.3,0.3,0.8,1.3,4.6,2012
11705,156,Channing Frye,PF,28,PHO,64,59,26.1,4.0,9.6,.416,1.4,4.1,.346,2.6,5.5,.469,.490,1.1,1.3,.890,1.1,4.8,5.9,1.4,0.7,1.1,1.0,2.8,10.5,2012
11706,157,Dan Gadzuric,C,33,NYK,2,0,6.5,0.0,1.0,.000,0.0,0.0,,0.0,1.0,.000,.000,0.0,1.0,.000,0.5,2.0,2.5,0.0,0.5,0.5,0.5,2.0,0.0,2012
11707,158,Sundiata Gaines,SG,25,NJN,57,12,13.9,1.8,4.8,.376,0.5,1.4,.341,1.3,3.3,.392,.428,1.0,1.7,.615,0.5,1.4,1.9,2.2,1.0,0.0,0.9,1.0,5.1,2012
11708,159,Danilo Gallinari,SF,23,DEN,43,40,31.4,4.5,10.8,.414,1.4,4.3,.328,3.1,6.6,.470,.479,4.2,4.9,.871,0.7,4.0,4.7,2.7,1.0,0.5,1.6,2.0,14.6,2012
11709,160,Francisco García,SF,30,SAC,49,3,16.3,1.8,4.7,.376,0.8,2.7,.290,1.0,2.0,.490,.459,0.5,0.6,.800,0.2,1.8,2.0,0.6,0.7,0.8,0.4,1.5,4.8,2012
11710,Rk,Player,Pos,Age,Tm,G,GS,MP,FG,FGA,FG%,3P,3PA,3P%,2P,2PA,2P%,eFG%,FT,FTA,FT%,ORB,DRB,TRB,AST,STL,BLK,TOV,PF,PTS,2012
11711,161,Kevin Garnett*,C,35,BOS,60,60,31.1,6.5,13.0,.503,0.1,0.2,.333,6.5,12.8,.505,.505,2.7,3.2,.857,1.1,7.1,8.2,2.9,0.9,1.0,1.8,2.4,15.8,2012
11712,162,Marc Gasol,C,27,MEM,65,65,36.5,5.5,11.4,.482,0.0,0.2,.083,5.5,11.2,.489,.483,3.6,4.9,.748,1.8,7.1,8.9,3.1,1.0,1.9,1.9,3.1,14.6,2012
11713,163,Pau Gasol,PF,31,LAL,65,65,37.4,7.1,14.1,.501,0.1,0.4,.259,7.0,13.7,.508,.504,3.1,4.0,.782,2.8,7.6,10.4,3.6,0.6,1.4,2.2,2.0,17.4,2012
11714,164,Rudy Gay,SF,25,MEM,65,65,37.3,7.5,16.4,.455,0.8,2.7,.312,6.6,13.8,.482,.480,3.2,4.0,.791,2.0,4.4,6.4,2.3,1.5,0.8,2.5,2.1,19.0,2012
11715,165,Alonzo Gee,SG,24,CLE,63,31,29.0,3.6,8.7,.412,0.7,2.2,.321,2.9,6.6,.442,.452,2.7,3.4,.788,1.6,3.5,5.1,1.8,1.3,0.3,1.8,2.4,10.6,2012
11716,166,Paul George,SG,21,IND,66,66,29.7,4.3,9.7,.440,1.4,3.5,.385,2.9,6.1,.472,.510,2.2,2.8,.802,0.8,4.8,5.6,2.4,1.6,0.6,1.8,2.9,12.1,2012
11717,167,Daniel Gibson,SG,25,CLE,35,7,26.2,2.5,7.1,.351,1.6,4.0,.396,0.9,3.1,.294,.462,1.0,1.2,.791,0.3,2.6,2.9,2.2,0.7,0.5,1.3,2.0,7.5,2012
11718,168,Taj Gibson,PF,26,CHI,63,0,20.4,3.2,6.4,.495,0.0,0.0,,3.2,6.4,.495,.495,1.3,2.1,.622,2.1,3.1,5.3,0.7,0.4,1.3,1.0,2.1,7.7,2012
11719,169,Manu Ginóbili*,SG,34,SAS,34,7,23.3,4.4,8.4,.526,1.5,3.7,.413,2.9,4.7,.616,.618,2.6,3.0,.871,0.5,2.9,3.4,4.4,0.7,0.4,1.9,1.6,12.9,2012
11720,170,Mickell Gladness,PF,25,TOT,26,7,9.7,1.0,2.3,.424,0.0,0.0,,1.0,2.3,.424,.424,0.2,0.5,.500,0.5,1.7,2.2,0.2,0.2,0.8,0.3,1.2,2.2,2012
11721,170,Mickell Gladness,PF,25,MIA,8,0,3.5,0.1,0.4,.333,0.0,0.0,,0.1,0.4,.333,.333,0.0,0.0,,0.1,1.3,1.4,0.3,0.1,0.1,0.4,1.0,0.3,2012
11722,170,Mickell Gladness,PF,25,GSW,18,7,12.4,1.3,3.1,.429,0.0,0.0,,1.3,3.1,.429,.429,0.3,0.7,.500,0.7,1.9,2.6,0.2,0.2,1.1,0.2,1.3,3.0,2012
11723,171,Ryan Gomes,SF,29,LAC,32,2,13.3,1.0,3.0,.326,0.1,0.9,.138,0.8,2.1,.409,.347,0.3,0.3,.727,0.4,1.5,1.9,0.4,0.5,0.0,0.5,1.1,2.3,2012
11724,172,Drew Gooden,C,30,MIL,56,46,26.2,5.1,11.7,.437,0.3,1.0,.291,4.8,10.8,.450,.449,3.1,3.7,.846,2.3,4.2,6.5,2.6,0.8,0.6,1.9,2.0,13.7,2012
11725,173,Ben Gordon,SG,28,DET,52,21,26.9,4.5,10.2,.442,1.2,2.8,.429,3.3,7.4,.446,.501,2.3,2.6,.860,0.3,2.1,2.3,2.4,0.7,0.2,2.2,2.2,12.5,2012
11726,174,Eric Gordon,SG,23,NOH,9,9,34.4,7.0,15.6,.450,1.1,4.4,.250,5.9,11.1,.530,.486,5.4,7.2,.754,0.2,2.6,2.8,3.4,1.4,0.4,2.7,2.2,20.6,2012
11727,175,Marcin Gortat,C,27,PHO,66,66,32.0,6.5,11.7,.555,0.0,0.0,.000,6.5,11.6,.557,.555,2.5,3.8,.649,2.8,7.2,10.0,0.9,0.7,1.5,1.4,2.2,15.4,2012
11728,176,Andrew Goudelock,SG,23,LAL,40,0,10.5,1.7,4.4,.391,0.7,1.9,.373,1.0,2.5,.404,.471,0.3,0.3,.917,0.1,0.7,0.8,0.5,0.1,0.0,0.5,0.8,4.4,2012
11729,177,Danny Granger,SF,28,IND,62,62,33.3,6.3,15.2,.416,2.0,5.2,.381,4.3,10.0,.434,.481,4.1,4.7,.873,1.3,3.7,5.0,1.8,1.0,0.6,1.8,2.3,18.7,2012
11730,178,Aaron Gray,C,27,TOR,49,40,16.6,1.7,3.3,.516,0.0,0.0,,1.7,3.3,.516,.516,0.5,1.0,.532,1.7,4.0,5.7,0.6,0.4,0.3,1.0,2.6,3.9,2012
11731,179,Danny Green,SG,24,SAS,66,38,23.1,3.2,7.2,.442,1.5,3.5,.436,1.7,3.7,.449,.549,1.2,1.5,.790,0.8,2.6,3.5,1.3,0.9,0.7,1.0,1.6,9.1,2012
11732,180,Gerald Green,SF,26,NJN,31,2,25.2,5.0,10.3,.481,1.4,3.5,.391,3.6,6.8,.529,.548,1.6,2.1,.754,0.5,3.0,3.5,1.1,0.9,0.5,1.8,2.6,12.9,2012
11733,Rk,Player,Pos,Age,Tm,G,GS,MP,FG,FGA,FG%,3P,3PA,3P%,2P,2PA,2P%,eFG%,FT,FTA,FT%,ORB,DRB,TRB,AST,STL,BLK,TOV,PF,PTS,2012
11734,181,Willie Green,SG,30,ATL,53,2,17.4,2.9,6.1,.471,0.9,2.1,.442,1.9,4.0,.486,.548,0.9,1.1,.857,0.3,1.2,1.5,0.8,0.4,0.1,0.6,1.4,7.6,2012
11735,182,Donté Greene,PF,23,SAC,53,7,14.7,2.0,5.0,.406,0.5,2.0,.238,1.6,3.0,.516,.453,0.8,1.0,.800,0.4,2.2,2.5,0.6,0.3,0.5,0.6,1.3,5.4,2012
11736,183,Blake Griffin,PF,22,LAC,66,66,36.2,8.5,15.5,.549,0.0,0.2,.125,8.5,15.2,.556,.550,3.7,7.1,.521,3.3,7.6,10.9,3.2,0.8,0.7,2.3,3.3,20.7,2012
11737,184,Hamed Haddadi,C,26,MEM,35,0,5.9,0.7,1.4,.542,0.0,0.0,.000,0.7,1.3,.553,.542,0.5,0.7,.692,0.8,1.2,2.0,0.2,0.0,0.7,0.6,1.2,2.0,2012
11738,185,Jordan Hamilton,SF,21,DEN,26,2,9.9,1.8,4.3,.432,0.7,1.8,.362,1.2,2.5,.484,.509,0.1,0.2,.400,0.4,2.0,2.4,0.8,0.2,0.1,0.6,0.6,4.4,2012
11739,186,Richard Hamilton,SG,33,CHI,28,28,24.9,5.0,11.1,.452,0.6,1.6,.370,4.4,9.4,.466,.479,1.0,1.3,.784,0.7,1.6,2.4,3.0,0.4,0.0,1.8,2.0,11.6,2012
11740,187,Tyler Hansbrough,PF,26,IND,66,0,21.8,2.9,7.3,.405,0.0,0.0,.000,2.9,7.2,.406,.405,3.4,4.2,.813,1.7,2.7,4.4,0.5,0.8,0.1,1.0,2.4,9.3,2012
11741,188,Luke Harangody,PF,24,CLE,21,1,11.0,1.1,3.1,.354,0.2,1.0,.238,0.9,2.1,.409,.392,0.4,0.6,.750,1.0,1.6,2.5,0.3,0.3,0.1,0.2,0.8,2.9,2012
11742,189,James Harden,SG,22,OKC,62,2,31.4,5.0,10.1,.491,1.8,4.7,.390,3.1,5.4,.579,.582,5.0,6.0,.846,0.5,3.6,4.1,3.7,1.0,0.2,2.2,2.4,16.8,2012
11743,190,Justin Harper,PF,22,ORL,14,0,6.0,0.6,2.2,.290,0.1,0.9,.154,0.5,1.3,.389,.323,0.0,0.1,.000,0.2,0.6,0.9,0.1,0.1,0.2,0.4,0.4,1.4,2012
11744,191,Josh Harrellson,PF,22,NYK,37,4,14.6,1.7,4.0,.423,0.5,1.6,.339,1.2,2.4,.478,.490,0.4,0.7,.615,1.3,2.6,3.9,0.3,0.6,0.5,0.5,1.3,4.4,2012
11745,192,Al Harrington,PF,31,DEN,64,1,27.5,5.4,12.1,.446,1.6,4.7,.333,3.8,7.3,.519,.512,1.9,2.8,.676,1.1,5.0,6.1,1.4,0.9,0.2,1.8,2.8,14.2,2012
11746,193,Devin Harris,PG,28,UTA,63,63,27.6,3.8,8.6,.445,1.2,3.4,.362,2.6,5.2,.498,.516,2.5,3.3,.746,0.2,1.6,1.8,5.0,1.0,0.2,1.9,2.2,11.3,2012
11747,194,Manny Harris,SG,22,CLE,26,5,17.5,2.3,5.8,.400,0.5,1.4,.333,1.8,4.4,.421,.440,1.6,2.3,.695,0.4,2.3,2.7,1.2,0.5,0.2,1.0,1.1,6.7,2012
11748,195,Terrel Harris,SG,24,MIA,22,1,14.5,1.3,3.8,.349,0.4,1.8,.205,1.0,2.0,.477,.398,0.6,1.0,.667,0.8,1.5,2.3,1.2,0.4,0.1,1.1,1.5,3.6,2012
11749,196,Tobias Harris,SF,19,MIL,42,9,11.4,1.9,4.0,.467,0.1,0.5,.261,1.7,3.5,.500,.485,1.0,1.3,.815,0.7,1.7,2.4,0.5,0.3,0.2,0.7,1.1,5.0,2012
11750,197,Udonis Haslem,PF,31,MIA,64,10,24.8,2.4,5.6,.423,0.0,0.0,,2.4,5.6,.423,.423,1.3,1.6,.814,1.8,5.5,7.3,0.7,0.5,0.4,0.9,2.2,6.0,2012
11751,198,Spencer Hawes,C,23,PHI,37,29,24.9,4.2,8.6,.489,0.1,0.3,.250,4.1,8.3,.498,.494,1.1,1.5,.727,2.1,5.2,7.3,2.6,0.4,1.3,1.5,2.7,9.6,2012
11752,199,Chuck Hayes,C,28,SAC,54,9,19.2,1.4,3.1,.429,0.0,0.0,.000,1.4,3.1,.435,.429,0.5,0.7,.667,1.3,3.0,4.3,1.4,0.7,0.3,0.9,2.1,3.2,2012
11753,200,Gordon Hayward,SF,21,UTA,66,58,30.5,4.0,8.9,.456,0.8,2.4,.346,3.2,6.5,.496,.503,2.9,3.5,.832,0.9,2.6,3.5,3.1,0.8,0.6,1.7,1.6,11.8,2012
11754,Rk,Player,Pos,Age,Tm,G,GS,MP,FG,FGA,FG%,3P,3PA,3P%,2P,2PA,2P%,eFG%,FT,FTA,FT%,ORB,DRB,TRB,AST,STL,BLK,TOV,PF,PTS,2012
11755,201,Lazar Hayward,SF,25,OKC,26,0,5.4,0.5,1.5,.342,0.2,0.5,.286,0.3,0.9,.375,.395,0.3,0.5,.583,0.1,0.5,0.6,0.2,0.1,0.0,0.3,0.7,1.4,2012
11756,202,Brendan Haywood,C,32,DAL,54,54,21.2,2.2,4.2,.518,0.0,0.0,,2.2,4.2,.518,.518,0.8,1.8,.469,2.6,3.4,6.0,0.4,0.4,1.0,0.9,2.2,5.2,2012
11757,203,Gerald Henderson,SG,24,CHA,55,55,33.3,6.0,13.1,.459,0.2,0.9,.234,5.8,12.3,.475,.467,2.8,3.7,.760,1.2,2.9,4.1,2.3,0.9,0.4,1.8,2.3,15.1,2012
11758,204,Xavier Henry,SG,20,NOH,45,0,16.9,2.0,5.1,.395,0.2,0.4,.412,1.8,4.7,.393,.410,1.2,1.9,.612,0.5,1.8,2.4,0.8,0.6,0.2,0.8,1.3,5.3,2012
11759,205,Roy Hibbert,C,25,IND,65,65,29.8,5.1,10.3,.497,0.0,0.0,.000,5.1,10.3,.498,.497,2.6,3.7,.711,3.3,5.5,8.8,1.7,0.5,2.0,2.0,3.0,12.8,2012
11760,206,J.J. Hickson,PF,23,TOT,54,19,23.0,3.4,7.3,.467,0.0,0.0,.000,3.4,7.2,.469,.467,1.6,2.5,.642,2.5,3.7,6.2,0.8,0.6,0.6,1.3,1.6,8.4,2012
11761,206,J.J. Hickson,PF,23,SAC,35,9,18.4,1.8,4.9,.370,0.0,0.0,.000,1.8,4.9,.372,.370,1.1,1.7,.638,1.9,3.1,5.1,0.6,0.5,0.5,1.1,1.3,4.7,2012
11762,206,J.J. Hickson,PF,23,POR,19,10,31.6,6.3,11.5,.543,0.0,0.1,.000,6.3,11.5,.546,.543,2.6,4.0,.645,3.5,4.8,8.3,1.2,0.6,0.9,1.6,2.2,15.1,2012
11763,207,Cory Higgins,PG,22,CHA,38,0,11.1,1.4,4.2,.325,0.1,0.5,.200,1.3,3.7,.343,.338,1.1,1.6,.700,0.2,0.7,0.9,0.9,0.1,0.2,1.0,1.1,3.9,2012
11764,208,Nenê,C,29,TOT,39,33,28.5,5.4,10.1,.537,0.0,0.1,.000,5.4,10.0,.542,.537,2.9,4.3,.673,1.6,5.8,7.5,2.1,1.1,1.0,2.5,2.4,13.7,2012
11765,208,Nenê,C,29,DEN,28,27,29.5,5.1,10.0,.509,0.0,0.1,.000,5.1,10.0,.513,.509,3.2,4.8,.677,1.5,5.9,7.4,2.2,1.3,0.9,2.8,2.5,13.4,2012
11766,208,Nenê,C,29,WAS,11,6,25.8,6.2,10.2,.607,0.0,0.2,.000,6.2,10.0,.618,.607,2.1,3.2,.657,1.8,5.7,7.5,1.7,0.5,1.2,1.7,2.4,14.5,2012
11767,209,George Hill,PG,25,IND,50,9,25.5,3.4,7.6,.442,1.1,2.9,.367,2.3,4.7,.489,.513,1.8,2.3,.778,0.6,2.4,3.0,2.9,0.8,0.3,1.0,2.0,9.6,2012
11768,210,Grant Hill*,SF,39,PHO,49,46,28.1,4.1,9.2,.446,0.3,1.1,.264,3.8,8.1,.470,.461,1.7,2.2,.761,0.6,2.9,3.5,2.2,0.8,0.6,1.3,1.8,10.2,2012
11769,211,Jordan Hill,C,24,TOT,39,8,14.1,2.1,4.2,.497,0.0,0.1,.000,2.1,4.2,.506,.497,0.8,1.2,.638,1.6,3.2,4.8,0.4,0.4,0.7,0.8,1.8,5.0,2012
11770,211,Jordan Hill,C,24,HOU,32,7,14.7,2.1,4.2,.504,0.0,0.1,.000,2.1,4.1,.515,.504,0.8,1.2,.641,1.5,3.4,4.8,0.4,0.3,0.7,0.8,1.9,5.0,2012
11771,211,Jordan Hill,C,24,LAL,7,1,11.7,2.0,4.3,.467,0.0,0.0,,2.0,4.3,.467,.467,0.7,1.1,.625,2.0,2.4,4.4,0.3,0.7,0.9,1.0,1.6,4.7,2012
11772,212,Kirk Hinrich,SG,31,ATL,48,31,25.8,2.5,6.1,.414,1.0,2.8,.346,1.6,3.3,.472,.493,0.5,0.7,.781,0.2,1.9,2.1,2.8,0.8,0.2,1.2,2.1,6.6,2012
11773,213,Darington Hobson,SG,24,MIL,5,0,7.8,0.4,2.6,.154,0.0,1.2,.000,0.4,1.4,.286,.154,0.0,0.0,,0.0,0.6,0.6,1.2,0.0,0.0,0.4,0.2,0.8,2012
11774,214,Jrue Holiday,PG,21,PHI,65,65,33.8,5.5,12.8,.432,1.0,2.6,.380,4.5,10.2,.445,.471,1.4,1.8,.783,0.9,2.4,3.3,4.5,1.6,0.3,2.1,2.1,13.5,2012
11775,215,Ryan Hollins,C,27,TOT,39,8,13.4,1.2,2.2,.548,0.0,0.0,,1.2,2.2,.548,.548,1.0,1.9,.520,0.9,1.2,2.1,0.2,0.1,0.4,0.9,2.0,3.4,2012
11776,215,Ryan Hollins,C,27,CLE,24,7,15.1,1.2,2.3,.500,0.0,0.0,,1.2,2.3,.500,.500,1.4,2.3,.600,1.0,1.3,2.3,0.3,0.2,0.5,1.0,2.3,3.7,2012
11777,215,Ryan Hollins,C,27,BOS,15,1,10.7,1.2,1.9,.643,0.0,0.0,,1.2,1.9,.643,.643,0.4,1.3,.300,0.6,1.1,1.7,0.2,0.1,0.3,0.7,1.5,2.8,2012
11778,216,Tyler Honeycutt,SF,21,SAC,15,0,5.9,0.5,1.6,.333,0.1,0.2,.333,0.5,1.4,.333,.354,0.2,0.3,.600,0.2,0.7,0.9,0.5,0.3,0.2,0.1,0.2,1.3,2012
11779,217,Al Horford,C,25,ATL,11,11,31.6,5.2,9.4,.553,0.0,0.1,.000,5.2,9.3,.559,.553,2.0,2.7,.733,2.4,4.6,7.0,2.2,0.9,1.3,1.5,1.9,12.4,2012
11780,218,Dennis Horner,PF,23,NJN,8,0,2.8,0.1,0.5,.250,0.0,0.1,.000,0.1,0.4,.333,.250,0.4,0.5,.750,0.3,0.4,0.6,0.0,0.0,0.0,0.1,0.1,0.6,2012
11781,219,Dwight Howard,C,26,ORL,54,54,38.3,7.7,13.4,.573,0.0,0.1,.000,7.7,13.3,.579,.573,5.2,10.6,.491,3.7,10.8,14.5,1.9,1.5,2.1,3.2,2.9,20.6,2012
11782,220,Josh Howard,SF,31,UTA,43,18,23.0,3.3,8.4,.399,0.2,0.9,.243,3.1,7.5,.417,.411,1.7,2.3,.773,0.9,2.8,3.7,1.2,0.7,0.2,1.2,2.1,8.7,2012
11783,Rk,Player,Pos,Age,Tm,G,GS,MP,FG,FGA,FG%,3P,3PA,3P%,2P,2PA,2P%,eFG%,FT,FTA,FT%,ORB,DRB,TRB,AST,STL,BLK,TOV,PF,PTS,2012
11784,221,Juwan Howard,PF,38,MIA,28,0,6.8,0.6,2.0,.309,0.0,0.0,,0.6,2.0,.309,.309,0.3,0.4,.800,0.6,1.0,1.7,0.4,0.1,0.0,0.7,0.6,1.5,2012
11785,222,Lester Hudson,PG,27,TOT,16,0,20.9,3.9,10.1,.383,1.0,4.0,.250,2.9,6.1,.469,.432,2.1,2.6,.829,0.4,2.4,2.9,2.3,0.9,0.2,2.0,1.6,10.9,2012
11786,222,Lester Hudson,PG,27,CLE,13,0,24.2,4.5,11.6,.391,1.2,4.7,.246,3.4,6.9,.489,.440,2.5,2.9,.842,0.5,3.0,3.5,2.7,1.1,0.2,2.3,2.0,12.7,2012
11787,222,Lester Hudson,PG,27,MEM,3,0,6.7,1.0,3.7,.273,0.3,1.0,.333,0.7,2.7,.250,.318,0.7,1.0,.667,0.0,0.0,0.0,0.3,0.0,0.0,0.7,0.0,3.0,2012
11788,223,Larry Hughes,PG,33,ORL,9,0,12.7,0.6,2.4,.227,0.1,0.8,.143,0.4,1.7,.267,.250,0.1,0.2,.500,0.1,0.4,0.6,0.8,0.2,0.0,1.3,1.1,1.3,2012
11789,224,Kris Humphries,PF,26,NJN,62,62,34.9,5.2,10.8,.481,0.0,0.0,,5.2,10.8,.481,.481,3.4,4.5,.752,3.8,7.2,11.0,1.5,0.8,1.2,1.9,2.8,13.8,2012
11790,225,Serge Ibaka,PF,22,OKC,66,66,27.2,4.0,7.4,.535,0.0,0.0,.333,4.0,7.4,.536,.536,1.2,1.8,.661,2.9,4.6,7.5,0.4,0.5,3.7,1.2,2.7,9.1,2012
11791,226,Andre Iguodala,SF,28,PHI,62,62,35.6,4.6,10.2,.454,1.2,3.1,.394,3.4,7.1,.481,.514,2.0,3.2,.617,0.9,5.2,6.1,5.5,1.7,0.5,1.9,1.5,12.4,2012
11792,227,Ersan İlyasova,PF,24,MIL,60,41,27.6,4.9,10.0,.492,0.9,1.9,.455,4.1,8.1,.501,.535,2.4,3.1,.781,3.3,5.6,8.8,1.2,0.7,0.7,1.3,2.2,13.0,2012
11793,228,Kyrie Irving,PG,19,CLE,51,51,30.5,6.9,14.6,.469,1.4,3.6,.399,5.4,11.1,.491,.517,3.4,3.8,.872,0.9,2.9,3.7,5.4,1.1,0.4,3.1,2.2,18.5,2012
11794,229,Royal Ivey,SG,30,OKC,34,0,10.4,0.8,2.1,.356,0.5,1.6,.340,0.2,0.6,.400,.479,0.0,0.2,.125,0.0,0.7,0.7,0.3,0.4,0.0,0.3,1.1,2.1,2012
11795,230,Jarrett Jack,PG,28,NOH,45,39,34.0,5.9,13.0,.456,0.9,2.5,.348,5.0,10.5,.482,.490,2.9,3.3,.872,0.5,3.4,3.9,6.3,0.7,0.2,2.4,2.1,15.6,2012
11796,231,Reggie Jackson,PG,21,OKC,45,0,11.1,1.1,3.5,.321,0.3,1.4,.210,0.8,2.2,.392,.362,0.6,0.6,.862,0.3,0.9,1.2,1.6,0.6,0.0,0.8,0.7,3.1,2012
11797,232,Stephen Jackson,SF,33,TOT,47,14,25.8,3.4,9.0,.374,1.0,3.6,.288,2.3,5.4,.431,.432,2.0,2.4,.825,0.5,3.0,3.5,2.5,1.1,0.3,2.2,2.1,9.8,2012
11798,232,Stephen Jackson,SF,33,MIL,26,13,27.4,3.7,10.5,.357,1.2,4.2,.278,2.6,6.3,.409,.412,1.9,2.3,.833,0.6,2.5,3.2,3.0,1.0,0.2,2.5,2.3,10.5,2012
11799,232,Stephen Jackson,SF,33,SAS,21,1,23.8,3.0,7.3,.405,0.9,3.0,.306,2.0,4.3,.473,.467,2.1,2.6,.815,0.3,3.6,3.9,2.0,1.3,0.3,1.8,1.8,8.9,2012
11800,233,Damion James,SF,24,NJN,7,7,24.3,1.9,5.0,.371,0.0,0.1,.000,1.9,4.9,.382,.371,1.1,1.7,.667,1.0,3.7,4.7,0.4,1.0,1.0,1.7,2.4,4.9,2012
11801,234,LeBron James,SF,27,MIA,62,62,37.5,10.0,18.9,.531,0.9,2.4,.362,9.1,16.5,.556,.554,6.2,8.1,.771,1.5,6.4,7.9,6.2,1.9,0.8,3.4,1.5,27.1,2012
11802,235,Mike James,PG,36,CHI,11,0,10.9,1.8,4.5,.408,0.5,0.9,.600,1.3,3.5,.359,.469,0.6,0.7,.875,0.2,0.7,0.9,2.6,0.4,0.2,1.3,1.8,4.8,2012
11803,236,Antawn Jamison,PF,35,CLE,65,65,33.1,6.5,16.1,.403,1.4,4.1,.341,5.1,12.0,.425,.447,2.8,4.2,.683,1.9,4.4,6.3,2.0,0.8,0.7,1.4,2.5,17.2,2012
11804,237,Al Jefferson,C,27,UTA,61,61,34.0,8.5,17.2,.492,0.0,0.1,.250,8.4,17.1,.493,.493,2.2,2.9,.774,2.2,7.4,9.6,2.2,0.8,1.7,1.0,2.5,19.2,2012
11805,238,Richard Jefferson,SF,31,TOT,63,44,27.7,3.2,7.7,.416,1.8,4.3,.420,1.4,3.5,.411,.532,0.9,1.3,.694,0.4,3.1,3.5,1.4,0.6,0.3,0.8,1.9,9.2,2012
11806,238,Richard Jefferson,SF,31,SAS,41,41,28.5,3.2,7.8,.414,2.0,4.6,.421,1.3,3.1,.403,.539,0.9,1.2,.700,0.4,3.0,3.5,1.3,0.6,0.3,0.8,2.0,9.2,2012
11807,238,Richard Jefferson,SF,31,GSW,22,3,26.4,3.2,7.7,.420,1.5,3.6,.418,1.7,4.1,.422,.518,1.1,1.6,.686,0.4,3.1,3.5,1.5,0.5,0.3,0.8,1.7,9.0,2012
11808,239,Jared Jeffries,PF,30,NYK,39,4,18.7,1.5,3.7,.410,0.1,0.4,.188,1.4,3.3,.438,.420,1.3,1.8,.681,1.8,2.1,3.9,0.7,0.7,0.6,0.7,2.3,4.4,2012
11809,240,Charles Jenkins,PG,22,GSW,51,28,17.5,2.5,5.7,.447,0.1,0.4,.150,2.5,5.3,.469,.452,0.7,0.8,.872,0.2,1.2,1.3,3.3,0.6,0.1,1.2,1.7,5.8,2012
11810,Rk,Player,Pos,Age,Tm,G,GS,MP,FG,FGA,FG%,3P,3PA,3P%,2P,2PA,2P%,eFG%,FT,FTA,FT%,ORB,DRB,TRB,AST,STL,BLK,TOV,PF,PTS,2012
11811,241,Brandon Jennings,PG,22,MIL,66,66,35.3,7.1,17.0,.418,2.0,5.9,.332,5.2,11.1,.464,.476,2.9,3.6,.808,0.7,2.7,3.4,5.5,1.6,0.3,2.2,1.7,19.1,2012
11812,242,Jonas Jerebko,PF,24,DET,64,13,22.9,3.3,7.1,.468,0.5,1.7,.302,2.8,5.4,.519,.503,1.6,1.9,.806,1.5,3.3,4.8,0.7,0.6,0.3,1.0,2.5,8.7,2012
11813,243,Yi Jianlian,PF,24,DAL,30,0,6.8,1.0,2.7,.378,0.1,0.3,.300,0.9,2.4,.389,.396,0.5,0.7,.667,0.4,1.2,1.6,0.2,0.2,0.3,0.5,0.8,2.6,2012
11814,244,Amir Johnson,PF,24,TOR,64,43,24.3,3.1,5.3,.576,0.0,0.1,.400,3.0,5.2,.579,.579,0.9,1.3,.690,2.3,4.0,6.4,1.2,0.5,1.1,1.5,3.3,7.1,2012
11815,245,Armon Johnson,PG,22,TOT,9,0,13.8,2.2,4.8,.465,0.1,0.3,.333,2.1,4.4,.475,.477,0.7,0.7,1.000,0.1,1.3,1.4,1.2,0.6,0.0,0.7,1.0,5.2,2012
11816,245,Armon Johnson,PG,22,POR,1,0,5.0,1.0,1.0,1.000,0.0,0.0,,1.0,1.0,1.000,1.000,0.0,0.0,,0.0,1.0,1.0,0.0,1.0,0.0,1.0,0.0,2.0,2012
11817,245,Armon Johnson,PG,22,NJN,8,0,14.9,2.4,5.3,.452,0.1,0.4,.333,2.3,4.9,.462,.464,0.8,0.8,1.000,0.1,1.4,1.5,1.4,0.5,0.0,0.6,1.1,5.6,2012
11818,246,Carldell Johnson,PG,29,NOH,15,0,7.9,0.7,2.3,.314,0.3,1.0,.267,0.5,1.3,.350,.371,0.1,0.2,.333,0.1,0.5,0.6,1.5,0.5,0.0,0.5,0.7,1.8,2012
11819,247,Chris Johnson,C,26,TOT,27,0,6.5,0.7,1.5,.488,0.0,0.0,,0.7,1.5,.488,.488,0.6,0.7,.789,0.6,0.9,1.5,0.1,0.2,0.3,0.6,1.2,2.0,2012
11820,247,Chris Johnson,C,26,POR,20,0,4.7,0.6,1.2,.478,0.0,0.0,,0.6,1.2,.478,.478,0.5,0.6,.833,0.4,0.5,0.9,0.1,0.1,0.4,0.4,1.0,1.6,2012
11821,247,Chris Johnson,C,26,NOH,7,0,11.7,1.3,2.6,.500,0.0,0.0,,1.3,2.6,.500,.500,0.7,1.0,.714,1.0,2.1,3.1,0.1,0.7,0.1,1.1,1.9,3.3,2012
11822,248,Ivan Johnson,PF,27,ATL,56,0,16.7,2.5,4.9,.513,0.0,0.1,.333,2.5,4.8,.517,.516,1.3,1.8,.720,1.2,2.9,4.0,0.6,0.8,0.3,1.2,2.1,6.4,2012
11823,249,JaJuan Johnson,PF,22,BOS,36,0,8.3,1.5,3.4,.446,0.0,0.0,,1.5,3.4,.446,.446,0.2,0.3,.667,0.6,1.1,1.6,0.2,0.1,0.4,0.4,0.7,3.2,2012
11824,250,James Johnson,SF,24,TOR,62,40,25.2,3.8,8.4,.450,0.3,1.0,.317,3.5,7.4,.467,.468,1.3,1.9,.704,1.2,3.5,4.7,2.0,1.1,1.4,1.6,2.9,9.1,2012
11825,251,Joe Johnson,SG,30,ATL,60,60,35.5,7.1,15.5,.454,2.1,5.4,.388,5.0,10.2,.489,.521,2.6,3.1,.849,0.9,2.8,3.7,3.9,0.8,0.2,1.9,1.3,18.8,2012
11826,252,Trey Johnson,SG,27,NOH,11,0,5.5,0.7,1.3,.571,0.0,0.0,,0.7,1.3,.571,.571,0.5,0.5,1.000,0.3,0.8,1.1,0.4,0.1,0.0,0.5,0.9,1.9,2012
11827,253,Wesley Johnson,SF,24,MIN,65,64,22.6,2.4,6.1,.398,0.8,2.6,.314,1.6,3.5,.461,.465,0.4,0.5,.706,0.4,2.4,2.7,0.9,0.5,0.7,0.9,1.8,6.0,2012
11828,254,Dahntay Jones,SF,31,IND,65,3,16.2,1.8,4.3,.409,0.5,1.2,.429,1.3,3.1,.402,.468,1.3,1.5,.838,0.4,1.4,1.8,1.0,0.4,0.2,0.7,1.8,5.3,2012
11829,255,Dominique Jones,SG,23,DAL,33,1,8.1,0.9,2.2,.397,0.0,0.2,.125,0.8,2.0,.431,.404,0.9,1.1,.784,0.3,1.1,1.3,1.3,0.3,0.2,0.8,0.8,2.7,2012
11830,256,James Jones,SG,31,MIA,51,10,13.1,1.1,2.9,.380,0.9,2.2,.404,0.2,0.7,.306,.533,0.5,0.6,.833,0.1,0.8,1.0,0.4,0.3,0.2,0.2,0.9,3.6,2012
11831,257,Solomon Jones,C-PF,27,TOT,21,1,13.9,1.1,2.9,.393,0.0,0.0,,1.1,2.9,.393,.393,0.9,1.1,.826,1.5,1.2,2.8,0.4,0.4,0.5,0.9,2.0,3.2,2012
11832,257,Solomon Jones,PF,27,LAC,10,0,9.6,0.1,0.8,.125,0.0,0.0,,0.1,0.8,.125,.125,0.4,0.5,.800,1.1,0.6,1.7,0.2,0.4,0.5,0.5,1.2,0.6,2012
11833,257,Solomon Jones,C,27,NOH,11,1,17.8,2.1,4.8,.434,0.0,0.0,,2.1,4.8,.434,.434,1.4,1.6,.833,1.9,1.8,3.7,0.6,0.5,0.5,1.2,2.8,5.5,2012
11834,258,DeAndre Jordan,C,23,LAC,66,66,27.2,3.1,4.9,.632,0.0,0.0,.000,3.1,4.9,.634,.632,1.1,2.1,.525,3.1,5.2,8.3,0.3,0.5,2.0,1.1,2.9,7.4,2012
11835,259,Jerome Jordan,C,25,NYK,21,0,5.1,0.8,1.6,.515,0.0,0.0,,0.8,1.6,.515,.515,0.4,0.5,.800,0.7,0.6,1.3,0.2,0.0,0.3,0.1,0.7,2.0,2012
11836,260,Cory Joseph,PG,20,SAS,29,1,9.2,0.8,2.4,.314,0.1,0.5,.200,0.7,1.9,.345,.336,0.4,0.6,.647,0.2,0.7,0.9,1.2,0.2,0.1,0.4,0.6,2.0,2012
11837,Rk,Player,Pos,Age,Tm,G,GS,MP,FG,FGA,FG%,3P,3PA,3P%,2P,2PA,2P%,eFG%,FT,FTA,FT%,ORB,DRB,TRB,AST,STL,BLK,TOV,PF,PTS,2012
11838,261,Chris Kaman,C,29,NOH,47,33,29.2,5.7,12.7,.446,0.0,0.0,,5.7,12.7,.446,.446,1.8,2.3,.785,1.9,5.9,7.7,2.1,0.5,1.6,2.7,2.3,13.1,2012
11839,262,Jason Kapono,SG,30,LAL,27,0,10.0,0.8,2.0,.382,0.3,1.0,.296,0.5,1.0,.464,.455,0.1,0.1,1.000,0.1,0.4,0.5,0.4,0.1,0.0,0.2,0.8,2.0,2012
11840,263,D.J. Kennedy,SF,22,CLE,2,0,29.5,2.5,6.0,.417,1.0,2.0,.500,1.5,4.0,.375,.500,0.0,1.0,.000,0.5,3.0,3.5,1.5,1.0,0.0,1.5,3.5,6.0,2012
11841,264,Jason Kidd*,PG,38,DAL,48,48,28.7,2.1,5.7,.363,1.6,4.6,.354,0.4,1.0,.400,.507,0.5,0.6,.786,0.3,3.8,4.1,5.5,1.7,0.2,1.9,1.7,6.2,2012
11842,265,Linas Kleiza,SF,27,TOR,49,3,21.6,3.4,8.4,.402,1.3,3.7,.346,2.1,4.7,.446,.478,1.7,2.0,.810,0.9,3.2,4.1,0.9,0.5,0.1,1.3,2.4,9.7,2012
11843,266,Brandon Knight,PG,20,DET,66,60,32.3,4.8,11.7,.415,1.6,4.2,.380,3.2,7.5,.434,.483,1.6,2.1,.759,0.5,2.7,3.2,3.8,0.7,0.2,2.6,2.3,12.8,2012
11844,267,Kyle Korver,SG,30,CHI,65,7,22.6,2.7,6.3,.432,1.8,4.2,.435,0.9,2.2,.426,.575,0.8,1.0,.833,0.4,2.0,2.4,1.7,0.6,0.2,0.8,1.7,8.1,2012
11845,268,Kosta Koufos,C,22,DEN,48,24,16.5,2.4,4.0,.599,0.0,0.0,,2.4,4.0,.599,.599,0.7,1.1,.600,2.0,3.4,5.4,0.3,0.5,0.9,0.7,2.0,5.5,2012
11846,269,Carl Landry,PF,28,NOH,41,8,24.4,4.4,8.8,.503,0.0,0.1,.000,4.4,8.8,.507,.503,3.6,4.5,.799,1.9,3.3,5.2,0.9,0.3,0.3,1.6,2.2,12.5,2012
11847,270,Ty Lawson,PG,24,DEN,61,61,34.8,6.1,12.6,.488,1.2,3.3,.365,4.9,9.3,.531,.535,2.9,3.5,.824,0.9,2.8,3.7,6.6,1.3,0.1,2.4,1.5,16.4,2012
11848,271,Courtney Lee,SG,26,HOU,58,26,30.3,4.3,10.0,.433,1.5,3.7,.401,2.8,6.3,.452,.508,1.2,1.5,.826,0.4,2.3,2.7,1.5,1.2,0.4,1.1,1.8,11.4,2012
11849,272,David Lee,PF,28,GSW,57,57,37.2,8.1,16.2,.503,0.0,0.1,.000,8.1,16.1,.506,.503,3.8,4.9,.782,3.0,6.6,9.6,2.8,0.9,0.4,2.6,3.1,20.1,2012
11850,273,Malcolm Lee,SG,21,MIN,19,0,12.8,1.2,3.1,.390,0.1,0.5,.200,1.1,2.6,.429,.407,0.7,0.9,.824,0.5,0.9,1.4,1.6,0.4,0.2,0.9,1.2,3.3,2012
11851,274,Kawhi Leonard,SF,20,SAS,64,39,24.0,3.1,6.3,.493,0.6,1.7,.376,2.5,4.6,.536,.543,1.1,1.4,.773,1.6,3.5,5.1,1.1,1.3,0.4,0.7,1.4,7.9,2012
11852,275,Travis Leslie,SG,21,LAC,10,0,4.5,0.5,1.4,.357,0.0,0.0,,0.5,1.4,.357,.357,0.4,0.9,.444,0.6,0.3,0.9,0.5,0.2,0.2,0.2,0.4,1.4,2012
11853,276,Jon Leuer,PF,22,MIL,46,12,12.1,2.1,4.2,.508,0.1,0.2,.333,2.0,4.0,.516,.516,0.5,0.6,.750,1.0,1.6,2.6,0.5,0.3,0.4,0.4,1.5,4.7,2012
11854,277,Rashard Lewis,SF,32,WAS,28,15,26.0,3.0,7.9,.385,0.6,2.4,.239,2.5,5.5,.448,.421,1.1,1.3,.838,1.2,2.7,3.9,1.0,0.8,0.4,1.1,1.8,7.8,2012
11855,278,DeAndre Liggins,SF,23,ORL,17,0,6.8,0.7,1.5,.480,0.0,0.2,.000,0.7,1.2,.571,.480,0.5,1.1,.474,0.4,0.5,0.9,0.3,0.4,0.0,0.6,0.4,1.9,2012
11856,279,Jeremy Lin,PG,23,NYK,35,25,26.9,4.9,10.9,.446,0.7,2.1,.320,4.2,8.8,.477,.478,4.2,5.2,.798,0.5,2.5,3.1,6.2,1.6,0.3,3.6,2.2,14.6,2012
11857,280,Shaun Livingston,SG,26,MIL,58,27,18.8,2.2,4.7,.469,0.0,0.1,.667,2.2,4.6,.466,.472,1.1,1.4,.785,0.7,1.4,2.1,2.1,0.5,0.3,1.1,1.4,5.5,2012
11858,Rk,Player,Pos,Age,Tm,G,GS,MP,FG,FGA,FG%,3P,3PA,3P%,2P,2PA,2P%,eFG%,FT,FTA,FT%,ORB,DRB,TRB,AST,STL,BLK,TOV,PF,PTS,2012
11859,281,Brook Lopez,C,23,NJN,5,5,27.2,7.6,15.4,.494,0.0,0.0,,7.6,15.4,.494,.494,4.0,6.4,.625,1.6,2.0,3.6,1.2,0.2,0.8,1.2,1.6,19.2,2012
11860,282,Robin Lopez,C,23,PHO,64,0,14.0,1.9,4.2,.461,0.0,0.0,,1.9,4.2,.461,.461,1.6,2.2,.714,1.4,1.9,3.3,0.3,0.3,0.9,0.7,2.0,5.4,2012
11861,283,Kevin Love,PF,23,MIN,55,55,39.0,8.6,19.3,.448,1.9,5.1,.372,6.7,14.1,.475,.497,6.9,8.4,.824,4.1,9.2,13.3,2.0,0.9,0.5,2.3,2.8,26.0,2012
11862,284,Kyle Lowry,PG,25,HOU,47,38,32.1,4.5,10.9,.409,1.7,4.5,.374,2.8,6.4,.434,.486,3.6,4.2,.864,0.8,3.7,4.5,6.6,1.6,0.3,2.8,2.8,14.3,2012
11863,285,John Lucas III,PG,29,CHI,49,2,14.8,2.9,7.3,.399,1.1,2.9,.393,1.8,4.4,.404,.476,0.6,0.7,.875,0.4,1.1,1.6,2.2,0.4,0.0,0.9,0.9,7.5,2012
11864,286,Shelvin Mack,PG,21,WAS,64,0,12.2,1.4,3.4,.400,0.2,0.7,.286,1.2,2.8,.427,.427,0.7,0.9,.712,0.2,1.3,1.4,2.0,0.4,0.0,0.8,0.8,3.6,2012
11865,287,Vernon Macklin,C,25,DET,23,0,5.9,0.8,1.5,.543,0.0,0.0,,0.8,1.5,.543,.543,0.3,0.6,.571,0.6,0.9,1.5,0.2,0.2,0.2,0.1,0.4,2.0,2012
11866,288,Corey Maggette,SF,32,CHA,32,28,27.5,4.3,11.7,.373,0.8,2.1,.364,3.6,9.6,.375,.405,5.6,6.5,.856,0.7,3.3,3.9,1.2,0.7,0.0,1.8,2.6,15.0,2012
11867,289,Jamaal Magloire,C,33,TOR,34,1,11.0,0.5,1.3,.378,0.0,0.0,,0.5,1.3,.378,.378,0.2,0.8,.259,0.7,2.6,3.3,0.2,0.1,0.3,0.6,1.9,1.2,2012
11868,290,Ian Mahinmi,C,25,DAL,61,12,18.7,2.1,3.9,.546,0.0,0.0,.000,2.1,3.9,.549,.546,1.5,2.4,.639,1.8,3.0,4.7,0.2,0.6,0.5,0.8,2.9,5.8,2012
11869,291,Shawn Marion,SF,33,DAL,63,63,30.5,4.6,10.3,.446,0.3,1.1,.294,4.3,9.2,.464,.461,1.2,1.5,.796,2.3,5.1,7.4,2.1,1.1,0.6,1.6,1.4,10.6,2012
11870,292,Cartier Martin,SF,27,WAS,17,2,23.0,3.5,7.9,.440,1.7,4.4,.387,1.8,3.5,.508,.549,0.6,1.1,.579,0.7,2.7,3.4,0.6,0.6,0.1,0.8,2.1,9.3,2012
11871,293,Kenyon Martin,PF,34,LAC,42,0,22.4,2.3,5.2,.441,0.1,0.3,.231,2.2,4.9,.454,.448,0.5,1.3,.370,1.2,3.1,4.3,0.4,1.0,1.0,0.8,2.5,5.2,2012
11872,294,Kevin Martin,SG,28,HOU,40,40,31.6,5.6,13.4,.413,2.0,5.6,.347,3.6,7.8,.462,.486,4.0,4.5,.894,0.3,2.3,2.7,2.8,0.7,0.1,1.8,1.8,17.1,2012
11873,295,Roger Mason,SG,31,WAS,52,0,13.4,2.0,5.0,.399,1.1,3.0,.383,0.8,2.0,.423,.514,0.4,0.5,.778,0.1,1.2,1.3,0.9,0.3,0.1,0.6,0.6,5.5,2012
11874,296,Wesley Matthews,SG,25,POR,66,53,33.8,4.8,11.6,.412,2.0,5.1,.383,2.8,6.5,.434,.496,2.2,2.6,.860,0.8,2.5,3.4,1.7,1.5,0.2,1.1,2.2,13.7,2012
11875,297,Jason Maxiell,PF,28,DET,65,42,22.6,2.8,5.9,.478,0.0,0.0,.000,2.8,5.9,.480,.478,0.9,1.6,.547,1.9,3.2,5.1,0.6,0.5,0.8,1.1,2.3,6.5,2012
11876,298,Eric Maynor,PG,24,OKC,9,0,15.2,1.6,4.3,.359,0.7,1.9,.353,0.9,2.4,.364,.436,0.4,0.4,1.000,0.3,1.1,1.4,2.4,0.6,0.0,1.2,1.4,4.2,2012
11877,299,O.J. Mayo,SG,24,MEM,66,0,26.8,4.5,11.2,.408,1.5,4.2,.364,3.0,7.0,.434,.476,2.0,2.6,.773,0.5,2.7,3.2,2.6,1.1,0.3,1.9,2.1,12.6,2012
11878,300,Luc Mbah a Moute,PF,25,MIL,43,22,23.5,3.1,6.1,.510,0.0,0.1,.250,3.1,6.0,.514,.511,1.5,2.4,.641,1.8,3.5,5.3,0.7,0.9,0.5,0.9,2.2,7.7,2012
11879,Rk,Player,Pos,Age,Tm,G,GS,MP,FG,FGA,FG%,3P,3PA,3P%,2P,2PA,2P%,eFG%,FT,FTA,FT%,ORB,DRB,TRB,AST,STL,BLK,TOV,PF,PTS,2012
11880,301,JaVale McGee,C,24,TOT,61,45,25.2,5.0,9.0,.556,0.0,0.0,,5.0,9.0,.556,.556,1.3,2.7,.461,2.7,5.1,7.8,0.5,0.6,2.2,1.4,2.7,11.3,2012
11881,301,JaVale McGee,C,24,WAS,41,40,27.4,5.2,9.8,.535,0.0,0.0,,5.2,9.8,.535,.535,1.4,2.8,.500,3.1,5.7,8.8,0.6,0.6,2.5,1.7,2.9,11.9,2012
11882,301,JaVale McGee,C,24,DEN,20,5,20.6,4.7,7.6,.612,0.0,0.0,,4.7,7.6,.612,.612,1.0,2.6,.373,1.8,4.0,5.8,0.3,0.5,1.6,1.0,2.4,10.3,2012
11883,302,Tracy McGrady*,SF,32,ATL,52,0,16.1,1.9,4.4,.437,0.3,0.6,.455,1.7,3.8,.434,.470,1.1,1.6,.675,0.4,2.5,3.0,2.1,0.3,0.3,1.0,0.7,5.3,2012
11884,303,Dominic McGuire,PF,26,GSW,64,6,17.6,1.5,3.3,.448,0.0,0.1,.000,1.5,3.2,.456,.448,0.6,0.8,.736,1.1,2.7,3.8,1.7,0.7,0.6,0.9,1.6,3.5,2012
11885,304,Josh McRoberts,PF,24,LAL,50,6,14.4,1.1,2.4,.475,0.1,0.1,.429,1.1,2.2,.477,.487,0.5,0.7,.639,1.2,2.2,3.4,1.0,0.3,0.4,0.6,1.5,2.8,2012
11886,305,Jodie Meeks,SG,24,PHI,66,50,24.9,2.9,7.1,.409,1.5,4.0,.365,1.4,3.0,.468,.513,1.2,1.3,.906,0.3,2.2,2.4,0.8,0.6,0.0,0.4,1.2,8.4,2012
11887,306,C.J. Miles,SG,24,UTA,56,14,20.4,3.2,8.3,.381,0.8,2.7,.307,2.3,5.6,.416,.430,1.9,2.4,.794,0.5,1.6,2.1,1.2,0.8,0.3,0.9,2.2,9.1,2012
11888,307,Darko Miličić,C,26,MIN,29,23,16.3,2.0,4.5,.454,0.0,0.0,,2.0,4.5,.454,.454,0.6,1.3,.432,1.2,2.1,3.3,0.6,0.3,0.9,1.1,2.0,4.6,2012
11889,308,Andre Miller,SG,35,DEN,66,7,27.4,3.7,8.4,.438,0.3,1.3,.217,3.4,7.1,.478,.455,2.1,2.6,.811,0.8,2.5,3.3,6.7,1.0,0.1,2.7,2.0,9.7,2012
11890,309,Brad Miller,C,35,MIN,15,1,9.7,0.6,1.8,.333,0.5,1.0,.467,0.1,0.8,.167,.463,0.7,0.8,.833,0.3,1.0,1.3,1.6,0.3,0.1,0.8,0.7,2.3,2012
11891,310,Mike Miller,SG,31,MIA,39,2,19.3,2.3,5.4,.435,1.4,3.0,.453,1.0,2.4,.413,.562,0.1,0.1,.400,0.6,2.7,3.3,1.1,0.4,0.2,0.8,1.5,6.1,2012
11892,311,Patty Mills,PG,23,SAS,16,3,16.3,3.9,8.1,.485,1.5,3.5,.429,2.4,4.6,.527,.577,0.9,0.9,1.000,0.3,1.5,1.8,2.4,0.6,0.1,1.6,0.9,10.3,2012
11893,312,Paul Millsap,PF,26,UTA,64,62,32.8,6.7,13.5,.495,0.1,0.5,.226,6.5,13.0,.505,.499,3.2,4.0,.792,2.8,6.0,8.8,2.3,1.8,0.8,1.8,3.5,16.6,2012
11894,313,Nazr Mohammed,C,34,OKC,63,1,11.0,1.3,2.7,.467,0.0,0.0,.000,1.3,2.7,.470,.467,0.2,0.4,.565,0.9,1.8,2.7,0.2,0.3,0.6,0.4,1.6,2.7,2012
11895,314,Greg Monroe,C,21,DET,66,66,31.5,6.2,11.8,.521,0.0,0.0,.000,6.2,11.8,.522,.521,3.0,4.1,.739,3.6,6.0,9.7,2.3,1.3,0.7,2.4,2.7,15.4,2012
11896,315,Jamario Moon,SF,31,CHA,8,0,15.4,0.9,3.0,.292,0.3,1.3,.200,0.6,1.8,.357,.333,0.3,0.3,1.000,0.3,2.5,2.8,0.6,0.1,0.6,1.0,0.6,2.3,2012
11897,316,E'Twaun Moore,PG,22,BOS,38,0,8.7,1.1,3.0,.381,0.4,1.2,.378,0.7,1.8,.382,.456,0.2,0.2,1.000,0.1,0.8,0.9,0.9,0.3,0.1,0.6,0.9,2.9,2012
11898,317,Mikki Moore,C,36,GSW,7,0,16.9,1.3,2.9,.450,0.0,0.0,,1.3,2.9,.450,.450,0.9,1.0,.857,1.0,2.1,3.1,0.7,0.4,0.4,1.0,3.4,3.4,2012
11899,318,Darius Morris,PG,21,LAL,19,0,8.9,0.9,2.2,.429,0.2,0.5,.444,0.7,1.7,.424,.476,0.3,0.5,.667,0.1,0.7,0.8,1.1,0.1,0.0,1.0,0.8,2.4,2012
11900,319,Marcus Morris,PF,22,HOU,17,0,7.4,0.9,3.2,.296,0.1,1.0,.118,0.8,2.2,.378,.315,0.4,0.5,.750,0.3,0.6,0.9,0.2,0.1,0.1,0.2,0.7,2.4,2012
11901,320,Markieff Morris,PF,22,PHO,63,7,19.5,2.8,6.9,.399,0.7,2.0,.347,2.1,5.0,.420,.448,1.2,1.7,.717,1.1,3.3,4.4,1.0,0.7,0.7,1.1,2.8,7.4,2012
11902,Rk,Player,Pos,Age,Tm,G,GS,MP,FG,FGA,FG%,3P,3PA,3P%,2P,2PA,2P%,eFG%,FT,FTA,FT%,ORB,DRB,TRB,AST,STL,BLK,TOV,PF,PTS,2012
11903,321,Anthony Morrow,SG,26,NJN,62,18,26.4,4.4,10.6,.413,1.7,4.6,.371,2.7,6.0,.446,.494,1.6,1.7,.933,0.5,1.5,2.0,1.0,0.7,0.1,1.1,1.4,12.0,2012
11904,322,Timofey Mozgov,C,25,DEN,44,35,15.6,2.3,4.3,.526,0.0,0.0,,2.3,4.3,.526,.526,0.9,1.3,.684,1.2,2.9,4.1,0.5,0.3,1.0,1.2,2.0,5.4,2012
11905,323,Byron Mullens,C,22,CHA,65,25,22.5,3.9,9.1,.425,0.2,0.8,.235,3.7,8.3,.443,.435,1.4,1.7,.821,1.5,3.6,5.0,0.9,0.3,0.8,1.1,2.1,9.3,2012
11906,324,Troy Murphy,PF,31,LAL,59,0,16.2,1.3,2.9,.450,0.5,1.1,.418,0.8,1.8,.471,.532,0.1,0.2,.667,0.7,2.6,3.2,0.9,0.3,0.3,0.4,1.7,3.2,2012
11907,325,Hamady N'Diaye,C,25,WAS,3,0,1.0,0.0,0.3,.000,0.0,0.0,,0.0,0.3,.000,.000,0.0,0.0,,0.0,0.0,0.0,0.0,0.0,0.0,0.0,0.0,0.0,2012
11908,326,Eduardo Nájera,PF,35,CHA,22,0,12.3,1.1,2.9,.375,0.4,1.3,.276,0.7,1.6,.457,.438,0.1,0.2,.500,0.5,1.8,2.3,0.5,0.9,0.2,0.3,1.8,2.6,2012
11909,327,Steve Nash*,PG,37,PHO,62,62,31.6,4.8,9.0,.532,0.9,2.3,.390,3.9,6.7,.580,.581,2.0,2.3,.894,0.4,2.6,3.0,10.7,0.6,0.1,3.7,0.9,12.5,2012
11910,328,Gary Neal,SG,27,SAS,56,7,21.5,3.8,8.7,.436,1.5,3.5,.419,2.3,5.1,.448,.522,0.9,1.1,.781,0.2,1.9,2.1,2.1,0.5,0.0,1.1,1.3,9.9,2012
11911,329,Jameer Nelson,PG,29,ORL,57,57,29.9,4.5,10.6,.427,1.5,4.1,.377,3.0,6.6,.459,.499,1.2,1.5,.807,0.5,2.7,3.2,5.7,0.7,0.1,2.4,2.3,11.9,2012
11912,330,Joakim Noah,C,26,CHI,64,64,30.4,3.9,7.7,.508,0.0,0.0,.000,3.9,7.6,.509,.508,2.4,3.2,.748,3.8,6.0,9.8,2.5,0.6,1.4,1.4,2.5,10.2,2012
11913,331,Andrés Nocioni,SF,32,PHI,11,1,5.1,0.5,1.8,.250,0.1,0.5,.167,0.4,1.3,.286,.275,0.5,1.0,.545,0.1,1.2,1.3,0.1,0.1,0.1,0.5,0.4,1.5,2012
11914,332,Steve Novak,PF,28,NYK,54,0,18.9,3.0,6.2,.478,2.5,5.2,.472,0.5,1.0,.509,.675,0.4,0.5,.846,0.2,1.8,1.9,0.2,0.3,0.2,0.4,1.1,8.8,2012
11915,333,Dirk Nowitzki,PF,33,DAL,62,62,33.5,7.6,16.7,.457,1.3,3.4,.368,6.4,13.3,.481,.495,5.1,5.7,.896,0.7,6.0,6.7,2.2,0.7,0.5,1.9,2.1,21.6,2012
11916,334,Jermaine O'Neal,C,33,BOS,25,24,22.8,2.1,4.8,.433,0.0,0.0,,2.1,4.8,.433,.433,0.8,1.2,.677,1.5,3.9,5.4,0.4,0.3,1.7,0.8,3.2,5.0,2012
11917,335,Lamar Odom,SF,32,DAL,50,4,20.5,2.5,7.0,.352,0.6,2.2,.252,1.9,4.8,.399,.393,1.2,2.0,.592,0.7,3.4,4.2,1.7,0.4,0.4,1.0,1.9,6.6,2012
11918,336,Emeka Okafor,C,29,NOH,27,27,28.9,4.2,7.9,.533,0.0,0.0,,4.2,7.9,.533,.533,1.4,2.7,.514,2.6,5.3,7.9,0.9,0.6,1.0,1.4,2.7,9.9,2012
11919,337,Mehmet Okur,C,32,NJN,17,14,26.7,3.1,8.2,.374,1.4,4.2,.319,1.7,3.9,.433,.457,0.2,0.3,.600,1.3,3.5,4.8,1.8,0.5,0.3,1.5,2.6,7.6,2012
11920,338,Daniel Orton,PF,21,ORL,16,2,11.7,1.1,1.9,.567,0.0,0.1,.000,1.1,1.8,.586,.567,0.7,1.6,.440,1.2,1.3,2.4,0.3,0.5,0.6,0.4,1.9,2.8,2012
11921,339,Travis Outlaw,SF,27,SAC,39,5,12.8,1.5,4.5,.343,0.4,1.5,.267,1.1,2.9,.383,.389,0.8,1.2,.674,0.5,1.1,1.6,0.4,0.5,0.5,0.5,0.9,4.3,2012
11922,340,Larry Owens,SF,29,NJN,7,0,10.7,0.6,1.6,.364,0.3,0.7,.400,0.3,0.9,.333,.455,0.4,0.6,.750,0.3,1.6,1.9,0.6,0.0,0.1,0.3,1.4,1.9,2012
11923,Rk,Player,Pos,Age,Tm,G,GS,MP,FG,FGA,FG%,3P,3PA,3P%,2P,2PA,2P%,eFG%,FT,FTA,FT%,ORB,DRB,TRB,AST,STL,BLK,TOV,PF,PTS,2012
11924,341,Zaza Pachulia,C,27,ATL,58,44,28.3,2.9,5.8,.499,0.0,0.0,,2.9,5.8,.499,.499,2.0,2.7,.741,2.7,5.2,7.9,1.4,0.9,0.5,1.4,3.0,7.8,2012
11925,342,Jannero Pargo,PG,32,ATL,50,0,13.4,2.1,5.1,.415,1.1,2.8,.384,1.0,2.3,.452,.520,0.4,0.4,.950,0.2,1.3,1.5,1.9,0.4,0.0,1.0,1.3,5.6,2012
11926,343,Jeremy Pargo,PG,25,MEM,44,5,9.6,1.1,3.4,.333,0.2,0.9,.263,0.9,2.5,.357,.367,0.4,0.6,.593,0.3,0.6,0.8,1.3,0.3,0.0,1.0,1.0,2.9,2012
11927,344,Anthony Parker,SF,36,CLE,51,51,25.1,2.8,6.4,.433,1.0,2.7,.362,1.8,3.7,.484,.509,0.7,1.1,.625,0.2,2.5,2.7,2.4,0.7,0.1,1.0,1.3,7.2,2012
11928,345,Tony Parker,PG,29,SAS,60,60,32.1,7.1,14.8,.480,0.2,1.0,.230,6.9,13.8,.498,.488,3.8,4.7,.799,0.4,2.5,2.9,7.7,1.0,0.1,2.6,1.3,18.3,2012
11929,346,Chandler Parsons,SF,23,HOU,63,57,28.6,3.9,8.7,.452,1.0,2.8,.337,3.0,5.9,.507,.506,0.7,1.2,.551,1.4,3.3,4.8,2.1,1.2,0.5,1.3,2.3,9.5,2012
11930,347,Patrick Patterson,PF,22,HOU,64,1,23.2,3.5,8.0,.440,0.0,0.0,.000,3.5,7.9,.443,.440,0.6,0.9,.702,1.8,2.7,4.5,0.8,0.4,0.6,0.8,1.8,7.7,2012
11931,348,Chris Paul,PG,26,LAC,60,60,36.4,7.1,14.8,.478,1.3,3.6,.371,5.8,11.3,.511,.522,4.3,5.0,.861,0.7,2.9,3.6,9.1,2.5,0.1,2.1,2.3,19.8,2012
11932,349,Sasha Pavlović,SF,28,BOS,45,7,11.7,1.1,2.8,.391,0.4,1.3,.293,0.7,1.6,.471,.457,0.1,0.2,.375,0.1,1.5,1.6,0.4,0.4,0.3,0.4,1.2,2.7,2012
11933,350,Nikola Peković,C,26,MIN,47,35,26.9,5.4,9.7,.564,0.0,0.0,,5.4,9.7,.564,.564,3.0,4.0,.743,3.9,3.5,7.4,0.7,0.6,0.7,1.9,2.1,13.9,2012
11934,351,Kendrick Perkins,C,27,OKC,65,65,26.8,2.0,4.0,.489,0.0,0.0,,2.0,4.0,.489,.489,1.1,1.7,.652,1.8,4.7,6.6,1.2,0.4,1.1,1.8,2.9,5.1,2012
11935,352,Johan Petro,C,26,NJN,59,10,15.6,1.8,4.4,.419,0.0,0.0,1.000,1.8,4.4,.417,.421,0.5,0.6,.838,1.2,2.6,3.8,0.8,0.4,0.4,0.6,2.1,4.2,2012
11936,353,Paul Pierce*,SF,34,BOS,61,61,34.0,6.5,14.6,.443,1.6,4.5,.366,4.8,10.1,.476,.499,4.8,5.6,.852,0.6,4.6,5.2,4.5,1.1,0.4,2.8,2.4,19.4,2012
11937,354,Mickaël Piétrus,SG,29,BOS,42,6,21.9,2.5,6.4,.385,1.5,4.3,.335,1.0,2.1,.489,.498,0.5,0.7,.645,0.4,2.7,3.1,0.6,0.5,0.2,0.8,1.9,6.9,2012
11938,355,Dexter Pittman,C,23,MIA,35,6,8.6,1.3,2.7,.468,0.0,0.0,,1.3,2.7,.468,.468,0.5,0.8,.643,0.8,1.3,2.0,0.3,0.2,0.2,0.5,2.1,3.0,2012
11939,356,Quincy Pondexter,SF,23,MEM,64,8,15.7,1.7,3.7,.452,0.3,1.1,.301,1.3,2.6,.518,.498,0.5,0.8,.623,0.9,1.1,2.0,0.4,0.4,0.1,0.5,1.4,4.2,2012
11940,357,A.J. Price,PG,25,IND,44,1,12.9,1.3,4.0,.339,0.6,2.0,.295,0.8,2.0,.384,.414,0.6,0.8,.800,0.3,1.1,1.4,2.0,0.5,0.0,0.7,0.7,3.9,2012
11941,358,Ronnie Price,PG,28,PHO,36,8,14.4,1.4,3.6,.377,0.4,1.2,.295,1.0,2.4,.419,.427,0.6,0.7,.800,0.5,1.1,1.6,1.9,0.9,0.1,1.3,2.0,3.6,2012
11942,359,Tayshaun Prince,SF,31,DET,63,63,33.1,5.3,12.7,.421,0.6,1.7,.356,4.7,11.0,.431,.444,1.4,1.8,.774,1.1,3.3,4.5,2.4,0.4,0.5,1.2,1.2,12.7,2012
11943,360,Joel Przybilla,C,32,POR,27,19,16.6,0.8,1.8,.458,0.0,0.0,,0.8,1.8,.458,.458,0.4,0.7,.611,1.1,4.0,5.1,0.2,0.1,0.6,0.8,2.4,2.0,2012
11944,Rk,Player,Pos,Age,Tm,G,GS,MP,FG,FGA,FG%,3P,3PA,3P%,2P,2PA,2P%,eFG%,FT,FTA,FT%,ORB,DRB,TRB,AST,STL,BLK,TOV,PF,PTS,2012
11945,361,Vladimir Radmanović,SF,31,ATL,49,3,15.4,1.5,4.0,.376,1.0,2.8,.370,0.5,1.3,.387,.503,0.4,0.6,.759,0.7,2.2,2.9,1.1,0.4,0.3,0.7,1.3,4.5,2012
11946,362,Anthony Randolph,PF,22,MIN,34,5,15.2,2.8,5.9,.470,0.0,0.0,.000,2.8,5.9,.472,.470,1.9,2.5,.762,1.2,2.4,3.6,0.6,0.4,1.0,1.2,1.6,7.4,2012
11947,363,Zach Randolph,PF,30,MEM,28,8,26.3,4.7,10.2,.463,0.1,0.3,.250,4.6,9.9,.469,.467,2.1,3.1,.659,2.8,5.3,8.0,1.7,0.8,0.1,1.4,2.0,11.6,2012
11948,364,Michael Redd,SG,32,PHO,51,2,15.1,2.8,7.1,.400,0.8,2.6,.318,2.0,4.5,.447,.458,1.7,2.2,.793,0.3,1.2,1.5,0.6,0.3,0.0,0.7,0.6,8.2,2012
11949,365,J.J. Redick,SG,27,ORL,65,22,27.2,3.8,9.0,.425,1.7,4.1,.418,2.1,4.9,.430,.521,2.2,2.4,.911,0.3,2.0,2.3,2.5,0.4,0.1,1.0,1.4,11.6,2012
11950,366,Ryan Reid,PF,25,OKC,5,0,3.4,0.8,1.0,.800,0.0,0.0,,0.8,1.0,.800,.800,0.0,0.0,,0.2,0.2,0.4,0.0,0.0,0.0,0.2,0.2,1.6,2012
11951,367,Jason Richardson,SG,31,ORL,54,54,29.5,4.5,11.0,.408,1.9,5.1,.368,2.6,5.9,.442,.493,0.8,1.3,.594,0.7,2.9,3.6,2.0,1.0,0.4,1.1,1.7,11.6,2012
11952,368,Quentin Richardson,SF,31,ORL,48,3,18.0,1.5,4.1,.376,0.9,2.5,.347,0.7,1.6,.421,.482,0.5,0.6,.833,0.3,2.3,2.6,0.8,0.6,0.1,0.6,1.5,4.5,2012
11953,369,Luke Ridnour,SG,30,MIN,53,53,33.0,4.6,10.4,.440,0.9,2.9,.322,3.6,7.5,.485,.485,2.0,2.2,.891,0.4,2.3,2.7,4.8,1.1,0.3,1.8,2.6,12.1,2012
11954,370,Nate Robinson,PG,27,GSW,51,9,23.4,4.0,9.5,.424,1.3,3.5,.365,2.7,5.9,.459,.492,1.8,2.2,.832,0.3,1.7,2.0,4.5,1.2,0.0,1.5,2.3,11.2,2012
11955,371,Rajon Rondo,PG,25,BOS,53,53,36.9,4.8,10.8,.448,0.2,0.8,.238,4.6,10.0,.464,.456,2.0,3.4,.597,1.2,3.7,4.8,11.7,1.8,0.1,3.6,1.9,11.9,2012
11956,372,Derrick Rose,PG,23,CHI,39,39,35.3,7.7,17.8,.435,1.4,4.4,.312,6.4,13.4,.475,.473,5.0,6.1,.812,0.7,2.7,3.4,7.9,0.9,0.7,3.1,1.3,21.8,2012
11957,373,Ricky Rubio,PG,21,MIN,41,31,34.2,3.4,9.5,.357,0.8,2.3,.340,2.6,7.2,.363,.398,3.1,3.8,.803,0.5,3.7,4.2,8.2,2.2,0.2,3.2,2.4,10.6,2012
11958,374,Brandon Rush,SF,26,GSW,65,1,26.4,3.6,7.2,.501,1.5,3.4,.452,2.1,3.8,.544,.607,1.0,1.3,.793,0.5,3.4,3.9,1.4,0.5,0.9,1.0,1.0,9.8,2012
11959,375,Walker Russell,PG,29,DET,28,0,12.8,1.2,3.4,.347,0.1,0.5,.308,1.0,2.9,.354,.368,0.5,0.8,.636,0.3,0.7,0.9,2.1,0.6,0.0,1.2,1.0,3.0,2012
11960,376,John Salmons,SF,32,SAC,46,32,27.2,3.1,7.5,.409,0.7,2.4,.295,2.3,5.1,.464,.457,0.6,1.0,.644,0.4,2.5,2.9,2.0,0.8,0.2,1.0,1.7,7.5,2012
11961,377,Samardo Samuels,C,23,CLE,54,0,15.3,1.9,4.3,.455,0.0,0.0,,1.9,4.3,.455,.455,1.5,2.2,.701,1.2,2.2,3.3,0.4,0.4,0.4,1.0,2.1,5.4,2012
11962,378,Larry Sanders,PF,23,MIL,52,0,12.4,1.6,3.5,.457,0.0,0.0,.000,1.6,3.5,.462,.457,0.3,0.7,.474,1.2,1.9,3.1,0.6,0.6,1.5,0.8,2.6,3.6,2012
11963,379,Brian Scalabrine,PF,33,CHI,28,0,4.4,0.5,1.1,.467,0.0,0.3,.143,0.5,0.8,.565,.483,0.1,0.2,.500,0.3,0.5,0.8,0.5,0.2,0.2,0.3,0.3,1.1,2012
11964,380,Luis Scola,PF,31,HOU,66,66,31.3,6.6,13.5,.491,0.0,0.0,.000,6.6,13.4,.493,.491,2.3,3.0,.773,1.8,4.6,6.5,2.1,0.5,0.4,2.3,3.2,15.5,2012
11965,Rk,Player,Pos,Age,Tm,G,GS,MP,FG,FGA,FG%,3P,3PA,3P%,2P,2PA,2P%,eFG%,FT,FTA,FT%,ORB,DRB,TRB,AST,STL,BLK,TOV,PF,PTS,2012
11966,381,Thabo Sefolosha,SG,27,OKC,42,42,21.8,1.6,3.7,.432,0.7,1.7,.437,0.9,2.0,.429,.532,0.9,1.0,.884,0.5,2.5,3.0,1.1,0.9,0.4,1.0,1.9,4.8,2012
11967,382,Josh Selby,PG,20,MEM,28,0,8.5,0.9,2.6,.347,0.1,0.5,.133,0.8,2.0,.404,.361,0.4,0.5,.786,0.1,0.5,0.5,1.1,0.3,0.0,1.0,0.6,2.3,2012
11968,383,Kevin Séraphin,C,22,WAS,57,21,20.6,3.6,6.7,.531,0.0,0.0,.000,3.6,6.7,.533,.531,0.8,1.2,.671,1.8,3.1,4.9,0.6,0.3,1.3,1.2,2.3,7.9,2012
11969,384,Ramon Sessions,PG,25,TOT,64,23,26.7,3.8,8.8,.428,0.7,1.5,.443,3.1,7.3,.425,.466,3.0,3.9,.782,0.5,2.8,3.3,5.5,0.7,0.0,2.2,1.6,11.3,2012
11970,384,Ramon Sessions,PG,25,CLE,41,4,24.5,3.4,8.6,.398,0.6,1.5,.419,2.8,7.1,.394,.435,3.0,3.6,.830,0.5,2.6,3.1,5.2,0.7,0.0,2.0,1.5,10.5,2012
11971,384,Ramon Sessions,PG,25,LAL,23,19,30.5,4.4,9.2,.479,0.7,1.5,.486,3.7,7.7,.477,.519,3.1,4.4,.713,0.6,3.2,3.8,6.2,0.7,0.1,2.6,1.6,12.7,2012
11972,385,Iman Shumpert,PG,21,NYK,59,35,28.9,3.6,9.1,.401,0.8,2.7,.306,2.8,6.4,.440,.446,1.5,1.8,.798,0.7,2.4,3.2,2.8,1.7,0.1,1.9,2.9,9.5,2012
11973,386,Xavier Silas,SG,24,PHI,2,0,19.5,2.0,7.5,.267,0.5,3.0,.167,1.5,4.5,.333,.300,1.0,1.5,.667,1.0,1.0,2.0,1.5,0.0,0.0,1.5,2.5,5.5,2012
11974,387,Bobby Simmons,SF,31,LAC,28,0,14.9,1.0,3.2,.311,0.7,2.1,.333,0.3,1.1,.267,.422,0.1,0.3,.571,0.6,1.4,2.0,0.4,0.5,0.1,0.4,1.5,2.9,2012
11975,388,Chris Singleton,SF,22,WAS,66,51,21.7,1.8,4.7,.372,0.7,1.9,.346,1.1,2.8,.389,.442,0.5,0.7,.682,0.7,2.9,3.5,0.7,1.1,0.5,0.6,2.7,4.6,2012
11976,389,James Singleton,PF,30,WAS,12,0,21.8,3.4,6.3,.547,0.2,0.8,.222,3.3,5.5,.591,.560,1.2,1.3,.933,2.1,4.7,6.8,1.3,0.8,0.7,0.8,2.3,8.2,2012
11977,390,Brian Skinner,C,35,MEM,1,0,4.0,0.0,1.0,.000,0.0,0.0,,0.0,1.0,.000,.000,0.0,0.0,,0.0,0.0,0.0,0.0,0.0,0.0,0.0,1.0,0.0,2012
11978,391,Donald Sloan,PG,24,TOT,33,11,20.3,2.4,6.0,.399,0.1,0.8,.080,2.3,5.2,.445,.404,0.7,0.9,.767,0.5,1.5,2.0,3.2,0.4,0.1,1.5,1.1,5.5,2012
11979,391,Donald Sloan,PG,24,ATL,5,0,4.0,0.6,1.6,.375,0.0,0.2,.000,0.6,1.4,.429,.375,0.0,0.0,,0.2,0.8,1.0,1.0,0.2,0.0,0.4,0.6,1.2,2012
11980,391,Donald Sloan,PG,24,NOH,3,0,13.7,1.7,4.7,.357,0.0,0.7,.000,1.7,4.0,.417,.357,0.7,1.3,.500,0.7,0.3,1.0,2.7,0.7,0.0,1.7,0.7,4.0,2012
11981,391,Donald Sloan,PG,24,CLE,25,11,24.3,2.8,7.0,.403,0.1,0.9,.091,2.8,6.2,.448,.409,0.8,1.0,.808,0.6,1.8,2.4,3.7,0.4,0.1,1.7,1.3,6.6,2012
11982,392,Craig Smith,PF,28,POR,47,0,9.9,1.3,2.5,.504,0.0,0.0,.000,1.3,2.5,.509,.504,0.8,1.1,.717,0.7,1.6,2.3,0.4,0.3,0.1,0.5,1.2,3.3,2012
11983,393,Greg Smith,C,21,HOU,8,0,8.6,0.9,1.4,.636,0.0,0.0,,0.9,1.4,.636,.636,0.0,0.0,,0.6,1.9,2.5,0.1,0.3,0.6,0.1,2.1,1.8,2012
11984,394,Ish Smith,PG,23,TOT,26,1,9.0,1.2,3.1,.383,0.1,0.3,.333,1.1,2.8,.389,.401,0.3,0.4,.700,0.3,1.1,1.3,1.6,0.6,0.1,0.5,0.6,2.8,2012
11985,394,Ish Smith,PG,23,GSW,6,1,10.5,2.0,5.0,.400,0.3,0.8,.400,1.7,4.2,.400,.433,0.2,0.3,.500,0.3,1.2,1.5,1.5,0.7,0.0,0.2,0.7,4.5,2012
11986,394,Ish Smith,PG,23,ORL,20,0,8.6,1.0,2.6,.373,0.1,0.2,.250,0.9,2.4,.383,.382,0.3,0.4,.750,0.3,1.1,1.3,1.6,0.6,0.1,0.6,0.6,2.3,2012
11987,395,J.R. Smith,SG,26,NYK,35,1,27.6,4.7,11.6,.407,1.9,5.5,.347,2.8,6.1,.462,.490,1.1,1.6,.709,0.8,3.1,3.9,2.4,1.5,0.2,1.3,2.5,12.5,2012
11988,396,Jason Smith,PF,25,NOH,40,29,23.7,4.5,8.7,.520,0.0,0.2,.111,4.5,8.5,.531,.522,0.8,1.2,.702,1.8,3.1,4.9,0.9,0.5,1.0,1.0,2.6,9.9,2012
11989,397,Jerry Smith,PG,24,NJN,5,0,9.2,0.6,2.8,.214,0.2,1.2,.167,0.4,1.6,.250,.250,0.0,0.0,,0.4,1.0,1.4,0.8,1.0,0.0,0.0,1.0,1.4,2012
11990,398,Josh Smith,PF,26,ATL,66,66,35.3,7.6,16.7,.458,0.4,1.7,.257,7.2,15.0,.480,.470,3.1,4.9,.630,2.1,7.5,9.6,3.9,1.4,1.7,2.5,2.6,18.8,2012
11991,399,Nolan Smith,PG,23,POR,44,4,12.3,1.5,4.1,.372,0.3,1.0,.289,1.2,3.1,.400,.408,0.5,0.6,.714,0.4,0.9,1.3,1.4,0.4,0.1,1.0,1.3,3.8,2012
11992,400,Marreese Speights,PF,24,MEM,60,54,22.4,3.7,8.1,.453,0.0,0.1,.000,3.7,8.1,.456,.453,1.4,1.8,.771,2.2,4.0,6.2,0.8,0.4,0.5,1.2,2.5,8.8,2012
11993,Rk,Player,Pos,Age,Tm,G,GS,MP,FG,FGA,FG%,3P,3PA,3P%,2P,2PA,2P%,eFG%,FT,FTA,FT%,ORB,DRB,TRB,AST,STL,BLK,TOV,PF,PTS,2012
11994,401,Tiago Splitter,C,27,SAS,59,2,19.0,3.6,5.8,.618,0.0,0.0,,3.6,5.8,.618,.618,2.1,3.1,.691,1.6,3.6,5.2,1.1,0.4,0.8,1.5,2.3,9.3,2012
11995,402,Jerry Stackhouse,SF,37,ATL,30,0,9.1,1.2,3.3,.370,0.4,1.3,.342,0.8,2.1,.387,.435,0.7,0.8,.913,0.2,0.6,0.8,0.5,0.3,0.1,0.4,0.4,3.6,2012
11996,403,Lance Stephenson,SG,21,IND,42,1,10.5,1.1,3.0,.376,0.1,0.7,.133,1.0,2.3,.453,.392,0.2,0.4,.471,0.3,1.0,1.3,1.1,0.5,0.1,0.9,0.7,2.5,2012
11997,404,DeShawn Stevenson,SF,30,NJN,51,30,18.8,1.0,3.4,.285,0.8,2.8,.283,0.2,0.5,.296,.404,0.2,0.3,.563,0.1,1.8,2.0,0.8,0.4,0.1,0.4,1.2,2.9,2012
11998,405,Greg Stiemsma,C,26,BOS,55,3,13.9,1.2,2.2,.545,0.0,0.0,,1.2,2.2,.545,.545,0.5,0.7,.707,0.9,2.3,3.2,0.5,0.7,1.5,0.6,2.6,2.9,2012
11999,406,Julyan Stone,SG,23,DEN,22,2,8.1,0.6,1.4,.419,0.1,0.5,.182,0.5,0.9,.550,.452,0.4,0.5,.727,0.2,0.9,1.1,1.7,0.4,0.3,0.5,0.8,1.6,2012
12000,407,Amar'e Stoudemire,PF,29,NYK,47,47,32.8,6.7,13.9,.483,0.1,0.4,.238,6.6,13.5,.491,.487,4.0,5.2,.765,2.3,5.6,7.8,1.1,0.8,1.0,2.4,2.9,17.5,2012
12001,408,Rodney Stuckey,SG,25,DET,55,48,29.9,4.7,10.9,.429,0.6,1.9,.317,4.1,9.0,.452,.456,4.9,5.8,.834,0.7,1.9,2.6,3.8,0.8,0.2,1.9,2.3,14.8,2012
12002,409,DaJuan Summers,SF,24,NOH,15,6,13.9,1.9,4.3,.431,0.3,1.1,.313,1.5,3.3,.469,.469,0.5,0.6,.778,0.5,1.0,1.5,0.7,0.5,0.0,0.5,2.1,4.5,2012
12003,410,Jeff Teague,PG,23,ATL,66,66,33.1,4.8,10.2,.476,0.8,2.3,.342,4.1,7.9,.514,.514,2.1,2.8,.757,0.3,2.1,2.4,4.9,1.6,0.6,2.0,2.2,12.6,2012
12004,411,Sebastian Telfair,PG,26,PHO,60,1,14.9,2.4,5.7,.412,0.6,1.8,.314,1.8,4.0,.456,.461,0.9,1.1,.791,0.3,1.2,1.5,2.3,0.7,0.2,1.1,2.0,6.1,2012
12005,412,Jason Terry,SG,34,DAL,63,1,31.7,5.7,13.2,.430,2.2,5.8,.378,3.5,7.4,.471,.513,1.6,1.8,.883,0.3,2.1,2.4,3.6,1.2,0.2,2.0,1.1,15.1,2012
12006,413,Hasheem Thabeet,C,24,TOT,20,3,7.0,0.6,1.1,.524,0.0,0.0,,0.6,1.1,.524,.524,0.7,1.0,.650,0.8,1.3,2.1,0.0,0.1,0.5,0.4,1.0,1.8,2012
12007,413,Hasheem Thabeet,C,24,HOU,5,0,4.6,0.6,0.6,1.000,0.0,0.0,,0.6,0.6,1.000,1.000,0.0,0.0,,0.2,1.2,1.4,0.0,0.0,0.4,0.0,1.0,1.2,2012
12008,413,Hasheem Thabeet,C,24,POR,15,3,7.7,0.5,1.2,.444,0.0,0.0,,0.5,1.2,.444,.444,0.9,1.3,.650,1.0,1.3,2.3,0.0,0.1,0.5,0.5,1.0,1.9,2012
12009,414,Isaiah Thomas,PG,22,SAC,65,37,25.5,3.9,8.8,.448,1.3,3.4,.379,2.7,5.4,.491,.521,2.4,2.8,.832,0.7,1.8,2.6,4.1,0.8,0.1,1.6,1.9,11.5,2012
12010,415,Kurt Thomas,C,39,POR,53,3,15.2,1.4,3.0,.465,0.0,0.0,,1.4,3.0,.465,.465,0.3,0.4,.700,0.7,2.8,3.5,0.9,0.5,0.6,0.6,2.3,3.0,2012
12011,416,Lance Thomas,PF,23,NOH,42,10,15.0,1.4,3.0,.452,0.0,0.0,.000,1.4,3.0,.456,.452,1.2,1.5,.839,1.2,1.8,3.0,0.3,0.2,0.2,0.6,1.9,4.0,2012
12012,417,Malcolm Thomas,PF,23,SAS,3,0,5.0,0.0,1.0,.000,0.0,0.0,,0.0,1.0,.000,.000,0.3,0.7,.500,0.3,0.7,1.0,0.3,0.3,0.3,0.0,0.0,0.3,2012
12013,418,Tyrus Thomas,PF,25,CHA,54,30,18.8,2.2,6.1,.367,0.0,0.1,.333,2.2,6.0,.367,.369,1.2,1.5,.759,0.9,2.8,3.7,0.6,0.7,1.1,1.0,2.7,5.6,2012
12014,419,Trey Thompkins,C,21,LAC,24,0,5.0,1.0,2.5,.393,0.2,0.5,.308,0.8,2.0,.417,.426,0.2,0.3,.714,0.2,0.8,1.0,0.1,0.1,0.1,0.3,0.4,2.4,2012
12015,420,Jason Thompson,PF,25,SAC,64,47,25.9,3.7,6.9,.535,0.0,0.0,.000,3.7,6.9,.537,.535,1.7,2.8,.602,2.6,4.3,6.9,1.2,0.7,0.7,1.1,2.3,9.1,2012
12016,Rk,Player,Pos,Age,Tm,G,GS,MP,FG,FGA,FG%,3P,3PA,3P%,2P,2PA,2P%,eFG%,FT,FTA,FT%,ORB,DRB,TRB,AST,STL,BLK,TOV,PF,PTS,2012
12017,421,Klay Thompson,SG,21,GSW,66,29,24.4,4.8,10.9,.443,1.7,4.1,.414,3.1,6.8,.460,.520,1.2,1.4,.868,0.4,2.1,2.4,2.0,0.7,0.3,1.6,2.3,12.5,2012
12018,422,Mychel Thompson,SG,23,CLE,5,3,19.0,1.4,4.8,.292,0.8,2.2,.364,0.6,2.6,.231,.375,0.0,0.0,,0.0,1.0,1.0,1.4,0.4,0.2,1.0,1.6,3.6,2012
12019,423,Tristan Thompson,PF,20,CLE,60,25,23.7,3.2,7.4,.439,0.0,0.0,.000,3.2,7.3,.441,.439,1.8,3.2,.552,3.1,3.4,6.5,0.5,0.5,1.0,1.4,2.2,8.2,2012
12020,424,Marcus Thornton,SG,24,SAC,51,51,34.9,6.9,15.7,.438,2.1,6.1,.345,4.8,9.7,.497,.505,2.8,3.2,.865,1.6,2.0,3.7,1.9,1.4,0.2,1.6,2.2,18.7,2012
12021,425,Jamaal Tinsley,PG,33,UTA,37,1,13.7,1.5,3.8,.404,0.3,1.0,.270,1.3,2.8,.452,.440,0.4,0.5,.765,0.2,1.1,1.2,3.3,0.5,0.2,1.4,1.3,3.7,2012
12022,426,Anthony Tolliver,SF,26,MIN,51,0,17.3,1.4,3.6,.390,0.5,2.0,.248,0.9,1.6,.568,.459,0.8,1.1,.745,1.0,2.0,3.0,0.4,0.4,0.4,0.7,1.7,4.1,2012
12023,427,Ronny Turiaf,C,29,TOT,17,5,16.4,1.1,1.9,.576,0.0,0.1,.000,1.1,1.9,.594,.576,0.8,1.3,.591,1.2,2.9,4.1,0.6,0.8,1.0,0.8,2.3,3.0,2012
12024,427,Ronny Turiaf,C,29,WAS,4,0,14.5,0.8,0.8,1.000,0.0,0.0,,0.8,0.8,1.000,1.000,0.0,0.0,,0.3,2.8,3.0,1.3,1.5,0.8,1.5,1.8,1.5,2012
12025,427,Ronny Turiaf,C,29,MIA,13,5,17.0,1.2,2.3,.533,0.0,0.1,.000,1.2,2.2,.552,.533,1.0,1.7,.591,1.5,3.0,4.5,0.4,0.6,1.1,0.6,2.5,3.5,2012
12026,428,Hedo Türkoğlu,SF,32,ORL,53,53,31.2,3.9,9.5,.415,1.7,4.9,.353,2.2,4.6,.480,.505,1.3,1.8,.705,0.5,3.3,3.8,4.4,0.8,0.3,2.7,2.6,10.9,2012
12027,429,Evan Turner,SF,23,PHI,65,20,26.4,4.0,9.1,.446,0.2,0.8,.224,3.9,8.3,.466,.455,1.1,1.7,.676,0.4,5.4,5.8,2.8,0.6,0.3,1.6,1.8,9.4,2012
12028,430,Jeremy Tyler,C,20,GSW,42,23,13.5,2.1,5.0,.421,0.0,0.0,.000,2.1,5.0,.423,.421,0.7,1.2,.558,1.3,2.0,3.3,0.4,0.4,0.5,0.9,2.0,4.9,2012
12029,431,Edwin Ubiles,SF,25,WAS,4,0,13.0,1.3,4.5,.278,0.3,1.3,.200,1.0,3.3,.308,.306,0.8,0.8,1.000,0.5,2.0,2.5,0.3,0.3,0.3,0.3,0.3,3.5,2012
12030,432,Ekpe Udoh,C,24,TOT,61,11,21.1,2.1,4.8,.431,0.0,0.0,.000,2.1,4.8,.433,.431,1.4,1.9,.754,1.6,2.5,4.2,0.9,0.7,1.7,0.9,2.9,5.6,2012
12031,432,Ekpe Udoh,C,24,GSW,38,6,21.8,2.2,4.9,.443,0.0,0.0,,2.2,4.9,.443,.443,1.2,1.7,.719,1.5,2.3,3.9,0.8,0.7,1.7,0.9,3.0,5.5,2012
12032,432,Ekpe Udoh,C,24,MIL,23,5,20.1,2.0,4.8,.409,0.0,0.1,.000,2.0,4.7,.417,.409,1.7,2.2,.800,1.8,2.8,4.7,1.1,0.7,1.6,0.8,2.6,5.7,2012
12033,433,Beno Udrih,SG,29,MIL,59,0,18.3,2.5,5.6,.440,0.3,1.0,.288,2.2,4.6,.473,.465,0.7,0.9,.709,0.4,1.3,1.7,3.8,0.6,0.0,1.3,1.2,5.9,2012
12034,434,Ben Uzoh,PG,23,TOT,18,8,20.6,1.9,5.5,.354,0.0,0.1,.000,1.9,5.4,.357,.354,0.6,1.1,.579,1.1,2.7,3.7,3.4,0.9,0.2,1.1,1.7,4.5,2012
12035,434,Ben Uzoh,PG,23,CLE,2,0,6.5,1.0,2.5,.400,0.0,0.0,,1.0,2.5,.400,.400,0.0,0.0,,1.0,1.0,2.0,1.0,0.5,0.0,0.0,0.5,2.0,2012
12036,434,Ben Uzoh,PG,23,TOR,16,8,22.3,2.1,5.9,.351,0.0,0.1,.000,2.1,5.8,.355,.351,0.7,1.2,.579,1.1,2.9,3.9,3.7,1.0,0.2,1.2,1.9,4.8,2012
12037,435,Anderson Varejão,C,29,CLE,25,25,31.4,4.6,8.9,.514,0.0,0.2,.000,4.6,8.7,.523,.514,1.7,2.6,.672,4.4,7.1,11.5,1.7,1.4,0.7,1.8,2.5,10.8,2012
12038,436,Greivis Vásquez,PG,25,NOH,66,26,25.8,3.4,7.9,.430,0.7,2.0,.319,2.8,5.9,.469,.471,1.5,1.8,.821,0.3,2.3,2.6,5.4,0.9,0.1,2.2,1.9,8.9,2012
12039,437,Jan Veselý,PF,21,WAS,57,20,18.9,2.1,3.8,.537,0.0,0.0,.000,2.1,3.8,.539,.537,0.6,1.1,.532,1.8,2.6,4.4,0.8,0.7,0.6,1.1,2.7,4.7,2012
12040,438,Charlie Villanueva,PF,27,DET,13,0,13.8,2.7,7.0,.385,1.2,3.5,.333,1.5,3.5,.435,.467,0.5,0.5,.857,0.7,3.0,3.7,0.5,0.5,0.4,0.5,1.9,7.0,2012
12041,439,Nikola Vučević,C,21,PHI,51,15,15.9,2.6,5.7,.450,0.1,0.2,.375,2.5,5.5,.452,.455,0.4,0.7,.529,1.7,3.1,4.8,0.6,0.4,0.7,0.6,2.2,5.5,2012
12042,440,Dwyane Wade,SG,30,MIA,49,49,33.2,8.5,17.1,.497,0.3,1.1,.268,8.2,15.9,.513,.506,4.8,6.1,.791,1.5,3.3,4.8,4.6,1.7,1.3,2.6,2.2,22.1,2012
12043,Rk,Player,Pos,Age,Tm,G,GS,MP,FG,FGA,FG%,3P,3PA,3P%,2P,2PA,2P%,eFG%,FT,FTA,FT%,ORB,DRB,TRB,AST,STL,BLK,TOV,PF,PTS,2012
12044,441,Von Wafer,SG,26,ORL,33,1,14.2,2.2,4.8,.452,0.4,1.2,.359,1.7,3.6,.483,.497,1.2,1.6,.704,0.2,1.2,1.4,0.9,0.3,0.1,1.1,0.8,5.9,2012
12045,442,Henry Walker,SG,24,NYK,32,8,19.4,2.1,5.3,.398,1.1,3.5,.319,1.0,1.8,.552,.503,0.5,0.6,.850,0.3,2.2,2.5,1.2,0.6,0.2,1.1,2.6,5.9,2012
12046,443,Kemba Walker,PG,21,CHA,66,25,27.2,4.3,11.6,.366,1.0,3.4,.305,3.2,8.2,.392,.411,2.5,3.2,.789,0.5,3.1,3.5,4.4,0.9,0.3,1.8,1.2,12.1,2012
12047,444,John Wall,PG,21,WAS,66,66,36.2,5.7,13.5,.423,0.0,0.6,.071,5.7,12.9,.440,.424,4.8,6.1,.789,0.7,3.8,4.5,8.0,1.4,0.9,3.9,2.1,16.3,2012
12048,445,Ben Wallace*,C,37,DET,62,11,15.8,0.5,1.4,.395,0.0,0.1,.250,0.5,1.3,.402,.401,0.3,0.8,.340,1.3,3.0,4.3,0.7,0.8,0.8,0.5,1.0,1.4,2012
12049,446,Gerald Wallace,SF,29,TOT,58,58,35.8,4.9,10.9,.454,0.8,2.6,.307,4.2,8.3,.500,.491,3.1,3.9,.800,1.5,5.2,6.7,2.8,1.5,0.6,1.9,2.5,13.8,2012
12050,446,Gerald Wallace,SF,29,POR,42,42,35.8,4.8,10.2,.472,0.6,2.3,.265,4.2,7.9,.533,.502,3.0,3.8,.776,1.5,5.1,6.6,2.7,1.5,0.6,2.0,2.5,13.3,2012
12051,446,Gerald Wallace,SF,29,NJN,16,16,35.8,5.3,12.6,.416,1.3,3.3,.385,4.0,9.4,.427,.465,3.4,4.0,.859,1.5,5.3,6.8,3.1,1.4,0.7,1.7,2.4,15.2,2012
12052,447,Luke Walton,PF-SF,31,TOT,30,0,12.1,0.8,2.2,.369,0.2,0.7,.350,0.6,1.5,.378,.423,0.0,0.0,,0.4,1.2,1.6,1.2,0.2,0.0,0.9,1.4,1.8,2012
12053,447,Luke Walton,SF,31,LAL,9,0,7.2,0.7,1.6,.429,0.0,0.4,.000,0.7,1.1,.600,.429,0.0,0.0,,0.7,0.9,1.6,0.6,0.2,0.0,0.2,1.0,1.3,2012
12054,447,Luke Walton,PF,31,CLE,21,0,14.2,0.9,2.4,.353,0.3,0.8,.438,0.5,1.7,.314,.422,0.0,0.0,,0.3,1.3,1.7,1.4,0.1,0.0,1.2,1.5,2.0,2012
12055,448,Hakim Warrick,PF,29,PHO,35,0,14.4,2.1,5.1,.411,0.0,0.3,.100,2.1,4.9,.429,.414,2.2,2.8,.768,0.9,1.7,2.6,0.9,0.2,0.1,1.0,1.0,6.4,2012
12056,449,Darryl Watkins,C,27,NOH,5,0,19.6,1.4,2.8,.500,0.0,0.0,,1.4,2.8,.500,.500,1.8,3.6,.500,1.6,3.8,5.4,0.6,1.0,0.8,1.6,2.8,4.6,2012
12057,450,C.J. Watson,PG,27,CHI,49,25,23.7,3.3,8.9,.368,1.4,3.5,.393,1.9,5.4,.352,.446,1.7,2.1,.808,0.4,1.7,2.1,4.1,0.9,0.2,2.0,2.1,9.7,2012
12058,451,Earl Watson,PG,32,UTA,50,2,20.7,1.1,3.2,.338,0.2,1.0,.192,0.9,2.2,.407,.369,0.6,0.9,.674,0.6,1.8,2.4,4.3,1.1,0.4,1.7,2.1,3.0,2012
12059,452,Martell Webster,SF,25,MIN,47,26,24.3,2.4,5.8,.423,0.8,2.3,.339,1.7,3.5,.479,.491,1.2,1.5,.792,0.9,2.7,3.6,0.9,0.7,0.4,1.0,1.8,6.9,2012
12060,453,David West,PF,31,IND,66,66,29.2,5.3,10.8,.487,0.0,0.1,.222,5.3,10.7,.491,.489,2.2,2.7,.807,1.8,4.8,6.6,2.1,0.8,0.7,1.4,2.4,12.8,2012
12061,454,Delonte West,PG,28,DAL,44,33,24.1,3.8,8.2,.461,0.6,1.7,.355,3.2,6.5,.489,.499,1.4,1.6,.886,0.3,2.0,2.3,3.2,1.3,0.3,1.7,1.5,9.6,2012
12062,455,Russell Westbrook,PG,23,OKC,66,66,35.3,8.8,19.2,.457,0.9,3.0,.316,7.8,16.2,.482,.481,5.2,6.3,.823,1.5,3.1,4.6,5.5,1.7,0.3,3.6,2.2,23.6,2012
12063,456,D.J. White,PF,25,CHA,58,11,18.9,3.0,6.1,.493,0.0,0.0,1.000,3.0,6.1,.491,.494,0.7,1.1,.705,0.9,2.7,3.6,0.8,0.3,0.4,0.7,1.6,6.8,2012
12064,457,Hassan Whiteside,C,22,SAC,18,0,6.1,0.7,1.5,.444,0.0,0.0,,0.7,1.5,.444,.444,0.3,0.7,.417,0.9,1.3,2.2,0.0,0.2,0.8,0.3,0.7,1.6,2012
12065,458,Chris Wilcox,C,29,BOS,28,4,17.2,2.3,3.8,.598,0.0,0.0,,2.3,3.8,.598,.598,0.9,1.4,.615,1.4,3.0,4.4,0.4,0.4,0.3,1.1,2.3,5.4,2012
12066,459,Damien Wilkins,SF,32,DET,60,2,15.4,1.3,3.2,.394,0.1,0.4,.304,1.2,2.8,.406,.412,0.6,0.9,.630,0.4,1.3,1.7,0.7,0.5,0.2,0.5,1.4,3.2,2012
12067,460,Deron Williams,PG,27,NJN,55,55,36.3,7.1,17.5,.407,2.1,6.2,.336,5.0,11.3,.446,.467,4.7,5.5,.843,0.4,2.9,3.3,8.7,1.2,0.4,4.0,2.2,21.0,2012
12068,Rk,Player,Pos,Age,Tm,G,GS,MP,FG,FGA,FG%,3P,3PA,3P%,2P,2PA,2P%,eFG%,FT,FTA,FT%,ORB,DRB,TRB,AST,STL,BLK,TOV,PF,PTS,2012
12069,461,Derrick Williams,PF,20,MIN,66,15,21.5,3.1,7.5,.412,0.6,2.1,.268,2.5,5.5,.467,.449,2.1,3.0,.697,1.2,3.5,4.7,0.6,0.5,0.5,1.2,1.4,8.8,2012
12070,462,Elliot Williams,SG,22,POR,24,0,6.2,1.5,3.1,.500,0.3,1.1,.296,1.2,2.0,.617,.554,0.3,0.8,.333,0.3,0.5,0.8,0.3,0.3,0.1,0.2,0.8,3.7,2012
12071,463,Jordan Williams,C,21,NJN,43,5,14.8,1.8,3.5,.507,0.0,0.0,,1.8,3.5,.507,.507,1.0,1.5,.652,1.5,2.1,3.6,0.3,0.5,0.3,0.5,1.4,4.6,2012
12072,464,Lou Williams,PG,25,PHI,64,0,26.3,5.0,12.2,.407,1.3,3.6,.362,3.7,8.6,.425,.460,3.7,4.6,.812,0.5,2.0,2.4,3.5,0.8,0.3,1.1,1.4,14.9,2012
12073,465,Marvin Williams,SF,25,ATL,57,37,26.3,3.6,8.2,.432,1.0,2.6,.389,2.5,5.6,.452,.494,2.0,2.6,.788,1.3,3.8,5.2,1.2,0.8,0.3,0.7,1.5,10.2,2012
12074,466,Mo Williams,SG,29,LAC,52,1,28.3,5.0,11.8,.426,1.8,4.6,.389,3.2,7.2,.449,.502,1.4,1.5,.900,0.4,1.5,1.9,3.1,1.0,0.1,1.7,2.0,13.2,2012
12075,467,Reggie Williams,SF,25,CHA,33,13,22.6,3.2,7.7,.416,1.0,3.2,.308,2.2,4.5,.493,.480,0.9,1.2,.725,0.8,2.0,2.8,1.8,0.6,0.1,1.0,1.0,8.3,2012
12076,468,Sean Williams,C,25,TOT,11,0,9.7,1.3,2.0,.636,0.0,0.0,,1.3,2.0,.636,.636,1.1,1.2,.923,1.2,1.1,2.3,0.5,0.4,0.7,0.9,1.6,3.6,2012
12077,468,Sean Williams,C,25,DAL,8,0,8.1,1.5,2.0,.750,0.0,0.0,,1.5,2.0,.750,.750,0.6,0.8,.833,1.1,0.5,1.6,0.3,0.1,0.6,0.9,1.8,3.6,2012
12078,468,Sean Williams,C,25,BOS,3,0,14.0,0.7,2.0,.333,0.0,0.0,,0.7,2.0,.333,.333,2.3,2.3,1.000,1.3,2.7,4.0,1.0,1.0,1.0,1.0,1.3,3.7,2012
12079,469,Shawne Williams,SF,25,NJN,25,6,20.6,1.7,5.9,.286,0.8,3.5,.241,0.8,2.4,.350,.357,0.3,0.4,.727,0.8,1.9,2.7,0.6,0.4,0.4,0.5,1.8,4.5,2012
12080,470,Shelden Williams,C,28,NJN,58,35,22.0,1.7,3.5,.478,0.0,0.0,,1.7,3.5,.478,.478,1.3,1.8,.731,2.4,3.6,6.0,0.6,0.8,0.7,1.1,2.6,4.6,2012
12081,471,Terrence Williams,SG,24,TOT,30,0,18.3,2.8,6.6,.429,0.5,1.5,.348,2.3,5.1,.454,.470,0.9,1.5,.587,0.4,3.0,3.4,2.2,0.7,0.2,1.4,1.2,7.1,2012
12082,471,Terrence Williams,SG,24,HOU,12,0,15.1,1.7,4.8,.351,0.7,1.6,.421,1.0,3.2,.316,.421,0.5,1.0,.500,0.2,2.2,2.3,0.8,0.3,0.1,0.8,1.3,4.5,2012
12083,471,Terrence Williams,SG,24,SAC,18,0,20.5,3.6,7.8,.461,0.4,1.5,.296,3.2,6.3,.500,.489,1.2,1.9,.618,0.6,3.5,4.1,3.1,0.9,0.3,1.8,1.1,8.8,2012
12084,472,Metta World Peace,SF,32,LAL,64,45,26.9,2.9,7.3,.394,0.9,3.0,.296,2.0,4.3,.460,.454,1.1,1.8,.617,1.1,2.3,3.4,2.2,1.1,0.4,1.1,2.1,7.7,2012
12085,473,Brandan Wright,C,24,DAL,49,0,16.1,2.9,4.8,.618,0.0,0.0,.000,2.9,4.7,.621,.618,1.1,1.7,.634,1.3,2.3,3.6,0.3,0.4,1.3,0.4,1.2,6.9,2012
12086,474,Chris Wright,SF,23,GSW,24,1,7.8,1.0,1.9,.511,0.0,0.0,,1.0,1.9,.511,.511,1.0,1.3,.774,0.8,1.1,1.9,0.2,0.3,0.5,0.3,0.9,2.9,2012
12087,475,Dorell Wright,SF,26,GSW,61,61,27.0,3.6,8.6,.422,1.7,4.8,.360,1.9,3.8,.500,.522,1.3,1.6,.816,1.0,3.6,4.6,1.5,1.0,0.4,0.8,1.6,10.3,2012
12088,476,Nick Young,SG,26,TOT,62,35,27.9,5.1,12.6,.403,1.7,4.5,.365,3.4,8.1,.424,.469,2.3,2.7,.852,0.5,1.6,2.1,0.9,0.7,0.3,1.3,2.3,14.2,2012
12089,476,Nick Young,SG,26,WAS,40,32,30.3,6.0,14.8,.406,1.8,4.9,.371,4.2,9.9,.424,.468,2.8,3.3,.862,0.5,1.9,2.4,1.2,0.8,0.3,1.5,2.3,16.6,2012
12090,476,Nick Young,SG,26,LAC,22,3,23.5,3.5,8.8,.394,1.4,3.9,.353,2.1,4.9,.426,.472,1.5,1.8,.821,0.5,1.1,1.6,0.5,0.6,0.3,1.1,2.3,9.7,2012
12091,477,Sam Young,SF,26,TOT,35,2,10.7,1.3,3.6,.354,0.1,0.5,.294,1.1,3.1,.364,.374,0.5,0.7,.731,0.6,1.2,1.8,0.4,0.5,0.2,0.5,0.7,3.3,2012
12092,477,Sam Young,SF,26,MEM,21,2,11.4,1.5,4.0,.386,0.0,0.4,.000,1.5,3.5,.432,.386,0.5,0.6,.833,0.7,1.3,2.0,0.4,0.5,0.1,0.4,0.6,3.5,2012
12093,477,Sam Young,SF,26,PHI,14,0,9.6,0.9,3.1,.295,0.4,0.6,.625,0.6,2.6,.222,.352,0.6,1.0,.643,0.4,1.1,1.5,0.4,0.4,0.3,0.5,0.8,2.9,2012
12094,478,Thaddeus Young,PF,23,PHI,63,1,27.9,5.5,10.9,.507,0.0,0.1,.250,5.5,10.8,.508,.507,1.8,2.3,.771,2.2,3.0,5.2,1.2,1.0,0.7,0.9,2.0,12.8,2012
12095,1,Quincy Acy,PF,22,TOR,29,0,11.8,1.4,2.6,.560,0.0,0.1,.500,1.4,2.5,.562,.567,1.1,1.3,.816,1.0,1.6,2.7,0.4,0.4,0.5,0.6,1.8,4.0,2013
12096,2,Jeff Adrien,PF,26,CHA,52,5,13.7,1.4,3.2,.429,0.0,0.0,.000,1.4,3.2,.434,.429,1.3,1.9,.650,1.3,2.5,3.8,0.7,0.3,0.5,0.6,1.5,4.0,2013
12097,3,Arron Afflalo,SF,27,ORL,64,64,36.0,6.2,14.1,.439,1.1,3.8,.300,5.1,10.4,.489,.478,3.0,3.5,.857,0.5,3.3,3.7,3.2,0.6,0.2,2.2,2.1,16.5,2013
12098,4,Josh Akognon,PG,26,DAL,3,0,3.0,0.7,1.3,.500,0.3,0.7,.500,0.3,0.7,.500,.625,0.0,0.0,,0.0,0.3,0.3,0.3,0.0,0.0,0.0,1.0,1.7,2013
12099,5,Cole Aldrich,C,24,TOT,45,0,8.6,1.0,1.8,.550,0.0,0.0,,1.0,1.8,.550,.550,0.3,0.4,.600,0.7,2.0,2.7,0.2,0.1,0.5,0.5,1.3,2.2,2013
12100,5,Cole Aldrich,C,24,HOU,30,0,7.1,0.8,1.4,.535,0.0,0.0,,0.8,1.4,.535,.535,0.1,0.3,.444,0.4,1.5,1.9,0.2,0.1,0.3,0.5,1.4,1.7,2013
12101,5,Cole Aldrich,C,24,SAC,15,0,11.7,1.4,2.5,.568,0.0,0.0,,1.4,2.5,.568,.568,0.5,0.7,.727,1.2,3.0,4.2,0.2,0.1,0.9,0.6,1.3,3.3,2013
12102,6,LaMarcus Aldridge,PF,27,POR,74,74,37.7,8.6,17.8,.484,0.0,0.2,.143,8.6,17.6,.488,.485,3.8,4.7,.810,2.4,6.7,9.1,2.6,0.8,1.2,1.9,2.5,21.1,2013
12103,7,Lavoy Allen,C,23,PHI,79,37,21.1,2.6,5.7,.454,0.0,0.0,.000,2.6,5.7,.455,.454,0.5,0.8,.717,2.0,3.0,5.0,0.9,0.3,0.7,0.7,2.3,5.8,2013
12104,8,Ray Allen*,SG,37,MIA,79,0,25.8,3.7,8.2,.449,1.8,4.2,.419,1.9,4.0,.480,.555,1.8,2.0,.886,0.5,2.2,2.7,1.7,0.8,0.2,1.3,1.6,10.9,2013
12105,9,Tony Allen,SG,31,MEM,79,79,26.7,3.6,8.1,.445,0.0,0.3,.125,3.6,7.8,.458,.447,1.7,2.4,.717,1.5,3.1,4.6,1.2,1.5,0.6,1.2,2.7,8.9,2013
12106,10,Al-Farouq Aminu,SF,22,NOH,76,71,27.2,3.0,6.2,.475,0.1,0.3,.211,2.9,6.0,.486,.479,1.3,1.8,.737,1.8,5.9,7.7,1.4,1.2,0.7,1.5,2.0,7.3,2013
12107,11,Lou Amundson,PF,30,TOT,39,0,9.5,0.8,2.1,.395,0.0,0.0,,0.8,2.1,.395,.395,0.3,0.9,.333,1.2,1.5,2.7,0.3,0.4,0.3,0.5,1.4,1.9,2013
12108,11,Lou Amundson,PF,30,MIN,20,0,8.1,0.7,1.9,.368,0.0,0.0,,0.7,1.9,.368,.368,0.2,1.0,.200,1.2,1.2,2.4,0.2,0.4,0.3,0.6,1.3,1.6,2013
12109,11,Lou Amundson,PF,30,CHI,1,0,2.0,0.0,1.0,.000,0.0,0.0,,0.0,1.0,.000,.000,0.0,0.0,,1.0,0.0,1.0,0.0,0.0,0.0,0.0,0.0,0.0,2013
12110,11,Lou Amundson,PF,30,NOH,18,0,11.6,1.0,2.3,.429,0.0,0.0,,1.0,2.3,.429,.429,0.4,0.9,.500,1.3,1.9,3.2,0.4,0.5,0.3,0.4,1.5,2.4,2013
12111,12,Chris Andersen,C,34,MIA,42,0,14.9,1.7,2.9,.577,0.0,0.1,.667,1.6,2.9,.575,.585,1.5,2.2,.677,1.4,2.7,4.1,0.4,0.4,1.0,0.6,2.1,4.9,2013
12112,13,Alan Anderson,SF,30,TOR,65,2,23.0,3.6,9.5,.383,1.5,4.4,.333,2.2,5.1,.426,.460,1.9,2.3,.857,0.5,1.8,2.3,1.6,0.7,0.1,1.2,2.0,10.7,2013
12113,14,James Anderson,SG-SF,23,TOT,39,2,10.3,1.3,3.2,.413,0.5,1.5,.350,0.8,1.7,.470,.496,0.6,0.7,.857,0.5,1.4,1.8,1.1,0.4,0.1,0.6,0.6,3.8,2013
12114,14,James Anderson,SF,23,SAS,10,0,9.4,1.1,2.5,.440,0.5,1.1,.455,0.6,1.4,.429,.540,0.7,0.9,.778,0.3,1.1,1.4,0.9,0.3,0.2,0.7,0.7,3.4,2013
12115,14,James Anderson,SG,23,HOU,29,2,10.6,1.4,3.5,.406,0.6,1.7,.327,0.9,1.8,.481,.485,0.6,0.7,.895,0.5,1.5,2.0,1.1,0.4,0.1,0.6,0.6,4.0,2013
12116,15,Ryan Anderson,PF,24,NOH,81,22,30.9,5.8,13.8,.423,2.6,6.9,.382,3.2,6.9,.464,.519,1.9,2.2,.844,2.4,4.0,6.4,1.2,0.5,0.4,1.2,2.2,16.2,2013
12117,16,Carmelo Anthony,PF,28,NYK,67,67,37.0,10.0,22.2,.449,2.3,6.2,.379,7.6,16.0,.476,.502,6.3,7.6,.830,2.0,4.9,6.9,2.6,0.8,0.5,2.6,3.1,28.7,2013
12118,17,Joel Anthony,C,30,MIA,62,3,9.1,0.6,1.1,.515,0.0,0.0,,0.6,1.1,.515,.515,0.3,0.5,.607,0.7,1.1,1.9,0.2,0.2,0.7,0.4,0.8,1.4,2013
12119,18,Trevor Ariza,SF,27,WAS,56,15,26.3,3.4,8.1,.417,1.4,3.7,.364,2.0,4.3,.463,.501,1.4,1.7,.821,0.8,4.0,4.8,2.0,1.3,0.4,1.5,1.3,9.5,2013
12120,19,Darrell Arthur,PF,24,MEM,59,3,16.4,2.7,6.1,.451,0.1,0.3,.278,2.7,5.8,.460,.458,0.6,0.8,.717,1.2,1.7,2.9,0.6,0.4,0.6,0.7,2.1,6.1,2013
12121,20,Ömer Aşık,C,26,HOU,82,82,30.0,4.0,7.5,.541,0.0,0.0,.000,4.0,7.5,.542,.541,2.0,3.6,.562,3.4,8.3,11.7,0.9,0.6,1.1,2.1,2.7,10.1,2013
12122,21,D.J. Augustin,PG,25,IND,76,5,16.1,1.4,3.9,.350,0.9,2.5,.353,0.5,1.4,.346,.464,1.1,1.3,.838,0.3,0.9,1.2,2.2,0.4,0.0,0.9,0.8,4.7,2013
12123,22,Gustavo Ayón,C,27,TOT,55,3,13.3,1.7,3.0,.551,0.0,0.0,,1.7,3.0,.551,.551,0.4,0.9,.400,1.1,2.5,3.6,1.3,0.4,0.3,0.9,1.9,3.7,2013
12124,22,Gustavo Ayón,C,27,ORL,43,3,13.3,1.6,2.9,.536,0.0,0.0,,1.6,2.9,.536,.536,0.4,0.9,.500,0.9,2.3,3.3,1.4,0.3,0.3,0.9,1.9,3.6,2013
12125,22,Gustavo Ayón,C,27,MIL,12,0,13.6,2.1,3.5,.595,0.0,0.0,,2.1,3.5,.595,.595,0.1,1.0,.083,1.7,3.3,4.9,1.0,0.8,0.3,0.8,2.0,4.3,2013
12126,23,Jeff Ayres,PF,25,IND,37,0,10.0,1.6,3.4,.484,0.1,0.1,.500,1.6,3.3,.484,.492,0.6,0.6,.913,0.8,2.0,2.8,0.4,0.2,0.3,0.6,1.2,3.9,2013
12127,24,Luke Babbitt,PF,23,POR,62,0,11.8,1.4,3.8,.368,1.0,2.9,.348,0.4,0.9,.429,.500,0.2,0.2,.769,0.2,2.0,2.2,0.5,0.2,0.1,0.4,1.3,3.9,2013
12128,25,Leandro Barbosa,PG,30,BOS,41,2,12.5,2.0,4.7,.430,0.4,1.1,.383,1.6,3.6,.445,.477,0.8,1.0,.756,0.2,0.9,1.1,1.4,0.4,0.1,0.5,1.2,5.2,2013
12129,26,J.J. Barea,PG,28,MIN,74,2,23.1,4.3,10.2,.417,1.3,3.8,.346,3.0,6.5,.458,.481,1.4,1.8,.784,0.5,2.3,2.8,4.0,0.4,0.0,2.0,1.8,11.3,2013
12130,27,Andrea Bargnani,PF,27,TOR,35,25,28.7,4.9,12.2,.399,1.1,3.5,.309,3.8,8.7,.436,.444,1.9,2.2,.844,0.7,2.9,3.7,1.1,0.6,0.7,1.5,1.8,12.7,2013
12131,28,Harrison Barnes,SF,20,GSW,81,81,25.4,3.4,7.8,.439,0.6,1.8,.359,2.8,6.0,.464,.481,1.8,2.3,.758,0.7,3.5,4.1,1.2,0.6,0.2,1.2,1.7,9.2,2013
12132,29,Matt Barnes,SF,32,LAC,80,4,25.7,3.9,8.4,.462,1.4,4.1,.342,2.5,4.4,.574,.544,1.1,1.5,.744,1.4,3.2,4.6,1.5,1.0,0.8,1.1,2.9,10.3,2013
12133,30,Earl Barron,C,31,TOT,12,2,13.3,1.5,4.3,.353,0.0,0.0,,1.5,4.3,.353,.353,0.3,0.6,.429,1.8,3.3,5.1,0.4,0.4,0.5,0.9,2.0,3.3,2013
12134,30,Earl Barron,C,31,WAS,11,1,11.1,1.2,3.4,.351,0.0,0.0,,1.2,3.4,.351,.351,0.2,0.5,.400,1.5,2.5,3.9,0.3,0.5,0.5,0.9,2.1,2.5,2013
12135,30,Earl Barron,C,31,NYK,1,1,37.0,5.0,14.0,.357,0.0,0.0,,5.0,14.0,.357,.357,1.0,2.0,.500,6.0,12.0,18.0,2.0,0.0,1.0,1.0,1.0,11.0,2013
12136,31,Will Barton,SG,22,POR,73,5,12.2,1.6,4.2,.382,0.1,0.9,.138,1.5,3.3,.447,.396,0.7,0.9,.769,0.5,1.5,2.0,0.8,0.5,0.1,0.8,0.8,4.0,2013
12137,32,Brandon Bass,PF,27,BOS,81,69,27.6,3.5,7.3,.486,0.0,0.0,.000,3.5,7.2,.487,.486,1.6,1.9,.860,1.6,3.7,5.2,1.0,0.5,0.8,1.0,2.3,8.7,2013
12138,33,Shane Battier,SF,34,MIA,72,20,24.8,2.1,5.0,.420,1.9,4.4,.430,0.2,0.6,.348,.608,0.4,0.5,.842,0.5,1.8,2.3,1.0,0.6,0.8,0.5,2.1,6.6,2013
12139,34,Nicolas Batum,SF,24,POR,73,73,38.5,4.8,11.4,.423,2.3,6.1,.372,2.6,5.3,.481,.522,2.4,2.9,.848,1.3,4.3,5.6,4.9,1.2,1.1,2.6,1.9,14.3,2013
12140,35,Jerryd Bayless,PG,24,MEM,80,4,22.1,3.3,7.8,.419,0.9,2.5,.353,2.4,5.3,.450,.476,1.3,1.5,.836,0.3,1.9,2.2,3.3,0.7,0.2,1.5,2.1,8.7,2013
12141,36,Aron Baynes,C,26,SAS,16,0,8.8,1.1,2.3,.500,0.0,0.1,.000,1.1,2.2,.514,.500,0.4,0.8,.583,0.8,1.3,2.0,0.3,0.1,0.4,0.7,1.4,2.7,2013
12142,37,Kent Bazemore,SG,23,GSW,61,0,4.4,0.7,1.9,.371,0.2,0.6,.294,0.5,1.3,.402,.414,0.4,0.7,.614,0.1,0.3,0.4,0.4,0.3,0.1,0.3,0.4,2.0,2013
12143,38,Bradley Beal,SG,19,WAS,56,46,31.2,5.0,12.3,.410,1.6,4.2,.386,3.4,8.1,.424,.477,2.2,2.8,.786,0.8,3.0,3.8,2.4,0.9,0.5,1.6,2.0,13.9,2013
12144,39,Michael Beasley,SF,24,PHO,75,20,20.7,4.1,10.2,.405,0.6,1.9,.313,3.5,8.3,.426,.434,1.3,1.7,.746,0.7,3.1,3.8,1.5,0.4,0.5,1.9,1.4,10.1,2013
12145,40,Rodrigue Beaubois,PG,24,DAL,45,0,12.2,1.4,3.9,.369,0.5,1.6,.292,1.0,2.3,.423,.429,0.7,0.8,.789,0.2,1.1,1.3,1.9,0.4,0.1,0.7,1.2,4.0,2013
12146,Rk,Player,Pos,Age,Tm,G,GS,MP,FG,FGA,FG%,3P,3PA,3P%,2P,2PA,2P%,eFG%,FT,FTA,FT%,ORB,DRB,TRB,AST,STL,BLK,TOV,PF,PTS,2013
12147,41,Marco Belinelli,SG,26,CHI,73,27,25.8,3.3,8.4,.395,1.1,3.0,.357,2.2,5.3,.416,.460,1.9,2.3,.839,0.2,1.7,1.9,2.0,0.6,0.1,1.1,1.9,9.6,2013
12148,42,Patrick Beverley,PG,24,HOU,41,0,17.4,1.9,4.6,.418,0.9,2.3,.375,1.0,2.3,.462,.513,0.8,1.0,.829,1.1,1.6,2.7,2.9,0.9,0.5,1.1,2.0,5.6,2013
12149,43,Andris Biedriņš,C,26,GSW,53,9,9.3,0.2,0.4,.476,0.0,0.0,,0.2,0.4,.476,.476,0.1,0.2,.308,0.6,2.2,2.9,0.3,0.3,0.8,0.3,1.9,0.5,2013
12150,44,Chauncey Billups,SG,36,LAC,22,22,19.0,2.4,6.0,.402,1.5,4.1,.367,0.9,1.9,.476,.527,2.0,2.2,.938,0.1,1.4,1.5,2.2,0.5,0.0,1.2,1.1,8.4,2013
12151,45,Bismack Biyombo,C,20,CHA,80,65,27.3,2.0,4.3,.451,0.0,0.0,,2.0,4.3,.451,.451,0.9,1.8,.521,2.4,4.9,7.3,0.4,0.4,1.8,1.0,2.4,4.8,2013
12152,46,DeJuan Blair,PF,23,SAS,61,16,14.0,2.3,4.4,.524,0.0,0.0,.000,2.3,4.4,.526,.524,0.7,1.1,.629,1.1,2.7,3.8,0.7,0.6,0.2,0.8,1.8,5.4,2013
12153,47,Steve Blake,PG,32,LAL,45,13,26.1,2.5,6.0,.422,1.6,3.8,.421,0.9,2.2,.424,.556,0.6,0.8,.771,0.5,2.5,2.9,3.8,0.8,0.1,1.4,1.8,7.3,2013
12154,48,Andray Blatche,C,26,BRK,82,8,19.0,4.2,8.2,.512,0.0,0.3,.136,4.2,8.0,.524,.514,1.8,2.6,.685,2.0,3.1,5.1,1.0,1.0,0.7,1.5,2.0,10.3,2013
12155,49,Eric Bledsoe,PG,23,LAC,76,12,20.4,3.3,7.5,.445,0.4,1.0,.397,2.9,6.4,.453,.473,1.4,1.8,.791,1.0,1.9,3.0,3.1,1.4,0.7,1.8,1.5,8.5,2013
12156,50,Keith Bogans,SG,32,BRK,74,23,19.0,1.5,3.8,.380,1.1,3.3,.343,0.3,0.5,.615,.528,0.1,0.2,.647,0.2,1.4,1.6,1.0,0.4,0.1,0.7,1.5,4.2,2013
12157,51,Andrew Bogut,C,28,GSW,32,32,24.6,2.6,5.8,.451,0.0,0.0,1.000,2.6,5.7,.448,.454,0.6,1.2,.500,2.1,5.5,7.7,2.1,0.6,1.7,1.1,2.7,5.8,2013
12158,52,Matt Bonner,PF,32,SAS,68,4,13.4,1.6,3.4,.487,0.8,1.8,.442,0.9,1.6,.536,.602,0.2,0.2,.733,0.4,1.5,1.9,0.5,0.3,0.3,0.2,1.3,4.2,2013
12159,53,Trevor Booker,PF,25,WAS,48,14,18.5,2.3,4.6,.491,0.0,0.1,.000,2.3,4.5,.502,.491,0.8,1.5,.556,2.0,2.9,5.0,0.8,0.7,0.3,0.6,2.0,5.3,2013
12160,54,Carlos Boozer,PF,31,CHI,79,79,32.2,6.9,14.4,.477,0.0,0.0,.000,6.9,14.4,.478,.477,2.4,3.3,.731,2.2,7.5,9.8,2.3,0.8,0.4,2.2,3.0,16.2,2013
12161,55,Chris Bosh*,C,28,MIA,74,74,33.2,6.6,12.3,.535,0.3,1.0,.284,6.3,11.3,.557,.546,3.3,4.1,.798,1.8,5.0,6.8,1.7,0.9,1.4,1.7,2.3,16.6,2013
12162,56,Avery Bradley,PG,22,BOS,50,50,28.7,3.8,9.6,.402,0.8,2.5,.317,3.0,7.0,.432,.444,0.7,1.0,.755,0.6,1.6,2.2,2.1,1.3,0.4,1.4,2.6,9.2,2013
12163,57,Elton Brand,C,33,DAL,72,18,21.2,3.1,6.6,.473,0.0,0.0,.000,3.1,6.6,.474,.473,0.9,1.3,.710,1.8,4.2,6.0,1.0,0.7,1.3,0.8,2.7,7.2,2013
12164,58,Corey Brewer,SF,26,DEN,82,2,24.4,4.6,10.8,.425,1.1,3.7,.296,3.5,7.0,.493,.476,1.8,2.6,.690,0.7,2.2,2.9,1.5,1.4,0.3,1.2,1.9,12.1,2013
12165,59,Ronnie Brewer,SF,27,TOT,60,34,14.2,1.2,3.3,.354,0.4,1.3,.303,0.8,2.0,.385,.412,0.3,0.7,.410,0.7,1.6,2.3,0.8,0.7,0.1,0.3,0.6,3.0,2013
12166,59,Ronnie Brewer,SF,27,NYK,46,34,15.5,1.4,3.8,.366,0.5,1.5,.310,0.9,2.3,.404,.429,0.3,0.8,.410,0.6,1.5,2.2,0.9,0.7,0.1,0.3,0.6,3.6,2013
12167,59,Ronnie Brewer,SF,27,OKC,14,0,10.1,0.4,1.6,.261,0.1,0.4,.200,0.4,1.3,.278,.283,0.0,0.0,,0.9,1.9,2.9,0.7,0.6,0.0,0.3,0.4,0.9,2013
12168,60,Aaron Brooks,PG,28,TOT,53,20,18.8,2.7,6.0,.453,0.9,2.5,.373,1.8,3.4,.511,.532,0.8,1.0,.769,0.2,1.3,1.5,2.2,0.6,0.2,1.3,1.8,7.1,2013
12169,60,Aaron Brooks,PG,28,SAC,46,20,20.8,3.0,6.6,.459,1.0,2.8,.378,2.0,3.8,.517,.538,0.9,1.1,.769,0.3,1.4,1.7,2.3,0.6,0.2,1.4,1.9,8.0,2013
12170,60,Aaron Brooks,PG,28,HOU,7,0,5.4,0.6,1.9,.308,0.3,1.0,.286,0.3,0.9,.333,.385,0.0,0.0,,0.1,0.1,0.3,0.9,0.1,0.4,0.6,0.7,1.4,2013
12171,Rk,Player,Pos,Age,Tm,G,GS,MP,FG,FGA,FG%,3P,3PA,3P%,2P,2PA,2P%,eFG%,FT,FTA,FT%,ORB,DRB,TRB,AST,STL,BLK,TOV,PF,PTS,2013
12172,61,MarShon Brooks,SG,24,BRK,73,2,12.5,2.1,4.6,.463,0.2,0.8,.273,1.9,3.8,.500,.485,0.9,1.3,.734,0.4,1.0,1.4,1.0,0.5,0.2,0.9,1.3,5.4,2013
12173,62,Kwame Brown,C,30,PHI,22,11,12.2,0.8,1.7,.459,0.0,0.0,,0.8,1.7,.459,.459,0.3,0.9,.368,1.0,2.3,3.4,0.4,0.3,0.5,0.4,1.7,1.9,2013
12174,63,Shannon Brown,SG,27,PHO,59,22,23.8,4.1,9.7,.420,0.7,2.4,.277,3.4,7.3,.467,.454,1.7,2.1,.784,0.7,1.8,2.5,1.8,1.0,0.3,1.3,1.6,10.5,2013
12175,64,Kobe Bryant*,SG,34,LAL,78,78,38.6,9.5,20.4,.463,1.7,5.2,.324,7.8,15.2,.510,.504,6.7,8.0,.839,0.8,4.7,5.6,6.0,1.4,0.3,3.7,2.2,27.3,2013
12176,65,Chase Budinger,SF,24,MIN,23,1,22.1,3.4,8.3,.414,1.1,3.5,.321,2.3,4.8,.482,.482,1.4,1.8,.762,0.7,2.4,3.1,1.1,0.6,0.3,1.0,1.3,9.4,2013
12177,66,Alec Burks,SG,21,UTA,64,0,17.8,2.5,6.1,.420,0.5,1.4,.359,2.0,4.6,.439,.463,1.4,2.0,.713,0.6,1.7,2.3,1.4,0.5,0.2,1.2,1.8,7.0,2013
12178,67,Caron Butler,SF,32,LAC,78,78,24.1,3.9,9.2,.424,1.6,4.2,.388,2.3,5.0,.454,.513,1.0,1.2,.833,0.5,2.3,2.9,1.0,0.7,0.1,0.9,1.8,10.4,2013
12179,68,Jimmy Butler,SF,23,CHI,82,20,26.0,2.9,6.2,.467,0.5,1.3,.381,2.4,5.0,.489,.506,2.3,2.8,.803,1.7,2.3,4.0,1.4,1.0,0.4,0.8,1.2,8.6,2013
12180,69,Will Bynum,PG,30,DET,65,0,18.8,3.9,8.3,.469,0.4,1.2,.316,3.5,7.1,.494,.491,1.6,2.0,.809,0.4,1.1,1.5,3.6,0.7,0.1,1.9,2.0,9.8,2013
12181,70,José Calderón,PG,31,TOT,73,58,29.6,4.3,8.7,.491,1.8,3.9,.461,2.5,4.8,.516,.594,1.0,1.1,.900,0.3,2.1,2.4,7.1,0.8,0.1,1.7,1.4,11.3,2013
12182,70,José Calderón,PG,31,TOR,45,30,28.3,4.2,8.8,.470,1.8,4.1,.429,2.4,4.8,.505,.569,1.0,1.2,.904,0.3,2.0,2.4,7.4,0.6,0.1,1.7,1.3,11.1,2013
12183,70,José Calderón,PG,31,DET,28,28,31.7,4.5,8.5,.527,1.8,3.5,.520,2.6,5.0,.532,.635,0.9,1.0,.893,0.2,2.3,2.5,6.6,1.1,0.1,1.8,1.5,11.6,2013
12184,71,Marcus Camby,PF,38,NYK,24,4,10.4,0.7,2.2,.321,0.0,0.0,,0.7,2.2,.321,.321,0.3,0.8,.421,1.0,2.3,3.3,0.6,0.3,0.6,0.6,1.2,1.8,2013
12185,72,DeMarre Carroll,SF,26,UTA,66,12,16.8,2.3,4.9,.460,0.3,1.1,.286,2.0,3.8,.508,.491,1.1,1.5,.765,1.3,1.5,2.8,0.9,0.9,0.4,0.5,1.8,6.0,2013
12186,73,Matt Carroll,SG,32,CHA,1,0,6.0,0.0,0.0,,0.0,0.0,,0.0,0.0,,,0.0,0.0,,0.0,0.0,0.0,1.0,0.0,0.0,0.0,1.0,0.0,2013
12187,74,Vince Carter,SF,36,DAL,81,3,25.8,4.6,10.6,.435,2.0,4.9,.406,2.6,5.6,.461,.530,2.2,2.8,.816,0.7,3.4,4.1,2.4,0.9,0.5,1.3,2.8,13.4,2013
12188,75,Omri Casspi,SF,24,CLE,43,1,11.7,1.5,3.7,.394,0.6,1.8,.329,0.9,2.0,.452,.472,0.5,1.0,.537,0.5,2.2,2.7,0.7,0.6,0.3,0.5,1.0,4.0,2013
12189,76,Mario Chalmers,PG,26,MIA,77,77,26.9,2.9,6.9,.429,1.6,3.9,.409,1.4,3.0,.456,.545,1.2,1.5,.795,0.2,2.0,2.2,3.5,1.5,0.2,1.5,2.5,8.6,2013
12190,77,Tyson Chandler,C,30,NYK,66,66,32.8,3.9,6.1,.638,0.0,0.0,,3.9,6.1,.638,.638,2.7,3.9,.694,4.1,6.6,10.7,0.9,0.6,1.1,1.3,2.8,10.4,2013
12191,78,Wilson Chandler,PF,25,DEN,43,8,25.1,4.9,10.6,.462,1.2,2.9,.413,3.7,7.7,.480,.519,2.0,2.6,.793,1.0,4.0,5.1,1.3,1.0,0.3,1.4,2.8,13.0,2013
12192,79,Josh Childress,SF,29,BRK,14,0,7.1,0.4,1.5,.286,0.1,0.2,.333,0.4,1.3,.278,.310,0.1,0.1,.500,0.4,0.6,1.1,0.4,0.1,0.1,0.0,0.2,1.0,2013
12193,80,Earl Clark,PF,25,LAL,59,36,23.1,2.9,6.5,.440,0.6,1.8,.337,2.3,4.8,.479,.486,0.9,1.3,.697,1.4,4.1,5.5,1.1,0.6,0.7,1.1,1.7,7.3,2013
12194,Rk,Player,Pos,Age,Tm,G,GS,MP,FG,FGA,FG%,3P,3PA,3P%,2P,2PA,2P%,eFG%,FT,FTA,FT%,ORB,DRB,TRB,AST,STL,BLK,TOV,PF,PTS,2013
12195,81,Victor Claver,SF,24,POR,49,16,16.6,1.5,3.9,.392,0.5,1.8,.287,1.0,2.1,.480,.458,0.3,0.6,.467,0.6,1.8,2.4,0.9,0.5,0.2,0.9,1.5,3.8,2013
12196,82,Norris Cole,PG,24,MIA,80,4,19.9,2.2,5.3,.421,0.4,1.2,.357,1.8,4.1,.440,.462,0.7,1.0,.650,0.2,1.4,1.6,2.1,0.7,0.1,1.3,1.9,5.6,2013
12197,83,Jason Collins,C,34,TOT,38,9,10.1,0.2,0.8,.310,0.0,0.0,,0.2,0.8,.310,.310,0.6,0.8,.719,0.6,1.0,1.6,0.2,0.3,0.3,0.5,2.2,1.1,2013
12198,83,Jason Collins,C,34,BOS,32,7,10.3,0.3,0.7,.348,0.0,0.0,,0.3,0.7,.348,.348,0.7,0.9,.700,0.7,1.0,1.6,0.2,0.3,0.2,0.5,2.3,1.2,2013
12199,83,Jason Collins,C,34,WAS,6,2,9.0,0.2,1.0,.167,0.0,0.0,,0.2,1.0,.167,.167,0.3,0.3,1.000,0.2,1.2,1.3,0.3,0.3,0.7,0.3,1.8,0.7,2013
12200,84,Darren Collison,PG,25,DAL,81,47,29.3,4.2,8.9,.471,0.6,1.7,.353,3.6,7.3,.498,.504,3.0,3.4,.880,0.4,2.3,2.7,5.1,1.2,0.1,2.1,1.7,12.0,2013
12201,85,Nick Collison,C,32,OKC,81,2,19.5,2.2,3.7,.595,0.0,0.0,.000,2.2,3.6,.603,.595,0.7,1.0,.769,1.5,2.6,4.1,1.5,0.6,0.4,0.9,2.4,5.1,2013
12202,86,Mike Conley,PG,25,MEM,80,80,34.5,5.2,11.8,.440,1.3,3.7,.362,3.9,8.1,.476,.497,2.9,3.5,.830,0.5,2.3,2.8,6.1,2.2,0.3,2.4,2.1,14.6,2013
12203,87,Will Conroy,PG,30,MIN,4,0,5.0,0.0,2.3,.000,0.0,0.8,.000,0.0,1.5,.000,.000,0.3,0.5,.500,0.3,0.0,0.3,0.0,0.0,0.0,0.0,0.3,0.3,2013
12204,88,Daequan Cook,SG,25,TOT,49,1,9.0,1.0,3.4,.305,0.5,1.9,.286,0.5,1.6,.329,.383,0.2,0.2,.750,0.1,1.1,1.2,0.4,0.2,0.1,0.3,0.5,2.8,2013
12205,88,Daequan Cook,SG,25,HOU,16,1,10.3,1.3,3.7,.356,0.7,1.9,.367,0.6,1.8,.345,.449,0.1,0.2,.667,0.3,0.8,1.1,0.6,0.4,0.1,0.4,0.8,3.4,2013
12206,88,Daequan Cook,SG,25,CHI,33,0,8.4,0.9,3.3,.278,0.5,1.8,.246,0.5,1.4,.319,.347,0.2,0.3,.778,0.1,1.2,1.3,0.3,0.1,0.2,0.3,0.4,2.5,2013
12207,89,Chris Copeland,PF,28,NYK,56,13,15.4,3.3,6.8,.479,1.1,2.5,.421,2.2,4.3,.513,.557,1.1,1.5,.759,0.6,1.5,2.1,0.5,0.3,0.2,0.9,1.9,8.7,2013
12208,90,DeMarcus Cousins,C,22,SAC,75,74,30.5,6.4,13.8,.465,0.1,0.3,.182,6.4,13.5,.471,.467,4.2,5.6,.738,3.0,7.0,9.9,2.7,1.4,0.7,3.0,3.6,17.1,2013
12209,91,Jamal Crawford,SG,32,LAC,76,0,29.3,5.9,13.4,.438,2.0,5.2,.376,3.9,8.2,.477,.511,2.8,3.3,.871,0.3,1.4,1.7,2.5,1.0,0.2,1.9,0.9,16.5,2013
12210,92,Jordan Crawford,SG,24,TOT,70,14,24.4,4.3,10.4,.415,1.2,3.5,.337,3.1,6.8,.455,.472,1.8,2.3,.811,0.6,2.4,3.0,3.2,0.6,0.1,2.0,1.5,11.6,2013
12211,92,Jordan Crawford,SG,24,WAS,43,12,26.2,4.9,11.8,.415,1.4,4.0,.345,3.5,7.8,.451,.473,2.0,2.5,.821,0.7,2.4,3.1,3.7,0.6,0.1,2.3,1.4,13.2,2013
12212,92,Jordan Crawford,SG,24,BOS,27,2,21.6,3.3,8.0,.415,0.9,2.8,.320,2.4,5.3,.465,.470,1.6,2.0,.792,0.5,2.3,2.7,2.5,0.4,0.1,1.6,1.7,9.1,2013
12213,93,Jae Crowder,SF,22,DAL,78,16,17.3,1.8,4.7,.384,0.8,2.5,.328,1.0,2.2,.446,.470,0.6,0.9,.644,0.4,1.9,2.4,1.2,0.8,0.2,0.6,1.6,5.0,2013
12214,94,Dante Cunningham,PF,25,MIN,80,9,25.1,3.9,8.4,.468,0.0,0.1,.000,3.9,8.3,.472,.468,0.8,1.3,.650,1.8,3.3,5.1,0.8,1.1,0.5,0.7,1.9,8.7,2013
12215,95,Jared Cunningham,SG,21,DAL,8,0,3.3,0.8,1.8,.429,0.3,0.4,.667,0.5,1.4,.364,.500,0.3,0.3,1.000,0.1,0.3,0.4,0.1,0.1,0.0,0.3,0.4,2.0,2013
12216,96,Eddy Curry,C,30,DAL,2,0,12.5,2.0,4.0,.500,0.0,0.0,,2.0,4.0,.500,.500,0.5,2.0,.250,1.0,1.0,2.0,0.0,0.0,0.0,1.5,3.5,4.5,2013
12217,97,Stephen Curry,PG,24,GSW,78,78,38.2,8.0,17.8,.451,3.5,7.7,.453,4.5,10.1,.449,.549,3.4,3.7,.900,0.8,3.3,4.0,6.9,1.6,0.2,3.1,2.5,22.9,2013
12218,98,Samuel Dalembert,C,31,MIL,47,23,16.3,2.9,5.4,.542,0.0,0.0,1.000,2.9,5.4,.540,.543,0.8,1.2,.691,2.2,3.6,5.9,0.4,0.4,1.1,1.1,1.9,6.7,2013
12219,99,Marquis Daniels,SF,32,MIL,59,33,18.4,2.2,5.9,.376,0.3,1.2,.278,1.9,4.7,.401,.405,0.7,0.9,.741,0.8,1.7,2.5,1.1,0.9,0.2,0.8,1.3,5.5,2013
12220,100,Anthony Davis,PF,19,NOH,64,60,28.8,5.5,10.6,.516,0.0,0.1,.000,5.5,10.5,.521,.516,2.6,3.5,.751,2.6,5.6,8.2,1.0,1.2,1.8,1.4,2.5,13.5,2013
12221,Rk,Player,Pos,Age,Tm,G,GS,MP,FG,FGA,FG%,3P,3PA,3P%,2P,2PA,2P%,eFG%,FT,FTA,FT%,ORB,DRB,TRB,AST,STL,BLK,TOV,PF,PTS,2013
12222,101,Ed Davis,C-PF,23,TOT,81,28,20.1,3.2,6.0,.539,0.0,0.0,,3.2,6.0,.539,.539,1.3,2.1,.617,1.9,3.8,5.7,0.8,0.5,1.0,0.8,2.4,7.7,2013
12223,101,Ed Davis,C,23,TOR,45,24,24.2,4.1,7.5,.549,0.0,0.0,,4.1,7.5,.549,.549,1.5,2.3,.647,2.1,4.6,6.7,1.2,0.6,0.8,1.0,2.5,9.7,2013
12224,101,Ed Davis,PF,23,MEM,36,4,15.1,2.1,4.0,.517,0.0,0.0,,2.1,4.0,.517,.517,1.0,1.8,.569,1.6,2.9,4.4,0.2,0.4,1.3,0.5,2.2,5.1,2013
12225,102,Glen Davis,PF,27,ORL,34,33,31.3,6.3,14.1,.448,0.0,0.1,.000,6.3,14.0,.450,.448,2.5,3.4,.718,1.6,5.6,7.2,2.1,0.9,0.6,1.9,2.6,15.1,2013
12226,103,Austin Daye,SF,24,TOT,55,0,12.3,1.6,3.8,.433,0.7,1.8,.418,0.9,2.0,.445,.531,0.5,0.6,.765,0.3,1.9,2.2,0.8,0.3,0.4,0.5,1.5,4.5,2013
12227,103,Austin Daye,SF,24,DET,24,0,14.5,1.8,4.0,.443,0.9,1.7,.525,0.9,2.4,.386,.552,0.6,0.8,.833,0.4,2.2,2.6,0.9,0.2,0.3,0.5,1.8,5.1,2013
12228,103,Austin Daye,SF,24,MEM,31,0,10.6,1.5,3.6,.423,0.6,1.9,.345,0.9,1.7,.509,.514,0.4,0.5,.688,0.2,1.7,1.9,0.7,0.3,0.5,0.5,1.3,4.0,2013
12229,104,Nando De Colo,SG,25,SAS,72,6,12.8,1.5,3.3,.436,0.4,1.1,.378,1.0,2.2,.465,.500,0.5,0.6,.795,0.3,1.6,1.9,1.9,0.6,0.1,1.1,1.2,3.8,2013
12230,105,Carlos Delfino,SF,30,HOU,67,5,25.2,3.7,9.3,.405,2.4,6.3,.375,1.4,3.0,.467,.532,0.7,0.8,.857,0.3,3.0,3.3,2.0,1.0,0.1,1.1,1.7,10.6,2013
12231,106,Luol Deng,SF,27,CHI,75,75,38.7,6.2,14.6,.426,1.0,3.1,.322,5.2,11.5,.455,.461,3.1,3.8,.816,2.2,4.2,6.3,3.0,1.1,0.4,1.9,1.4,16.5,2013
12232,107,Justin Dentmon,PG,27,DAL,2,0,2.0,0.0,1.0,.000,0.0,0.0,,0.0,1.0,.000,.000,0.0,0.0,,0.0,0.0,0.0,0.0,0.0,0.0,0.0,0.0,0.0,2013
12233,108,DeMar DeRozan,SG,23,TOR,82,82,36.7,6.7,15.0,.445,0.4,1.5,.283,6.3,13.5,.463,.459,4.3,5.2,.831,0.6,3.3,3.9,2.5,0.9,0.3,1.8,2.1,18.1,2013
12234,109,Boris Diaw,PF,30,SAS,75,20,22.8,2.4,4.4,.539,0.4,1.0,.385,2.0,3.4,.587,.584,0.6,0.9,.723,0.9,2.5,3.4,2.4,0.7,0.4,1.1,1.9,5.8,2013
12235,110,DeSagana Diop,C,31,CHA,22,1,10.3,0.4,1.2,.296,0.0,0.0,.000,0.4,1.2,.308,.296,0.0,0.0,.000,0.5,1.9,2.3,0.6,0.2,0.7,0.4,0.9,0.7,2013
12236,111,Keyon Dooling,PG,32,MEM,7,0,11.7,1.4,3.0,.476,0.7,1.7,.417,0.7,1.3,.556,.595,0.9,1.0,.857,0.0,0.1,0.1,1.1,0.1,0.0,0.7,1.1,4.4,2013
12237,112,Toney Douglas,PG,26,TOT,71,0,18.2,2.6,6.6,.403,1.2,3.0,.380,1.5,3.5,.424,.491,1.1,1.2,.905,0.5,1.5,1.9,2.1,1.0,0.0,1.1,2.0,7.5,2013
12238,112,Toney Douglas,PG,26,HOU,49,0,18.6,2.8,7.2,.395,1.2,3.3,.377,1.6,3.9,.411,.482,1.2,1.4,.882,0.5,1.4,1.8,1.9,0.8,0.0,1.1,2.1,8.1,2013
12239,112,Toney Douglas,PG,26,SAC,22,0,17.1,2.2,5.2,.430,1.0,2.5,.389,1.3,2.7,.467,.522,0.7,0.7,1.000,0.5,1.7,2.2,2.6,1.4,0.0,1.1,1.9,6.1,2013
12240,113,Chris Douglas-Roberts,SG,26,DAL,6,0,10.5,0.8,2.3,.357,0.0,0.7,.000,0.8,1.7,.500,.357,1.2,1.7,.700,0.0,0.8,0.8,0.7,0.3,0.0,0.2,0.7,2.8,2013
12241,114,Goran Dragić,PG,26,PHO,77,77,33.5,5.2,11.8,.443,1.1,3.6,.319,4.1,8.2,.497,.491,3.2,4.2,.748,0.8,2.3,3.1,7.4,1.6,0.3,2.8,2.8,14.7,2013
12242,115,Andre Drummond,C,19,DET,60,10,20.7,3.5,5.7,.608,0.0,0.0,.500,3.5,5.7,.609,.610,1.0,2.7,.371,2.8,4.8,7.6,0.5,1.0,1.6,1.0,2.4,7.9,2013
12243,116,Jared Dudley,SF,27,PHO,79,50,27.5,4.0,8.5,.468,1.3,3.4,.391,2.6,5.0,.520,.547,1.6,2.1,.796,1.0,2.1,3.1,2.6,0.9,0.1,1.3,1.6,10.9,2013
12244,117,Chris Duhon,PG,30,LAL,46,9,17.8,1.0,2.7,.382,0.7,2.0,.363,0.3,0.7,.438,.516,0.1,0.3,.462,0.2,1.2,1.5,2.9,0.4,0.0,0.9,1.2,2.9,2013
12245,118,Tim Duncan*,C,36,SAS,69,69,30.1,7.1,14.1,.502,0.0,0.1,.286,7.1,14.0,.504,.503,3.6,4.3,.817,1.8,8.1,9.9,2.7,0.7,2.7,2.1,1.7,17.8,2013
12246,119,Mike Dunleavy,SF,32,MIL,75,3,25.9,3.7,8.3,.442,1.7,4.0,.428,2.0,4.3,.455,.545,1.4,1.7,.820,0.4,3.5,3.9,1.9,0.5,0.5,1.2,1.8,10.5,2013
12247,120,Kevin Durant,SF,24,OKC,81,81,38.5,9.0,17.7,.510,1.7,4.1,.416,7.3,13.6,.539,.559,8.4,9.3,.905,0.6,7.3,7.9,4.6,1.4,1.3,3.5,1.8,28.1,2013
12248,Rk,Player,Pos,Age,Tm,G,GS,MP,FG,FGA,FG%,3P,3PA,3P%,2P,2PA,2P%,eFG%,FT,FTA,FT%,ORB,DRB,TRB,AST,STL,BLK,TOV,PF,PTS,2013
12249,121,Devin Ebanks,SF,23,LAL,19,3,10.4,1.3,3.8,.329,0.3,1.2,.273,0.9,2.7,.353,.370,0.6,0.7,.786,0.5,1.6,2.2,0.5,0.2,0.1,0.6,1.2,3.4,2013
12250,122,Wayne Ellington,SG,25,TOT,78,21,21.3,2.9,6.8,.427,1.2,3.1,.392,1.7,3.7,.457,.516,0.9,1.0,.907,0.3,1.8,2.1,1.3,0.6,0.0,0.7,1.0,7.9,2013
12251,122,Wayne Ellington,SG,25,MEM,40,4,16.9,2.0,5.0,.407,1.0,2.4,.423,1.0,2.6,.392,.510,0.4,0.4,.938,0.1,1.2,1.3,1.1,0.4,0.0,0.6,1.0,5.5,2013
12252,122,Wayne Ellington,SG,25,CLE,38,17,25.9,3.8,8.7,.439,1.4,3.8,.371,2.4,4.9,.492,.520,1.4,1.6,.898,0.5,2.5,3.0,1.6,0.8,0.1,0.9,1.1,10.4,2013
12253,123,Monta Ellis,SG,27,MIL,82,82,37.5,7.3,17.5,.416,1.1,4.0,.287,6.1,13.5,.454,.448,3.5,4.6,.773,0.5,3.3,3.9,6.0,2.1,0.4,3.1,2.0,19.2,2013
12254,124,Kim English,SG,24,DET,41,0,9.9,1.0,2.7,.375,0.3,1.2,.280,0.7,1.5,.452,.438,0.5,0.7,.724,0.2,0.7,0.9,0.6,0.4,0.1,0.5,1.1,2.9,2013
12255,125,Jeremy Evans,PF,25,UTA,37,0,5.8,0.7,1.2,.614,0.0,0.0,.000,0.7,1.2,.628,.614,0.6,0.9,.636,0.7,0.9,1.6,0.3,0.2,0.4,0.2,0.8,2.0,2013
12256,126,Reggie Evans,PF,32,BRK,80,56,24.6,1.6,3.3,.479,0.0,0.0,,1.6,3.3,.479,.479,1.4,2.8,.509,3.3,7.9,11.1,0.5,0.9,0.2,1.4,2.5,4.5,2013
12257,127,Tyreke Evans,SG,23,SAC,65,61,31.0,5.6,11.8,.478,0.7,2.0,.338,4.9,9.7,.508,.508,3.2,4.2,.775,0.9,3.6,4.4,3.5,1.4,0.4,2.0,2.0,15.2,2013
12258,128,Festus Ezeli,C,23,GSW,78,41,14.4,0.9,2.2,.438,0.0,0.0,,0.9,2.2,.438,.438,0.6,1.0,.531,1.8,2.2,4.0,0.3,0.3,0.9,0.8,2.0,2.4,2013
12259,129,Kenneth Faried,PF,23,DEN,80,80,28.1,4.8,8.6,.552,0.0,0.0,,4.8,8.6,.552,.552,2.0,3.3,.613,3.3,5.9,9.2,1.0,1.0,1.0,1.4,2.9,11.5,2013
12260,130,Derrick Favors,PF,21,UTA,77,8,23.2,3.6,7.4,.482,0.0,0.1,.000,3.6,7.3,.487,.482,2.3,3.4,.688,2.4,4.7,7.1,1.0,0.9,1.7,1.7,3.2,9.4,2013
12261,131,Raymond Felton,PG,28,NYK,68,68,34.0,5.5,13.0,.427,1.4,3.8,.360,4.2,9.2,.455,.480,1.5,1.9,.789,0.8,2.1,2.9,5.5,1.4,0.2,2.3,1.9,13.9,2013
12262,132,Landry Fields,SF,24,TOR,51,22,20.3,2.0,4.4,.457,0.0,0.3,.143,2.0,4.1,.478,.462,0.7,1.0,.642,1.2,2.9,4.1,1.2,0.6,0.2,0.8,1.2,4.7,2013
12263,133,Derek Fisher,SG-PG,38,TOT,33,9,17.4,1.7,4.9,.342,0.9,2.4,.375,0.8,2.5,.309,.435,1.1,1.2,.921,0.1,1.1,1.1,1.4,0.6,0.1,0.9,1.7,5.3,2013
12264,133,Derek Fisher,PG,38,DAL,9,9,25.4,2.6,7.2,.354,1.1,2.6,.435,1.4,4.7,.310,.431,2.3,2.6,.913,0.0,1.7,1.7,3.4,0.6,0.2,2.0,2.7,8.6,2013
12265,133,Derek Fisher,SG,38,OKC,24,0,14.4,1.3,4.0,.333,0.8,2.4,.351,0.5,1.6,.308,.438,0.6,0.6,.933,0.1,0.8,0.9,0.7,0.6,0.0,0.5,1.3,4.1,2013
12266,134,Evan Fournier,SG,20,DEN,38,4,11.3,2.0,4.0,.493,0.6,1.4,.407,1.4,2.6,.541,.566,0.8,1.0,.769,0.2,0.8,0.9,1.2,0.5,0.0,0.8,1.7,5.3,2013
12267,135,Randy Foye,SG,29,UTA,82,72,27.4,3.6,9.0,.397,2.2,5.3,.410,1.4,3.7,.378,.518,1.4,1.8,.819,0.2,1.3,1.5,2.0,0.8,0.3,1.1,2.3,10.8,2013
12268,136,Jimmer Fredette,SG,23,SAC,69,0,14.0,2.5,5.9,.421,0.9,2.3,.417,1.6,3.7,.423,.500,1.2,1.4,.859,0.3,0.8,1.0,1.3,0.4,0.0,1.0,0.9,7.2,2013
12269,137,Enes Freedom,C,20,UTA,70,2,15.4,2.9,5.4,.544,0.0,0.0,1.000,2.9,5.4,.542,.545,1.3,1.7,.795,1.9,2.4,4.3,0.4,0.4,0.5,1.4,1.7,7.2,2013
12270,138,Joel Freeland,PF,25,POR,51,1,9.4,1.1,2.8,.408,0.0,0.0,,1.1,2.8,.408,.408,0.4,0.5,.667,0.8,1.5,2.3,0.3,0.3,0.2,0.4,1.3,2.6,2013
12271,139,Danilo Gallinari,SF,24,DEN,71,71,32.5,5.1,12.3,.418,1.9,5.1,.373,3.2,7.2,.450,.495,4.0,4.9,.822,0.9,4.3,5.2,2.5,0.9,0.5,1.6,1.8,16.2,2013
12272,140,Francisco García,SG-SF,31,TOT,58,20,17.7,2.0,5.2,.393,1.2,3.1,.374,0.9,2.1,.421,.505,0.3,0.4,.857,0.1,1.4,1.6,1.1,0.8,0.7,0.6,1.5,5.5,2013
12273,140,Francisco García,SG,31,SAC,40,15,17.8,1.9,5.1,.376,1.0,2.7,.367,0.9,2.4,.385,.473,0.3,0.4,.857,0.2,1.5,1.7,1.1,0.8,0.8,0.5,1.7,5.2,2013
12274,140,Francisco García,SF,31,HOU,18,5,17.7,2.3,5.3,.432,1.5,3.9,.386,0.8,1.4,.560,.574,0.3,0.4,.857,0.1,1.2,1.3,1.1,0.8,0.4,0.7,1.2,6.4,2013
12275,Rk,Player,Pos,Age,Tm,G,GS,MP,FG,FGA,FG%,3P,3PA,3P%,2P,2PA,2P%,eFG%,FT,FTA,FT%,ORB,DRB,TRB,AST,STL,BLK,TOV,PF,PTS,2013
12276,141,Kevin Garnett*,C,36,BOS,68,68,29.7,6.2,12.5,.496,0.0,0.2,.125,6.2,12.3,.504,.498,2.3,3.0,.786,1.1,6.7,7.8,2.3,1.1,0.9,1.6,2.3,14.8,2013
12277,142,Diante Garrett,PG,24,PHO,19,0,7.8,0.8,2.6,.327,0.2,0.8,.200,0.7,1.8,.382,.357,0.3,0.5,.500,0.3,0.5,0.8,1.6,0.5,0.0,0.8,0.3,2.1,2013
12278,143,Marc Gasol,C,28,MEM,80,80,35.0,5.4,10.9,.494,0.0,0.2,.071,5.4,10.7,.501,.494,3.4,4.0,.848,2.3,5.5,7.8,4.0,1.0,1.7,2.0,3.2,14.1,2013
12279,144,Pau Gasol,PF,32,LAL,49,42,33.8,5.5,11.8,.466,0.2,0.6,.286,5.3,11.2,.475,.473,2.6,3.6,.702,2.3,6.3,8.6,4.1,0.5,1.2,2.1,1.9,13.7,2013
12280,145,Rudy Gay,SF,26,TOT,75,74,35.8,6.9,16.7,.416,1.1,3.5,.323,5.8,13.2,.440,.449,3.2,3.9,.814,1.3,4.8,6.1,2.7,1.5,0.7,2.6,2.4,18.2,2013
12281,145,Rudy Gay,SF,26,MEM,42,42,36.7,6.7,16.4,.408,1.0,3.1,.310,5.7,13.3,.431,.438,2.9,3.7,.776,1.3,4.6,5.9,2.6,1.3,0.7,2.5,2.1,17.2,2013
12282,145,Rudy Gay,SF,26,TOR,33,32,34.7,7.3,17.1,.425,1.3,4.0,.336,5.9,13.2,.452,.464,3.6,4.2,.856,1.3,5.1,6.4,2.8,1.7,0.7,2.8,2.9,19.5,2013
12283,146,Alonzo Gee,SF,25,CLE,82,82,31.0,3.7,9.1,.410,0.8,2.7,.315,2.9,6.4,.450,.456,2.0,2.5,.795,0.9,3.0,3.9,1.6,1.3,0.4,1.6,2.4,10.3,2013
12284,147,Mickaël Gelabale,SF,29,MIN,36,13,17.9,2.0,3.9,.518,0.4,1.4,.308,1.6,2.4,.644,.576,0.6,0.7,.875,0.9,1.9,2.8,0.7,0.4,0.1,0.4,1.3,5.0,2013
12285,148,Paul George,SF,22,IND,79,79,37.6,6.2,14.9,.419,2.2,5.9,.362,4.1,8.9,.457,.491,2.8,3.5,.807,1.1,6.5,7.6,4.1,1.8,0.6,2.9,2.9,17.4,2013
12286,149,Daniel Gibson,PG,26,CLE,46,3,20.0,1.8,5.4,.340,1.2,3.5,.344,0.6,1.8,.333,.453,0.6,0.8,.703,0.1,1.2,1.3,1.8,0.7,0.1,0.7,1.9,5.4,2013
12287,150,Taj Gibson,PF,27,CHI,65,5,22.4,3.3,6.8,.485,0.0,0.1,.000,3.3,6.7,.490,.485,1.4,2.0,.679,1.9,3.4,5.3,0.9,0.4,1.4,1.2,2.6,8.0,2013
12288,151,Manu Ginóbili*,SG,35,SAS,60,0,23.2,3.8,9.0,.425,1.4,3.9,.353,2.4,5.1,.480,.502,2.7,3.4,.796,0.5,2.9,3.4,4.6,1.3,0.2,2.2,1.9,11.8,2013
12289,152,Drew Gooden,C,31,MIL,16,0,9.4,1.3,3.8,.328,0.1,0.3,.200,1.2,3.5,.339,.336,0.7,1.0,.688,0.8,1.1,1.9,0.4,0.3,0.4,0.6,1.3,3.3,2013
12290,153,Ben Gordon,SG,29,CHA,75,0,20.8,4.1,10.1,.408,1.5,3.9,.387,2.6,6.2,.421,.482,1.4,1.7,.843,0.2,1.5,1.7,1.9,0.5,0.2,1.8,1.8,11.2,2013
12291,154,Eric Gordon,SG,24,NOH,42,40,30.1,5.6,13.9,.402,1.3,4.1,.324,4.3,9.8,.436,.450,4.5,5.3,.842,0.2,1.6,1.8,3.3,1.1,0.2,2.8,1.8,17.0,2013
12292,155,Marcin Gortat,C,28,PHO,61,61,30.8,4.8,9.3,.521,0.0,0.0,.000,4.8,9.2,.524,.521,1.5,2.3,.652,2.1,6.4,8.5,1.2,0.7,1.6,1.6,2.1,11.1,2013
12293,156,Andrew Goudelock,SG,24,LAL,1,0,6.0,0.0,2.0,.000,0.0,0.0,,0.0,2.0,.000,.000,0.0,0.0,,1.0,0.0,1.0,0.0,0.0,0.0,0.0,0.0,0.0,2013
12294,157,Danny Granger,SF,29,IND,5,0,14.8,2.0,7.0,.286,0.4,2.0,.200,1.6,5.0,.320,.314,1.0,1.6,.625,0.6,1.2,1.8,0.6,0.4,0.2,0.8,1.2,5.4,2013
12295,158,Aaron Gray,C,28,TOR,42,16,12.2,1.1,2.1,.533,0.0,0.0,,1.1,2.1,.533,.533,0.5,1.0,.523,1.1,2.0,3.2,0.8,0.2,0.1,0.9,2.0,2.8,2013
12296,159,Danny Green,SG,25,SAS,80,80,27.5,3.7,8.3,.448,2.2,5.2,.429,1.5,3.1,.480,.581,0.8,1.0,.848,0.5,2.6,3.1,1.8,1.2,0.7,1.2,1.6,10.5,2013
12297,160,Draymond Green,SF,22,GSW,79,1,13.4,1.1,3.3,.327,0.2,0.8,.209,0.9,2.4,.368,.354,0.6,0.7,.818,0.7,2.6,3.3,0.7,0.5,0.3,0.6,2.0,2.9,2013
12298,Rk,Player,Pos,Age,Tm,G,GS,MP,FG,FGA,FG%,3P,3PA,3P%,2P,2PA,2P%,eFG%,FT,FTA,FT%,ORB,DRB,TRB,AST,STL,BLK,TOV,PF,PTS,2013
12299,161,Gerald Green,SF,27,IND,60,7,18.0,2.6,7.1,.366,1.0,3.1,.314,1.6,3.9,.407,.435,0.9,1.1,.800,0.5,1.8,2.4,0.8,0.3,0.4,0.9,1.1,7.0,2013
12300,162,Jeff Green,PF,26,BOS,81,17,27.8,4.6,10.0,.467,0.9,2.2,.385,3.8,7.7,.490,.510,2.6,3.3,.808,0.7,3.2,3.9,1.6,0.7,0.8,1.6,2.2,12.8,2013
12301,163,Willie Green,SG,31,LAC,72,60,16.5,2.5,5.4,.461,1.0,2.3,.428,1.5,3.1,.486,.553,0.3,0.4,.719,0.2,1.1,1.3,0.8,0.4,0.2,0.4,1.3,6.3,2013
12302,164,Blake Griffin,PF,23,LAC,80,80,32.5,7.2,13.4,.538,0.1,0.4,.179,7.2,13.1,.548,.541,3.5,5.3,.660,2.3,6.0,8.3,3.7,1.2,0.6,2.3,2.9,18.0,2013
12303,165,Hamed Haddadi,C,27,TOT,30,0,10.7,1.2,2.7,.427,0.0,0.0,,1.2,2.7,.427,.427,0.5,0.9,.519,1.4,2.3,3.7,0.4,0.2,0.9,1.0,2.0,2.8,2013
12304,165,Hamed Haddadi,C,27,MEM,13,0,6.7,0.5,1.6,.333,0.0,0.0,,0.5,1.6,.333,.333,0.1,0.2,.500,0.8,1.1,1.8,0.3,0.1,0.5,0.3,1.2,1.2,2013
12305,165,Hamed Haddadi,C,27,PHO,17,0,13.8,1.6,3.6,.459,0.0,0.0,,1.6,3.6,.459,.459,0.8,1.5,.520,1.9,3.2,5.1,0.5,0.3,1.2,1.6,2.6,4.1,2013
12306,166,Jordan Hamilton,SF,22,DEN,40,1,9.9,2.1,5.0,.418,0.7,1.8,.370,1.4,3.2,.445,.485,0.3,0.7,.500,0.8,1.6,2.4,0.6,0.4,0.2,0.5,0.6,5.2,2013
12307,167,Richard Hamilton,SG,34,CHI,50,45,21.8,4.1,9.5,.429,0.3,1.0,.308,3.8,8.5,.444,.446,1.3,1.5,.857,0.3,1.3,1.7,2.4,0.5,0.1,1.7,1.9,9.8,2013
12308,168,Ben Hansbrough,PG,25,IND,28,0,7.1,0.5,1.6,.333,0.2,0.8,.261,0.3,0.8,.409,.400,0.8,1.0,.778,0.1,0.6,0.6,0.8,0.3,0.1,0.6,0.8,2.0,2013
12309,169,Tyler Hansbrough,PF,27,IND,81,8,16.9,2.2,5.0,.432,0.0,0.0,.000,2.2,5.0,.436,.432,2.7,3.7,.720,2.0,2.6,4.6,0.4,0.4,0.2,1.0,1.9,7.0,2013
12310,170,James Harden,SG,23,HOU,78,78,38.3,7.5,17.1,.438,2.3,6.2,.368,5.2,10.9,.477,.504,8.6,10.2,.851,0.8,4.1,4.9,5.8,1.8,0.5,3.8,2.3,25.9,2013
12311,171,Maurice Harkless,SF,19,ORL,76,59,26.0,3.4,7.4,.461,0.4,1.5,.274,3.0,5.9,.510,.489,1.0,1.7,.570,1.6,2.8,4.4,0.7,1.2,0.8,0.9,1.9,8.2,2013
12312,172,Josh Harrellson,C,23,MIA,6,0,5.2,0.7,1.5,.444,0.2,0.8,.200,0.5,0.7,.750,.500,0.2,0.3,.500,0.5,0.7,1.2,0.0,0.2,0.2,0.5,0.7,1.7,2013
12313,173,Al Harrington,C,32,ORL,10,0,11.9,2.0,5.7,.351,0.8,3.0,.267,1.2,2.7,.444,.421,0.3,0.4,.750,0.6,2.1,2.7,1.0,0.4,0.1,0.7,1.8,5.1,2013
12314,174,Devin Harris,SG,29,ATL,58,34,24.5,3.3,7.6,.438,1.3,4.0,.335,2.0,3.7,.549,.525,1.9,2.7,.727,0.1,1.9,2.0,3.4,1.1,0.2,1.5,1.8,9.9,2013
12315,175,Terrel Harris,SG,25,TOT,20,0,6.9,0.2,1.4,.148,0.0,0.4,.000,0.2,1.0,.211,.148,0.4,0.5,.700,0.2,1.1,1.3,0.5,0.1,0.2,0.9,0.9,0.8,2013
12316,175,Terrel Harris,SG,25,MIA,7,0,4.1,0.3,1.1,.250,0.0,0.1,.000,0.3,1.0,.286,.250,0.9,1.1,.750,0.6,0.7,1.3,0.3,0.0,0.0,0.6,0.4,1.4,2013
12317,175,Terrel Harris,SG,25,NOH,13,0,8.3,0.2,1.5,.105,0.0,0.5,.000,0.2,0.9,.167,.105,0.1,0.2,.500,0.0,1.3,1.3,0.5,0.2,0.2,1.0,1.1,0.4,2013
12318,176,Tobias Harris,SF-PF,20,TOT,55,34,23.6,4.2,9.3,.455,0.6,2.0,.315,3.6,7.3,.493,.488,1.9,2.5,.752,1.3,3.9,5.2,1.3,0.6,0.8,1.2,2.2,11.0,2013
12319,176,Tobias Harris,SF,20,MIL,28,14,11.6,1.9,4.1,.461,0.3,0.8,.333,1.6,3.4,.489,.491,0.8,0.9,.885,0.6,1.4,2.0,0.5,0.3,0.3,0.6,1.1,4.9,2013
12320,176,Tobias Harris,PF,20,ORL,27,20,36.1,6.7,14.7,.453,1.0,3.2,.310,5.7,11.5,.494,.487,3.0,4.1,.721,2.1,6.4,8.5,2.1,0.9,1.4,1.8,3.3,17.3,2013
12321,177,Udonis Haslem,PF,32,MIA,75,59,18.9,1.7,3.3,.514,0.0,0.0,,1.7,3.3,.514,.514,0.4,0.6,.711,1.3,4.1,5.4,0.5,0.4,0.2,0.6,2.3,3.9,2013
12322,178,Spencer Hawes,C,24,PHI,82,40,27.2,4.6,9.9,.464,0.4,1.1,.356,4.2,8.8,.477,.483,1.5,1.9,.777,2.1,5.1,7.2,2.2,0.3,1.4,1.6,2.8,11.0,2013
12323,179,Chuck Hayes,C,29,SAC,74,1,16.3,1.1,2.6,.442,0.0,0.0,.000,1.1,2.6,.444,.442,0.4,0.6,.625,1.5,2.5,4.0,1.5,0.4,0.2,0.6,1.5,2.7,2013
12324,180,Gordon Hayward,SF,22,UTA,72,27,29.2,4.7,10.7,.435,1.4,3.4,.415,3.3,7.3,.444,.501,3.4,4.1,.827,0.7,2.4,3.1,3.0,0.8,0.5,1.7,1.7,14.1,2013
12325,Rk,Player,Pos,Age,Tm,G,GS,MP,FG,FGA,FG%,3P,3PA,3P%,2P,2PA,2P%,eFG%,FT,FTA,FT%,ORB,DRB,TRB,AST,STL,BLK,TOV,PF,PTS,2013
12326,181,Lazar Hayward,SF,26,MIN,4,0,7.8,0.5,2.5,.200,0.0,1.0,.000,0.5,1.5,.333,.200,1.5,1.5,1.000,0.0,1.0,1.0,0.8,0.5,0.0,0.0,0.8,2.5,2013
12327,182,Brendan Haywood,C,33,CHA,61,17,19.0,1.5,3.5,.431,0.0,0.0,.000,1.5,3.5,.433,.431,0.5,1.1,.455,2.0,2.7,4.8,0.5,0.3,0.8,0.8,2.0,3.5,2013
12328,183,Gerald Henderson,SG,25,CHA,68,58,31.4,5.6,12.6,.447,0.5,1.5,.330,5.1,11.1,.462,.466,3.8,4.6,.824,0.8,2.9,3.7,2.6,1.0,0.5,1.6,2.2,15.5,2013
12329,184,Xavier Henry,SF,21,NOH,50,2,12.5,1.3,3.2,.410,0.1,0.2,.364,1.2,3.0,.413,.422,1.2,1.8,.630,0.4,1.4,1.8,0.3,0.3,0.1,0.6,1.4,3.9,2013
12330,185,John Henson,PF,22,MIL,63,9,13.1,2.6,5.3,.482,0.0,0.0,.000,2.6,5.3,.486,.482,0.9,1.7,.533,1.8,2.9,4.7,0.5,0.3,0.7,0.7,1.3,6.0,2013
12331,186,Roy Hibbert,C,26,IND,79,79,28.7,4.9,10.9,.448,0.0,0.1,.250,4.9,10.8,.449,.449,2.1,2.8,.741,3.7,4.6,8.3,1.4,0.5,2.6,2.1,3.5,11.9,2013
12332,187,J.J. Hickson,C,24,POR,80,80,29.0,5.2,9.3,.562,0.0,0.0,.000,5.2,9.3,.563,.562,2.3,3.4,.679,3.3,7.0,10.4,1.1,0.6,0.6,1.8,2.0,12.7,2013
12333,188,Cory Higgins,SG,23,CHA,6,0,5.3,1.0,3.2,.316,0.2,0.8,.200,0.8,2.3,.357,.342,0.2,0.3,.500,0.2,0.3,0.5,0.8,0.5,0.0,0.0,0.8,2.3,2013
12334,189,Nenê,PF,30,WAS,61,49,27.2,4.7,9.7,.480,0.0,0.0,.000,4.7,9.7,.481,.480,3.2,4.4,.729,1.7,5.0,6.7,2.9,0.9,0.6,2.3,2.8,12.6,2013
12335,190,George Hill,PG,26,IND,76,76,34.5,5.1,11.5,.443,1.7,4.6,.368,3.4,6.8,.494,.518,2.3,2.8,.817,0.6,3.1,3.7,4.7,1.1,0.3,1.5,1.8,14.2,2013
12336,191,Grant Hill*,SF,40,LAC,29,0,15.1,1.3,3.4,.388,0.1,0.4,.273,1.2,3.0,.402,.403,0.5,0.8,.583,0.2,1.5,1.7,0.9,0.4,0.2,0.9,1.3,3.2,2013
12337,192,Jordan Hill,PF,25,LAL,29,1,15.8,2.7,5.3,.497,0.0,0.1,.000,2.7,5.3,.503,.497,1.4,2.1,.656,2.8,2.9,5.7,0.4,0.3,0.7,0.9,1.9,6.7,2013
12338,193,Kirk Hinrich,PG,32,CHI,60,60,29.4,2.7,7.0,.377,1.2,3.0,.390,1.5,4.0,.367,.461,1.2,1.6,.714,0.3,2.4,2.6,5.2,1.1,0.4,1.7,3.2,7.7,2013
12339,194,Jrue Holiday,PG,22,PHI,78,78,37.5,7.1,16.5,.431,1.2,3.2,.368,5.9,13.3,.446,.466,2.3,3.1,.752,1.1,3.1,4.2,8.0,1.6,0.4,3.7,2.2,17.7,2013
12340,195,Justin Holiday,SG,23,PHI,9,0,15.8,1.8,5.3,.333,0.4,1.8,.250,1.3,3.6,.375,.375,0.7,0.9,.750,0.0,1.6,1.6,1.7,0.3,0.7,1.0,0.8,4.7,2013
12341,196,Ryan Hollins,C,28,LAC,60,0,11.1,1.2,1.9,.614,0.0,0.0,,1.2,1.9,.614,.614,1.1,1.5,.750,0.8,1.5,2.3,0.2,0.1,0.6,0.7,2.2,3.4,2013
12342,197,Tyler Honeycutt,SF,22,SAC,9,0,3.6,0.3,1.2,.273,0.0,0.2,.000,0.3,1.0,.333,.273,0.2,0.2,1.000,0.3,0.8,1.1,0.2,0.0,0.1,0.6,0.2,0.9,2013
12343,198,Al Horford,C,26,ATL,74,74,37.2,7.8,14.3,.543,0.0,0.1,.500,7.7,14.2,.544,.545,1.8,2.8,.644,2.6,7.6,10.2,3.2,1.1,1.1,2.0,2.2,17.4,2013
12344,199,Dwight Howard,C,27,LAL,76,76,35.8,6.2,10.7,.578,0.0,0.1,.167,6.2,10.6,.581,.579,4.7,9.5,.492,3.3,9.1,12.4,1.4,1.1,2.4,3.0,3.8,17.1,2013
12345,200,Josh Howard,SF,32,MIN,11,4,18.8,2.8,7.0,.403,0.5,1.5,.313,2.4,5.5,.426,.435,0.6,1.1,.583,0.8,2.5,3.3,0.4,0.9,0.3,0.9,1.6,6.7,2013
12346,Rk,Player,Pos,Age,Tm,G,GS,MP,FG,FGA,FG%,3P,3PA,3P%,2P,2PA,2P%,eFG%,FT,FTA,FT%,ORB,DRB,TRB,AST,STL,BLK,TOV,PF,PTS,2013
12347,201,Juwan Howard,PF,39,MIA,7,2,7.3,1.4,2.7,.526,0.0,0.0,,1.4,2.7,.526,.526,0.1,0.1,1.000,0.0,1.1,1.1,0.9,0.0,0.0,0.6,1.3,3.0,2013
12348,202,Kris Humphries,PF,27,BRK,65,21,18.3,2.1,4.8,.448,0.0,0.0,.000,2.1,4.7,.451,.448,1.5,1.9,.789,1.9,3.7,5.6,0.5,0.2,0.5,0.9,2.0,5.8,2013
12349,203,Serge Ibaka,PF,23,OKC,80,80,31.1,5.6,9.7,.573,0.3,0.7,.351,5.3,9.0,.591,.586,1.8,2.4,.749,2.8,4.9,7.7,0.5,0.4,3.0,1.6,2.7,13.2,2013
12350,204,Andre Iguodala,SG,29,DEN,80,80,34.7,5.0,11.0,.451,1.1,3.6,.317,3.8,7.4,.515,.502,1.9,3.4,.574,1.0,4.3,5.3,5.4,1.7,0.7,2.6,1.6,13.0,2013
12351,205,Ersan İlyasova,PF,25,MIL,73,54,27.6,5.1,11.0,.462,1.3,2.9,.444,3.8,8.1,.469,.521,1.7,2.2,.796,2.1,5.0,7.1,1.6,0.9,0.5,1.0,2.5,13.2,2013
12352,206,Kyrie Irving,PG,20,CLE,59,59,34.7,8.2,18.1,.452,1.8,4.7,.391,6.4,13.4,.474,.503,4.2,4.9,.855,0.6,3.1,3.7,5.9,1.5,0.4,3.2,2.5,22.5,2013
12353,207,Royal Ivey,SG,31,PHI,53,5,13.2,1.2,2.7,.431,0.7,1.7,.420,0.5,1.1,.446,.559,0.2,0.3,.563,0.3,0.8,1.1,0.6,0.4,0.1,0.4,1.4,3.2,2013
12354,208,Jarrett Jack,SG,29,GSW,79,4,29.7,4.9,10.8,.452,1.0,2.6,.404,3.9,8.3,.466,.499,2.1,2.5,.843,0.3,2.8,3.1,5.6,0.8,0.1,2.0,1.7,12.9,2013
12355,209,Reggie Jackson,PG,22,OKC,70,0,14.2,2.1,4.6,.458,0.3,1.5,.231,1.8,3.2,.566,.495,0.7,0.9,.839,0.3,2.1,2.4,1.7,0.4,0.2,0.8,1.2,5.3,2013
12356,210,Stephen Jackson,SF,34,SAS,55,6,19.5,2.2,6.0,.373,0.8,3.1,.271,1.4,2.9,.481,.442,0.9,1.3,.700,0.4,2.4,2.8,1.5,0.7,0.3,1.4,1.6,6.2,2013
12357,211,Bernard James,C,27,DAL,46,11,9.9,1.2,2.2,.515,0.0,0.0,.000,1.2,2.2,.525,.515,0.5,0.9,.610,1.1,1.7,2.8,0.1,0.3,0.8,0.4,1.4,2.8,2013
12358,212,Damion James,SF,25,BRK,2,0,0.0,0.0,0.0,,0.0,0.0,,0.0,0.0,,,0.0,0.0,,0.0,0.5,0.5,0.0,0.0,0.0,0.0,0.0,0.0,2013
12359,213,LeBron James,PF,28,MIA,76,76,37.9,10.1,17.8,.565,1.4,3.3,.406,8.7,14.5,.602,.603,5.3,7.0,.753,1.3,6.8,8.0,7.3,1.7,0.9,3.0,1.4,26.8,2013
12360,214,Mike James,PG,37,DAL,45,23,19.2,2.2,6.0,.373,1.1,2.8,.384,1.2,3.2,.363,.461,0.5,0.6,.793,0.2,1.4,1.6,3.1,0.6,0.1,1.2,2.1,6.1,2013
12361,215,Antawn Jamison,PF,36,LAL,76,6,21.5,3.5,7.6,.464,1.1,3.1,.361,2.4,4.5,.535,.537,1.2,1.8,.691,1.4,3.3,4.8,0.7,0.4,0.3,0.7,1.6,9.4,2013
12362,216,Al Jefferson,C,28,UTA,78,78,33.1,7.8,15.8,.494,0.0,0.2,.118,7.8,15.6,.500,.495,2.1,2.8,.770,2.0,7.2,9.2,2.1,1.0,1.1,1.3,2.2,17.8,2013
12363,217,Richard Jefferson,SF,32,GSW,56,1,10.1,1.1,2.4,.456,0.3,0.8,.311,0.9,1.6,.527,.507,0.7,0.9,.717,0.1,1.4,1.5,0.6,0.3,0.1,0.4,0.8,3.1,2013
12364,218,Jared Jeffries,PF,31,POR,38,0,9.2,0.4,1.4,.296,0.0,0.1,.000,0.4,1.4,.308,.296,0.3,0.6,.522,0.7,0.9,1.6,0.4,0.2,0.2,0.4,1.5,1.2,2013
12365,219,Charles Jenkins,SG-PG,23,TOT,59,1,7.5,0.8,2.1,.405,0.0,0.0,.500,0.8,2.0,.403,.409,0.2,0.4,.545,0.1,0.4,0.5,0.7,0.3,0.0,0.4,0.4,1.9,2013
12366,219,Charles Jenkins,SG,23,GSW,47,0,6.2,0.7,1.8,.422,0.0,0.0,.500,0.7,1.7,.420,.428,0.2,0.4,.556,0.1,0.3,0.4,0.6,0.2,0.0,0.4,0.4,1.7,2013
12367,219,Charles Jenkins,PG,23,PHI,12,1,12.5,1.2,3.2,.368,0.0,0.0,,1.2,3.2,.368,.368,0.2,0.3,.500,0.3,0.7,0.9,1.3,0.5,0.1,0.2,0.3,2.5,2013
12368,220,John Jenkins,SG,21,ATL,61,2,14.8,2.1,4.8,.446,0.9,2.3,.384,1.3,2.6,.500,.536,1.0,1.1,.843,0.3,1.3,1.5,0.9,0.2,0.2,0.7,0.6,6.1,2013
12369,Rk,Player,Pos,Age,Tm,G,GS,MP,FG,FGA,FG%,3P,3PA,3P%,2P,2PA,2P%,eFG%,FT,FTA,FT%,ORB,DRB,TRB,AST,STL,BLK,TOV,PF,PTS,2013
12370,221,Brandon Jennings,PG,23,MIL,80,80,36.2,6.2,15.6,.399,2.2,5.8,.375,4.1,9.8,.412,.468,2.9,3.5,.819,0.7,2.3,3.1,6.5,1.6,0.1,2.5,1.9,17.5,2013
12371,222,Jonas Jerebko,PF,25,DET,49,2,18.2,2.9,6.4,.449,0.5,1.7,.301,2.4,4.8,.502,.489,1.4,1.8,.773,1.4,2.4,3.8,0.9,0.8,0.2,0.9,1.8,7.7,2013
12372,223,Amir Johnson,PF,25,TOR,81,38,28.7,4.1,7.5,.554,0.1,0.2,.385,4.1,7.3,.558,.559,1.7,2.3,.727,2.8,4.7,7.5,1.5,1.0,1.4,1.4,3.7,10.0,2013
12373,224,Chris Johnson,C,27,MIN,30,0,9.5,1.6,2.5,.640,0.0,0.0,,1.6,2.5,.640,.640,0.7,1.1,.618,0.7,1.3,2.0,0.3,0.2,0.9,0.4,1.6,3.9,2013
12374,225,Chris Johnson,SF,22,MEM,8,0,12.8,1.4,3.1,.440,0.8,2.3,.333,0.6,0.9,.714,.560,0.1,0.3,.500,0.6,0.8,1.4,0.3,0.5,0.0,0.4,0.6,3.6,2013
12375,226,Ivan Johnson,PF,28,ATL,69,5,15.0,2.7,5.2,.520,0.0,0.2,.077,2.7,5.0,.536,.521,1.2,1.9,.618,1.1,2.8,3.9,0.7,0.8,0.2,1.0,1.9,6.6,2013
12376,227,James Johnson,SF,25,SAC,54,11,16.3,2.2,5.2,.413,0.0,0.4,.095,2.1,4.9,.439,.417,0.7,1.2,.597,0.9,1.8,2.7,1.1,0.8,0.9,1.3,1.8,5.1,2013
12377,228,Joe Johnson,SG,31,BRK,72,72,36.7,6.2,14.6,.423,2.1,5.5,.375,4.1,9.1,.452,.493,1.8,2.2,.820,0.7,2.3,3.0,3.5,0.7,0.2,1.7,1.4,16.3,2013
12378,229,Orlando Johnson,SG,23,IND,51,0,12.1,1.4,3.5,.400,0.7,1.8,.383,0.7,1.7,.419,.500,0.5,0.6,.719,0.4,1.8,2.2,0.9,0.2,0.2,0.6,1.0,4.0,2013
12379,230,Wesley Johnson,SF,25,PHO,50,21,19.1,3.2,7.9,.407,1.0,3.1,.323,2.2,4.8,.461,.470,0.5,0.7,.771,0.4,2.0,2.5,0.7,0.4,0.4,1.0,1.1,8.0,2013
12380,231,Darius Johnson-Odom,SG,23,LAL,4,0,1.5,0.0,1.0,.000,0.0,0.3,.000,0.0,0.8,.000,.000,0.0,0.0,,0.3,0.8,1.0,0.3,0.0,0.0,0.0,0.0,0.0,2013
12381,232,Dahntay Jones,SF,32,TOT,78,19,13.0,1.1,2.8,.369,0.1,0.6,.224,0.9,2.2,.410,.394,1.1,1.4,.770,0.3,1.0,1.3,0.6,0.3,0.1,0.5,1.5,3.4,2013
12382,232,Dahntay Jones,SF,32,DAL,50,15,12.7,1.0,2.8,.357,0.2,0.7,.216,0.8,2.1,.408,.386,1.3,1.6,.805,0.3,1.1,1.4,0.6,0.2,0.1,0.4,1.5,3.5,2013
12383,232,Dahntay Jones,SF,32,ATL,28,4,13.6,1.1,2.9,.390,0.1,0.4,.250,1.0,2.5,.414,.409,0.8,1.1,.677,0.4,0.7,1.1,0.7,0.4,0.0,0.6,1.6,3.1,2013
12384,233,DeQuan Jones,SF,22,ORL,63,17,12.7,1.5,3.5,.436,0.1,0.6,.257,1.4,2.9,.470,.456,0.5,0.8,.667,0.3,1.4,1.7,0.3,0.3,0.3,0.5,0.9,3.7,2013
12385,234,Dominique Jones,PG,24,DAL,29,3,11.7,1.4,3.8,.367,0.0,0.3,.111,1.3,3.4,.390,.372,1.2,1.8,.660,0.6,0.9,1.6,2.9,0.5,0.1,1.3,1.0,4.0,2013
12386,235,James Jones,SF,32,MIA,38,0,5.8,0.6,1.6,.344,0.4,1.4,.302,0.1,0.2,.625,.475,0.1,0.1,.500,0.0,0.6,0.6,0.3,0.1,0.2,0.1,0.4,1.6,2013
12387,236,Kevin Jones,PF,23,CLE,32,0,10.4,1.3,3.3,.402,0.0,0.0,,1.3,3.3,.402,.402,0.3,0.5,.600,1.2,1.3,2.4,0.3,0.3,0.2,0.3,0.8,3.0,2013
12388,237,Perry Jones,SF,21,OKC,38,1,7.4,1.0,2.6,.394,0.0,0.1,.000,1.0,2.6,.402,.394,0.3,0.4,.667,0.3,1.3,1.6,0.3,0.1,0.2,0.4,0.6,2.3,2013
12389,238,Solomon Jones,PF,28,NYK,2,1,13.0,0.0,0.5,.000,0.0,0.0,,0.0,0.5,.000,.000,0.0,0.0,,0.5,1.0,1.5,0.0,0.0,0.5,1.5,1.5,0.0,2013
12390,239,Terrence Jones,PF,21,HOU,19,0,14.5,2.3,4.9,.457,0.3,1.0,.263,2.0,3.9,.507,.484,0.7,0.9,.765,1.5,1.9,3.4,0.8,0.6,1.0,0.7,1.1,5.5,2013
12391,240,DeAndre Jordan,C,24,LAC,82,82,24.5,3.8,6.0,.643,0.0,0.0,,3.8,6.0,.643,.643,1.2,3.0,.386,2.6,4.7,7.2,0.3,0.6,1.4,1.2,2.3,8.8,2013
12392,Rk,Player,Pos,Age,Tm,G,GS,MP,FG,FGA,FG%,3P,3PA,3P%,2P,2PA,2P%,eFG%,FT,FTA,FT%,ORB,DRB,TRB,AST,STL,BLK,TOV,PF,PTS,2013
12393,241,Cory Joseph,PG,21,SAS,28,9,13.9,1.8,3.9,.464,0.2,0.8,.286,1.6,3.2,.506,.491,0.6,0.8,.857,0.4,1.4,1.9,1.9,0.5,0.1,0.8,0.9,4.5,2013
12394,242,Kris Joseph,SF,24,TOT,10,0,5.4,0.2,1.4,.143,0.0,0.3,.000,0.2,1.1,.182,.143,0.5,0.8,.625,0.1,0.6,0.7,0.1,0.3,0.0,0.2,0.3,0.9,2013
12395,242,Kris Joseph,SF,24,BOS,6,0,4.0,0.3,1.8,.182,0.0,0.3,.000,0.3,1.5,.222,.182,0.5,0.7,.750,0.2,0.7,0.8,0.2,0.0,0.0,0.3,0.3,1.2,2013
12396,242,Kris Joseph,SF,24,BRK,4,0,7.5,0.0,0.8,.000,0.0,0.3,.000,0.0,0.5,.000,.000,0.5,1.0,.500,0.0,0.5,0.5,0.0,0.8,0.0,0.0,0.3,0.5,2013
12397,243,Chris Kaman,C,30,DAL,66,52,20.7,4.7,9.3,.507,0.0,0.0,.000,4.7,9.3,.508,.507,1.0,1.3,.788,1.5,4.2,5.6,0.8,0.4,0.8,1.6,2.1,10.5,2013
12398,244,Jason Kidd*,SG,39,NYK,76,48,26.9,2.0,5.4,.372,1.5,4.3,.351,0.5,1.1,.452,.511,0.5,0.6,.833,0.7,3.6,4.3,3.3,1.6,0.3,1.0,1.6,6.0,2013
12399,245,Michael Kidd-Gilchrist,SF,19,CHA,78,77,26.0,3.6,7.9,.458,0.0,0.1,.222,3.6,7.7,.462,.460,1.8,2.4,.749,1.7,4.2,5.8,1.5,0.7,0.9,1.3,2.1,9.0,2013
12400,246,Andrei Kirilenko,SF,31,MIN,64,64,31.8,4.4,8.8,.507,0.5,1.9,.292,3.9,6.9,.566,.538,2.9,3.9,.752,1.6,4.1,5.7,2.8,1.5,1.0,1.9,1.3,12.4,2013
12401,247,Linas Kleiza,SF,28,TOR,20,3,18.8,2.4,7.2,.333,1.0,3.3,.303,1.4,3.9,.359,.403,1.6,1.9,.842,0.5,2.1,2.6,0.8,0.2,0.1,0.7,2.3,7.4,2013
12402,248,Brandon Knight,PG,21,DET,75,75,31.5,4.8,11.7,.407,1.6,4.4,.367,3.2,7.3,.430,.475,2.2,3.0,.733,0.7,2.6,3.3,4.0,0.8,0.1,2.7,2.1,13.3,2013
12403,249,Kyle Korver,SF,31,ATL,74,60,30.5,3.7,8.1,.461,2.6,5.6,.457,1.2,2.5,.471,.618,0.9,1.1,.859,0.3,3.6,4.0,2.0,0.9,0.5,0.9,2.3,10.9,2013
12404,250,Kosta Koufos,C,23,DEN,81,81,22.4,3.6,6.3,.581,0.0,0.0,.000,3.6,6.3,.582,.581,0.7,1.3,.558,2.6,4.3,6.9,0.4,0.5,1.3,0.7,3.0,8.0,2013
12405,251,Viacheslav Kravtsov,C,25,DET,25,0,9.0,1.3,1.8,.717,0.0,0.0,,1.3,1.8,.717,.717,0.4,1.5,.297,1.0,0.8,1.8,0.4,0.2,0.4,0.6,1.3,3.1,2013
12406,252,Doron Lamb,SG,21,TOT,47,0,12.3,1.3,3.5,.368,0.3,0.8,.378,1.0,2.7,.365,.411,0.4,0.7,.588,0.2,0.8,1.0,0.7,0.3,0.0,0.6,1.1,3.3,2013
12407,252,Doron Lamb,SG,21,MIL,23,0,12.2,1.4,4.1,.347,0.2,0.7,.250,1.3,3.4,.367,.368,0.3,0.7,.533,0.1,0.6,0.7,0.9,0.3,0.0,0.7,1.2,3.4,2013
12408,252,Doron Lamb,SG,21,ORL,24,0,12.4,1.1,2.8,.397,0.4,0.9,.476,0.7,2.0,.362,.471,0.5,0.8,.632,0.2,1.0,1.2,0.5,0.3,0.0,0.4,1.0,3.2,2013
12409,253,Jeremy Lamb,SF,20,OKC,23,0,6.4,1.0,3.0,.353,0.4,1.3,.300,0.7,1.7,.395,.419,0.6,0.6,1.000,0.2,0.6,0.8,0.2,0.1,0.1,0.3,0.6,3.1,2013
12410,254,Carl Landry,PF,29,GSW,81,2,23.2,4.0,7.4,.540,0.0,0.0,.333,4.0,7.4,.541,.541,2.8,3.4,.817,2.2,3.7,6.0,0.8,0.4,0.4,1.4,2.3,10.8,2013
12411,255,Ty Lawson,PG,25,DEN,73,71,34.4,6.1,13.3,.461,1.2,3.2,.366,5.0,10.1,.491,.505,3.2,4.3,.756,0.5,2.2,2.7,6.9,1.5,0.1,2.5,1.8,16.7,2013
12412,256,Courtney Lee,SG,27,BOS,78,39,24.9,3.2,6.8,.464,0.7,2.0,.372,2.4,4.8,.503,.519,0.8,0.9,.861,0.4,2.0,2.4,1.8,1.1,0.3,1.1,1.8,7.8,2013
12413,257,David Lee,PF,29,GSW,79,79,36.8,7.6,14.7,.519,0.0,0.1,.000,7.6,14.6,.521,.519,3.2,4.1,.797,2.8,8.5,11.2,3.5,0.8,0.3,2.6,3.1,18.5,2013
12414,258,Malcolm Lee,SG,22,MIN,16,12,18.1,1.8,4.8,.382,0.5,1.5,.333,1.3,3.3,.404,.434,0.8,1.3,.600,0.9,1.5,2.4,1.3,0.8,0.4,0.6,1.9,4.9,2013
12415,259,Kawhi Leonard,SF,21,SAS,58,57,31.2,4.5,9.1,.494,1.1,3.0,.374,3.4,6.1,.554,.556,1.8,2.2,.825,1.1,4.9,6.0,1.6,1.7,0.6,1.1,1.7,11.9,2013
12416,260,Meyers Leonard,C,20,POR,69,9,17.5,2.2,4.0,.545,0.0,0.1,.429,2.1,3.9,.548,.551,1.0,1.3,.809,1.2,2.5,3.7,0.5,0.2,0.6,0.7,2.4,5.5,2013
12417,Rk,Player,Pos,Age,Tm,G,GS,MP,FG,FGA,FG%,3P,3PA,3P%,2P,2PA,2P%,eFG%,FT,FTA,FT%,ORB,DRB,TRB,AST,STL,BLK,TOV,PF,PTS,2013
12418,261,Jon Leuer,PF-C,23,TOT,28,0,6.7,0.9,1.9,.481,0.0,0.1,.000,0.9,1.8,.510,.481,0.2,0.5,.462,0.5,0.9,1.3,0.3,0.2,0.0,0.3,0.8,2.0,2013
12419,261,Jon Leuer,C,23,CLE,9,0,10.1,1.1,3.1,.357,0.0,0.3,.000,1.1,2.8,.400,.357,0.2,0.7,.333,0.6,0.9,1.4,0.6,0.2,0.0,0.6,1.2,2.4,2013
12420,261,Jon Leuer,PF,23,MEM,19,0,5.1,0.8,1.3,.625,0.0,0.0,,0.8,1.3,.625,.625,0.2,0.4,.571,0.4,0.8,1.3,0.2,0.2,0.0,0.2,0.5,1.8,2013
12421,262,Rashard Lewis,PF,33,MIA,55,9,14.4,1.9,4.5,.414,0.9,2.4,.389,0.9,2.1,.441,.516,0.5,0.8,.622,0.3,1.9,2.2,0.5,0.4,0.3,0.6,1.2,5.2,2013
12422,263,DeAndre Liggins,SG,24,OKC,39,1,7.4,0.5,1.2,.447,0.2,0.5,.368,0.4,0.7,.500,.521,0.2,0.5,.500,0.3,1.0,1.4,0.4,0.5,0.1,0.4,0.8,1.5,2013
12423,264,Damian Lillard,PG,22,POR,82,82,38.6,6.7,15.7,.429,2.3,6.1,.368,4.5,9.6,.469,.501,3.3,3.9,.844,0.5,2.6,3.1,6.5,0.9,0.2,3.0,2.1,19.0,2013
12424,265,Jeremy Lin,PG,24,HOU,82,82,32.2,4.8,10.9,.441,1.1,3.1,.339,3.8,7.8,.483,.490,2.6,3.4,.785,0.4,2.6,3.0,6.1,1.6,0.4,2.9,2.5,13.4,2013
12425,266,Shaun Livingston,PG,27,TOT,66,16,22.0,2.5,5.2,.480,0.0,0.1,.000,2.5,5.2,.485,.480,1.3,1.5,.867,0.5,1.9,2.4,3.3,0.7,0.5,1.2,1.9,6.3,2013
12426,266,Shaun Livingston,PG,27,WAS,17,4,18.8,1.4,3.9,.364,0.0,0.2,.000,1.4,3.7,.381,.364,0.9,0.9,1.000,0.1,2.1,2.2,2.2,0.6,0.1,1.0,1.3,3.7,2013
12427,266,Shaun Livingston,PG,27,CLE,49,12,23.2,2.9,5.7,.507,0.0,0.0,.000,2.9,5.7,.509,.507,1.4,1.7,.843,0.6,1.9,2.5,3.6,0.8,0.6,1.2,2.1,7.2,2013
12428,267,Brook Lopez,C,24,BRK,74,74,30.4,7.7,14.8,.521,0.0,0.0,.000,7.7,14.8,.522,.521,4.0,5.3,.758,2.8,4.1,6.9,0.9,0.4,2.1,1.8,2.1,19.4,2013
12429,268,Robin Lopez,C,24,NOH,82,82,26.0,4.7,8.8,.534,0.0,0.0,,4.7,8.8,.534,.534,2.0,2.5,.778,2.8,2.9,5.6,0.8,0.4,1.6,1.3,2.0,11.3,2013
12430,269,Kevin Love,PF,24,MIN,18,18,34.3,5.8,16.6,.352,1.1,5.1,.217,4.7,11.4,.413,.386,5.6,7.9,.704,3.6,10.4,14.0,2.3,0.7,0.5,2.2,1.9,18.3,2013
12431,270,Kyle Lowry,PG,26,TOR,68,52,29.7,3.7,9.2,.401,1.5,4.1,.362,2.2,5.1,.433,.482,2.8,3.5,.795,0.8,3.9,4.7,6.4,1.4,0.4,2.3,3.2,11.6,2013
12432,271,John Lucas III,PG,30,TOR,63,0,13.1,2.0,5.3,.386,0.9,2.4,.377,1.1,2.9,.393,.472,0.3,0.4,.720,0.1,0.9,1.0,1.7,0.4,0.0,0.4,0.8,5.3,2013
12433,272,Scott Machado,PG,22,HOU,6,0,3.5,0.5,1.0,.500,0.0,0.2,.000,0.5,0.8,.600,.500,0.3,0.3,1.000,0.0,0.2,0.2,1.0,0.3,0.0,1.3,0.0,1.3,2013
12434,273,Shelvin Mack,PG-SG,22,TOT,31,3,13.4,1.9,4.1,.460,0.6,1.6,.367,1.3,2.5,.519,.532,0.3,0.5,.563,0.1,1.2,1.3,2.2,0.5,0.0,1.1,1.3,4.6,2013
12435,273,Shelvin Mack,PG,22,WAS,7,2,20.1,2.3,5.7,.400,0.6,1.9,.308,1.7,3.9,.444,.450,0.1,0.3,.500,0.4,1.9,2.3,3.3,0.9,0.0,1.1,1.4,5.3,2013
12436,273,Shelvin Mack,SG,22,PHI,4,0,1.8,0.3,0.5,.500,0.0,0.3,.000,0.3,0.3,1.000,.500,0.0,0.0,,0.0,0.0,0.0,0.3,0.0,0.0,0.5,0.3,0.5,2013
12437,273,Shelvin Mack,PG,22,ATL,20,1,13.4,2.1,4.2,.488,0.7,1.8,.400,1.4,2.5,.551,.571,0.4,0.7,.571,0.0,1.2,1.2,2.2,0.5,0.0,1.2,1.4,5.2,2013
12438,274,Corey Maggette,SF,33,DET,18,0,14.3,1.5,4.2,.355,0.3,1.2,.238,1.2,3.1,.400,.388,2.0,2.7,.750,0.3,1.1,1.4,1.1,0.3,0.1,0.9,2.3,5.3,2013
12439,275,Ian Mahinmi,C,26,IND,80,2,16.5,1.9,4.1,.453,0.0,0.0,.000,1.9,4.1,.456,.453,1.3,2.1,.608,1.4,2.5,3.9,0.3,0.5,0.8,1.2,2.5,5.0,2013
12440,276,Shawn Marion,PF,34,DAL,67,67,30.0,5.3,10.3,.514,0.3,1.1,.315,5.0,9.2,.538,.531,1.2,1.5,.782,2.2,5.7,7.8,2.4,1.1,0.7,1.5,1.7,12.1,2013
12441,277,Kendall Marshall,PG,21,PHO,48,3,14.6,1.2,3.1,.371,0.5,1.5,.315,0.7,1.6,.423,.447,0.2,0.3,.571,0.1,0.8,0.9,3.0,0.5,0.1,1.2,1.0,3.0,2013
12442,278,Cartier Martin,SF,28,WAS,41,3,16.9,2.3,6.1,.381,1.4,3.6,.397,0.9,2.6,.358,.496,0.5,0.7,.714,0.3,2.2,2.4,0.5,0.5,0.1,0.8,1.4,6.6,2013
12443,279,Kenyon Martin,C,35,NYK,18,11,23.9,3.1,5.2,.602,0.0,0.0,,3.1,5.2,.602,.602,0.9,2.2,.425,1.9,3.4,5.3,0.4,0.9,0.9,0.9,3.6,7.2,2013
12444,280,Kevin Martin,SG,29,OKC,77,0,27.7,4.5,10.1,.450,2.1,4.8,.426,2.5,5.3,.472,.551,2.8,3.2,.890,0.4,1.9,2.3,1.4,0.9,0.1,1.3,1.8,14.0,2013
12445,Rk,Player,Pos,Age,Tm,G,GS,MP,FG,FGA,FG%,3P,3PA,3P%,2P,2PA,2P%,eFG%,FT,FTA,FT%,ORB,DRB,TRB,AST,STL,BLK,TOV,PF,PTS,2013
12446,281,Roger Mason,SG,32,NOH,69,13,17.7,1.9,4.4,.433,1.0,2.3,.415,1.0,2.1,.452,.541,0.6,0.6,.907,0.2,1.8,1.9,1.1,0.4,0.2,0.7,1.5,5.3,2013
12447,282,Wesley Matthews,SG,26,POR,69,69,34.8,5.1,11.7,.436,2.4,6.2,.398,2.7,5.6,.478,.540,2.2,2.7,.797,0.5,2.3,2.8,2.5,1.3,0.3,1.6,2.5,14.8,2013
12448,283,Jason Maxiell,PF,29,DET,72,71,24.8,2.8,6.3,.446,0.0,0.0,,2.8,6.3,.446,.446,1.3,2.0,.621,1.9,3.8,5.7,0.8,0.4,1.3,1.1,2.4,6.9,2013
12449,284,Eric Maynor,PG-SG,25,TOT,64,0,15.0,1.7,4.4,.377,0.5,1.5,.354,1.1,2.9,.389,.438,0.7,1.0,.726,0.1,0.6,0.7,2.8,0.3,0.0,1.2,0.9,4.5,2013
12450,284,Eric Maynor,PG,25,OKC,37,0,10.6,1.0,3.1,.313,0.4,1.2,.326,0.6,1.9,.304,.378,0.5,0.6,.810,0.1,0.4,0.5,2.0,0.3,0.0,0.8,0.5,2.8,2013
12451,284,Eric Maynor,SG,25,POR,27,0,21.2,2.6,6.1,.422,0.7,1.9,.380,1.9,4.3,.440,.479,1.0,1.5,.683,0.1,0.9,1.0,4.0,0.4,0.0,1.8,1.3,6.9,2013
12452,285,O.J. Mayo,SG,25,DAL,82,82,35.5,5.6,12.5,.449,1.7,4.3,.407,3.9,8.3,.471,.519,2.3,2.8,.820,0.4,3.1,3.5,4.4,1.1,0.3,2.6,2.4,15.3,2013
12453,286,Luc Mbah a Moute,SF,26,MIL,58,45,22.9,2.6,6.5,.401,0.2,0.6,.351,2.4,5.9,.406,.418,1.2,2.2,.571,1.5,2.9,4.4,0.9,0.7,0.2,1.2,1.4,6.7,2013
12454,287,JaVale McGee,C,25,DEN,79,0,18.1,3.8,6.7,.575,0.0,0.0,1.000,3.8,6.7,.574,.576,1.4,2.4,.591,2.0,2.8,4.8,0.3,0.4,2.0,1.1,2.3,9.1,2013
12455,288,Dominic McGuire,SF,27,TOT,26,10,14.9,0.9,2.2,.429,0.0,0.0,,0.9,2.2,.429,.429,0.1,0.4,.300,0.7,2.3,3.0,0.8,0.5,0.4,0.5,1.5,2.0,2013
12456,288,Dominic McGuire,SF,27,TOR,15,9,15.3,1.0,2.1,.469,0.0,0.0,,1.0,2.1,.469,.469,0.1,0.4,.333,0.7,2.5,3.2,0.7,0.3,0.5,0.5,1.7,2.1,2013
12457,288,Dominic McGuire,SF,27,NOH,9,0,16.1,1.0,2.3,.429,0.0,0.0,,1.0,2.3,.429,.429,0.1,0.2,.500,0.8,2.3,3.1,1.0,0.9,0.3,0.6,1.4,2.1,2013
12458,288,Dominic McGuire,SF,27,IND,2,1,6.0,0.0,1.5,.000,0.0,0.0,,0.0,1.5,.000,.000,0.0,1.0,.000,0.5,0.5,1.0,0.5,0.0,0.0,0.0,0.0,0.0,2013
12459,289,Josh McRoberts,PF,25,TOT,67,22,22.2,2.3,5.1,.455,0.4,1.3,.286,2.0,3.9,.510,.490,1.0,1.3,.765,1.4,3.5,4.9,2.1,0.5,0.4,1.0,2.0,6.0,2013
12460,289,Josh McRoberts,PF,25,ORL,41,3,16.7,1.5,3.7,.392,0.4,1.3,.309,1.0,2.4,.439,.448,0.5,0.7,.733,1.0,2.3,3.3,1.7,0.2,0.3,0.7,1.6,3.9,2013
12461,289,Josh McRoberts,PF,25,CHA,26,19,30.8,3.7,7.3,.505,0.3,1.1,.241,3.4,6.2,.553,.524,1.7,2.1,.782,2.0,5.2,7.2,2.7,0.8,0.6,1.5,2.5,9.3,2013
12462,290,Jodie Meeks,SG,25,LAL,78,10,21.3,2.6,6.8,.387,1.6,4.4,.357,1.1,2.4,.441,.502,1.1,1.2,.896,0.5,1.7,2.2,0.9,0.7,0.1,0.7,1.3,7.9,2013
12463,291,Fab Melo,C,22,BOS,6,0,6.0,0.5,1.0,.500,0.0,0.0,,0.5,1.0,.500,.500,0.2,0.7,.250,0.0,0.5,0.5,0.0,0.3,0.3,0.2,1.2,1.2,2013
12464,292,Khris Middleton,SG,21,DET,27,0,17.6,2.3,5.2,.440,0.5,1.7,.311,1.8,3.6,.500,.489,1.0,1.2,.844,0.1,1.7,1.9,1.0,0.6,0.1,0.4,2.0,6.1,2013
12465,293,C.J. Miles,SF,25,CLE,65,13,21.0,3.9,9.4,.415,1.9,5.0,.384,2.0,4.4,.451,.518,1.4,1.6,.869,0.4,2.3,2.7,1.0,0.8,0.3,1.1,2.1,11.2,2013
12466,294,Darko Miličić,C,27,BOS,1,0,5.0,0.0,1.0,.000,0.0,0.0,,0.0,1.0,.000,.000,0.0,0.0,,0.0,1.0,1.0,0.0,0.0,0.0,2.0,1.0,0.0,2013
12467,295,Andre Miller,PG,36,DEN,82,11,26.2,3.7,7.7,.479,0.2,0.8,.266,3.5,6.9,.504,.493,2.0,2.4,.840,0.7,2.2,2.9,5.9,0.9,0.1,2.1,1.9,9.6,2013
12468,296,Darius Miller,SF,22,NOH,52,2,13.3,0.8,2.1,.407,0.4,1.1,.393,0.4,1.0,.423,.509,0.2,0.2,1.000,0.2,1.3,1.5,0.8,0.3,0.2,0.4,1.7,2.3,2013
12469,297,Mike Miller,SF,32,MIA,59,17,15.3,1.7,3.9,.433,1.2,3.0,.417,0.5,0.9,.482,.591,0.1,0.2,.727,0.3,2.4,2.7,1.7,0.4,0.1,0.6,1.1,4.8,2013
12470,298,Quincy Miller,PF,20,DEN,7,0,3.7,0.6,1.7,.333,0.0,0.1,.000,0.6,1.6,.364,.333,0.1,0.3,.500,0.1,0.1,0.3,0.4,0.1,0.0,0.1,0.4,1.3,2013
12471,299,Patty Mills,PG,24,SAS,58,2,11.3,1.9,4.2,.469,0.9,2.2,.400,1.1,1.9,.550,.577,0.3,0.3,.842,0.2,0.7,0.9,1.1,0.4,0.1,0.7,0.9,5.1,2013
12472,300,Paul Millsap,PF,27,UTA,78,78,30.4,5.5,11.2,.490,0.2,0.5,.333,5.3,10.7,.498,.498,3.4,4.6,.742,2.3,4.8,7.1,2.6,1.3,1.0,1.8,3.0,14.6,2013
12473,Rk,Player,Pos,Age,Tm,G,GS,MP,FG,FGA,FG%,3P,3PA,3P%,2P,2PA,2P%,eFG%,FT,FTA,FT%,ORB,DRB,TRB,AST,STL,BLK,TOV,PF,PTS,2013
12474,301,Nazr Mohammed,C,35,CHI,63,12,11.0,1.0,2.9,.367,0.0,0.0,.000,1.0,2.8,.371,.367,0.5,0.7,.723,1.2,1.9,3.1,0.4,0.3,0.5,0.4,1.5,2.6,2013
12475,302,Greg Monroe,C,22,DET,81,81,33.2,6.3,13.1,.486,0.0,0.0,.000,6.3,13.0,.488,.486,3.3,4.8,.689,2.9,6.7,9.6,3.5,1.3,0.7,2.9,2.3,16.0,2013
12476,303,E'Twaun Moore,SG,23,ORL,75,21,22.4,3.2,8.0,.396,0.9,2.6,.340,2.3,5.3,.424,.452,0.6,0.8,.797,0.6,1.6,2.2,2.7,0.7,0.3,1.4,1.6,7.8,2013
12477,304,Darius Morris,PG,22,LAL,48,17,14.2,1.5,3.9,.388,0.5,1.4,.364,1.0,2.5,.402,.452,0.5,0.8,.649,0.5,0.7,1.2,1.6,0.4,0.0,0.9,1.2,4.0,2013
12478,305,Marcus Morris,PF-SF,23,TOT,77,23,19.8,2.9,6.8,.422,1.1,3.0,.369,1.8,3.8,.464,.504,0.9,1.5,.564,1.0,2.6,3.6,0.8,0.6,0.3,1.0,2.1,7.7,2013
12479,305,Marcus Morris,PF,23,HOU,54,17,21.4,3.2,7.4,.428,1.4,3.6,.381,1.8,3.8,.471,.520,0.9,1.4,.653,1.2,2.9,4.1,0.9,0.5,0.3,1.0,2.2,8.6,2013
12480,305,Marcus Morris,SF,23,PHO,23,6,16.1,2.2,5.5,.405,0.5,1.7,.308,1.7,3.8,.448,.452,0.7,1.8,.405,0.7,1.8,2.5,0.7,0.8,0.2,1.0,1.7,5.7,2013
12481,306,Markieff Morris,PF,23,PHO,82,32,22.4,3.2,8.0,.407,0.5,1.6,.336,2.7,6.3,.426,.442,1.1,1.5,.732,1.6,3.2,4.8,1.3,0.9,0.8,1.3,2.5,8.2,2013
12482,307,Anthony Morrow,SG,27,TOT,41,1,9.3,1.6,3.5,.441,0.4,1.0,.372,1.2,2.5,.471,.497,0.5,0.5,.909,0.3,0.5,0.7,0.3,0.3,0.0,0.2,1.0,4.0,2013
12483,307,Anthony Morrow,SG,27,ATL,24,1,12.5,2.0,4.6,.423,0.6,1.6,.395,1.3,3.0,.438,.491,0.7,0.8,.889,0.4,0.7,1.1,0.4,0.5,0.0,0.2,1.4,5.2,2013
12484,307,Anthony Morrow,SG,27,DAL,17,0,4.8,1.0,2.0,.500,0.1,0.3,.200,0.9,1.7,.552,.515,0.2,0.2,1.000,0.1,0.2,0.2,0.2,0.1,0.0,0.2,0.6,2.3,2013
12485,308,Donatas Motiejūnas,PF,22,HOU,44,14,12.2,2.2,4.8,.455,0.5,1.9,.289,1.7,3.0,.562,.512,0.7,1.2,.627,0.8,1.3,2.1,0.7,0.2,0.2,0.8,1.7,5.7,2013
12486,309,Arnett Moultrie,PF,22,PHI,47,0,11.5,1.7,2.9,.582,0.0,0.0,,1.7,2.9,.582,.582,0.4,0.6,.643,1.6,1.5,3.1,0.2,0.4,0.2,0.4,0.9,3.7,2013
12487,310,Timofey Mozgov,C,26,DEN,41,1,8.9,1.1,2.1,.506,0.0,0.0,.000,1.1,2.1,.518,.506,0.5,0.6,.769,1.2,1.4,2.6,0.2,0.1,0.4,0.6,1.4,2.6,2013
12488,311,Byron Mullens,PF,23,CHA,53,41,26.9,4.1,10.6,.385,1.2,3.9,.317,2.8,6.7,.425,.444,1.2,1.9,.646,1.3,5.0,6.4,1.5,0.6,0.6,1.4,2.1,10.6,2013
12489,312,Kevin Murphy,SG,22,UTA,17,0,3.1,0.4,1.6,.250,0.1,0.3,.200,0.4,1.4,.261,.268,0.0,0.0,,0.0,0.2,0.2,0.1,0.1,0.0,0.2,0.2,0.9,2013
12490,313,Troy Murphy,PF,32,DAL,14,1,18.3,1.6,4.4,.361,0.8,2.5,.314,0.8,1.9,.423,.451,0.7,0.8,.909,0.5,3.0,3.5,0.5,0.7,0.4,0.5,2.1,4.6,2013
12491,314,Steve Nash*,PG,38,LAL,50,50,32.5,4.7,9.5,.497,1.1,2.6,.438,3.6,6.9,.519,.557,2.1,2.3,.922,0.5,2.3,2.8,6.7,0.6,0.1,2.5,1.4,12.7,2013
12492,315,Gary Neal,SG,28,SAS,68,17,21.8,3.6,8.8,.412,1.3,3.7,.355,2.3,5.1,.454,.487,0.9,1.1,.865,0.2,1.9,2.1,1.9,0.4,0.0,1.0,1.4,9.5,2013
12493,316,Jameer Nelson,PG,30,ORL,56,56,35.3,5.5,13.9,.392,2.2,6.3,.341,3.3,7.6,.435,.470,1.6,1.8,.873,0.4,3.3,3.7,7.4,1.3,0.1,2.8,2.9,14.7,2013
12494,317,Andrew Nicholson,PF,23,ORL,75,28,16.7,3.4,6.5,.527,0.0,0.0,,3.4,6.5,.527,.527,1.0,1.3,.798,0.9,2.5,3.4,0.6,0.3,0.4,1.1,1.8,7.8,2013
12495,318,Joakim Noah,C,27,CHI,66,64,36.8,4.6,9.5,.481,0.0,0.1,.000,4.6,9.5,.485,.481,2.7,3.6,.751,3.9,7.2,11.1,4.0,1.2,2.1,2.7,2.8,11.9,2013
12496,319,Steve Novak,SF,29,NYK,81,1,20.3,2.2,5.3,.414,1.8,4.3,.425,0.4,1.0,.367,.587,0.4,0.4,.909,0.2,1.7,1.9,0.4,0.3,0.1,0.1,1.2,6.6,2013
12497,320,Dirk Nowitzki,PF,34,DAL,53,47,31.3,6.5,13.7,.471,1.2,3.0,.414,5.2,10.8,.487,.516,3.1,3.6,.860,0.7,6.2,6.8,2.5,0.7,0.7,1.3,1.8,17.3,2013
12498,Rk,Player,Pos,Age,Tm,G,GS,MP,FG,FGA,FG%,3P,3PA,3P%,2P,2PA,2P%,eFG%,FT,FTA,FT%,ORB,DRB,TRB,AST,STL,BLK,TOV,PF,PTS,2013
12499,321,Jermaine O'Neal,C,34,PHO,55,4,18.7,3.3,6.7,.482,0.0,0.0,,3.3,6.7,.482,.482,1.7,2.1,.835,1.5,3.8,5.3,0.8,0.3,1.4,1.3,2.3,8.3,2013
12500,322,Kyle O'Quinn,C,22,ORL,57,5,11.2,1.8,3.5,.513,0.0,0.0,.000,1.8,3.4,.515,.513,0.5,0.8,.667,1.1,2.5,3.7,0.9,0.2,0.5,0.6,1.9,4.1,2013
12501,323,Lamar Odom,PF,33,LAC,82,2,19.7,1.8,4.5,.399,0.2,1.1,.200,1.6,3.4,.464,.423,0.2,0.5,.476,1.4,4.4,5.9,1.7,0.8,0.7,1.0,2.6,4.0,2013
12502,324,Tim Ohlbrecht,C,24,HOU,3,0,4.0,0.3,1.0,.333,0.0,0.0,,0.3,1.0,.333,.333,0.3,0.3,1.000,0.0,0.3,0.3,0.3,0.3,0.0,1.3,0.3,1.0,2013
12503,325,Emeka Okafor,C,30,WAS,79,77,26.0,4.2,8.7,.477,0.0,0.0,,4.2,8.7,.477,.477,1.4,2.4,.571,2.5,6.2,8.8,1.2,0.6,1.0,1.4,1.8,9.7,2013
12504,326,Daniel Orton,C,22,OKC,13,0,8.0,0.9,2.0,.462,0.0,0.0,,0.9,2.0,.462,.462,0.7,1.3,.529,1.0,1.0,2.0,0.3,0.3,0.2,0.3,1.0,2.5,2013
12505,327,Travis Outlaw,SF,28,SAC,38,2,11.7,1.9,4.7,.418,0.4,1.3,.280,1.6,3.3,.472,.458,1.0,1.4,.731,0.4,1.2,1.6,0.6,0.3,0.2,0.5,0.9,5.3,2013
12506,328,Zaza Pachulia,C,28,ATL,52,15,21.8,2.2,4.6,.473,0.0,0.1,.000,2.2,4.6,.479,.473,1.5,2.0,.757,2.5,3.9,6.5,1.5,0.7,0.2,1.3,2.5,5.9,2013
12507,329,Jannero Pargo,PG,33,TOT,32,0,15.8,2.4,6.6,.368,1.2,3.6,.336,1.2,3.0,.406,.460,0.4,0.4,.923,0.3,0.8,1.1,2.1,0.6,0.1,1.3,1.3,6.5,2013
12508,329,Jannero Pargo,PG,33,WAS,7,0,14.6,1.1,4.6,.250,0.4,2.9,.150,0.7,1.7,.417,.297,0.3,0.3,1.000,0.0,0.9,0.9,2.0,0.0,0.1,1.1,1.1,3.0,2013
12509,329,Jannero Pargo,PG,33,ATL,7,0,16.1,1.9,5.4,.342,1.0,2.9,.350,0.9,2.6,.333,.434,0.3,0.3,1.000,0.1,0.9,1.0,2.7,0.4,0.0,0.7,1.1,5.0,2013
12510,329,Jannero Pargo,PG,33,CHA,18,0,16.2,3.2,7.9,.401,1.6,4.2,.382,1.6,3.7,.424,.504,0.4,0.5,.889,0.5,0.7,1.2,1.9,0.8,0.1,1.6,1.4,8.4,2013
12511,330,Jeremy Pargo,PG-SG,26,TOT,39,11,16.8,2.5,6.4,.396,0.6,1.9,.338,1.9,4.5,.420,.446,1.1,1.6,.677,0.2,1.1,1.3,2.4,0.3,0.1,1.3,1.2,6.8,2013
12512,330,Jeremy Pargo,PG,26,CLE,25,11,17.9,3.0,7.5,.401,0.7,2.3,.316,2.3,5.2,.438,.449,1.1,1.6,.683,0.3,1.0,1.3,2.6,0.5,0.1,1.5,1.3,7.8,2013
12513,330,Jeremy Pargo,SG,26,PHI,14,0,14.9,1.7,4.5,.381,0.5,1.2,.412,1.2,3.3,.370,.437,1.0,1.5,.667,0.1,1.1,1.2,2.0,0.1,0.0,0.9,1.0,4.9,2013
12514,331,Tony Parker,PG,30,SAS,66,66,32.9,7.9,15.1,.522,0.4,1.0,.353,7.5,14.0,.534,.534,4.2,5.0,.845,0.3,2.7,3.0,7.6,0.8,0.1,2.6,1.4,20.3,2013
12515,332,Chandler Parsons,SF,24,HOU,76,76,36.3,6.0,12.4,.486,2.0,5.2,.385,4.0,7.2,.559,.567,1.5,2.0,.729,1.0,4.3,5.3,3.5,1.0,0.4,1.9,1.9,15.5,2013
12516,333,Patrick Patterson,PF,23,TOT,71,41,25.0,4.5,8.8,.512,0.7,1.9,.386,3.8,6.9,.546,.553,0.7,0.9,.762,1.6,3.2,4.7,1.1,0.4,0.6,0.9,1.9,10.4,2013
12517,333,Patrick Patterson,PF,23,HOU,47,38,25.9,5.0,9.7,.519,0.7,2.0,.365,4.3,7.6,.560,.557,0.8,1.0,.755,1.6,3.1,4.7,1.1,0.4,0.6,0.9,1.9,11.6,2013
12518,333,Patrick Patterson,PF,23,SAC,24,3,23.2,3.5,7.0,.494,0.7,1.5,.444,2.8,5.5,.508,.542,0.5,0.6,.786,1.7,3.2,4.8,1.3,0.5,0.5,0.8,2.0,8.0,2013
12519,334,Chris Paul,PG,27,LAC,70,70,33.4,5.9,12.2,.481,1.1,3.3,.328,4.8,8.9,.538,.526,4.1,4.6,.885,0.8,3.0,3.7,9.7,2.4,0.1,2.3,2.0,16.9,2013
12520,335,Sasha Pavlović,SG,29,POR,39,1,13.5,1.1,3.1,.353,0.5,1.5,.300,0.6,1.5,.407,.429,0.0,0.2,.167,0.2,1.3,1.4,0.8,0.6,0.1,0.4,1.5,2.6,2013
12521,336,Nikola Peković,C,27,MIN,62,62,31.6,6.2,12.0,.520,0.0,0.0,,6.2,12.0,.520,.520,3.9,5.2,.744,3.7,5.1,8.8,0.9,0.7,0.8,1.6,2.3,16.3,2013
12522,337,Kendrick Perkins,C,28,OKC,78,78,25.1,1.8,4.0,.457,0.0,0.0,.000,1.8,4.0,.458,.457,0.6,0.9,.611,1.4,4.6,6.0,1.4,0.6,1.1,1.4,2.9,4.2,2013
12523,338,Johan Petro,C,27,ATL,31,8,11.4,1.5,3.5,.436,0.0,0.1,.250,1.5,3.4,.443,.441,0.4,0.4,.917,1.1,2.5,3.6,0.5,0.3,0.3,0.8,1.5,3.5,2013
12524,339,Paul Pierce*,SF,35,BOS,77,77,33.4,6.2,14.2,.436,1.9,5.0,.380,4.3,9.2,.466,.502,4.3,5.5,.787,0.6,5.7,6.3,4.8,1.1,0.4,2.8,2.7,18.6,2013
12525,340,Mickaël Piétrus,SF,30,TOR,19,16,20.3,1.8,5.2,.347,1.1,3.4,.313,0.7,1.8,.412,.449,0.6,0.9,.667,0.3,1.6,1.9,0.5,0.6,0.3,0.8,1.7,5.3,2013
12526,Rk,Player,Pos,Age,Tm,G,GS,MP,FG,FGA,FG%,3P,3PA,3P%,2P,2PA,2P%,eFG%,FT,FTA,FT%,ORB,DRB,TRB,AST,STL,BLK,TOV,PF,PTS,2013
12527,341,Dexter Pittman,C,24,TOT,11,0,2.9,0.4,1.0,.364,0.0,0.0,,0.4,1.0,.364,.364,0.0,0.3,.000,0.6,0.5,1.1,0.0,0.0,0.0,0.3,0.7,0.7,2013
12528,341,Dexter Pittman,C,24,MIA,4,0,3.0,0.8,1.3,.600,0.0,0.0,,0.8,1.3,.600,.600,0.0,0.0,,1.0,0.8,1.8,0.0,0.0,0.0,0.5,1.0,1.5,2013
12529,341,Dexter Pittman,C,24,MEM,7,0,2.9,0.1,0.9,.167,0.0,0.0,,0.1,0.9,.167,.167,0.0,0.4,.000,0.4,0.3,0.7,0.0,0.0,0.0,0.1,0.6,0.3,2013
12530,342,Miles Plumlee,C,24,IND,14,0,3.9,0.4,1.5,.238,0.0,0.0,,0.4,1.5,.238,.238,0.2,0.3,.750,0.9,0.7,1.6,0.1,0.0,0.2,0.2,0.4,0.9,2013
12531,343,Quincy Pondexter,SF,24,MEM,59,1,21.1,2.2,5.1,.428,1.0,2.6,.395,1.2,2.5,.463,.528,1.0,1.3,.787,0.7,1.5,2.2,1.0,0.6,0.1,0.7,1.6,6.4,2013
12532,344,A.J. Price,PG,26,WAS,57,22,22.4,2.8,7.2,.390,1.2,3.5,.350,1.6,3.7,.427,.475,0.9,1.1,.790,0.4,1.6,2.0,3.6,0.6,0.1,1.1,1.3,7.7,2013
12533,345,Ronnie Price,PG,29,POR,39,0,13.1,1.0,3.1,.325,0.3,1.0,.256,0.7,2.1,.358,.367,0.4,0.6,.708,0.3,0.8,1.1,1.9,0.7,0.1,0.9,1.6,2.7,2013
12534,346,Pablo Prigioni,PG,35,NYK,78,18,16.2,1.3,2.8,.455,0.7,1.7,.396,0.6,1.1,.547,.575,0.3,0.3,.880,0.5,1.3,1.8,3.0,0.9,0.0,1.1,1.6,3.5,2013
12535,347,Tayshaun Prince,SF,32,TOT,82,81,32.1,4.4,10.0,.438,0.5,1.1,.404,3.9,8.9,.442,.461,1.2,1.6,.738,0.9,3.6,4.4,2.4,0.6,0.3,1.1,1.0,10.4,2013
12536,347,Tayshaun Prince,SF,32,DET,45,45,32.4,4.8,10.8,.444,0.5,1.2,.434,4.3,9.6,.445,.468,1.6,2.1,.796,1.0,3.7,4.6,2.5,0.5,0.3,1.2,1.0,11.7,2013
12537,347,Tayshaun Prince,SF,32,MEM,37,36,31.7,3.9,9.1,.429,0.4,1.1,.366,3.5,8.0,.437,.451,0.6,1.0,.595,0.8,3.4,4.2,2.3,0.7,0.3,0.9,1.1,8.8,2013
12538,348,Joel Przybilla,C,33,MIL,12,1,5.7,0.1,0.3,.250,0.0,0.0,,0.1,0.3,.250,.250,0.0,0.2,.000,0.4,1.3,1.8,0.3,0.1,0.2,0.3,0.8,0.2,2013
12539,349,Chris Quinn,SG,29,CLE,7,0,11.1,0.6,2.3,.250,0.0,0.7,.000,0.6,1.6,.364,.250,0.3,0.3,1.000,0.1,0.1,0.3,1.3,0.4,0.0,0.9,0.6,1.4,2013
12540,350,Vladimir Radmanović,PF,32,CHI,25,0,5.8,0.5,1.7,.302,0.2,1.1,.185,0.3,0.6,.500,.360,0.1,0.1,.667,0.4,0.7,1.1,0.3,0.3,0.2,0.3,1.2,1.3,2013
12541,351,Anthony Randolph,PF,23,DEN,39,0,8.4,1.4,2.9,.491,0.0,0.2,.000,1.4,2.7,.528,.491,0.8,1.2,.689,0.7,1.7,2.4,0.3,0.5,0.5,0.9,1.1,3.7,2013
12542,352,Shavlik Randolph,PF,29,BOS,16,0,12.4,1.8,3.0,.583,0.0,0.0,,1.8,3.0,.583,.583,0.7,1.7,.407,1.8,2.6,4.4,0.3,0.5,0.4,0.6,2.4,4.2,2013
12543,353,Zach Randolph,PF,31,MEM,76,75,34.3,6.2,13.5,.460,0.0,0.3,.087,6.2,13.2,.469,.461,3.0,3.9,.750,4.1,7.2,11.2,1.4,0.8,0.4,2.0,2.4,15.4,2013
12544,354,J.J. Redick,SG,28,TOT,78,13,30.5,4.9,11.3,.434,2.1,5.8,.366,2.8,5.5,.506,.528,2.2,2.4,.900,0.2,2.0,2.2,3.8,0.5,0.1,1.8,1.5,14.1,2013
12545,354,J.J. Redick,SG,28,ORL,50,11,31.5,5.2,11.6,.450,2.3,6.0,.390,2.9,5.6,.514,.551,2.3,2.6,.891,0.2,2.2,2.4,4.4,0.6,0.1,2.1,1.4,15.1,2013
12546,354,J.J. Redick,SG,28,MIL,28,2,28.7,4.3,10.6,.403,1.7,5.4,.318,2.6,5.3,.490,.483,2.0,2.2,.918,0.3,1.6,1.9,2.7,0.3,0.1,1.2,1.7,12.3,2013
12547,355,Jason Richardson,SG,32,PHI,33,33,28.4,4.1,10.2,.402,1.7,5.1,.341,2.4,5.1,.462,.487,0.6,1.0,.606,0.6,3.3,3.8,1.5,1.2,0.5,0.8,1.7,10.5,2013
12548,356,Quentin Richardson,SF,32,NYK,1,0,29.0,1.0,11.0,.091,1.0,4.0,.250,0.0,7.0,.000,.136,2.0,2.0,1.000,5.0,5.0,10.0,1.0,0.0,0.0,2.0,1.0,5.0,2013
12549,357,Luke Ridnour,SG,31,MIN,82,82,30.2,4.5,9.9,.453,0.8,2.6,.311,3.7,7.3,.503,.493,1.7,2.0,.848,0.5,2.0,2.5,3.8,1.0,0.2,1.6,2.3,11.5,2013
12550,358,Austin Rivers,SG,20,NOH,61,26,23.2,2.4,6.4,.372,0.5,1.4,.326,1.9,5.0,.385,.408,1.0,1.8,.546,0.3,1.5,1.8,2.1,0.4,0.1,1.2,2.0,6.2,2013
12551,359,Brian Roberts,PG,27,NOH,78,5,17.0,2.7,6.6,.417,0.8,2.0,.386,2.0,4.6,.430,.475,0.9,1.0,.909,0.2,1.0,1.2,2.8,0.5,0.0,0.9,1.4,7.1,2013
12552,360,Nate Robinson,PG,28,CHI,82,23,25.4,4.9,11.2,.433,1.7,4.2,.405,3.1,7.0,.450,.510,1.6,2.1,.799,0.4,1.9,2.2,4.4,1.0,0.1,1.8,2.5,13.1,2013
12553,Rk,Player,Pos,Age,Tm,G,GS,MP,FG,FGA,FG%,3P,3PA,3P%,2P,2PA,2P%,eFG%,FT,FTA,FT%,ORB,DRB,TRB,AST,STL,BLK,TOV,PF,PTS,2013
12554,361,Thomas Robinson,PF,21,TOT,70,0,15.1,2.0,4.6,.430,0.0,0.0,.000,2.0,4.6,.431,.430,0.8,1.6,.523,1.7,2.8,4.5,0.7,0.6,0.4,1.3,1.8,4.8,2013
12555,361,Thomas Robinson,PF,21,SAC,51,0,15.9,2.0,4.8,.424,0.0,0.0,,2.0,4.8,.424,.424,0.8,1.4,.577,1.8,2.9,4.7,0.7,0.5,0.4,1.3,1.9,4.8,2013
12556,361,Thomas Robinson,PF,21,HOU,19,0,13.0,1.8,4.1,.449,0.0,0.1,.000,1.8,4.1,.455,.449,0.8,2.0,.421,1.6,2.5,4.1,0.5,0.8,0.3,1.2,1.5,4.5,2013
12557,362,Rajon Rondo,PG,26,BOS,38,38,37.4,5.9,12.2,.484,0.3,1.3,.240,5.6,10.9,.513,.497,1.6,2.4,.645,1.1,4.4,5.6,11.1,1.8,0.2,3.9,2.5,13.7,2013
12558,363,Terrence Ross,SG,21,TOR,73,2,17.0,2.5,6.3,.407,0.9,2.7,.332,1.7,3.6,.464,.478,0.4,0.6,.714,0.5,1.5,2.0,0.7,0.6,0.2,0.7,1.7,6.4,2013
12559,364,Brandon Roy,SG,28,MIN,5,5,24.4,2.2,7.0,.314,0.0,1.8,.000,2.2,5.2,.423,.314,1.4,2.0,.700,0.6,2.2,2.8,4.6,0.6,0.0,1.4,1.0,5.8,2013
12560,365,Ricky Rubio,PG,22,MIN,57,47,29.7,3.2,9.0,.360,0.5,1.6,.293,2.8,7.4,.374,.386,3.7,4.6,.799,0.8,3.2,4.0,7.3,2.4,0.1,3.0,2.5,10.7,2013
12561,366,Brandon Rush,SF,27,GSW,2,0,12.5,3.0,4.5,.667,0.0,1.0,.000,3.0,3.5,.857,.667,1.0,1.5,.667,0.0,0.5,0.5,1.0,0.0,0.0,1.5,2.5,7.0,2013
12562,367,Robert Sacre,C,23,LAL,32,3,6.3,0.6,1.5,.375,0.0,0.0,,0.6,1.5,.375,.375,0.2,0.3,.636,0.3,0.8,1.1,0.2,0.0,0.3,0.3,1.2,1.3,2013
12563,368,John Salmons,SF,33,SAC,76,72,30.0,3.2,8.1,.399,1.3,3.5,.371,1.9,4.5,.420,.480,1.1,1.4,.773,0.4,2.3,2.7,3.0,0.7,0.3,1.1,1.9,8.8,2013
12564,369,Samardo Samuels,C,24,CLE,18,1,10.9,1.2,3.3,.367,0.0,0.1,.000,1.2,3.3,.373,.367,0.8,1.3,.583,0.6,1.0,1.6,0.4,0.2,0.2,0.3,1.7,3.2,2013
12565,370,Larry Sanders,C,24,MIL,71,55,27.3,4.3,8.5,.506,0.0,0.0,.000,4.3,8.5,.507,.506,1.2,1.9,.618,3.2,6.3,9.5,1.2,0.7,2.8,1.2,3.3,9.8,2013
12566,371,Luis Scola,PF,32,PHO,82,67,26.6,5.3,11.2,.472,0.0,0.2,.188,5.2,11.0,.477,.474,2.2,2.8,.787,1.9,4.7,6.6,2.2,0.8,0.4,1.5,3.1,12.8,2013
12567,372,Mike Scott,PF,24,ATL,40,1,9.4,1.8,3.7,.476,0.0,0.0,.000,1.8,3.7,.479,.476,1.1,1.4,.768,1.0,1.8,2.8,0.3,0.1,0.1,0.5,0.8,4.6,2013
12568,373,Thabo Sefolosha,SG,28,OKC,81,81,27.5,2.8,5.8,.481,1.3,3.2,.419,1.4,2.6,.558,.597,0.7,0.9,.826,0.7,3.2,3.9,1.5,1.3,0.5,0.8,2.2,7.6,2013
12569,374,Josh Selby,PG,21,MEM,10,0,5.9,0.6,2.2,.273,0.1,0.6,.167,0.5,1.6,.313,.295,0.7,1.1,.636,0.0,0.5,0.5,0.4,0.2,0.0,0.7,0.7,2.0,2013
12570,375,Kevin Séraphin,C,23,WAS,79,8,21.8,4.2,9.1,.461,0.0,0.0,,4.2,9.1,.461,.461,0.8,1.1,.693,1.4,3.0,4.4,0.7,0.3,0.7,1.6,2.7,9.1,2013
12571,376,Ramon Sessions,SG,26,CHA,61,0,27.1,4.5,11.1,.408,0.5,1.8,.308,4.0,9.3,.427,.433,4.8,5.7,.839,0.4,2.3,2.8,3.8,0.8,0.1,1.7,1.5,14.4,2013
12572,377,Tornike Shengelia,SF,21,BRK,19,0,4.9,0.5,1.2,.435,0.1,0.1,.500,0.5,1.1,.429,.457,0.5,0.8,.563,0.5,0.7,1.2,0.2,0.2,0.1,0.6,0.6,1.6,2013
12573,378,Iman Shumpert,SG,22,NYK,45,45,22.1,2.4,6.1,.396,1.1,2.8,.402,1.3,3.3,.392,.489,0.8,1.0,.766,0.7,2.3,3.0,1.7,1.0,0.2,0.8,2.2,6.8,2013
12574,379,Alexey Shved,SG,24,MIN,77,16,23.9,3.1,8.2,.372,1.1,3.7,.295,2.0,4.5,.435,.439,1.4,1.9,.720,0.5,1.7,2.3,3.7,0.7,0.4,1.9,1.5,8.6,2013
12575,380,Henry Sims,C,22,NOH,2,0,2.5,1.0,1.5,.667,0.0,0.0,,1.0,1.5,.667,.667,0.0,0.0,,1.0,0.0,1.0,0.0,0.0,0.0,0.5,0.5,2.0,2013
12576,Rk,Player,Pos,Age,Tm,G,GS,MP,FG,FGA,FG%,3P,3PA,3P%,2P,2PA,2P%,eFG%,FT,FTA,FT%,ORB,DRB,TRB,AST,STL,BLK,TOV,PF,PTS,2013
12577,381,Kyle Singler,SF,24,DET,82,74,28.0,3.4,7.8,.428,0.9,2.4,.350,2.5,5.4,.464,.483,1.2,1.5,.806,1.3,2.7,4.0,0.9,0.7,0.5,1.2,2.6,8.8,2013
12578,382,Chris Singleton,PF,23,WAS,57,11,16.2,1.6,4.2,.382,0.1,0.6,.194,1.5,3.6,.415,.396,0.7,1.2,.571,0.9,2.3,3.2,0.6,0.7,0.4,0.8,2.2,4.1,2013
12579,383,Donald Sloan,SG-PG,25,TOT,23,0,11.4,1.2,3.4,.346,0.3,0.8,.368,0.9,2.6,.339,.391,0.9,1.1,.800,0.1,1.1,1.2,1.7,0.2,0.0,0.6,0.7,3.5,2013
12580,383,Donald Sloan,SG,25,CLE,20,0,12.9,1.4,3.9,.346,0.4,1.0,.368,1.0,3.0,.339,.391,1.0,1.3,.800,0.2,1.3,1.4,1.9,0.3,0.0,0.7,0.9,4.1,2013
12581,383,Donald Sloan,PG,25,NOH,3,0,2.0,0.0,0.0,,0.0,0.0,,0.0,0.0,,,0.0,0.0,,0.0,0.0,0.0,0.3,0.0,0.0,0.3,0.0,0.0,2013
12582,384,Greg Smith,C,22,HOU,70,10,15.9,2.4,3.9,.620,0.0,0.0,.000,2.4,3.9,.623,.620,1.2,1.9,.623,1.6,3.0,4.6,0.4,0.3,0.6,0.6,2.5,6.0,2013
12583,385,Ish Smith,PG,24,TOT,52,3,9.9,1.1,3.1,.352,0.2,0.5,.296,0.9,2.5,.364,.377,0.1,0.1,.429,0.2,0.9,1.2,1.7,0.4,0.2,0.7,0.5,2.4,2013
12584,385,Ish Smith,PG,24,ORL,36,3,10.5,1.1,3.2,.336,0.1,0.5,.235,1.0,2.8,.354,.353,0.1,0.2,.429,0.3,1.0,1.3,1.6,0.4,0.2,0.8,0.4,2.4,2013
12585,385,Ish Smith,PG,24,MIL,16,0,8.6,1.1,2.7,.395,0.3,0.6,.400,0.8,2.1,.394,.442,0.0,0.0,,0.1,0.9,0.9,1.9,0.5,0.2,0.6,0.8,2.4,2013
12586,386,J.R. Smith,SG,27,NYK,80,0,33.5,6.6,15.6,.422,1.9,5.5,.356,4.7,10.2,.458,.484,3.0,3.9,.762,0.8,4.5,5.3,2.7,1.3,0.3,1.7,2.8,18.1,2013
12587,387,Jason Smith,C,26,NOH,51,0,17.2,3.3,6.7,.490,0.0,0.1,.000,3.3,6.6,.496,.490,1.7,2.0,.843,1.3,2.4,3.6,0.7,0.3,0.9,1.1,2.4,8.2,2013
12588,388,Josh Smith,PF,27,ATL,76,76,35.3,7.2,15.6,.465,0.8,2.6,.303,6.4,12.9,.498,.491,2.2,4.2,.517,1.8,6.7,8.4,4.2,1.2,1.8,3.0,2.3,17.5,2013
12589,389,Nolan Smith,PG,24,POR,40,0,7.2,1.1,2.9,.368,0.2,0.7,.214,0.9,2.2,.419,.395,0.5,0.7,.714,0.2,0.5,0.7,0.9,0.2,0.0,0.7,0.7,2.8,2013
12590,390,Marreese Speights,C,25,TOT,79,3,16.5,3.3,7.4,.445,0.0,0.1,.300,3.3,7.3,.448,.448,1.7,2.2,.771,1.8,3.0,4.9,0.6,0.3,0.7,1.0,2.2,8.3,2013
12591,390,Marreese Speights,C,25,MEM,40,2,14.5,2.7,6.2,.429,0.1,0.1,.400,2.6,6.1,.430,.433,1.2,1.7,.716,1.9,2.8,4.7,0.5,0.3,0.7,0.9,2.2,6.6,2013
12592,390,Marreese Speights,C,25,CLE,39,1,18.5,3.9,8.6,.457,0.0,0.1,.200,3.9,8.5,.461,.458,2.2,2.8,.806,1.8,3.3,5.1,0.7,0.4,0.7,1.2,2.3,10.2,2013
12593,391,Tiago Splitter,PF,28,SAS,81,58,24.7,3.9,7.0,.560,0.0,0.0,.000,3.9,6.9,.561,.560,2.6,3.5,.730,1.8,4.6,6.4,1.6,0.8,0.8,1.2,2.0,10.3,2013
12594,392,Jerry Stackhouse,SF,38,BRK,37,0,14.7,1.8,4.6,.384,0.8,2.4,.337,1.0,2.2,.434,.471,0.5,0.6,.870,0.1,0.8,0.9,0.9,0.2,0.1,0.6,0.8,4.9,2013
12595,393,Lance Stephenson,SG,22,IND,78,72,29.2,3.5,7.7,.460,0.8,2.4,.330,2.7,5.3,.520,.512,1.0,1.5,.652,0.6,3.3,3.9,2.9,1.0,0.2,1.4,2.1,8.8,2013
12596,394,DeShawn Stevenson,SG,31,ATL,56,31,20.7,1.8,4.7,.374,1.4,3.7,.364,0.4,0.9,.415,.519,0.2,0.4,.522,0.3,1.9,2.2,0.9,0.5,0.1,0.4,1.2,5.1,2013
12597,395,Greg Stiemsma,C,27,MIN,76,19,15.9,1.7,3.7,.457,0.0,0.0,,1.7,3.7,.457,.457,0.7,0.9,.768,0.8,2.6,3.4,0.4,0.6,1.2,0.8,2.4,4.0,2013
12598,396,Julyan Stone,PG,24,DEN,4,0,7.0,0.5,0.5,1.000,0.0,0.0,,0.5,0.5,1.000,1.000,0.8,1.0,.750,0.5,0.3,0.8,0.5,0.3,0.0,0.5,1.0,1.8,2013
12599,397,Amar'e Stoudemire,PF,30,NYK,29,0,23.5,5.3,9.2,.577,0.0,0.0,,5.3,9.2,.577,.577,3.6,4.5,.808,2.1,2.9,5.0,0.4,0.3,0.7,1.7,3.1,14.2,2013
12600,398,Rodney Stuckey,SG,26,DET,76,24,28.6,4.0,9.8,.406,0.7,2.4,.302,3.3,7.4,.440,.443,2.8,3.6,.783,0.6,2.2,2.8,3.6,0.7,0.2,1.8,1.7,11.5,2013
12601,399,Jared Sullinger,PF,20,BOS,45,5,19.8,2.5,5.0,.493,0.0,0.1,.200,2.4,4.9,.500,.496,1.0,1.4,.746,2.0,3.8,5.9,0.8,0.5,0.5,0.6,3.4,6.0,2013
12602,400,DaJuan Summers,PF,25,LAC,2,0,3.5,0.5,2.0,.250,0.0,0.0,,0.5,2.0,.250,.250,0.0,0.0,,0.0,1.0,1.0,0.5,0.0,0.0,0.0,0.0,1.0,2013
12603,Rk,Player,Pos,Age,Tm,G,GS,MP,FG,FGA,FG%,3P,3PA,3P%,2P,2PA,2P%,eFG%,FT,FTA,FT%,ORB,DRB,TRB,AST,STL,BLK,TOV,PF,PTS,2013
12604,401,Jeff Taylor,SF,23,CHA,77,29,19.6,2.2,5.2,.431,0.7,2.0,.344,1.5,3.2,.486,.497,1.0,1.3,.728,0.7,1.3,1.9,0.8,0.6,0.2,0.6,1.8,6.1,2013
12605,402,Tyshawn Taylor,PG,22,BRK,38,0,5.8,0.8,2.3,.368,0.2,0.3,.462,0.7,1.9,.351,.402,0.4,0.7,.556,0.1,0.4,0.5,0.6,0.3,0.0,0.7,0.7,2.2,2013
12606,403,Jeff Teague,PG,24,ATL,80,78,32.9,5.5,12.2,.451,1.1,3.1,.359,4.4,9.1,.482,.496,2.5,2.8,.881,0.3,1.9,2.3,7.2,1.5,0.4,2.9,2.3,14.6,2013
12607,404,Marquis Teague,PG,19,CHI,48,0,8.2,0.9,2.4,.381,0.1,0.5,.174,0.8,1.9,.433,.398,0.2,0.3,.563,0.1,0.9,0.9,1.3,0.2,0.1,0.7,1.0,2.1,2013
12608,405,Mirza Teletović,PF,27,BRK,53,0,9.4,1.3,3.5,.384,0.7,2.0,.343,0.6,1.5,.442,.484,0.2,0.2,.818,0.6,1.2,1.8,0.4,0.2,0.2,0.4,1.0,3.5,2013
12609,406,Sebastian Telfair,PG,27,TOT,59,2,16.6,1.9,5.2,.362,0.9,2.5,.353,1.0,2.7,.371,.448,0.9,1.2,.783,0.2,1.2,1.4,2.6,0.6,0.2,1.1,1.8,5.6,2013
12610,406,Sebastian Telfair,PG,27,PHO,46,2,17.3,2.0,5.4,.381,0.9,2.5,.381,1.1,2.9,.381,.468,1.0,1.2,.772,0.3,1.2,1.5,2.5,0.6,0.2,1.2,1.8,6.0,2013
12611,406,Sebastian Telfair,PG,27,TOR,13,0,14.2,1.4,4.8,.290,0.8,2.8,.270,0.6,1.9,.320,.371,0.8,0.9,.833,0.1,1.2,1.2,3.0,0.7,0.1,0.8,1.5,4.3,2013
12612,407,Garrett Temple,SG,26,WAS,51,36,22.7,2.1,5.1,.407,0.5,1.6,.325,1.5,3.5,.444,.457,0.5,0.7,.703,0.6,1.8,2.4,2.3,1.0,0.3,1.2,1.8,5.1,2013
12613,408,Jason Terry,SG,35,BOS,79,24,26.9,3.6,8.2,.434,1.6,4.2,.372,2.0,4.0,.498,.529,1.4,1.7,.870,0.2,1.8,2.0,2.5,0.8,0.1,1.3,1.4,10.1,2013
12614,409,Hasheem Thabeet,C,25,OKC,66,4,11.7,1.0,1.6,.604,0.0,0.0,,1.0,1.6,.604,.604,0.5,0.8,.604,1.0,1.9,3.0,0.2,0.5,0.9,0.6,2.2,2.4,2013
12615,410,Isaiah Thomas,PG,23,SAC,79,62,26.9,4.6,10.5,.440,1.5,4.1,.358,3.2,6.5,.491,.509,3.2,3.6,.882,0.4,1.7,2.0,4.0,0.8,0.0,1.8,2.1,13.9,2013
12616,411,Kurt Thomas,PF,40,NYK,39,17,10.1,1.2,2.1,.542,0.0,0.0,1.000,1.1,2.1,.537,.548,0.2,0.3,.462,0.6,1.7,2.3,0.5,0.3,0.4,0.2,1.3,2.5,2013
12617,412,Lance Thomas,SF,24,NOH,59,9,10.9,0.9,1.8,.500,0.0,0.0,,0.9,1.8,.500,.500,0.7,1.0,.729,0.7,1.2,1.9,0.3,0.2,0.1,0.2,1.3,2.5,2013
12618,413,Malcolm Thomas,PF,24,TOT,12,0,4.8,0.4,0.8,.500,0.0,0.0,,0.4,0.8,.500,.500,0.4,0.7,.625,0.4,0.9,1.3,0.3,0.2,0.2,0.3,0.7,1.3,2013
12619,413,Malcolm Thomas,PF,24,GSW,5,0,4.2,0.0,0.2,.000,0.0,0.0,,0.0,0.2,.000,.000,0.6,0.8,.750,0.0,1.0,1.0,0.4,0.0,0.2,0.2,0.2,0.6,2013
12620,413,Malcolm Thomas,PF,24,CHI,7,0,5.1,0.7,1.3,.556,0.0,0.0,,0.7,1.3,.556,.556,0.3,0.6,.500,0.7,0.9,1.6,0.3,0.3,0.1,0.3,1.0,1.7,2013
12621,414,Tyrus Thomas,PF,26,CHA,26,2,13.8,1.8,5.2,.353,0.1,0.3,.375,1.7,4.9,.352,.364,1.0,1.2,.839,0.6,1.7,2.3,0.7,0.5,0.6,0.7,2.0,4.8,2013
12622,415,Jason Thompson,PF,26,SAC,82,81,27.9,4.6,9.1,.502,0.0,0.0,.000,4.6,9.0,.504,.502,1.7,2.5,.694,2.1,4.6,6.7,1.0,0.6,0.7,1.2,2.8,10.9,2013
12623,416,Klay Thompson,SG,22,GSW,82,82,35.8,6.2,14.7,.422,2.6,6.4,.401,3.6,8.3,.437,.509,1.6,1.9,.841,0.4,3.3,3.7,2.2,1.0,0.5,1.9,2.9,16.6,2013
12624,417,Tristan Thompson,PF,21,CLE,82,82,31.3,4.8,9.7,.488,0.0,0.0,.000,4.8,9.7,.490,.488,2.2,3.5,.608,3.7,5.7,9.4,1.3,0.7,0.9,1.5,2.9,11.7,2013
12625,418,Marcus Thornton,SG,25,SAC,72,8,24.0,4.6,10.8,.429,2.0,5.3,.372,2.7,5.5,.484,.520,1.5,1.8,.881,0.7,1.8,2.5,1.3,0.8,0.1,0.9,1.5,12.7,2013
12626,419,Jamaal Tinsley,PG,34,UTA,66,32,18.5,1.3,3.5,.368,0.6,1.9,.307,0.7,1.6,.439,.451,0.3,0.4,.692,0.3,1.5,1.7,4.4,1.0,0.2,1.6,1.6,3.5,2013
12627,420,Anthony Tolliver,SF,27,ATL,62,11,15.5,1.3,3.5,.380,0.7,2.1,.338,0.6,1.3,.446,.484,0.7,0.8,.863,0.5,2.0,2.5,0.5,0.2,0.2,0.6,1.1,4.1,2013
12628,Rk,Player,Pos,Age,Tm,G,GS,MP,FG,FGA,FG%,3P,3PA,3P%,2P,2PA,2P%,eFG%,FT,FTA,FT%,ORB,DRB,TRB,AST,STL,BLK,TOV,PF,PTS,2013
12629,421,P.J. Tucker,SG,27,PHO,79,45,24.2,2.7,5.6,.473,0.3,0.9,.314,2.4,4.7,.503,.498,0.8,1.1,.744,1.7,2.8,4.4,1.4,0.8,0.2,0.8,1.8,6.4,2013
12630,422,Ronny Turiaf,C,30,LAC,65,0,10.8,0.8,1.5,.505,0.0,0.0,,0.8,1.5,.505,.505,0.4,1.0,.365,0.7,1.6,2.3,0.5,0.3,0.5,0.4,1.2,1.9,2013
12631,423,Hedo Türkoğlu,SF,33,ORL,11,1,17.2,1.3,4.8,.264,0.1,2.2,.042,1.2,2.6,.448,.274,0.3,0.5,.500,0.4,2.0,2.4,2.1,0.6,0.1,1.1,1.0,2.9,2013
12632,424,Evan Turner,SF,24,PHI,82,82,35.3,5.4,12.8,.419,0.7,1.9,.365,4.7,10.9,.428,.446,1.9,2.5,.740,0.7,5.6,6.3,4.3,0.9,0.2,2.3,2.4,13.3,2013
12633,425,Jeremy Tyler,C,21,TOT,21,0,3.2,0.4,1.1,.375,0.0,0.0,,0.4,1.1,.375,.375,0.2,0.3,.667,0.3,0.7,1.0,0.0,0.0,0.1,0.3,0.5,1.0,2013
12634,425,Jeremy Tyler,C,21,GSW,20,0,3.2,0.5,1.2,.375,0.0,0.0,,0.5,1.2,.375,.375,0.2,0.3,.667,0.3,0.6,0.9,0.1,0.1,0.1,0.3,0.5,1.1,2013
12635,425,Jeremy Tyler,C,21,ATL,1,0,5.0,0.0,0.0,,0.0,0.0,,0.0,0.0,,,0.0,0.0,,0.0,3.0,3.0,0.0,0.0,0.0,0.0,0.0,0.0,2013
12636,426,Ekpe Udoh,C,25,MIL,76,9,17.3,1.5,3.5,.435,0.0,0.0,.000,1.5,3.5,.437,.435,1.2,1.6,.748,1.5,1.8,3.3,0.6,0.5,1.1,0.6,1.8,4.3,2013
12637,427,Beno Udrih,SG-PG,30,TOT,66,9,22.1,3.2,7.2,.441,0.5,1.5,.333,2.7,5.7,.471,.477,1.3,1.6,.816,0.5,1.6,2.1,4.6,0.6,0.0,1.6,1.4,8.2,2013
12638,427,Beno Udrih,SG,30,MIL,39,0,18.4,2.9,6.1,.475,0.3,1.3,.265,2.6,4.8,.529,.502,0.6,0.8,.727,0.4,1.6,2.0,3.5,0.4,0.1,1.4,1.0,6.7,2013
12639,427,Beno Udrih,PG,30,ORL,27,9,27.3,3.6,8.8,.408,0.8,2.0,.396,2.8,6.9,.411,.452,2.2,2.6,.857,0.6,1.7,2.3,6.1,0.9,0.0,2.0,1.9,10.2,2013
12640,428,Jonas Valančiūnas,C,20,TOR,62,57,23.9,3.3,5.9,.557,0.0,0.0,,3.3,5.9,.557,.557,2.4,3.0,.789,2.0,4.0,6.0,0.7,0.3,1.3,1.5,3.0,8.9,2013
12641,429,Anderson Varejão,C,30,CLE,25,25,36.0,5.5,11.6,.478,0.0,0.2,.000,5.5,11.4,.486,.478,3.1,4.1,.755,5.5,8.9,14.4,3.4,1.5,0.6,1.8,2.7,14.1,2013
12642,430,Jarvis Varnado,PF,24,TOT,13,0,4.5,0.2,0.5,.429,0.0,0.0,,0.2,0.5,.429,.429,0.2,0.3,.500,0.2,0.5,0.7,0.2,0.1,0.2,0.5,0.8,0.6,2013
12643,430,Jarvis Varnado,PF,24,BOS,5,0,3.6,0.4,0.8,.500,0.0,0.0,,0.4,0.8,.500,.500,0.4,0.8,.500,0.2,0.4,0.6,0.2,0.2,0.0,0.2,0.2,1.2,2013
12644,430,Jarvis Varnado,PF,24,MIA,8,0,5.0,0.1,0.4,.333,0.0,0.0,,0.1,0.4,.333,.333,0.0,0.0,,0.1,0.6,0.8,0.3,0.0,0.3,0.6,1.1,0.3,2013
12645,431,Greivis Vásquez,PG,26,NOH,78,78,34.4,5.6,13.0,.433,1.1,3.1,.342,4.6,9.9,.462,.474,1.6,2.0,.805,0.6,3.8,4.3,9.0,0.8,0.1,3.2,2.4,13.9,2013
12646,432,Jan Veselý,PF,22,WAS,51,4,11.8,1.1,2.2,.500,0.0,0.0,.000,1.1,2.2,.504,.500,0.2,0.8,.308,0.8,1.5,2.4,0.5,0.3,0.3,0.5,2.1,2.5,2013
12647,433,Charlie Villanueva,PF,28,DET,69,0,15.8,2.5,6.7,.377,1.3,3.8,.347,1.2,3.0,.415,.474,0.4,0.7,.551,0.7,2.8,3.5,0.8,0.4,0.6,0.6,1.4,6.8,2013
12648,434,Nikola Vučević,C,22,ORL,77,77,33.2,6.0,11.5,.519,0.0,0.0,.000,6.0,11.5,.520,.519,1.1,1.6,.683,3.5,8.4,11.9,1.9,0.8,1.0,1.8,2.8,13.1,2013
12649,435,Dwyane Wade,SG,31,MIA,69,69,34.7,8.2,15.8,.521,0.2,1.0,.258,8.0,14.9,.537,.528,4.5,6.2,.725,1.2,3.7,5.0,5.1,1.9,0.8,2.8,2.0,21.2,2013
12650,436,Dion Waiters,SG,21,CLE,61,48,28.8,5.5,13.4,.412,1.0,3.3,.310,4.5,10.0,.446,.451,2.6,3.5,.746,0.4,2.1,2.4,3.0,1.0,0.3,2.0,1.9,14.7,2013
12651,437,Kemba Walker,PG,22,CHA,82,82,34.9,6.4,15.2,.423,1.3,4.0,.322,5.1,11.1,.459,.466,3.6,4.5,.798,0.7,2.7,3.5,5.7,2.0,0.4,2.4,1.9,17.7,2013
12652,438,John Wall,PG,22,WAS,49,42,32.7,6.6,15.0,.441,0.2,0.9,.267,6.4,14.1,.452,.449,5.0,6.2,.804,0.7,3.3,4.0,7.6,1.3,0.8,3.2,2.4,18.5,2013
12653,439,Gerald Wallace,SF,30,BRK,69,68,30.1,2.6,6.6,.397,0.7,2.4,.282,2.0,4.3,.461,.448,1.8,2.8,.637,1.0,3.6,4.6,2.6,1.4,0.7,1.6,1.7,7.7,2013
12654,440,Rasheed Wallace,C,38,NYK,21,0,14.1,2.6,6.8,.387,1.0,3.3,.319,1.6,3.5,.452,.465,0.7,1.0,.700,0.5,3.4,4.0,0.3,0.6,0.7,0.5,1.9,7.0,2013
12655,Rk,Player,Pos,Age,Tm,G,GS,MP,FG,FGA,FG%,3P,3PA,3P%,2P,2PA,2P%,eFG%,FT,FTA,FT%,ORB,DRB,TRB,AST,STL,BLK,TOV,PF,PTS,2013
12656,441,Luke Walton,PF,32,CLE,50,0,17.1,1.4,3.6,.392,0.4,1.3,.299,1.0,2.3,.447,.448,0.2,0.4,.500,0.8,2.1,2.9,3.3,0.8,0.3,1.2,2.0,3.4,2013
12657,442,Hakim Warrick,PF,30,TOT,28,14,17.5,2.4,5.9,.406,0.0,0.1,.000,2.4,5.8,.414,.406,2.1,3.1,.682,0.8,2.4,3.2,0.9,0.5,0.2,1.0,1.3,6.9,2013
12658,442,Hakim Warrick,PF,30,NOH,1,0,7.0,1.0,2.0,.500,0.0,0.0,,1.0,2.0,.500,.500,2.0,2.0,1.000,0.0,0.0,0.0,0.0,1.0,0.0,0.0,0.0,4.0,2013
12659,442,Hakim Warrick,PF,30,CHA,27,14,17.9,2.4,6.0,.405,0.0,0.1,.000,2.4,5.9,.413,.405,2.1,3.2,.674,0.8,2.5,3.3,0.9,0.4,0.2,1.1,1.4,7.0,2013
12660,443,C.J. Watson,PG,28,BRK,80,8,19.0,2.4,5.7,.418,1.1,2.7,.411,1.3,3.1,.424,.514,0.9,1.1,.780,0.5,1.3,1.8,2.0,0.8,0.2,0.9,1.5,6.8,2013
12661,444,Earl Watson,PG,33,UTA,48,4,17.3,0.8,2.5,.308,0.1,0.6,.179,0.7,1.9,.348,.329,0.4,0.5,.680,0.5,1.3,1.8,4.0,0.8,0.2,1.4,2.0,2.0,2013
12662,445,Maalik Wayns,PG,21,TOT,27,1,7.5,1.0,3.3,.295,0.3,1.1,.226,0.7,2.1,.333,.335,0.6,0.7,.895,0.0,0.2,0.3,1.0,0.2,0.0,0.6,1.0,2.8,2013
12663,445,Maalik Wayns,PG,21,PHI,21,1,7.9,0.9,3.4,.264,0.2,1.2,.200,0.7,2.2,.298,.299,0.6,0.7,.867,0.0,0.2,0.2,1.0,0.1,0.0,0.6,0.9,2.7,2013
12664,445,Maalik Wayns,PG,21,LAC,6,0,6.2,1.2,2.7,.438,0.3,1.0,.333,0.8,1.7,.500,.500,0.7,0.7,1.000,0.0,0.3,0.3,1.2,0.5,0.0,0.3,1.3,3.3,2013
12665,446,Martell Webster,SF,26,WAS,76,62,28.9,3.7,8.4,.442,1.8,4.3,.422,1.9,4.0,.463,.551,2.2,2.6,.848,0.7,3.2,3.9,1.9,0.6,0.2,1.2,2.2,11.4,2013
12666,447,David West,PF,32,IND,73,73,33.4,6.9,13.8,.498,0.1,0.3,.211,6.8,13.6,.503,.500,3.3,4.3,.768,2.0,5.7,7.7,2.9,1.0,0.9,2.2,2.0,17.1,2013
12667,448,Russell Westbrook,PG,24,OKC,82,82,34.9,8.2,18.7,.438,1.2,3.7,.323,7.0,15.1,.466,.470,5.6,7.0,.800,1.4,3.9,5.2,7.4,1.8,0.3,3.3,2.3,23.2,2013
12668,449,D.J. White,PF,26,BOS,12,0,7.2,1.0,1.9,.522,0.0,0.0,,1.0,1.9,.522,.522,0.4,0.8,.556,0.3,0.8,1.1,0.3,0.1,0.5,0.2,0.4,2.4,2013
12669,450,James White,SF,30,NYK,57,16,7.6,0.9,2.0,.431,0.2,0.7,.341,0.6,1.3,.480,.491,0.2,0.3,.579,0.1,0.8,0.8,0.5,0.2,0.1,0.3,0.8,2.2,2013
12670,451,Chris Wilcox,C,30,BOS,61,7,13.6,1.8,2.5,.719,0.0,0.0,.000,1.8,2.5,.724,.719,0.6,1.0,.672,0.9,2.0,3.0,0.4,0.5,0.5,0.6,2.0,4.2,2013
12671,452,Damien Wilkins,SG,33,PHI,61,21,18.0,2.4,5.2,.459,0.3,0.8,.333,2.1,4.3,.483,.486,1.3,1.8,.743,0.5,1.2,1.7,1.5,0.6,0.3,0.8,1.6,6.4,2013
12672,453,Deron Williams,PG,28,BRK,78,78,36.4,6.3,14.4,.440,2.2,5.7,.378,4.2,8.7,.482,.516,4.1,4.7,.859,0.4,2.6,3.0,7.7,1.0,0.4,2.8,2.5,18.9,2013
12673,454,Derrick Williams,PF,21,MIN,78,56,24.6,4.3,10.1,.430,0.8,2.5,.332,3.5,7.6,.463,.471,2.5,3.5,.706,1.2,4.3,5.5,0.6,0.6,0.5,1.3,1.6,12.0,2013
12674,455,Lou Williams,SG,26,ATL,39,9,28.7,4.8,11.4,.422,1.8,5.0,.367,2.9,6.3,.466,.503,2.7,3.1,.868,0.2,1.8,2.1,3.6,1.1,0.3,1.9,1.4,14.1,2013
12675,456,Marvin Williams,SF,26,UTA,73,51,23.7,2.7,6.4,.423,0.7,2.3,.325,2.0,4.2,.477,.481,1.1,1.4,.778,0.8,2.8,3.6,1.1,0.5,0.5,0.8,1.3,7.2,2013
12676,457,Mo Williams,PG,30,UTA,46,46,30.8,5.0,11.6,.430,1.3,3.3,.383,3.7,8.2,.449,.485,1.6,1.8,.882,0.5,1.9,2.4,6.2,1.0,0.2,2.7,2.3,12.9,2013
12677,458,Reggie Williams,SF,26,CHA,40,0,9.5,1.4,3.3,.432,0.6,1.8,.306,0.9,1.5,.583,.515,0.3,0.5,.476,0.2,1.1,1.3,1.0,0.3,0.0,0.5,0.5,3.7,2013
12678,459,Terrence Williams,SF,25,BOS,24,0,13.3,2.0,4.0,.495,0.2,0.6,.333,1.8,3.4,.524,.521,0.4,0.9,.429,0.2,1.7,1.8,1.6,0.5,0.1,0.9,0.5,4.6,2013
12679,460,Metta World Peace,SF,33,LAL,75,66,33.7,4.4,11.0,.403,1.9,5.5,.342,2.5,5.5,.464,.488,1.7,2.3,.734,1.3,3.6,5.0,1.5,1.6,0.6,1.3,2.6,12.4,2013
12680,Rk,Player,Pos,Age,Tm,G,GS,MP,FG,FGA,FG%,3P,3PA,3P%,2P,2PA,2P%,eFG%,FT,FTA,FT%,ORB,DRB,TRB,AST,STL,BLK,TOV,PF,PTS,2013
12681,461,Brandan Wright,C,25,DAL,64,16,18.0,3.8,6.3,.597,0.0,0.0,.000,3.8,6.3,.601,.597,0.9,1.5,.615,1.3,2.7,4.1,0.6,0.4,1.2,0.5,1.2,8.5,2013
12682,462,Chris Wright,SG,23,DAL,3,0,1.3,0.3,0.7,.500,0.0,0.0,,0.3,0.7,.500,.500,0.0,0.0,,0.0,0.0,0.0,0.0,0.0,0.0,0.3,0.0,0.7,2013
12683,463,Dorell Wright,SF,27,PHI,79,8,22.6,3.0,7.6,.396,1.7,4.6,.374,1.3,3.0,.429,.508,1.5,1.8,.851,0.5,3.3,3.8,1.9,0.8,0.4,0.8,1.2,9.2,2013
12684,464,Tony Wroten,SG,19,MEM,35,0,7.8,0.9,2.5,.384,0.1,0.5,.250,0.8,2.0,.414,.407,0.6,0.8,.724,0.4,0.4,0.8,1.2,0.2,0.1,0.8,1.0,2.6,2013
12685,465,Nick Young,SG,27,PHI,59,17,23.9,3.8,9.2,.413,1.3,3.6,.357,2.5,5.6,.449,.482,1.8,2.2,.820,0.4,1.8,2.2,1.4,0.6,0.2,0.8,1.4,10.6,2013
12686,466,Sam Young,SG,27,IND,56,3,12.4,1.0,2.6,.392,0.3,0.9,.308,0.8,1.7,.438,.446,0.4,0.8,.535,0.5,1.7,2.2,0.8,0.3,0.1,0.6,1.1,2.8,2013
12687,467,Thaddeus Young,PF,24,PHI,76,76,34.6,6.7,12.6,.531,0.0,0.1,.125,6.7,12.5,.535,.532,1.4,2.5,.574,2.4,5.1,7.5,1.6,1.8,0.7,1.2,2.5,14.8,2013
12688,468,Luke Zeller,C,25,PHO,16,0,3.6,0.6,1.6,.346,0.1,0.3,.200,0.5,1.3,.381,.365,0.0,0.0,,0.1,0.6,0.6,0.2,0.0,0.0,0.0,0.3,1.2,2013
12689,469,Tyler Zeller,C,23,CLE,77,55,26.4,3.2,7.3,.438,0.0,0.1,.000,3.2,7.2,.441,.438,1.6,2.0,.764,2.1,3.6,5.7,1.2,0.5,0.9,1.2,3.3,7.9,2013
12690,1,Quincy Acy,SF,23,TOT,63,0,13.4,1.0,2.2,.468,0.1,0.2,.267,1.0,2.0,.492,.482,0.6,0.8,.660,1.1,2.3,3.4,0.4,0.4,0.4,0.5,1.9,2.7,2014
12691,1,Quincy Acy,SF,23,TOR,7,0,8.7,0.9,2.0,.429,0.3,0.7,.400,0.6,1.3,.444,.500,0.7,1.1,.625,0.7,1.4,2.1,0.6,0.6,0.4,0.3,1.1,2.7,2014
12692,1,Quincy Acy,SF,23,SAC,56,0,14.0,1.1,2.3,.472,0.0,0.2,.200,1.0,2.1,.496,.480,0.5,0.8,.667,1.2,2.4,3.6,0.4,0.3,0.4,0.5,2.0,2.7,2014
12693,2,Steven Adams,C,20,OKC,81,20,14.8,1.1,2.3,.503,0.0,0.0,,1.1,2.3,.503,.503,1.0,1.7,.581,1.8,2.3,4.1,0.5,0.5,0.7,0.9,2.5,3.3,2014
12694,3,Jeff Adrien,PF,27,TOT,53,12,18.1,2.7,5.2,.520,0.0,0.0,,2.7,5.2,.520,.520,1.4,2.2,.639,1.9,3.8,5.8,0.7,0.5,0.7,0.7,2.0,6.8,2014
12695,3,Jeff Adrien,PF,27,CHA,25,0,10.2,0.9,1.6,.550,0.0,0.0,,0.9,1.6,.550,.550,0.5,1.0,.520,1.3,2.2,3.5,0.3,0.3,0.6,0.3,1.4,2.3,2014
12696,3,Jeff Adrien,PF,27,MIL,28,12,25.2,4.3,8.4,.515,0.0,0.0,,4.3,8.4,.515,.515,2.3,3.4,.670,2.5,5.3,7.8,1.1,0.6,0.8,1.1,2.6,10.9,2014
12697,4,Arron Afflalo,SG,28,ORL,73,73,35.0,6.4,13.8,.459,1.8,4.1,.427,4.6,9.7,.473,.522,3.8,4.6,.815,0.4,3.2,3.6,3.4,0.5,0.0,2.0,1.9,18.2,2014
12698,5,Alexis Ajinça,C,25,NOP,56,30,17.0,2.4,4.4,.546,0.0,0.0,.000,2.4,4.4,.548,.546,1.0,1.2,.836,1.7,3.3,4.9,0.7,0.4,0.8,1.1,3.3,5.9,2014
12699,6,Cole Aldrich,C,25,NYK,46,2,7.2,0.7,1.3,.541,0.0,0.0,,0.7,1.3,.541,.541,0.6,0.7,.867,0.8,2.0,2.8,0.3,0.2,0.7,0.4,0.9,2.0,2014
12700,7,LaMarcus Aldridge,PF,28,POR,69,69,36.2,9.4,20.6,.458,0.0,0.2,.200,9.4,20.4,.461,.459,4.3,5.2,.822,2.4,8.7,11.1,2.6,0.9,1.0,1.8,2.1,23.2,2014
12701,8,Lavoy Allen,PF,24,TOT,65,2,16.5,2.1,4.6,.447,0.0,0.2,.154,2.0,4.4,.460,.450,0.5,0.8,.660,1.8,3.0,4.8,1.1,0.4,0.5,0.7,1.9,4.7,2014
12702,8,Lavoy Allen,PF,24,PHI,51,2,18.8,2.3,5.2,.440,0.0,0.3,.154,2.3,5.0,.455,.444,0.5,0.8,.675,2.1,3.4,5.4,1.3,0.4,0.5,0.8,2.3,5.2,2014
12703,8,Lavoy Allen,PF,24,IND,14,0,8.0,1.2,2.4,.500,0.0,0.0,,1.2,2.4,.500,.500,0.4,0.7,.600,0.9,1.5,2.4,0.4,0.1,0.4,0.3,0.8,2.9,2014
12704,9,Ray Allen*,SG,38,MIA,73,9,26.5,3.3,7.4,.442,1.6,4.2,.375,1.7,3.2,.530,.549,1.4,1.6,.905,0.3,2.5,2.8,2.0,0.7,0.1,1.2,1.6,9.6,2014
12705,10,Tony Allen,SG,32,MEM,55,28,23.2,3.7,7.5,.494,0.2,0.9,.234,3.5,6.7,.527,.507,1.4,2.2,.628,1.4,2.3,3.8,1.7,1.6,0.3,1.6,2.2,9.0,2014
12706,11,Al-Farouq Aminu,SF,23,NOP,80,65,25.6,2.9,6.2,.474,0.2,0.6,.271,2.8,5.6,.496,.487,1.1,1.7,.664,1.6,4.6,6.2,1.4,1.0,0.5,1.1,1.8,7.2,2014
12707,12,Lou Amundson,PF,31,TOT,19,0,9.7,0.8,1.7,.500,0.0,0.0,,0.8,1.7,.500,.500,0.3,1.3,.250,1.5,1.4,2.9,0.3,0.5,0.6,0.7,2.6,2.0,2014
12708,12,Lou Amundson,PF,31,NOP,18,0,10.2,0.9,1.8,.500,0.0,0.0,,0.9,1.8,.500,.500,0.3,1.3,.250,1.6,1.5,3.1,0.3,0.5,0.6,0.8,2.7,2.1,2014
12709,12,Lou Amundson,PF,31,CHI,1,0,1.0,0.0,0.0,,0.0,0.0,,0.0,0.0,,,0.0,0.0,,0.0,0.0,0.0,0.0,0.0,0.0,0.0,0.0,0.0,2014
12710,13,Chris Andersen,C,35,MIA,72,0,19.4,2.5,3.8,.644,0.0,0.2,.250,2.4,3.7,.662,.649,1.7,2.3,.710,1.8,3.5,5.3,0.3,0.4,1.3,0.7,2.3,6.6,2014
12711,14,Alan Anderson,SF,31,BRK,78,26,22.7,2.5,6.2,.400,1.1,3.2,.339,1.4,3.0,.464,.487,1.2,1.5,.780,0.5,1.7,2.2,1.0,0.6,0.1,0.8,1.9,7.2,2014
12712,15,James Anderson,SG,24,PHI,80,62,28.9,3.9,9.0,.431,1.4,4.4,.328,2.4,4.6,.530,.511,1.0,1.3,.726,0.7,3.0,3.8,1.9,0.9,0.4,1.3,1.9,10.1,2014
12713,16,Ryan Anderson,PF,25,NOP,22,14,36.1,7.0,16.1,.438,3.0,7.5,.409,4.0,8.6,.463,.532,2.7,2.8,.952,3.0,3.5,6.5,0.8,0.5,0.3,0.9,2.1,19.8,2014
12714,17,Giannis Antetokounmpo,SF,19,MIL,77,23,24.6,2.2,5.4,.414,0.5,1.5,.347,1.7,3.9,.440,.463,1.8,2.6,.683,1.0,3.4,4.4,1.9,0.8,0.8,1.6,2.2,6.8,2014
12715,18,Carmelo Anthony,PF,29,NYK,77,77,38.7,9.6,21.3,.452,2.2,5.4,.402,7.5,15.9,.469,.503,6.0,7.0,.848,1.9,6.2,8.1,3.1,1.2,0.7,2.6,2.9,27.4,2014
12716,19,Joel Anthony,C,31,TOT,33,0,5.6,0.4,1.0,.375,0.0,0.0,,0.4,1.0,.375,.375,0.1,0.2,.500,0.5,0.7,1.2,0.1,0.1,0.4,0.1,0.5,0.8,2014
12717,19,Joel Anthony,C,31,MIA,12,0,3.1,0.2,0.5,.333,0.0,0.0,,0.2,0.5,.333,.333,0.2,0.2,1.000,0.2,0.4,0.6,0.0,0.0,0.3,0.1,0.3,0.5,2014
12718,19,Joel Anthony,C,31,BOS,21,0,7.1,0.5,1.2,.385,0.0,0.0,,0.5,1.2,.385,.385,0.1,0.3,.333,0.6,0.9,1.5,0.1,0.1,0.4,0.1,0.6,1.0,2014
12719,20,Pero Antić,C,31,ATL,50,26,18.5,2.5,5.9,.418,1.1,3.4,.327,1.3,2.5,.545,.514,1.0,1.3,.758,1.1,3.0,4.2,1.2,0.4,0.2,1.1,2.5,7.0,2014
12720,21,Trevor Ariza,SF,28,WAS,77,77,35.4,5.1,11.1,.456,2.3,5.7,.407,2.7,5.3,.509,.562,1.9,2.5,.772,1.3,4.9,6.2,2.5,1.6,0.3,1.7,2.3,14.4,2014
12721,22,Hilton Armstrong,C,29,GSW,15,1,6.5,0.6,1.3,.474,0.0,0.0,,0.6,1.3,.474,.474,0.5,1.1,.438,1.3,1.9,3.1,0.3,0.3,0.3,0.4,0.7,1.7,2014
12722,23,Darrell Arthur,SF,25,DEN,68,1,17.1,2.4,6.0,.395,0.4,0.9,.375,2.0,5.1,.399,.424,0.8,0.9,.855,0.8,2.3,3.1,0.9,0.6,0.7,0.9,2.7,5.9,2014
12723,24,Ömer Aşık,C,27,HOU,48,19,20.2,2.1,4.0,.532,0.0,0.0,,2.1,4.0,.532,.532,1.6,2.6,.619,2.1,5.8,7.9,0.5,0.3,0.8,1.2,1.9,5.8,2014
12724,25,D.J. Augustin,PG,26,TOT,71,9,27.3,4.2,10.1,.415,1.9,4.7,.401,2.3,5.4,.427,.508,2.8,3.2,.885,0.2,1.6,1.8,4.4,0.7,0.0,1.8,2.1,13.1,2014
12725,25,D.J. Augustin,PG,26,TOR,10,0,8.2,0.7,2.4,.292,0.1,1.1,.091,0.6,1.3,.462,.313,0.6,0.6,1.000,0.0,0.4,0.4,1.0,0.1,0.0,0.9,0.7,2.1,2014
12726,25,D.J. Augustin,PG,26,CHI,61,9,30.4,4.8,11.4,.419,2.2,5.3,.411,2.6,6.1,.426,.514,3.2,3.6,.882,0.2,1.8,2.1,5.0,0.9,0.0,1.9,2.3,14.9,2014
12727,26,Gustavo Ayón,C,28,ATL,26,14,16.5,2.0,3.9,.510,0.0,0.0,,2.0,3.9,.510,.510,0.3,0.8,.400,1.6,3.2,4.8,1.1,1.0,0.4,1.1,1.8,4.3,2014
12728,27,Jeff Ayres,PF,26,SAS,73,10,13.0,1.4,2.4,.580,0.0,0.0,,1.4,2.4,.580,.580,0.5,0.8,.691,1.2,2.3,3.5,0.8,0.2,0.3,0.9,2.0,3.3,2014
12729,28,Chris Babb,SG,23,BOS,14,0,9.4,0.6,2.1,.267,0.4,1.9,.222,0.1,0.2,.667,.367,0.0,0.0,,0.3,0.9,1.2,0.2,0.4,0.0,0.2,0.9,1.6,2014
12730,29,Luke Babbitt,PF,24,NOP,27,2,17.5,2.2,5.7,.390,1.3,3.5,.379,0.9,2.2,.407,.506,0.5,0.7,.778,0.7,2.6,3.3,1.1,0.3,0.4,0.6,1.9,6.3,2014
12731,30,Leandro Barbosa,PG,31,PHO,20,0,18.4,2.8,6.6,.427,0.4,1.3,.280,2.5,5.3,.462,.454,1.6,2.0,.795,0.3,1.6,1.9,1.6,0.4,0.2,1.0,1.5,7.5,2014
12732,31,J.J. Barea,PG,29,MIN,79,1,18.6,3.2,8.3,.387,0.9,2.9,.316,2.3,5.4,.426,.443,1.0,1.3,.790,0.2,1.7,1.9,3.8,0.3,0.0,1.6,1.6,8.4,2014
12733,32,Andrea Bargnani,C,28,NYK,42,39,29.9,5.3,12.0,.442,0.7,2.6,.278,4.6,9.4,.487,.472,2.0,2.4,.824,1.6,3.6,5.3,1.1,0.3,1.2,1.4,2.4,13.3,2014
12734,33,Harrison Barnes,SF,21,GSW,78,24,28.3,3.5,8.7,.399,0.8,2.4,.347,2.6,6.3,.419,.448,1.7,2.3,.718,0.8,3.1,4.0,1.5,0.8,0.3,1.1,2.0,9.5,2014
12735,34,Matt Barnes,SF,33,LAC,63,40,27.5,3.7,8.4,.438,1.5,4.5,.343,2.1,3.9,.549,.530,1.0,1.4,.733,1.0,3.7,4.6,2.0,0.9,0.4,1.3,2.9,9.9,2014
12736,35,Will Barton,SG,23,POR,41,0,9.4,1.6,3.8,.417,0.2,0.8,.303,1.3,3.0,.447,.449,0.6,0.8,.813,0.4,1.4,1.8,0.8,0.2,0.2,0.4,0.8,4.0,2014
12737,36,Brandon Bass,PF,28,BOS,82,73,27.6,4.3,8.8,.486,0.0,0.1,.333,4.3,8.8,.487,.487,2.5,2.9,.858,2.0,3.8,5.7,1.1,0.4,0.9,1.2,2.3,11.1,2014
12738,37,Shane Battier,SF,35,MIA,73,56,20.1,1.4,3.8,.382,1.0,2.9,.348,0.4,0.9,.492,.515,0.2,0.3,.652,0.5,1.4,1.9,0.9,0.7,0.5,0.3,1.7,4.1,2014
12739,38,Nicolas Batum,SF,25,POR,82,82,36.0,4.6,10.0,.465,1.8,4.9,.361,2.9,5.1,.566,.554,2.0,2.5,.803,1.4,6.0,7.5,5.1,0.9,0.7,2.5,1.9,13.0,2014
12740,39,Jerryd Bayless,PG,25,TOT,72,19,23.4,3.4,8.6,.402,1.1,2.9,.358,2.4,5.6,.425,.464,1.3,1.6,.797,0.3,1.7,2.0,2.7,0.8,0.1,1.1,2.2,9.3,2014
12741,39,Jerryd Bayless,PG,25,MEM,31,5,21.0,2.9,7.7,.377,0.8,2.7,.301,2.1,5.0,.417,.429,1.5,1.8,.789,0.3,1.6,1.9,2.1,0.6,0.2,0.7,2.3,8.1,2014
12742,39,Jerryd Bayless,PG,25,BOS,41,14,25.3,3.9,9.2,.418,1.2,3.1,.395,2.6,6.1,.430,.485,1.2,1.5,.803,0.3,1.8,2.1,3.1,1.0,0.1,1.5,2.2,10.1,2014
12743,40,Aron Baynes,C,27,SAS,53,4,9.3,1.3,3.1,.436,0.0,0.0,,1.3,3.1,.436,.436,0.4,0.4,.905,1.1,1.7,2.7,0.6,0.0,0.1,0.7,1.5,3.0,2014
12744,Rk,Player,Pos,Age,Tm,G,GS,MP,FG,FGA,FG%,3P,3PA,3P%,2P,2PA,2P%,eFG%,FT,FTA,FT%,ORB,DRB,TRB,AST,STL,BLK,TOV,PF,PTS,2014
12745,41,Kent Bazemore,SG,24,TOT,67,15,13.6,2.2,5.1,.429,0.6,1.9,.336,1.6,3.2,.484,.491,1.0,1.6,.606,0.1,1.6,1.7,1.4,0.6,0.2,1.2,1.5,6.0,2014
12746,41,Kent Bazemore,SG,24,GSW,44,0,6.1,0.8,2.2,.371,0.2,0.9,.256,0.6,1.3,.448,.423,0.4,0.8,.528,0.1,0.8,0.9,0.5,0.3,0.1,0.6,1.0,2.3,2014
12747,41,Kent Bazemore,SG,24,LAL,23,15,28.0,4.8,10.7,.451,1.4,3.9,.371,3.4,6.8,.497,.518,2.0,3.2,.644,0.2,3.1,3.3,3.1,1.3,0.3,2.2,2.6,13.1,2014
12748,42,Bradley Beal,SG,20,WAS,73,73,34.7,6.6,15.7,.419,1.9,4.7,.402,4.7,11.0,.426,.479,2.0,2.6,.788,0.7,3.0,3.7,3.3,1.0,0.2,1.8,2.1,17.1,2014
12749,43,Michael Beasley,SF,25,MIA,55,2,15.1,3.2,6.5,.499,0.4,1.0,.389,2.8,5.5,.518,.528,1.1,1.4,.772,0.6,2.6,3.1,0.8,0.4,0.4,1.0,1.7,7.9,2014
12750,44,Marco Belinelli,SF,27,SAS,80,25,25.2,4.2,8.7,.485,1.6,3.7,.430,2.6,5.0,.525,.576,1.4,1.6,.847,0.2,2.6,2.8,2.2,0.6,0.1,1.2,1.6,11.4,2014
12751,45,Anthony Bennett,PF,20,CLE,52,0,12.8,1.5,4.3,.356,0.3,1.0,.245,1.3,3.3,.390,.384,0.8,1.3,.638,0.9,2.0,3.0,0.3,0.4,0.2,0.9,1.8,4.2,2014
12752,46,Patrick Beverley,PG,25,HOU,56,55,31.3,3.6,8.6,.414,1.6,4.6,.361,1.9,4.0,.473,.509,1.5,1.8,.814,1.3,2.2,3.5,2.7,1.4,0.4,1.2,3.1,10.2,2014
12753,47,Andris Biedriņš,C,27,UTA,6,0,7.5,0.2,0.2,1.000,0.0,0.0,,0.2,0.2,1.000,1.000,0.2,1.0,.167,0.3,2.5,2.8,0.0,0.0,0.0,0.3,1.0,0.5,2014
12754,48,Chauncey Billups,SG,37,DET,19,7,16.3,1.3,4.2,.304,0.7,2.5,.292,0.5,1.6,.323,.392,0.5,0.6,.833,0.2,1.3,1.5,2.2,0.4,0.1,1.3,1.3,3.8,2014
12755,49,Bismack Biyombo,C,21,CHA,77,9,13.9,1.1,1.9,.611,0.0,0.0,,1.1,1.9,.611,.611,0.6,1.2,.517,1.4,3.4,4.8,0.1,0.1,1.1,0.5,1.6,2.9,2014
12756,50,DeJuan Blair,PF,24,DAL,78,13,15.6,2.7,5.0,.534,0.0,0.0,.000,2.7,5.0,.537,.534,1.0,1.6,.636,1.8,2.9,4.7,0.9,0.8,0.3,1.0,2.5,6.4,2014
12757,51,Steve Blake,PG,33,TOT,55,28,27.2,2.4,6.4,.377,1.4,3.8,.376,1.0,2.6,.378,.489,0.6,0.8,.767,0.2,2.7,2.9,5.6,1.0,0.1,1.9,1.5,6.9,2014
12758,51,Steve Blake,PG,33,LAL,27,27,33.0,3.3,8.6,.378,1.9,4.9,.397,1.3,3.8,.353,.489,1.0,1.3,.800,0.3,3.5,3.8,7.6,1.3,0.1,2.6,1.8,9.5,2014
12759,51,Steve Blake,PG,33,GSW,28,1,21.7,1.6,4.3,.375,1.0,2.8,.342,0.6,1.5,.439,.488,0.2,0.3,.625,0.2,1.8,2.0,3.6,0.7,0.2,1.1,1.3,4.4,2014
12760,52,Andray Blatche,PF,27,BRK,73,7,22.2,4.4,9.2,.476,0.2,0.7,.278,4.2,8.5,.494,.487,2.2,3.0,.742,1.6,3.7,5.3,1.5,1.0,0.5,1.5,2.3,11.2,2014
12761,53,Eric Bledsoe,PG,24,PHO,43,40,32.9,6.2,12.9,.477,1.2,3.3,.357,5.0,9.7,.517,.522,4.3,5.5,.772,0.6,4.1,4.7,5.5,1.6,0.3,3.3,2.3,17.7,2014
12762,54,Vander Blue,SG,21,BOS,3,0,5.0,0.7,1.3,.500,0.0,0.3,.000,0.7,1.0,.667,.500,0.3,1.7,.200,0.0,1.0,1.0,0.3,0.0,0.0,0.7,0.3,1.7,2014
12763,55,Keith Bogans,SG,33,BOS,6,0,9.2,0.5,1.0,.500,0.5,1.0,.500,0.0,0.0,,.750,0.5,0.5,1.000,0.0,0.5,0.5,0.5,0.2,0.0,0.2,0.3,2.0,2014
12764,56,Andrew Bogut,C,29,GSW,67,67,26.4,3.5,5.6,.627,0.0,0.0,,3.5,5.6,.627,.627,0.3,1.0,.344,2.7,7.3,10.0,1.7,0.7,1.8,1.4,3.1,7.3,2014
12765,57,Matt Bonner,PF,33,SAS,61,0,11.3,1.2,2.7,.445,0.7,1.6,.429,0.5,1.1,.470,.573,0.1,0.2,.750,0.3,1.9,2.1,0.5,0.2,0.2,0.3,0.8,3.2,2014
12766,58,Trevor Booker,PF,26,WAS,72,45,21.6,3.1,5.6,.551,0.0,0.0,.000,3.1,5.6,.554,.551,0.7,1.1,.618,2.1,3.2,5.3,0.9,0.6,0.6,0.8,1.8,6.8,2014
12767,59,Carlos Boozer,PF,32,CHI,76,76,28.2,5.9,12.9,.456,0.0,0.0,.000,5.9,12.9,.457,.456,1.9,2.5,.767,1.8,6.5,8.3,1.6,0.7,0.3,2.0,2.8,13.7,2014
12768,60,Chris Bosh*,C,29,MIA,79,79,32.0,6.2,12.1,.516,0.9,2.8,.339,5.3,9.3,.569,.555,2.8,3.4,.820,1.2,5.4,6.6,1.1,1.0,1.0,1.6,2.4,16.2,2014
12769,Rk,Player,Pos,Age,Tm,G,GS,MP,FG,FGA,FG%,3P,3PA,3P%,2P,2PA,2P%,eFG%,FT,FTA,FT%,ORB,DRB,TRB,AST,STL,BLK,TOV,PF,PTS,2014
12770,61,Avery Bradley,SG,23,BOS,60,58,30.9,6.0,13.8,.438,1.3,3.3,.395,4.7,10.4,.451,.485,1.5,1.9,.804,0.8,3.0,3.8,1.4,1.1,0.2,1.6,2.4,14.9,2014
12771,62,Elton Brand,C,34,ATL,73,15,19.4,2.5,4.5,.539,0.0,0.0,.000,2.5,4.5,.542,.539,0.8,1.3,.649,1.3,3.6,4.9,1.0,0.5,1.2,0.8,2.6,5.7,2014
12772,63,Corey Brewer,SF,27,MIN,81,81,32.2,4.8,10.0,.481,0.7,2.6,.280,4.1,7.4,.552,.517,2.0,2.8,.718,0.8,1.8,2.6,1.7,1.9,0.4,1.3,2.6,12.3,2014
12773,64,Ronnie Brewer,SF,28,TOT,24,3,6.7,0.1,0.6,.200,0.0,0.3,.125,0.1,0.3,.286,.233,0.0,0.1,.000,0.1,0.5,0.6,0.4,0.3,0.0,0.1,0.2,0.3,2014
12774,64,Ronnie Brewer,SF,28,HOU,23,3,6.9,0.1,0.7,.200,0.0,0.3,.125,0.1,0.3,.286,.233,0.0,0.1,.000,0.1,0.5,0.6,0.4,0.3,0.0,0.1,0.2,0.3,2014
12775,64,Ronnie Brewer,SF,28,CHI,1,0,2.0,0.0,0.0,,0.0,0.0,,0.0,0.0,,,0.0,0.0,,0.0,0.0,0.0,0.0,0.0,0.0,0.0,0.0,0.0,2014
12776,65,Aaron Brooks,PG,29,TOT,72,12,21.6,3.2,8.1,.401,1.3,3.4,.387,1.9,4.6,.411,.484,1.2,1.3,.874,0.6,1.3,1.9,3.2,0.7,0.2,1.6,2.0,9.0,2014
12777,65,Aaron Brooks,PG,29,HOU,43,0,16.7,2.4,6.1,.395,1.3,3.1,.409,1.2,3.0,.382,.498,0.9,1.0,.841,0.5,0.9,1.4,1.9,0.6,0.1,1.2,1.8,7.0,2014
12778,65,Aaron Brooks,PG,29,DEN,29,12,29.0,4.4,11.0,.406,1.4,4.0,.362,3.0,7.0,.431,.472,1.6,1.8,.902,0.7,2.0,2.7,5.2,0.9,0.2,2.3,2.4,11.9,2014
12779,66,MarShon Brooks,SG,25,TOT,35,0,9.0,1.6,3.6,.456,0.4,0.7,.520,1.3,2.9,.440,.508,0.9,1.3,.727,0.3,1.3,1.5,0.7,0.4,0.1,0.7,0.6,4.5,2014
12780,66,MarShon Brooks,SG,25,BOS,10,0,7.3,0.9,2.4,.375,0.2,0.4,.500,0.7,2.0,.350,.417,1.1,1.4,.786,0.1,1.8,1.9,0.4,0.1,0.1,0.7,0.5,3.1,2014
12781,66,MarShon Brooks,SG,25,GSW,7,0,2.1,0.7,1.9,.385,0.0,0.3,.000,0.7,1.6,.455,.385,0.4,0.6,.750,0.1,0.6,0.7,0.0,0.1,0.0,0.0,0.0,1.9,2014
12782,66,MarShon Brooks,SG,25,LAL,18,0,12.7,2.4,4.9,.489,0.6,1.1,.579,1.8,3.8,.464,.551,1.0,1.4,.692,0.4,1.2,1.7,1.2,0.7,0.2,0.9,0.9,6.4,2014
12783,67,Lorenzo Brown,PG,23,PHI,26,0,8.6,1.0,3.3,.302,0.1,1.2,.100,0.9,2.2,.411,.320,0.3,0.5,.692,0.3,0.8,1.1,1.6,0.5,0.1,0.6,0.7,2.5,2014
12784,68,Shannon Brown,SG,28,TOT,29,1,8.7,0.8,2.3,.364,0.0,0.1,.000,0.8,2.2,.375,.364,0.5,0.7,.714,0.2,0.7,1.0,0.3,0.4,0.0,0.6,0.8,2.2,2014
12785,68,Shannon Brown,SG,28,SAS,10,1,10.3,0.8,2.8,.286,0.0,0.2,.000,0.8,2.6,.308,.286,0.7,0.9,.778,0.1,1.2,1.3,0.5,0.1,0.0,0.8,1.2,2.3,2014
12786,68,Shannon Brown,SG,28,NYK,19,0,7.8,0.8,2.0,.421,0.0,0.0,,0.8,2.0,.421,.421,0.4,0.6,.667,0.3,0.5,0.8,0.2,0.6,0.0,0.5,0.6,2.1,2014
12787,69,Kobe Bryant*,SG,35,LAL,6,6,29.5,5.2,12.2,.425,0.5,2.7,.188,4.7,9.5,.491,.445,3.0,3.5,.857,0.3,4.0,4.3,6.3,1.2,0.2,5.7,1.5,13.8,2014
12788,70,Chase Budinger,SF,25,MIN,41,8,18.3,2.4,6.2,.394,1.0,2.9,.350,1.4,3.3,.433,.476,0.8,1.0,.821,0.5,2.0,2.5,0.8,0.5,0.0,0.6,1.4,6.7,2014
12789,71,Reggie Bullock,SF,22,LAC,43,0,9.2,1.0,2.8,.355,0.5,1.7,.301,0.5,1.1,.438,.446,0.2,0.2,.778,0.3,1.0,1.3,0.3,0.2,0.0,0.3,0.6,2.7,2014
12790,72,Trey Burke,PG,21,UTA,70,68,32.3,4.9,12.8,.380,1.6,4.8,.330,3.3,8.0,.410,.442,1.5,1.6,.903,0.5,2.4,3.0,5.7,0.6,0.1,1.9,2.1,12.8,2014
12791,73,Alec Burks,SG,22,UTA,78,12,28.1,4.9,10.7,.457,0.6,1.8,.350,4.2,8.8,.480,.487,3.6,4.8,.748,0.8,2.5,3.3,2.7,0.9,0.2,1.9,2.4,14.0,2014
12792,74,Caron Butler,SF,33,TOT,56,13,25.3,3.8,9.6,.394,1.8,4.4,.394,2.1,5.2,.395,.485,1.1,1.3,.840,0.4,3.7,4.1,1.5,0.8,0.3,1.1,2.1,10.5,2014
12793,74,Caron Butler,SF,33,MIL,34,13,24.1,4.0,10.4,.387,1.6,4.3,.361,2.5,6.1,.406,.462,1.4,1.6,.839,0.5,4.2,4.6,1.6,0.7,0.3,1.5,1.9,11.0,2014
12794,74,Caron Butler,SF,33,OKC,22,0,27.2,3.5,8.5,.409,2.0,4.6,.441,1.4,3.8,.369,.530,0.7,0.9,.842,0.2,3.0,3.2,1.2,1.1,0.3,0.4,2.5,9.7,2014
12795,75,Jimmy Butler,SG,24,CHI,67,67,38.7,4.1,10.3,.397,1.0,3.6,.283,3.1,6.8,.457,.446,3.9,5.0,.769,1.3,3.6,4.9,2.6,1.9,0.5,1.5,1.6,13.1,2014
12796,76,Rasual Butler,SG,34,IND,50,2,7.6,1.0,2.2,.464,0.5,1.2,.419,0.5,1.0,.521,.582,0.2,0.3,.571,0.1,0.7,0.8,0.3,0.1,0.2,0.2,0.6,2.7,2014
12797,77,Dwight Buycks,PG,24,TOR,14,0,10.4,1.1,3.4,.313,0.4,1.2,.294,0.7,2.2,.323,.365,0.6,0.6,.889,0.3,1.4,1.6,0.7,0.6,0.0,0.7,0.8,3.1,2014
12798,78,Andrew Bynum,C,26,TOT,26,19,19.8,3.6,8.7,.418,0.0,0.0,,3.6,8.7,.418,.418,1.4,1.9,.755,2.0,3.5,5.6,1.1,0.2,1.1,1.3,1.2,8.7,2014
12799,78,Andrew Bynum,C,26,CLE,24,19,20.0,3.5,8.5,.419,0.0,0.0,,3.5,8.5,.419,.419,1.3,1.8,.762,2.0,3.3,5.3,1.1,0.3,1.2,1.3,1.2,8.4,2014
12800,78,Andrew Bynum,C,26,IND,2,0,18.0,4.5,11.0,.409,0.0,0.0,,4.5,11.0,.409,.409,2.5,3.5,.714,3.0,6.5,9.5,1.0,0.0,0.5,2.0,1.5,11.5,2014
12801,79,Will Bynum,PG,31,DET,56,3,18.8,3.3,7.7,.428,0.4,1.1,.323,2.9,6.6,.446,.451,1.7,2.2,.802,0.4,1.3,1.8,3.9,0.7,0.1,1.8,2.2,8.7,2014
12802,80,Nick Calathes,SG,24,MEM,71,7,16.5,2.0,4.4,.457,0.3,0.9,.311,1.7,3.5,.492,.487,0.6,1.0,.611,0.3,1.6,1.9,2.9,0.9,0.1,1.4,1.6,4.9,2014
12803,Rk,Player,Pos,Age,Tm,G,GS,MP,FG,FGA,FG%,3P,3PA,3P%,2P,2PA,2P%,eFG%,FT,FTA,FT%,ORB,DRB,TRB,AST,STL,BLK,TOV,PF,PTS,2014
12804,81,José Calderón,PG,32,DAL,81,81,30.5,4.2,9.2,.456,2.4,5.2,.449,1.9,4.0,.464,.584,0.6,0.8,.825,0.4,2.0,2.4,4.7,0.9,0.1,1.3,1.7,11.4,2014
12805,82,Kentavious Caldwell-Pope,SG,20,DET,80,41,19.8,2.3,5.8,.396,0.7,2.3,.319,1.5,3.4,.447,.460,0.6,0.8,.770,0.5,1.5,2.0,0.7,0.9,0.2,0.4,1.8,5.9,2014
12806,83,Isaiah Canaan,PG,22,HOU,22,0,11.5,1.4,4.0,.356,0.8,2.5,.327,0.6,1.5,.406,.460,1.0,1.3,.724,0.3,0.8,1.1,1.0,0.4,0.2,1.0,1.1,4.6,2014
12807,84,DeMarre Carroll,SF,27,ATL,73,73,32.1,4.1,8.8,.470,1.3,3.7,.362,2.8,5.1,.548,.546,1.5,1.9,.773,1.5,4.1,5.5,1.8,1.5,0.3,1.1,2.6,11.1,2014
12808,85,Vince Carter,SG,37,DAL,81,0,24.4,4.1,10.0,.407,1.8,4.6,.394,2.3,5.4,.418,.497,2.0,2.4,.821,0.8,2.7,3.5,2.6,0.8,0.4,1.3,2.6,11.9,2014
12809,86,Michael Carter-Williams,PG,22,PHI,70,70,34.5,6.1,15.1,.405,0.8,3.0,.264,5.3,12.1,.440,.431,3.7,5.2,.703,1.4,4.8,6.2,6.3,1.9,0.6,3.5,3.0,16.7,2014
12810,87,Omri Casspi,PF,25,HOU,71,2,18.1,2.4,5.8,.422,0.9,2.5,.347,1.6,3.3,.479,.496,1.2,1.7,.680,0.8,2.9,3.7,1.2,0.6,0.2,1.0,1.4,6.9,2014
12811,88,Mario Chalmers,PG,27,MIA,73,73,29.8,3.5,7.7,.454,1.2,3.1,.385,2.3,4.6,.500,.531,1.7,2.2,.742,0.6,2.4,2.9,4.9,1.6,0.2,2.2,2.9,9.8,2014
12812,89,Tyson Chandler,C,31,NYK,55,55,30.2,3.5,5.9,.593,0.0,0.0,.000,3.5,5.8,.595,.593,1.8,2.8,.632,2.9,6.7,9.6,1.1,0.7,1.1,1.3,2.6,8.7,2014
12813,90,Wilson Chandler,SF,26,DEN,62,55,31.1,5.0,11.9,.416,2.0,5.7,.348,3.0,6.2,.478,.499,1.8,2.5,.724,0.9,3.8,4.7,1.8,0.7,0.5,1.3,3.1,13.6,2014
12814,91,Josh Childress,SF,30,NOP,4,0,6.0,0.0,0.0,,0.0,0.0,,0.0,0.0,,,0.0,0.0,,0.0,0.8,0.8,0.5,0.3,0.0,0.3,0.3,0.0,2014
12815,92,Dionte Christmas,SF,27,PHO,31,0,6.4,0.7,2.0,.355,0.3,1.0,.290,0.4,1.0,.419,.427,0.6,0.8,.750,0.4,0.8,1.2,0.3,0.1,0.1,0.2,0.6,2.3,2014
12816,93,Earl Clark,PF,26,TOT,54,17,14.2,1.8,4.8,.372,0.8,2.3,.336,1.0,2.6,.403,.450,0.4,0.6,.647,0.4,2.2,2.6,0.3,0.3,0.5,0.6,1.2,4.8,2014
12817,93,Earl Clark,PF,26,CLE,45,17,15.5,2.0,5.3,.375,0.9,2.6,.345,1.1,2.8,.403,.458,0.3,0.5,.583,0.4,2.4,2.8,0.4,0.4,0.4,0.7,1.4,5.2,2014
12818,93,Earl Clark,PF,26,NYK,9,0,7.8,0.8,2.3,.333,0.1,0.7,.167,0.7,1.7,.400,.357,0.9,1.1,.800,0.2,1.6,1.8,0.2,0.1,0.7,0.1,0.7,2.6,2014
12819,94,Ian Clark,SG,22,UTA,23,0,7.5,1.1,2.9,.388,0.5,1.3,.355,0.7,1.6,.417,.470,0.2,0.3,.714,0.1,0.7,0.8,0.7,0.3,0.1,0.6,1.0,3.0,2014
12820,95,Victor Claver,SF,25,POR,21,0,8.8,0.8,2.0,.405,0.1,0.9,.167,0.7,1.1,.583,.440,0.5,0.5,.909,0.4,1.4,1.9,0.6,0.1,0.1,0.5,0.8,2.2,2014
12821,96,Norris Cole,PG,25,MIA,82,6,24.6,2.5,6.1,.414,0.7,2.1,.345,1.8,4.0,.451,.474,0.6,0.8,.779,0.2,1.7,2.0,3.0,0.9,0.1,1.5,1.9,6.4,2014
12822,97,Jason Collins,C,35,BRK,22,1,7.8,0.5,1.1,.458,0.0,0.1,.000,0.5,1.0,.524,.458,0.1,0.2,.750,0.3,0.5,0.9,0.2,0.4,0.0,0.3,1.4,1.1,2014
12823,98,Darren Collison,PG,26,LAC,80,35,25.9,4.1,8.7,.467,0.9,2.4,.376,3.2,6.3,.501,.518,2.4,2.8,.857,0.6,1.8,2.4,3.7,1.2,0.2,1.7,1.9,11.4,2014
12824,99,Nick Collison,PF,33,OKC,81,0,16.7,1.7,3.0,.556,0.0,0.2,.235,1.6,2.8,.580,.564,0.8,1.1,.710,1.4,2.2,3.6,1.3,0.4,0.3,0.9,2.3,4.2,2014
12825,100,Mike Conley,PG,26,MEM,73,73,33.5,6.3,14.1,.450,1.4,4.0,.361,4.9,10.1,.484,.500,3.1,3.8,.815,0.6,2.4,2.9,6.0,1.5,0.2,2.1,1.9,17.2,2014
12826,Rk,Player,Pos,Age,Tm,G,GS,MP,FG,FGA,FG%,3P,3PA,3P%,2P,2PA,2P%,eFG%,FT,FTA,FT%,ORB,DRB,TRB,AST,STL,BLK,TOV,PF,PTS,2014
12827,101,Chris Copeland,SF,29,IND,41,0,6.5,1.3,2.9,.470,0.8,1.9,.418,0.5,0.9,.579,.611,0.2,0.3,.714,0.2,0.6,0.8,0.4,0.1,0.2,0.3,0.9,3.7,2014
12828,102,DeMarcus Cousins,C,23,SAC,71,71,32.4,8.3,16.8,.496,0.0,0.1,.000,8.3,16.7,.499,.496,6.1,8.4,.726,3.1,8.6,11.7,2.9,1.5,1.3,3.5,3.8,22.7,2014
12829,103,Robert Covington,SF,23,HOU,7,0,4.9,0.9,2.0,.429,0.6,1.6,.364,0.3,0.4,.667,.571,0.0,0.0,,0.3,0.4,0.7,0.0,0.3,0.0,0.1,0.4,2.3,2014
12830,104,Allen Crabbe,SG,21,POR,15,0,6.7,0.8,2.2,.364,0.4,0.9,.429,0.4,1.3,.316,.455,0.2,0.3,.750,0.1,0.5,0.6,0.4,0.1,0.1,0.2,0.7,2.2,2014
12831,105,Jamal Crawford,SG,33,LAC,69,24,30.3,6.1,14.7,.416,2.3,6.5,.361,3.8,8.2,.460,.496,4.0,4.7,.866,0.5,1.8,2.3,3.2,0.9,0.2,2.0,1.7,18.6,2014
12832,106,Jordan Crawford,SG-PG,25,TOT,81,35,23.0,4.0,9.7,.415,1.1,3.5,.316,2.9,6.2,.471,.472,1.8,2.1,.864,0.3,1.9,2.3,3.5,0.6,0.1,1.7,1.5,11.0,2014
12833,106,Jordan Crawford,PG,25,BOS,39,35,30.7,4.8,11.7,.413,1.3,4.0,.318,3.5,7.6,.463,.468,2.8,3.2,.873,0.5,2.6,3.1,5.7,0.9,0.1,2.2,1.9,13.7,2014
12834,106,Jordan Crawford,SG,25,GSW,42,0,15.7,3.3,7.9,.417,1.0,3.0,.313,2.4,4.9,.483,.477,0.9,1.0,.837,0.2,1.3,1.5,1.4,0.3,0.0,1.2,1.0,8.4,2014
12835,107,Jae Crowder,SF,23,DAL,78,8,16.1,1.7,3.8,.439,0.6,1.9,.331,1.0,1.9,.552,.524,0.6,0.8,.754,0.6,1.9,2.5,0.8,0.8,0.3,0.5,1.3,4.6,2014
12836,108,Dante Cunningham,PF,26,MIN,81,7,20.2,2.9,6.3,.464,0.0,0.1,.000,2.9,6.2,.468,.464,0.5,0.8,.567,1.4,2.7,4.1,1.0,0.8,0.7,0.5,1.8,6.3,2014
12837,109,Jared Cunningham,SG,22,TOT,13,0,6.2,0.5,1.6,.286,0.1,0.5,.143,0.4,1.1,.357,.310,1.0,1.2,.813,0.1,0.4,0.5,0.6,0.2,0.0,0.2,1.2,2.0,2014
12838,109,Jared Cunningham,SG,22,ATL,5,0,4.4,0.2,0.4,.500,0.0,0.2,.000,0.2,0.2,1.000,.500,0.0,0.4,.000,0.0,0.2,0.2,0.6,0.0,0.0,0.4,0.6,0.4,2014
12839,109,Jared Cunningham,SG,22,SAC,8,0,7.3,0.6,2.4,.263,0.1,0.8,.167,0.5,1.6,.308,.289,1.6,1.8,.929,0.1,0.5,0.6,0.6,0.4,0.0,0.0,1.6,3.0,2014
12840,110,Seth Curry,PG,23,TOT,2,0,6.5,0.5,1.5,.333,0.5,0.5,1.000,0.0,1.0,.000,.500,0.0,0.0,,0.0,0.5,0.5,0.0,1.0,0.0,0.0,0.0,1.5,2014
12841,110,Seth Curry,PG,23,MEM,1,0,4.0,0.0,0.0,,0.0,0.0,,0.0,0.0,,,0.0,0.0,,0.0,0.0,0.0,0.0,0.0,0.0,0.0,0.0,0.0,2014
12842,110,Seth Curry,PG,23,CLE,1,0,9.0,1.0,3.0,.333,1.0,1.0,1.000,0.0,2.0,.000,.500,0.0,0.0,,0.0,1.0,1.0,0.0,2.0,0.0,0.0,0.0,3.0,2014
12843,111,Stephen Curry,PG,25,GSW,78,78,36.5,8.4,17.7,.471,3.3,7.9,.424,5.0,9.8,.509,.566,3.9,4.5,.885,0.6,3.7,4.3,8.5,1.6,0.2,3.8,2.5,24.0,2014
12844,112,Samuel Dalembert,C,32,DAL,80,68,20.2,2.7,4.7,.568,0.0,0.0,.000,2.7,4.7,.569,.568,1.3,1.7,.737,2.5,4.3,6.8,0.5,0.5,1.2,1.1,2.6,6.6,2014
12845,113,Troy Daniels,SG,22,HOU,5,1,15.0,3.0,6.2,.484,2.4,5.0,.480,0.6,1.2,.500,.677,0.0,0.0,,0.0,0.8,0.8,1.0,0.0,0.0,0.6,1.2,8.4,2014
12846,114,Gigi Datome,SF,26,DET,34,0,7.0,1.0,2.9,.351,0.2,1.1,.179,0.8,1.7,.466,.387,0.2,0.3,.800,0.4,0.9,1.4,0.3,0.2,0.0,0.3,0.6,2.4,2014
12847,115,Brandon Davies,PF,22,PHI,51,0,11.3,1.1,2.5,.422,0.0,0.2,.200,1.0,2.3,.441,.430,0.7,1.0,.642,0.7,1.4,2.1,0.5,0.5,0.2,0.7,1.8,2.8,2014
12848,116,Anthony Davis,PF,20,NOP,67,66,35.2,7.8,15.0,.519,0.0,0.1,.222,7.8,14.9,.522,.520,5.2,6.6,.791,3.1,7.0,10.0,1.6,1.3,2.8,1.6,3.0,20.8,2014
12849,117,Ed Davis,PF,24,MEM,63,4,15.2,2.5,4.6,.534,0.0,0.0,,2.5,4.6,.534,.534,0.7,1.4,.528,1.5,2.7,4.1,0.4,0.3,0.7,0.6,1.8,5.7,2014
12850,118,Glen Davis,PF,28,TOT,68,44,24.4,4.0,8.7,.457,0.1,0.2,.364,3.9,8.6,.459,.460,1.4,2.0,.693,1.6,3.6,5.2,1.1,0.9,0.4,1.1,2.3,9.4,2014
12851,118,Glen Davis,PF,28,ORL,45,43,30.1,5.2,11.4,.453,0.1,0.2,.400,5.1,11.2,.454,.457,1.7,2.5,.675,1.9,4.3,6.3,1.6,1.0,0.5,1.3,2.5,12.1,2014
12852,118,Glen Davis,PF,28,LAC,23,1,13.4,1.7,3.5,.481,0.0,0.0,.000,1.7,3.5,.488,.481,0.8,1.0,.783,0.9,2.1,3.0,0.3,0.5,0.3,0.7,2.1,4.2,2014
12853,119,Austin Daye,SF,25,TOT,22,1,6.7,1.1,3.1,.353,0.5,1.7,.324,0.5,1.4,.387,.441,0.3,0.5,.600,0.2,1.0,1.2,0.4,0.2,0.2,0.2,0.8,3.0,2014
12854,119,Austin Daye,SF,25,TOR,8,0,4.1,0.4,1.6,.231,0.0,1.0,.000,0.4,0.6,.600,.231,0.3,0.4,.667,0.3,0.6,0.9,0.3,0.0,0.0,0.0,0.5,1.0,2014
12855,119,Austin Daye,SF,25,SAS,14,1,8.2,1.5,3.9,.382,0.9,2.1,.414,0.6,1.9,.346,.491,0.3,0.5,.571,0.2,1.2,1.4,0.4,0.3,0.3,0.4,1.0,4.1,2014
12856,120,Nando De Colo,SF,26,TOT,47,3,10.5,1.4,3.3,.418,0.4,1.1,.340,1.0,2.1,.460,.477,0.7,0.7,.886,0.3,1.3,1.6,1.4,0.5,0.1,0.7,1.0,3.8,2014
12857,120,Nando De Colo,SF,26,SAS,26,3,11.6,1.6,3.6,.452,0.4,1.2,.323,1.2,2.4,.516,.505,0.7,0.8,.818,0.2,1.5,1.7,1.2,0.6,0.1,0.8,1.0,4.3,2014
12858,120,Nando De Colo,SF,26,TOR,21,0,9.2,1.0,2.9,.367,0.4,1.0,.364,0.7,1.8,.368,.433,0.6,0.6,1.000,0.4,1.0,1.3,1.6,0.3,0.1,0.7,1.1,3.1,2014
12859,Rk,Player,Pos,Age,Tm,G,GS,MP,FG,FGA,FG%,3P,3PA,3P%,2P,2PA,2P%,eFG%,FT,FTA,FT%,ORB,DRB,TRB,AST,STL,BLK,TOV,PF,PTS,2014
12860,121,Dewayne Dedmon,C,24,TOT,31,6,12.6,1.2,2.7,.458,0.0,0.0,,1.2,2.7,.458,.458,0.7,1.0,.656,1.2,2.9,4.1,0.2,0.2,0.7,0.6,2.1,3.1,2014
12861,121,Dewayne Dedmon,C,24,GSW,4,0,1.5,0.0,0.3,.000,0.0,0.0,,0.0,0.3,.000,.000,0.3,0.5,.500,0.0,0.0,0.0,0.0,0.0,0.0,0.0,0.3,0.3,2014
12862,121,Dewayne Dedmon,C,24,PHI,11,0,13.6,1.4,2.6,.517,0.0,0.0,,1.4,2.6,.517,.517,0.6,1.2,.538,1.0,3.5,4.5,0.3,0.0,0.8,0.8,2.5,3.4,2014
12863,121,Dewayne Dedmon,C,24,ORL,16,6,14.6,1.4,3.3,.434,0.0,0.0,,1.4,3.3,.434,.434,0.8,1.1,.765,1.7,3.2,4.9,0.1,0.4,0.8,0.6,2.3,3.7,2014
12864,122,Matthew Dellavedova,SG,23,CLE,72,4,17.7,1.7,4.1,.412,0.8,2.2,.368,0.9,2.0,.461,.508,0.5,0.7,.792,0.4,1.3,1.7,2.6,0.5,0.1,0.8,1.7,4.7,2014
12865,123,Luol Deng,SF,28,TOT,63,63,35.1,5.9,13.7,.431,0.9,3.0,.302,5.0,10.7,.468,.465,3.4,4.3,.791,1.6,4.2,5.7,2.9,1.0,0.1,1.8,1.8,16.0,2014
12866,123,Luol Deng,SF,28,CHI,23,23,37.4,7.0,15.4,.452,0.7,2.7,.274,6.2,12.7,.490,.476,4.4,5.4,.815,1.7,5.1,6.9,3.7,1.0,0.2,2.6,2.3,19.0,2014
12867,123,Luol Deng,SF,28,CLE,40,40,33.8,5.3,12.7,.417,1.0,3.2,.315,4.3,9.5,.451,.457,2.8,3.6,.771,1.5,3.6,5.1,2.5,1.0,0.1,1.4,1.5,14.3,2014
12868,124,DeMar DeRozan,SG,24,TOR,79,79,38.2,7.6,17.8,.429,0.8,2.7,.305,6.8,15.2,.451,.452,6.6,8.0,.824,0.6,3.7,4.3,4.0,1.1,0.4,2.2,2.5,22.7,2014
12869,125,Boris Diaw,PF,31,SAS,79,24,25.0,3.8,7.3,.521,0.6,1.4,.402,3.3,5.9,.549,.559,0.9,1.2,.739,0.9,3.2,4.1,2.8,0.6,0.4,1.5,1.8,9.1,2014
12870,126,Gorgui Dieng,C,24,MIN,60,15,13.6,1.9,3.8,.498,0.0,0.0,1.000,1.9,3.8,.496,.500,1.0,1.6,.634,1.7,3.3,5.0,0.7,0.5,0.8,0.9,1.8,4.8,2014
12871,127,Toney Douglas,PG,27,TOT,51,17,13.2,1.4,3.7,.384,0.6,2.0,.304,0.8,1.7,.477,.466,0.5,0.7,.735,0.4,1.4,1.7,1.3,0.4,0.1,0.7,1.6,4.0,2014
12872,127,Toney Douglas,PG,27,GSW,24,0,11.0,1.3,3.6,.372,0.8,2.5,.322,0.5,1.1,.481,.483,0.2,0.3,.625,0.2,0.9,1.1,0.8,0.3,0.1,0.7,1.4,3.7,2014
12873,127,Toney Douglas,PG,27,MIA,27,17,15.2,1.5,3.9,.394,0.4,1.6,.279,1.1,2.3,.475,.452,0.7,1.0,.769,0.5,1.7,2.3,1.8,0.5,0.1,0.7,1.7,4.2,2014
12874,128,Chris Douglas-Roberts,SF,27,CHA,49,8,20.7,2.3,5.1,.440,1.0,2.7,.386,1.2,2.4,.500,.542,1.3,1.7,.805,0.3,2.1,2.4,1.0,0.6,0.3,0.7,1.2,6.9,2014
12875,129,Goran Dragić,SG,27,PHO,76,75,35.1,7.3,14.4,.505,1.6,3.9,.408,5.7,10.4,.542,.561,4.2,5.5,.760,0.9,2.3,3.2,5.9,1.4,0.3,2.8,2.7,20.3,2014
12876,130,Andre Drummond,C,20,DET,81,81,32.3,5.9,9.5,.623,0.0,0.0,.000,5.9,9.5,.625,.623,1.7,4.0,.418,5.4,7.8,13.2,0.4,1.2,1.6,1.4,3.4,13.5,2014
12877,131,Jared Dudley,SF,28,LAC,74,43,23.4,2.6,6.0,.438,1.1,3.0,.360,1.6,3.0,.518,.529,0.5,0.8,.655,0.5,1.7,2.2,1.4,0.6,0.1,0.8,2.0,6.9,2014
12878,132,Tim Duncan*,C,37,SAS,74,74,29.2,6.0,12.2,.490,0.0,0.1,.000,6.0,12.2,.493,.490,3.1,4.3,.731,2.1,7.6,9.7,3.0,0.6,1.9,2.1,1.8,15.1,2014
12879,133,Mike Dunleavy,SF,33,CHI,82,61,31.5,4.1,9.4,.430,1.5,4.0,.380,2.6,5.5,.467,.510,1.7,2.0,.854,0.6,3.6,4.2,2.3,0.8,0.6,1.3,2.0,11.3,2014
12880,134,Kevin Durant,SF,25,OKC,81,81,38.5,10.5,20.8,.503,2.4,6.1,.391,8.1,14.8,.549,.560,8.7,9.9,.873,0.7,6.7,7.4,5.5,1.3,0.7,3.5,2.1,32.0,2014
12881,135,Shane Edwards,SF,26,CLE,2,0,6.0,0.5,1.5,.333,0.0,0.0,,0.5,1.5,.333,.333,0.0,0.0,,0.5,0.5,1.0,0.0,0.0,0.0,0.5,0.5,1.0,2014
12882,136,Wayne Ellington,SG,26,DAL,45,1,8.7,1.2,2.8,.437,0.6,1.3,.424,0.7,1.5,.448,.536,0.2,0.2,.909,0.2,0.8,1.0,0.4,0.4,0.0,0.2,0.7,3.2,2014
12883,137,Monta Ellis,SG,28,DAL,82,82,36.9,7.0,15.6,.451,0.8,2.5,.330,6.2,13.0,.474,.478,4.1,5.2,.788,0.5,3.1,3.6,5.7,1.7,0.3,3.2,2.4,19.0,2014
12884,138,Melvin Ely,C,35,NOP,2,0,13.5,1.5,3.0,.500,0.0,0.0,,1.5,3.0,.500,.500,0.0,0.0,,0.0,0.5,0.5,0.0,0.0,0.5,0.0,2.5,3.0,2014
12885,139,Jeremy Evans,SF,26,UTA,66,4,18.3,2.7,5.0,.527,0.0,0.0,.000,2.7,5.0,.530,.527,0.8,1.1,.680,1.8,2.9,4.7,0.7,0.6,0.7,0.6,2.1,6.1,2014
12886,140,Reggie Evans,PF,33,TOT,54,20,16.6,1.3,2.8,.473,0.0,0.0,,1.3,2.8,.473,.473,1.3,2.4,.554,2.1,4.1,6.2,0.4,0.7,0.1,1.1,2.2,4.0,2014
12887,140,Reggie Evans,PF,33,BRK,30,6,13.3,0.8,2.0,.390,0.0,0.0,,0.8,2.0,.390,.390,1.2,2.2,.538,1.8,3.2,5.0,0.2,0.4,0.1,0.9,1.8,2.7,2014
12888,140,Reggie Evans,PF,33,SAC,24,14,20.8,2.0,3.8,.527,0.0,0.0,,2.0,3.8,.527,.527,1.5,2.7,.569,2.6,5.1,7.7,0.7,1.0,0.0,1.3,2.7,5.5,2014
12889,Rk,Player,Pos,Age,Tm,G,GS,MP,FG,FGA,FG%,3P,3PA,3P%,2P,2PA,2P%,eFG%,FT,FTA,FT%,ORB,DRB,TRB,AST,STL,BLK,TOV,PF,PTS,2014
12890,141,Tyreke Evans,SF,24,NOP,72,22,28.2,5.4,12.5,.436,0.3,1.3,.221,5.1,11.1,.461,.448,3.3,4.3,.771,1.1,3.7,4.7,5.0,1.2,0.3,2.4,2.2,14.5,2014
12891,142,Kenneth Faried,PF,24,DEN,80,77,27.2,5.6,10.3,.545,0.0,0.0,.000,5.6,10.2,.547,.545,2.5,3.9,.650,3.0,5.6,8.6,1.2,0.9,0.9,1.7,2.4,13.7,2014
12892,143,Jordan Farmar,PG,27,LAL,41,5,22.2,3.7,8.9,.415,1.7,3.9,.438,2.0,5.0,.397,.511,1.1,1.4,.746,0.5,2.0,2.5,4.9,0.9,0.2,2.3,1.6,10.1,2014
12893,144,Vítor Luiz Faverani,C,25,BOS,37,8,13.2,1.7,4.0,.435,0.3,1.1,.300,1.4,2.9,.486,.476,0.6,1.0,.649,1.1,2.3,3.5,0.4,0.4,0.7,1.1,2.0,4.4,2014
12894,145,Derrick Favors,PF,22,UTA,73,73,30.2,5.3,10.2,.522,0.0,0.0,.000,5.3,10.2,.523,.522,2.6,3.9,.669,2.7,6.0,8.7,1.2,1.0,1.5,1.8,3.2,13.3,2014
12895,146,Carrick Felix,SG,23,CLE,7,0,5.4,1.0,2.0,.500,0.3,0.7,.400,0.7,1.3,.556,.571,0.4,0.6,.750,0.1,0.7,0.9,0.6,0.0,0.0,0.6,0.6,2.7,2014
12896,147,Raymond Felton,PG,29,NYK,65,65,31.0,3.7,9.4,.395,1.0,3.0,.318,2.7,6.4,.431,.446,1.4,1.9,.721,0.8,2.2,3.0,5.6,1.2,0.4,2.0,2.4,9.7,2014
12897,148,Landry Fields,SF,25,TOR,30,2,10.7,0.9,2.2,.403,0.0,0.2,.000,0.9,2.1,.435,.403,0.5,0.7,.636,0.5,1.5,2.0,0.7,0.3,0.1,0.4,0.8,2.3,2014
12898,149,Derek Fisher,SG,39,OKC,81,0,17.6,1.7,4.5,.391,1.1,2.8,.384,0.7,1.6,.402,.512,0.7,0.9,.775,0.1,1.4,1.5,1.4,0.9,0.0,0.6,1.9,5.2,2014
12899,150,Evan Fournier,SG,21,DEN,76,4,19.8,3.0,7.2,.419,1.2,3.1,.376,1.8,4.0,.453,.501,1.2,1.6,.756,0.4,2.2,2.7,1.5,0.4,0.1,1.3,2.4,8.4,2014
12900,151,Randy Foye,SG,30,DEN,81,78,30.7,4.5,10.8,.413,2.3,6.1,.380,2.1,4.7,.456,.521,1.9,2.3,.849,0.4,2.4,2.9,3.5,0.8,0.5,1.8,2.5,13.2,2014
12901,152,Jamaal Franklin,SG,22,MEM,21,0,7.7,0.8,1.9,.410,0.2,0.5,.455,0.5,1.3,.393,.474,0.1,0.1,1.000,0.2,0.9,1.1,0.3,0.2,0.1,0.5,1.1,1.9,2014
12902,153,Jimmer Fredette,SG,24,TOT,49,0,10.6,2.2,4.6,.471,0.8,1.7,.476,1.4,2.9,.469,.559,0.4,0.4,.905,0.2,0.9,1.1,1.3,0.3,0.1,1.0,0.7,5.6,2014
12903,153,Jimmer Fredette,SG,24,SAC,41,0,11.3,2.3,4.8,.475,0.9,1.8,.493,1.4,3.0,.464,.566,0.4,0.5,.895,0.2,0.9,1.1,1.5,0.3,0.1,1.1,0.7,5.9,2014
12904,153,Jimmer Fredette,SG,24,CHI,8,0,7.0,1.6,3.6,.448,0.5,1.4,.364,1.1,2.3,.500,.517,0.3,0.3,1.000,0.1,0.8,0.9,0.4,0.0,0.0,0.5,0.9,4.0,2014
12905,154,Enes Freedom,C,21,UTA,80,37,26.7,5.2,10.7,.491,0.0,0.0,.000,5.2,10.7,.492,.491,1.9,2.6,.730,2.8,4.7,7.5,0.9,0.4,0.5,1.8,2.9,12.3,2014
12906,155,Joel Freeland,C,26,POR,52,0,14.0,1.5,3.1,.475,0.0,0.0,.000,1.5,3.1,.481,.475,0.4,0.6,.690,1.7,2.3,4.0,0.7,0.2,0.4,0.6,1.8,3.3,2014
12907,156,Channing Frye,PF,30,PHO,82,82,28.2,4.1,9.5,.432,2.0,5.3,.370,2.1,4.2,.509,.535,1.0,1.2,.821,0.9,4.2,5.1,1.2,0.7,0.8,1.1,3.0,11.1,2014
12908,157,Francisco García,SF,32,HOU,55,4,19.7,2.1,5.3,.401,1.3,3.5,.358,0.9,1.8,.485,.519,0.2,0.3,.526,0.4,1.8,2.2,1.1,0.5,0.6,0.5,2.2,5.7,2014
12909,158,Kevin Garnett*,C,37,BRK,54,54,20.5,2.9,6.6,.441,0.0,0.1,.000,2.9,6.5,.445,.441,0.7,0.9,.809,1.1,5.5,6.6,1.5,0.8,0.7,1.3,2.3,6.5,2014
12910,159,Diante Garrett,PG,25,UTA,71,0,14.8,1.4,3.7,.381,0.5,1.4,.375,0.9,2.4,.385,.449,0.1,0.2,.833,0.2,1.2,1.4,1.7,0.6,0.1,1.1,1.1,3.5,2014
12911,160,Marc Gasol,C,29,MEM,59,59,33.4,5.7,12.1,.473,0.0,0.2,.182,5.7,11.9,.477,.474,3.1,4.1,.768,1.4,5.8,7.2,3.6,1.0,1.3,1.9,2.5,14.6,2014
12912,Rk,Player,Pos,Age,Tm,G,GS,MP,FG,FGA,FG%,3P,3PA,3P%,2P,2PA,2P%,eFG%,FT,FTA,FT%,ORB,DRB,TRB,AST,STL,BLK,TOV,PF,PTS,2014
12913,161,Pau Gasol,C,33,LAL,60,60,31.4,7.1,14.8,.480,0.1,0.2,.286,7.0,14.5,.483,.482,3.1,4.2,.736,2.1,7.6,9.7,3.4,0.5,1.5,2.4,2.1,17.4,2014
12914,162,Rudy Gay,SF,27,TOT,73,73,34.7,7.4,16.2,.455,0.9,2.7,.330,6.5,13.5,.481,.483,4.4,5.3,.822,1.5,4.4,6.0,2.9,1.3,0.8,3.1,2.3,20.0,2014
12915,162,Rudy Gay,SF,27,TOR,18,18,35.5,7.2,18.6,.388,1.2,3.3,.373,6.0,15.3,.391,.421,3.8,4.9,.773,1.6,5.8,7.4,2.2,1.6,1.3,3.3,2.6,19.4,2014
12916,162,Rudy Gay,SF,27,SAC,55,55,34.4,7.4,15.3,.482,0.8,2.5,.312,6.6,12.8,.516,.508,4.5,5.4,.836,1.5,4.0,5.5,3.1,1.2,0.6,3.0,2.3,20.1,2014
12917,163,Alonzo Gee,SF,26,CLE,65,24,15.7,1.5,3.6,.415,0.3,0.9,.328,1.2,2.7,.444,.456,0.7,0.9,.705,0.5,1.8,2.3,0.7,0.6,0.2,0.7,1.5,4.0,2014
12918,164,Paul George,SF,23,IND,80,80,36.2,7.2,17.0,.424,2.3,6.3,.364,4.9,10.8,.458,.490,5.0,5.8,.864,0.8,6.0,6.8,3.5,1.9,0.3,2.8,2.5,21.7,2014
12919,165,Taj Gibson,PF,28,CHI,82,8,28.7,5.2,10.9,.479,0.0,0.1,.000,5.2,10.8,.483,.479,2.6,3.4,.751,2.4,4.4,6.8,1.1,0.5,1.4,1.8,2.5,13.0,2014
12920,166,Manu Ginóbili*,SG,36,SAS,68,3,22.8,4.3,9.2,.469,1.3,3.8,.349,3.0,5.4,.553,.541,2.4,2.8,.851,0.4,2.5,3.0,4.3,1.0,0.3,2.0,1.9,12.3,2014
12921,167,Rudy Gobert,C,21,UTA,45,0,9.6,0.8,1.6,.486,0.0,0.0,,0.8,1.6,.486,.486,0.7,1.4,.492,1.1,2.3,3.4,0.2,0.2,0.9,0.7,1.3,2.3,2014
12922,168,Ryan Gomes,SF,31,OKC,5,0,6.8,0.6,1.6,.375,0.0,0.4,.000,0.6,1.2,.500,.375,0.0,0.0,,0.0,0.8,0.8,0.2,0.0,0.0,0.2,1.0,1.2,2014
12923,169,Drew Gooden,C,32,WAS,22,0,18.0,3.5,6.5,.531,0.3,0.8,.412,3.1,5.7,.548,.556,1.1,1.2,.889,1.7,3.5,5.2,0.7,0.5,0.3,0.8,2.4,8.3,2014
12924,170,Archie Goodwin,SG,19,PHO,52,0,10.3,1.5,3.2,.455,0.1,0.7,.139,1.4,2.5,.542,.470,0.7,1.1,.673,0.5,1.2,1.7,0.4,0.4,0.2,0.8,0.9,3.7,2014
12925,171,Ben Gordon,SG,30,CHA,19,0,14.7,1.9,5.7,.343,0.4,1.5,.276,1.5,4.2,.367,.380,0.9,1.1,.810,0.2,1.3,1.4,1.1,0.5,0.1,1.1,0.9,5.2,2014
12926,172,Eric Gordon,SG,25,NOP,64,64,32.1,5.6,12.8,.436,1.6,4.0,.391,4.0,8.7,.456,.498,2.7,3.5,.785,0.5,2.1,2.6,3.3,1.2,0.2,2.1,1.8,15.4,2014
12927,173,Marcin Gortat,C,29,WAS,81,80,32.8,5.6,10.4,.542,0.0,0.0,1.000,5.6,10.4,.541,.542,1.9,2.8,.686,2.5,7.0,9.5,1.7,0.5,1.5,1.6,2.5,13.2,2014
12928,174,Danny Granger,SF,30,TOT,41,2,20.7,2.8,7.5,.378,1.0,3.1,.336,1.8,4.4,.408,.448,1.5,1.6,.940,0.8,2.5,3.2,1.0,0.3,0.4,1.1,1.5,8.2,2014
12929,174,Danny Granger,SF,30,IND,29,2,22.5,2.8,7.7,.359,1.1,3.2,.330,1.7,4.4,.380,.428,1.8,1.8,.962,0.8,2.8,3.6,1.1,0.3,0.4,1.2,1.4,8.3,2014
12930,174,Danny Granger,SF,30,LAC,12,0,16.2,3.0,7.0,.429,1.0,2.8,.353,2.0,4.2,.480,.500,1.0,1.2,.857,0.6,1.8,2.3,0.7,0.3,0.3,0.8,1.8,8.0,2014
12931,175,Aaron Gray,C,29,TOT,37,6,9.6,0.7,1.6,.443,0.0,0.0,.000,0.7,1.6,.450,.443,0.3,0.5,.550,1.1,1.9,3.0,0.6,0.3,0.2,0.8,1.7,1.8,2014
12932,175,Aaron Gray,C,29,TOR,4,0,5.0,0.5,0.8,.667,0.0,0.0,,0.5,0.8,.667,.667,0.3,0.5,.500,0.8,1.3,2.0,0.8,0.0,0.0,1.0,1.8,1.3,2014
12933,175,Aaron Gray,C,29,SAC,33,6,10.2,0.8,1.8,.431,0.0,0.0,.000,0.8,1.7,.439,.431,0.3,0.5,.556,1.2,1.9,3.1,0.6,0.3,0.2,0.8,1.7,1.8,2014
12934,176,Danny Green,SG,26,SAS,68,59,24.3,3.2,7.4,.432,1.9,4.7,.415,1.3,2.8,.460,.562,0.7,0.9,.794,0.4,3.0,3.4,1.5,1.0,0.9,1.1,1.6,9.1,2014
12935,177,Draymond Green,SF,23,GSW,82,12,21.9,2.3,5.6,.407,0.7,2.0,.333,1.6,3.6,.449,.467,1.0,1.5,.667,1.0,3.9,5.0,1.9,1.2,0.9,1.1,2.8,6.2,2014
12936,178,Gerald Green,SG,28,PHO,82,48,28.4,5.5,12.3,.445,2.5,6.2,.400,3.0,6.0,.492,.547,2.4,2.8,.848,0.6,2.8,3.4,1.5,0.9,0.5,1.8,2.7,15.8,2014
12937,179,Jeff Green,SF,27,BOS,82,82,34.2,5.9,14.3,.412,1.6,4.8,.341,4.2,9.5,.448,.469,3.5,4.3,.795,0.7,4.0,4.6,1.7,0.7,0.6,2.0,2.2,16.9,2014
12938,180,Willie Green,SG,32,LAC,55,9,15.8,1.9,4.9,.376,0.7,2.2,.339,1.1,2.7,.407,.452,0.5,0.6,.824,0.2,1.2,1.4,0.9,0.4,0.2,0.6,1.7,5.0,2014
12939,Rk,Player,Pos,Age,Tm,G,GS,MP,FG,FGA,FG%,3P,3PA,3P%,2P,2PA,2P%,eFG%,FT,FTA,FT%,ORB,DRB,TRB,AST,STL,BLK,TOV,PF,PTS,2014
12940,181,Blake Griffin,PF,24,LAC,80,80,35.8,9.0,17.0,.528,0.2,0.6,.273,8.8,16.4,.537,.533,6.0,8.4,.715,2.4,7.1,9.5,3.9,1.2,0.6,2.8,3.3,24.1,2014
12941,182,Jorge Gutiérrez,PG,25,BRK,15,2,16.3,1.7,3.6,.463,0.2,0.8,.250,1.5,2.8,.524,.491,0.6,0.8,.750,0.2,1.3,1.5,2.0,0.7,0.1,0.9,2.5,4.1,2014
12942,183,Jordan Hamilton,SF,23,TOT,60,12,17.0,2.5,6.3,.391,1.2,3.3,.354,1.3,3.0,.433,.484,0.7,0.9,.784,0.5,2.7,3.2,0.9,0.7,0.3,0.8,1.1,6.7,2014
12943,183,Jordan Hamilton,SF,23,DEN,39,11,17.2,2.5,6.5,.390,1.2,3.3,.349,1.4,3.2,.432,.478,0.6,0.8,.742,0.6,2.8,3.4,0.9,0.8,0.3,0.7,0.8,6.8,2014
12944,183,Jordan Hamilton,SF,23,HOU,21,1,16.6,2.3,5.8,.393,1.2,3.3,.362,1.1,2.5,.434,.496,0.8,1.0,.850,0.4,2.5,2.9,0.9,0.6,0.3,0.9,1.7,6.6,2014
12945,184,Justin Hamilton,C,23,TOT,8,0,9.0,1.1,2.5,.450,0.4,1.1,.333,0.8,1.4,.545,.525,0.6,0.6,1.000,0.5,0.4,0.9,0.0,0.6,0.0,0.5,1.0,3.3,2014
12946,184,Justin Hamilton,C,23,CHA,1,0,4.0,0.0,0.0,,0.0,0.0,,0.0,0.0,,,0.0,0.0,,0.0,0.0,0.0,0.0,1.0,0.0,1.0,0.0,0.0,2014
12947,184,Justin Hamilton,C,23,MIA,7,0,9.7,1.3,2.9,.450,0.4,1.3,.333,0.9,1.6,.545,.525,0.7,0.7,1.000,0.6,0.4,1.0,0.0,0.6,0.0,0.4,1.1,3.7,2014
12948,185,Tyler Hansbrough,PF,28,TOR,64,4,15.3,1.5,3.1,.474,0.0,0.0,.000,1.5,3.0,.479,.474,2.0,2.9,.681,1.9,2.6,4.5,0.3,0.4,0.3,0.7,2.1,4.9,2014
12949,186,Tim Hardaway Jr.,SG,21,NYK,81,1,23.1,3.6,8.5,.428,1.6,4.4,.363,2.0,4.1,.498,.523,1.3,1.6,.828,0.2,1.3,1.5,0.8,0.5,0.1,0.6,1.8,10.2,2014
12950,187,James Harden,SG,24,HOU,73,73,38.0,7.5,16.5,.456,2.4,6.6,.366,5.1,9.9,.515,.529,7.9,9.1,.866,0.8,3.9,4.7,6.1,1.6,0.4,3.6,2.4,25.4,2014
12951,188,Maurice Harkless,SF,20,ORL,80,41,24.4,2.8,6.0,.464,0.7,1.9,.383,2.1,4.1,.502,.525,1.1,1.8,.594,0.9,2.4,3.3,1.0,1.2,0.6,1.1,1.8,7.4,2014
12952,189,Josh Harrellson,C,24,DET,32,0,9.9,1.2,2.6,.463,0.4,1.0,.387,0.8,1.6,.510,.537,0.2,0.2,.714,0.9,1.4,2.4,0.5,0.2,0.5,0.3,1.4,2.9,2014
12953,190,Al Harrington,PF,33,WAS,34,0,15.0,2.4,6.1,.396,1.0,2.9,.340,1.4,3.1,.449,.478,0.8,1.0,.771,0.4,1.9,2.4,0.8,0.4,0.0,1.0,2.1,6.6,2014
12954,191,Devin Harris,PG,30,DAL,40,0,20.5,2.4,6.4,.378,0.8,2.5,.307,1.6,3.8,.425,.439,2.3,2.9,.800,0.2,1.9,2.1,4.5,0.7,0.1,1.5,1.8,7.9,2014
12955,192,Elias Harris,SF,24,LAL,2,0,5.5,0.0,0.5,.000,0.0,0.0,,0.0,0.5,.000,.000,0.0,0.0,,0.5,0.0,0.5,0.5,0.5,0.0,0.0,0.0,0.0,2014
12956,193,Manny Harris,SG,24,LAL,9,0,20.0,3.1,7.8,.400,0.8,2.2,.350,2.3,5.6,.420,.450,1.1,1.3,.833,0.8,3.0,3.8,1.2,0.4,0.1,1.0,1.1,8.1,2014
12957,194,Mike Harris,PF,30,UTA,20,0,11.3,1.5,3.1,.475,0.0,0.1,.000,1.5,3.0,.492,.475,1.3,1.4,.963,0.8,0.9,1.7,0.3,0.8,0.4,0.6,1.8,4.2,2014
12958,195,Tobias Harris,PF,21,ORL,61,36,30.3,5.4,11.7,.464,0.5,2.1,.254,4.9,9.7,.508,.486,3.2,4.0,.807,1.4,5.5,7.0,1.3,0.7,0.4,1.3,2.3,14.6,2014
12959,196,Udonis Haslem,PF,33,MIA,46,18,14.2,1.6,3.2,.507,0.0,0.0,,1.6,3.2,.507,.507,0.5,1.0,.568,0.9,2.9,3.8,0.3,0.2,0.3,0.5,1.7,3.8,2014
12960,197,Spencer Hawes,C,25,TOT,80,78,30.9,5.0,11.0,.456,1.6,3.9,.416,3.4,7.2,.478,.529,1.5,1.9,.783,1.6,6.6,8.3,3.0,0.6,1.2,2.2,3.0,13.2,2014
12961,197,Spencer Hawes,C,25,PHI,53,53,31.4,5.0,11.1,.451,1.5,3.8,.399,3.5,7.2,.478,.520,1.5,1.9,.782,1.7,6.9,8.5,3.3,0.6,1.3,2.2,2.9,13.0,2014
12962,197,Spencer Hawes,C,25,CLE,27,25,29.8,5.1,11.0,.468,1.7,3.9,.448,3.4,7.1,.479,.547,1.5,1.9,.784,1.6,6.1,7.7,2.4,0.5,1.0,2.0,3.1,13.5,2014
12963,198,Chuck Hayes,C,30,TOT,61,1,12.4,0.9,2.1,.431,0.0,0.0,.000,0.9,2.1,.434,.431,0.3,0.4,.800,1.1,2.3,3.4,0.6,0.6,0.2,0.5,1.6,2.2,2014
12964,198,Chuck Hayes,C,30,SAC,16,1,11.2,0.9,2.0,.438,0.0,0.0,,0.9,2.0,.438,.438,0.3,0.4,.714,1.3,1.7,2.9,0.4,0.7,0.1,0.4,1.1,2.1,2014
12965,198,Chuck Hayes,C,30,TOR,45,0,12.8,0.9,2.2,.429,0.0,0.0,.000,0.9,2.2,.433,.429,0.3,0.4,.833,1.1,2.5,3.6,0.6,0.5,0.2,0.6,1.7,2.2,2014
12966,199,Gordon Hayward,SF,23,UTA,77,77,36.4,5.5,13.4,.413,1.1,3.6,.304,4.4,9.8,.453,.454,4.0,4.9,.816,0.8,4.3,5.1,5.2,1.4,0.5,2.8,2.0,16.2,2014
12967,200,Gerald Henderson,SG,26,CHA,77,77,32.0,5.2,12.1,.433,0.5,1.5,.348,4.7,10.6,.445,.455,3.1,4.0,.761,0.4,3.6,4.0,2.6,0.7,0.4,1.5,2.1,14.0,2014
12968,Rk,Player,Pos,Age,Tm,G,GS,MP,FG,FGA,FG%,3P,3PA,3P%,2P,2PA,2P%,eFG%,FT,FTA,FT%,ORB,DRB,TRB,AST,STL,BLK,TOV,PF,PTS,2014
12969,201,Xavier Henry,SF,22,LAL,43,5,21.1,3.3,8.0,.417,0.7,1.9,.346,2.7,6.1,.439,.458,2.7,4.1,.655,0.6,2.1,2.7,1.2,1.0,0.2,1.3,1.8,10.0,2014
12970,202,John Henson,PF,23,MIL,70,23,26.5,4.9,9.1,.538,0.0,0.0,.000,4.9,9.1,.539,.538,1.3,2.5,.514,2.4,4.7,7.1,1.6,0.6,1.7,1.6,2.6,11.1,2014
12971,203,Roy Hibbert,C,27,IND,81,81,29.7,4.1,9.3,.439,0.0,0.1,.400,4.1,9.2,.439,.440,2.6,3.3,.770,2.5,4.1,6.6,1.1,0.4,2.2,1.8,3.3,10.8,2014
12972,204,J.J. Hickson,PF,25,DEN,69,52,26.9,4.8,9.5,.508,0.0,0.1,.000,4.8,9.4,.514,.508,2.2,4.2,.517,3.0,6.2,9.2,1.4,0.7,0.7,1.9,2.6,11.8,2014
12973,205,Nenê,PF,31,WAS,53,37,29.4,5.6,11.2,.503,0.0,0.1,.200,5.6,11.1,.506,.504,2.9,5.0,.583,1.2,4.3,5.5,2.9,1.2,0.9,2.2,3.1,14.2,2014
12974,206,George Hill,PG,27,IND,76,76,32.0,3.6,8.1,.442,1.3,3.4,.365,2.3,4.7,.497,.519,1.9,2.3,.807,0.7,3.0,3.7,3.5,1.0,0.3,1.2,2.1,10.3,2014
12975,207,Jordan Hill,PF,26,LAL,72,32,20.8,4.0,7.2,.549,0.0,0.0,.000,4.0,7.2,.550,.549,1.7,2.5,.685,2.7,4.7,7.4,0.8,0.4,0.9,1.0,2.4,9.7,2014
12976,208,Solomon Hill,SF,22,IND,28,0,8.1,0.6,1.4,.425,0.3,0.8,.304,0.4,0.6,.588,.513,0.2,0.3,.857,0.3,1.1,1.5,0.4,0.2,0.1,0.5,0.7,1.7,2014
12977,209,Kirk Hinrich,PG,33,CHI,73,61,29.0,3.3,8.5,.393,1.2,3.3,.351,2.2,5.2,.419,.461,1.3,1.7,.760,0.4,2.2,2.6,3.9,1.1,0.4,1.6,2.8,9.1,2014
12978,210,Jrue Holiday,PG,23,NOP,34,34,33.6,6.0,13.4,.447,0.9,2.3,.390,5.1,11.1,.459,.480,1.5,1.9,.810,0.8,3.4,4.2,7.9,1.6,0.4,3.1,2.7,14.3,2014
12979,211,Ryan Hollins,PF,29,LAC,61,0,7.9,0.9,1.2,.736,0.0,0.0,,0.9,1.2,.736,.736,0.6,0.9,.625,0.5,1.0,1.5,0.1,0.1,0.5,0.5,1.4,2.3,2014
12980,212,Scotty Hopson,SG,24,CLE,2,0,3.5,0.0,2.0,.000,0.0,1.0,.000,0.0,1.0,.000,.000,0.5,1.0,.500,0.0,0.0,0.0,0.5,0.5,0.0,0.0,0.0,0.5,2014
12981,213,Al Horford,C,27,ATL,29,29,33.0,8.2,14.5,.567,0.1,0.4,.364,8.1,14.1,.572,.571,2.0,2.9,.682,2.3,6.1,8.4,2.6,0.9,1.5,2.2,1.9,18.6,2014
12982,214,Dwight Howard,C,28,HOU,71,71,33.7,6.7,11.3,.591,0.0,0.1,.286,6.6,11.2,.594,.593,4.9,9.0,.547,3.3,8.9,12.2,1.8,0.8,1.8,3.2,3.4,18.3,2014
12983,215,Robbie Hummel,SF,24,MIN,53,5,12.4,1.3,3.3,.379,0.6,1.7,.360,0.7,1.7,.398,.469,0.3,0.3,.938,0.7,1.8,2.5,0.4,0.3,0.0,0.2,1.1,3.4,2014
12984,216,Kris Humphries,PF,28,BOS,69,30,19.9,3.3,6.7,.501,0.0,0.0,.000,3.3,6.7,.503,.501,1.7,2.1,.813,1.8,4.1,5.9,1.0,0.4,0.9,0.9,2.0,8.4,2014
12985,217,Serge Ibaka,PF,24,OKC,81,81,32.9,6.5,12.1,.536,0.3,0.7,.383,6.2,11.3,.546,.548,1.9,2.5,.784,2.8,6.0,8.8,1.0,0.5,2.7,1.5,2.9,15.1,2014
12986,218,Andre Iguodala,SF,30,GSW,63,63,32.4,3.5,7.3,.480,1.0,2.8,.354,2.5,4.5,.558,.548,1.4,2.1,.652,0.8,3.8,4.7,4.2,1.5,0.3,1.6,1.6,9.3,2014
12987,219,Ersan İlyasova,PF,26,MIL,55,47,26.9,4.3,10.5,.409,0.7,2.4,.282,3.6,8.1,.446,.441,1.9,2.4,.823,1.9,4.3,6.2,1.3,0.8,0.1,1.1,2.5,11.2,2014
12988,220,Kyrie Irving,PG,21,CLE,71,71,35.2,7.5,17.4,.430,1.7,4.8,.358,5.8,12.6,.458,.480,4.1,4.8,.861,0.7,2.9,3.6,6.1,1.5,0.3,2.7,2.3,20.8,2014
12989,Rk,Player,Pos,Age,Tm,G,GS,MP,FG,FGA,FG%,3P,3PA,3P%,2P,2PA,2P%,eFG%,FT,FTA,FT%,ORB,DRB,TRB,AST,STL,BLK,TOV,PF,PTS,2014
12990,221,Royal Ivey,SG,32,OKC,2,0,2.5,0.0,1.0,.000,0.0,0.5,.000,0.0,0.5,.000,.000,0.0,0.0,,0.0,0.5,0.5,0.0,0.0,0.0,0.0,0.5,0.0,2014
12991,222,Jarrett Jack,PG,30,CLE,80,31,28.2,3.6,8.7,.410,0.8,2.3,.341,2.8,6.4,.435,.455,1.6,1.9,.839,0.3,2.5,2.8,4.1,0.7,0.3,1.7,1.7,9.5,2014
12992,223,Reggie Jackson,PG,23,OKC,80,36,28.5,5.0,11.5,.440,1.0,3.1,.339,4.0,8.4,.477,.485,2.0,2.2,.893,0.5,3.4,3.9,4.1,1.1,0.1,2.1,1.8,13.1,2014
12993,224,Stephen Jackson,SF,35,LAC,9,0,11.9,0.7,2.9,.231,0.1,1.6,.071,0.6,1.3,.417,.250,0.2,0.4,.500,0.2,0.9,1.1,0.6,0.7,0.1,0.7,1.2,1.7,2014
12994,225,Bernard James,C,28,DAL,30,0,4.9,0.4,0.8,.478,0.0,0.0,.000,0.4,0.7,.500,.478,0.2,0.4,.545,0.5,0.9,1.4,0.1,0.1,0.3,0.3,0.8,0.9,2014
12995,226,Damion James,SF,26,SAS,5,1,10.0,0.4,1.8,.222,0.0,0.4,.000,0.4,1.4,.286,.222,0.4,0.4,1.000,0.2,2.2,2.4,0.6,0.0,0.2,0.2,0.6,1.2,2014
12996,227,LeBron James,PF,29,MIA,77,77,37.7,10.0,17.6,.567,1.5,4.0,.379,8.5,13.6,.622,.610,5.7,7.6,.750,1.1,5.9,6.9,6.3,1.6,0.3,3.5,1.6,27.1,2014
12997,228,Mike James,PG,38,CHI,11,0,7.0,0.5,1.9,.238,0.1,0.5,.200,0.4,1.5,.250,.262,0.0,0.2,.000,0.0,0.6,0.6,1.5,0.2,0.0,0.5,1.0,1.0,2014
12998,229,Antawn Jamison,PF,37,LAC,22,0,11.3,1.3,4.2,.315,0.4,1.9,.195,1.0,2.3,.412,.359,0.8,1.1,.720,0.4,2.1,2.5,0.3,0.4,0.1,0.3,1.3,3.8,2014
12999,230,Othyus Jeffers,SG,28,TOT,6,1,7.8,0.5,1.0,.500,0.0,0.3,.000,0.5,0.7,.750,.500,0.5,0.7,.750,0.2,1.3,1.5,0.2,0.0,0.0,0.2,0.5,1.5,2014
13000,230,Othyus Jeffers,SG,28,SAS,4,1,8.5,0.8,1.3,.600,0.0,0.3,.000,0.8,1.0,.750,.600,0.3,0.5,.500,0.3,1.3,1.5,0.3,0.0,0.0,0.0,0.5,1.8,2014
13001,230,Othyus Jeffers,SG,28,MIN,2,0,6.5,0.0,0.5,.000,0.0,0.5,.000,0.0,0.0,,.000,1.0,1.0,1.000,0.0,1.5,1.5,0.0,0.0,0.0,0.5,0.5,1.0,2014
13002,231,Al Jefferson,C,29,CHA,73,73,35.0,9.6,18.8,.509,0.0,0.2,.200,9.5,18.6,.512,.510,2.6,3.8,.690,2.1,8.7,10.8,2.1,0.9,1.1,1.7,2.4,21.8,2014
13003,232,Richard Jefferson,SF,33,UTA,82,78,27.0,3.6,8.0,.450,1.5,3.7,.409,2.1,4.3,.484,.544,1.5,2.0,.741,0.2,2.5,2.7,1.6,0.7,0.2,1.1,2.0,10.1,2014
13004,233,John Jenkins,SG,22,ATL,13,0,12.2,1.2,3.2,.381,0.3,1.4,.222,0.9,1.8,.500,.429,0.3,0.3,1.000,0.2,1.5,1.7,0.8,0.1,0.1,0.8,0.8,3.1,2014
13005,234,Brandon Jennings,PG,24,DET,80,79,34.1,5.3,14.2,.373,1.9,5.7,.337,3.4,8.5,.397,.441,3.0,4.0,.751,0.7,2.3,3.1,7.6,1.3,0.1,2.7,2.0,15.5,2014
13006,235,Jonas Jerebko,PF,26,DET,64,0,11.6,1.5,3.3,.471,0.5,1.2,.419,1.0,2.1,.500,.546,0.7,0.9,.729,0.8,1.9,2.7,0.6,0.3,0.1,0.7,1.3,4.2,2014
13007,236,Amir Johnson,PF,26,TOR,77,72,28.8,4.5,7.9,.562,0.3,0.9,.303,4.2,7.1,.593,.578,1.2,1.9,.636,2.2,4.3,6.6,1.5,0.7,1.1,1.6,3.5,10.4,2014
13008,237,Chris Johnson,SF,23,BOS,40,0,19.7,2.1,5.4,.397,1.1,3.2,.339,1.1,2.2,.483,.498,0.9,1.1,.860,0.8,1.7,2.4,0.8,0.7,0.1,0.6,1.6,6.3,2014
13009,238,James Johnson,SF,26,MEM,52,4,18.4,2.8,5.9,.464,0.4,1.7,.253,2.3,4.3,.548,.500,1.5,1.7,.844,1.2,2.0,3.2,2.1,0.8,1.1,1.3,2.0,7.4,2014
13010,239,Joe Johnson,SG,32,BRK,79,79,32.6,5.8,12.9,.454,2.1,5.1,.401,3.8,7.8,.489,.533,2.0,2.5,.815,0.6,2.8,3.4,2.7,0.6,0.1,1.5,1.6,15.8,2014
13011,240,Orlando Johnson,SG,24,TOT,45,0,8.7,0.8,2.5,.319,0.2,1.0,.191,0.6,1.5,.409,.358,0.4,0.6,.731,0.2,1.0,1.2,0.4,0.1,0.0,0.3,0.6,2.2,2014
13012,240,Orlando Johnson,SG,24,IND,38,0,9.0,0.9,2.5,.344,0.2,1.1,.195,0.7,1.4,.455,.385,0.4,0.6,.773,0.2,1.2,1.3,0.4,0.2,0.0,0.4,0.6,2.4,2014
13013,240,Orlando Johnson,SG,24,SAC,7,0,7.1,0.4,2.4,.176,0.1,0.9,.167,0.3,1.6,.182,.206,0.3,0.6,.500,0.3,0.3,0.6,0.6,0.0,0.1,0.1,0.4,1.3,2014
13014,Rk,Player,Pos,Age,Tm,G,GS,MP,FG,FGA,FG%,3P,3PA,3P%,2P,2PA,2P%,eFG%,FT,FTA,FT%,ORB,DRB,TRB,AST,STL,BLK,TOV,PF,PTS,2014
13015,241,Wesley Johnson,SF,26,LAL,79,62,28.4,3.5,8.2,.425,1.3,3.4,.369,2.2,4.8,.466,.502,0.8,1.0,.792,0.9,3.5,4.4,1.6,1.1,1.0,1.1,2.6,9.1,2014
13016,242,Darius Johnson-Odom,SG,24,PHI,3,0,5.0,0.0,2.3,.000,0.0,1.0,.000,0.0,1.3,.000,.000,0.0,0.7,.000,0.0,0.7,0.7,0.3,0.3,0.0,0.7,1.0,0.0,2014
13017,243,James Jones,SF,33,MIA,20,6,11.8,1.6,3.4,.456,1.4,2.7,.519,0.2,0.7,.214,.662,0.4,0.6,.636,0.1,1.1,1.2,0.5,0.2,0.2,0.2,0.3,4.9,2014
13018,244,Perry Jones,PF,22,OKC,62,7,12.3,1.3,2.9,.459,0.4,1.0,.361,1.0,1.9,.508,.519,0.5,0.7,.667,0.5,1.4,1.8,0.4,0.2,0.3,0.3,1.0,3.5,2014
13019,245,Solomon Jones,PF,29,ORL,11,0,7.7,0.5,1.5,.353,0.0,0.0,,0.5,1.5,.353,.353,0.2,0.4,.500,0.7,0.7,1.5,0.2,0.2,0.2,0.2,1.1,1.3,2014
13020,246,Terrence Jones,PF,22,HOU,76,71,27.3,5.1,9.4,.542,0.4,1.3,.307,4.7,8.0,.581,.564,1.6,2.6,.605,2.1,4.8,6.9,1.1,0.7,1.3,0.9,1.8,12.1,2014
13021,247,DeAndre Jordan,C,25,LAC,82,82,35.0,4.2,6.3,.676,0.0,0.0,,4.2,6.3,.676,.676,2.0,4.6,.428,4.0,9.5,13.6,0.9,1.0,2.5,1.5,3.2,10.4,2014
13022,248,Cory Joseph,SG,22,SAS,68,19,13.8,1.9,3.9,.475,0.2,0.6,.316,1.7,3.3,.502,.498,1.2,1.4,.823,0.5,1.1,1.6,1.7,0.5,0.2,0.6,1.2,5.0,2014
13023,249,Chris Kaman,C,31,LAL,39,13,18.9,4.5,8.9,.509,0.0,0.1,.000,4.5,8.8,.513,.509,1.3,1.7,.765,1.4,4.5,5.9,1.5,0.3,1.0,1.9,2.4,10.4,2014
13024,250,Sergey Karasev,SF,20,CLE,22,1,7.1,0.5,1.6,.343,0.2,0.9,.211,0.4,0.7,.500,.400,0.4,0.5,.900,0.0,0.7,0.7,0.3,0.1,0.0,0.5,1.0,1.7,2014
13025,251,Ryan Kelly,PF,22,LAL,59,25,22.2,2.7,6.3,.423,0.8,2.4,.338,1.8,3.9,.476,.488,1.9,2.3,.815,0.7,3.0,3.7,1.6,0.5,0.8,0.8,2.5,8.0,2014
13026,252,Michael Kidd-Gilchrist,SF,20,CHA,62,62,24.2,2.7,5.7,.473,0.0,0.1,.111,2.7,5.5,.483,.475,1.8,3.0,.614,1.8,3.5,5.2,0.8,0.7,0.6,1.0,2.3,7.2,2014
13027,253,Andrei Kirilenko,PF,32,BRK,45,4,19.0,1.8,3.6,.513,0.0,0.1,.200,1.8,3.4,.523,.516,1.4,2.6,.513,1.2,2.0,3.2,1.6,0.9,0.4,1.2,1.4,5.0,2014
13028,254,Brandon Knight,PG,22,MIL,72,69,33.3,6.4,15.2,.422,1.5,4.7,.325,4.9,10.5,.466,.473,3.6,4.5,.802,0.6,2.9,3.5,4.9,1.0,0.2,2.6,2.0,17.9,2014
13029,255,Kyle Korver,SG,32,ATL,71,71,33.9,4.1,8.6,.475,2.6,5.5,.472,1.5,3.1,.479,.626,1.2,1.3,.926,0.3,3.7,4.0,2.9,1.0,0.3,1.4,2.1,12.0,2014
13030,256,Kosta Koufos,C,24,MEM,80,22,16.9,2.8,5.7,.495,0.0,0.0,,2.8,5.7,.495,.495,0.8,1.2,.645,2.0,3.2,5.2,0.5,0.4,0.9,0.8,2.3,6.4,2014
13031,257,Viacheslav Kravtsov,C,26,PHO,20,0,3.0,0.4,0.8,.533,0.0,0.0,,0.4,0.8,.533,.533,0.2,0.4,.500,0.5,0.4,0.9,0.1,0.0,0.1,0.3,0.4,1.0,2014
13032,258,Ognjen Kuzmić,C,23,GSW,21,0,4.4,0.2,0.6,.385,0.0,0.0,,0.2,0.6,.385,.385,0.2,0.5,.455,0.5,0.5,1.0,0.1,0.1,0.2,0.5,0.8,0.7,2014
13033,259,Doron Lamb,SG,22,ORL,53,0,13.1,1.2,3.0,.394,0.7,1.7,.400,0.5,1.3,.386,.506,0.5,0.7,.806,0.2,0.8,0.9,0.8,0.2,0.0,0.5,1.0,3.6,2014
13034,260,Jeremy Lamb,SG,21,OKC,78,0,19.7,3.4,7.8,.432,1.1,3.2,.356,2.2,4.6,.483,.504,0.7,0.8,.797,0.3,2.1,2.4,1.5,0.7,0.3,0.8,1.8,8.5,2014
13035,Rk,Player,Pos,Age,Tm,G,GS,MP,FG,FGA,FG%,3P,3PA,3P%,2P,2PA,2P%,eFG%,FT,FTA,FT%,ORB,DRB,TRB,AST,STL,BLK,TOV,PF,PTS,2014
13036,261,Carl Landry,PF,30,SAC,18,1,12.9,1.7,3.3,.517,0.0,0.0,,1.7,3.3,.517,.517,0.8,0.9,.824,0.8,2.3,3.2,0.3,0.2,0.1,0.5,1.9,4.2,2014
13037,262,Shane Larkin,PG,21,DAL,48,0,10.2,1.1,2.9,.380,0.3,0.8,.316,0.8,2.1,.404,.423,0.3,0.5,.640,0.2,0.6,0.9,1.5,0.5,0.0,0.8,1.0,2.8,2014
13038,263,Ty Lawson,PG,26,DEN,62,61,35.8,5.6,13.0,.431,1.2,3.3,.356,4.4,9.7,.455,.475,5.2,6.5,.798,0.6,2.8,3.5,8.8,1.6,0.2,3.2,1.8,17.6,2014
13039,264,Ricky Ledo,SG,21,DAL,11,0,3.0,0.5,1.5,.353,0.3,0.7,.375,0.3,0.8,.333,.441,0.4,0.4,1.000,0.0,0.2,0.2,0.2,0.1,0.0,0.2,0.2,1.7,2014
13040,265,Courtney Lee,SG,28,TOT,79,47,25.0,3.7,7.8,.480,0.9,2.5,.371,2.8,5.3,.531,.539,1.3,1.4,.884,0.4,2.0,2.4,1.5,0.8,0.4,0.9,1.6,9.6,2014
13041,265,Courtney Lee,SG,28,BOS,30,0,16.8,3.0,6.1,.492,0.8,1.7,.442,2.2,4.4,.511,.555,0.6,0.7,.818,0.3,1.4,1.6,1.1,0.7,0.3,0.8,1.2,7.4,2014
13042,265,Courtney Lee,SG,28,MEM,49,47,30.0,4.2,8.8,.476,1.0,2.9,.345,3.2,5.9,.540,.532,1.7,1.8,.900,0.4,2.4,2.8,1.7,0.9,0.4,1.0,1.8,11.0,2014
13043,266,David Lee,PF,30,GSW,69,67,33.2,7.4,14.2,.523,0.0,0.0,.000,7.4,14.2,.523,.523,3.3,4.3,.780,2.6,6.7,9.3,2.1,0.7,0.4,2.2,3.0,18.2,2014
13044,267,Alex Len,C,20,PHO,42,3,8.6,0.8,1.9,.423,0.0,0.0,,0.8,1.9,.423,.423,0.5,0.7,.645,0.9,1.4,2.4,0.1,0.1,0.4,0.6,1.6,2.0,2014
13045,268,Kawhi Leonard,SF,22,SAS,66,65,29.1,5.1,9.8,.522,1.0,2.8,.379,4.1,7.0,.579,.576,1.5,1.9,.802,1.2,5.1,6.2,2.0,1.7,0.8,1.2,1.9,12.8,2014
13046,269,Meyers Leonard,C,21,POR,40,0,8.9,1.0,2.3,.451,0.0,0.2,.000,1.0,2.1,.482,.451,0.4,0.5,.762,0.7,2.1,2.8,0.5,0.2,0.1,0.4,1.9,2.5,2014
13047,270,Jon Leuer,PF,24,MEM,49,0,13.1,2.5,5.0,.492,0.5,1.0,.469,2.0,4.0,.497,.539,0.8,1.0,.787,0.8,2.5,3.2,0.4,0.4,0.3,0.6,1.3,6.2,2014
13048,271,Rashard Lewis,SF,34,MIA,60,6,16.2,1.6,3.9,.415,0.8,2.2,.343,0.9,1.7,.510,.513,0.4,0.6,.788,0.4,1.4,1.8,1.0,0.9,0.1,0.6,1.5,4.5,2014
13049,272,DeAndre Liggins,SG,25,MIA,1,0,1.0,1.0,1.0,1.000,0.0,0.0,,1.0,1.0,1.000,1.000,0.0,0.0,,1.0,0.0,1.0,0.0,0.0,0.0,0.0,0.0,2.0,2014
13050,273,Damian Lillard,PG,23,POR,82,82,35.8,6.7,15.9,.424,2.7,6.8,.394,4.1,9.1,.447,.508,4.5,5.2,.871,0.4,3.1,3.5,5.6,0.8,0.3,2.4,2.4,20.7,2014
13051,274,Jeremy Lin,PG,25,HOU,71,33,28.9,4.2,9.3,.446,1.2,3.2,.358,3.0,6.1,.492,.508,3.1,3.7,.823,0.5,2.2,2.6,4.1,1.0,0.4,2.5,2.3,12.5,2014
13052,275,Shaun Livingston,PG,28,BRK,76,54,26.0,3.1,6.4,.483,0.0,0.1,.167,3.1,6.3,.486,.484,2.1,2.5,.827,0.9,2.4,3.2,3.2,1.2,0.4,1.4,2.3,8.3,2014
13053,276,Brook Lopez,C,25,BRK,17,17,31.4,7.6,13.5,.563,0.0,0.1,.000,7.6,13.4,.566,.563,5.5,6.8,.817,2.3,3.7,6.0,0.9,0.5,1.8,1.6,3.1,20.7,2014
13054,277,Robin Lopez,C,25,POR,82,82,31.7,4.3,7.9,.551,0.0,0.0,.000,4.3,7.8,.552,.551,2.4,3.0,.818,4.0,4.6,8.5,0.9,0.3,1.7,1.0,2.4,11.1,2014
13055,278,Kevin Love,PF,25,MIN,77,77,36.3,8.4,18.5,.457,2.5,6.6,.376,6.0,11.9,.502,.524,6.8,8.2,.821,2.9,9.6,12.5,4.4,0.8,0.5,2.5,1.8,26.1,2014
13056,279,Kyle Lowry,PG,27,TOR,79,79,36.2,5.8,13.7,.423,2.4,6.3,.380,3.4,7.3,.460,.511,4.0,4.9,.813,1.1,3.6,4.7,7.4,1.5,0.2,2.5,3.4,17.9,2014
13057,280,John Lucas III,PG,31,UTA,42,6,14.1,1.5,4.5,.326,0.6,2.0,.298,0.9,2.5,.349,.392,0.2,0.4,.625,0.3,0.6,0.9,1.0,0.3,0.0,0.5,1.0,3.8,2014
13058,Rk,Player,Pos,Age,Tm,G,GS,MP,FG,FGA,FG%,3P,3PA,3P%,2P,2PA,2P%,eFG%,FT,FTA,FT%,ORB,DRB,TRB,AST,STL,BLK,TOV,PF,PTS,2014
13059,281,Shelvin Mack,PG,23,ATL,73,11,20.4,2.9,6.9,.417,0.8,2.5,.337,2.0,4.3,.464,.479,0.9,1.0,.865,0.3,1.9,2.2,3.7,0.7,0.0,1.2,1.4,7.5,2014
13060,282,Ian Mahinmi,C,27,IND,77,1,16.2,1.2,2.5,.481,0.0,0.0,.000,1.2,2.4,.484,.481,1.2,1.9,.621,1.4,1.9,3.3,0.3,0.5,0.9,0.8,2.7,3.5,2014
13061,283,Shawn Marion,SF,35,DAL,76,76,31.7,4.5,9.3,.482,0.8,2.1,.358,3.7,7.2,.518,.523,0.7,0.9,.785,1.7,4.8,6.5,1.6,1.2,0.5,1.3,1.6,10.4,2014
13062,284,Kendall Marshall,PG,22,LAL,54,45,29.0,3.1,7.8,.406,1.3,3.3,.399,1.8,4.5,.411,.490,0.4,0.7,.528,0.3,2.6,2.9,8.8,0.9,0.1,2.8,1.4,8.0,2014
13063,285,Cartier Martin,SF,29,TOT,59,6,14.7,1.9,4.5,.420,1.0,2.6,.391,0.9,1.9,.460,.532,0.8,1.1,.738,0.2,1.6,1.9,0.6,0.5,0.1,0.6,1.2,5.6,2014
13064,285,Cartier Martin,SF,29,ATL,53,6,15.5,2.0,4.8,.414,1.1,2.8,.384,0.9,2.1,.455,.523,0.9,1.2,.754,0.2,1.8,2.0,0.6,0.5,0.1,0.6,1.3,5.9,2014
13065,285,Cartier Martin,SF,29,CHI,6,0,8.0,0.8,1.3,.625,0.5,0.8,.600,0.3,0.5,.667,.813,0.3,0.7,.500,0.2,0.7,0.8,0.3,0.2,0.0,0.2,0.5,2.5,2014
13066,286,Kenyon Martin,PF,36,NYK,32,15,19.8,2.0,3.8,.512,0.0,0.0,.000,2.0,3.8,.516,.512,0.3,0.6,.579,1.1,3.1,4.2,1.6,0.8,0.8,0.8,2.7,4.3,2014
13067,287,Kevin Martin,SG,30,MIN,68,68,32.0,6.5,15.0,.430,1.7,4.4,.387,4.8,10.7,.448,.486,4.5,5.0,.891,0.5,2.5,3.0,1.8,1.0,0.1,1.6,1.8,19.1,2014
13068,288,Roger Mason,SG,33,MIA,25,2,10.4,1.0,2.7,.373,0.7,1.9,.354,0.3,0.8,.421,.500,0.3,0.3,1.000,0.0,0.8,0.9,0.8,0.2,0.0,0.4,1.0,3.0,2014
13069,289,Wesley Matthews,SG,27,POR,82,82,33.9,5.4,12.3,.441,2.5,6.2,.393,3.0,6.1,.490,.541,3.1,3.7,.837,0.6,2.9,3.5,2.4,0.9,0.2,1.3,2.1,16.4,2014
13070,290,Jason Maxiell,PF,30,ORL,34,13,14.4,1.4,3.1,.448,0.0,0.0,,1.4,3.1,.448,.448,0.4,0.9,.484,0.8,1.7,2.5,0.3,0.2,0.6,0.4,1.4,3.2,2014
13071,291,Eric Maynor,PG,26,TOT,31,0,10.5,1.0,3.3,.317,0.4,1.2,.324,0.6,2.1,.313,.376,0.2,0.4,.545,0.3,1.0,1.3,1.7,0.3,0.1,0.9,0.5,2.6,2014
13072,291,Eric Maynor,PG,26,WAS,23,0,9.3,0.9,3.1,.292,0.3,1.1,.320,0.6,2.0,.277,.347,0.1,0.1,.667,0.3,0.7,1.0,1.7,0.2,0.0,0.7,0.6,2.3,2014
13073,291,Eric Maynor,PG,26,PHI,8,0,14.0,1.4,3.6,.379,0.5,1.5,.333,0.9,2.1,.412,.448,0.5,1.0,.500,0.3,1.6,1.9,1.5,0.5,0.3,1.5,0.5,3.8,2014
13074,292,O.J. Mayo,SG,26,MIL,52,23,25.9,4.3,10.6,.407,1.6,4.4,.370,2.7,6.2,.433,.484,1.5,1.7,.864,0.5,1.9,2.4,2.2,0.5,0.3,1.8,2.1,11.7,2014
13075,293,Luc Mbah a Moute,PF-SF,27,TOT,64,7,15.7,1.4,3.0,.451,0.1,0.3,.235,1.3,2.8,.472,.461,0.7,1.0,.687,0.9,1.4,2.3,0.6,0.5,0.2,0.6,1.1,3.5,2014
13076,293,Luc Mbah a Moute,SF,27,SAC,9,5,21.8,1.7,3.6,.469,0.1,0.3,.333,1.6,3.2,.483,.484,1.0,1.4,.692,1.0,2.0,3.0,1.7,1.0,0.6,0.4,2.0,4.4,2014
13077,293,Luc Mbah a Moute,PF,27,MIN,55,2,14.7,1.3,2.9,.447,0.1,0.3,.214,1.3,2.7,.469,.457,0.7,1.0,.685,0.9,1.3,2.2,0.4,0.4,0.2,0.7,0.9,3.3,2014
13078,294,Ray McCallum,PG,22,SAC,45,10,19.9,2.5,6.7,.377,0.5,1.3,.373,2.0,5.4,.378,.413,0.7,1.0,.744,0.4,1.4,1.8,2.7,0.5,0.2,0.9,1.5,6.2,2014
13079,295,CJ McCollum,SG,22,POR,38,0,12.5,1.9,4.7,.416,0.8,2.1,.375,1.2,2.6,.449,.500,0.6,0.9,.676,0.2,1.1,1.3,0.7,0.4,0.1,0.9,1.4,5.3,2014
13080,296,JaVale McGee,C,26,DEN,5,5,15.8,3.4,7.6,.447,0.0,0.0,,3.4,7.6,.447,.447,0.2,0.2,1.000,2.0,1.4,3.4,0.4,0.2,1.4,1.6,3.2,7.0,2014
13081,297,Ben McLemore,SG,20,SAC,82,55,26.7,3.1,8.3,.376,1.2,3.6,.320,2.0,4.7,.419,.446,1.4,1.7,.804,0.6,2.2,2.9,1.0,0.5,0.2,1.2,2.5,8.8,2014
13082,298,Josh McRoberts,PF,26,CHA,78,78,30.3,3.2,7.3,.436,1.3,3.7,.361,1.8,3.5,.516,.529,0.8,1.1,.729,1.1,3.7,4.8,4.3,0.7,0.6,1.1,2.4,8.5,2014
13083,299,Jodie Meeks,SG,26,LAL,77,70,33.2,5.4,11.6,.463,2.1,5.2,.401,3.3,6.3,.514,.554,2.9,3.4,.857,0.4,2.1,2.5,1.8,1.4,0.1,1.4,1.5,15.7,2014
13084,300,Gal Mekel,PG,25,DAL,31,1,9.4,1.0,2.8,.349,0.2,0.6,.250,0.8,2.1,.379,.378,0.3,0.4,.667,0.2,0.7,0.9,2.0,0.1,0.0,1.0,1.0,2.4,2014
13085,Rk,Player,Pos,Age,Tm,G,GS,MP,FG,FGA,FG%,3P,3PA,3P%,2P,2PA,2P%,eFG%,FT,FTA,FT%,ORB,DRB,TRB,AST,STL,BLK,TOV,PF,PTS,2014
13086,301,Khris Middleton,SF,22,MIL,82,64,30.0,4.6,10.4,.440,1.5,3.5,.414,3.1,6.9,.454,.511,1.4,1.7,.861,0.7,3.0,3.8,2.1,1.0,0.2,1.5,3.0,12.1,2014
13087,302,C.J. Miles,SG,26,CLE,51,34,19.3,3.5,8.0,.435,1.6,4.1,.393,1.9,3.9,.480,.537,1.3,1.5,.853,0.4,1.7,2.0,1.0,0.9,0.3,0.9,2.0,9.9,2014
13088,303,Andre Miller,SG,37,TOT,58,2,16.9,1.8,4.0,.459,0.2,0.4,.524,1.6,3.6,.452,.483,1.0,1.3,.779,0.5,1.8,2.2,3.4,0.6,0.2,1.1,1.3,4.9,2014
13089,303,Andre Miller,SG,37,DEN,30,2,19.0,2.2,4.8,.458,0.3,0.6,.500,1.9,4.2,.452,.490,1.2,1.6,.745,0.5,1.9,2.4,3.3,0.5,0.2,1.1,1.1,5.9,2014
13090,303,Andre Miller,SG,37,WAS,28,0,14.7,1.4,3.1,.460,0.1,0.1,.667,1.4,3.0,.452,.471,0.9,1.1,.833,0.4,1.6,2.0,3.5,0.7,0.1,1.0,1.5,3.8,2014
13091,304,Darius Miller,SF,23,NOP,45,7,16.1,1.6,3.7,.440,0.6,1.7,.325,1.1,2.0,.539,.515,0.6,0.8,.806,0.2,1.0,1.2,1.0,0.5,0.2,0.5,2.0,4.4,2014
13092,305,Mike Miller,SF,33,MEM,82,4,20.8,2.6,5.4,.481,1.3,2.8,.459,1.3,2.6,.505,.602,0.6,0.7,.821,0.4,2.2,2.5,1.6,0.3,0.1,0.9,1.2,7.1,2014
13093,306,Quincy Miller,PF,21,DEN,52,16,15.2,1.8,4.9,.367,0.6,1.8,.319,1.2,3.1,.395,.426,0.8,1.1,.709,0.7,2.1,2.8,0.5,0.4,0.6,0.9,1.3,4.9,2014
13094,307,Patty Mills,PG,25,SAS,81,2,18.9,3.8,8.2,.464,1.7,3.9,.425,2.1,4.3,.500,.565,0.9,1.0,.890,0.4,1.7,2.1,1.8,0.8,0.1,0.8,1.4,10.2,2014
13095,308,Paul Millsap,PF,28,ATL,74,73,33.5,6.5,14.1,.461,1.0,2.9,.358,5.5,11.3,.487,.498,3.9,5.3,.731,2.1,6.4,8.5,3.1,1.7,1.1,2.5,2.8,17.9,2014
13096,309,Tony Mitchell,PF,21,DET,21,0,3.8,0.2,0.6,.417,0.0,0.0,1.000,0.2,0.5,.364,.458,0.5,0.9,.579,0.7,0.5,1.2,0.1,0.3,0.1,0.2,0.4,1.0,2014
13097,310,Tony Mitchell,SF,24,MIL,3,0,3.3,1.0,1.7,.600,0.0,0.3,.000,1.0,1.3,.750,.600,0.0,0.0,,0.3,0.0,0.3,0.3,0.3,0.0,0.0,0.0,2.0,2014
13098,311,Nazr Mohammed,C,36,CHI,80,1,7.0,0.7,1.6,.429,0.0,0.0,,0.7,1.6,.429,.429,0.2,0.4,.533,0.8,1.4,2.2,0.3,0.2,0.4,0.5,1.0,1.6,2014
13099,312,Greg Monroe,PF,23,DET,82,82,32.8,6.1,12.4,.497,0.0,0.0,.000,6.1,12.4,.497,.497,2.9,4.5,.657,3.1,6.1,9.3,2.1,1.1,0.6,2.0,2.5,15.2,2014
13100,313,E'Twaun Moore,SG,24,ORL,79,3,19.1,2.5,5.8,.428,0.7,2.0,.354,1.7,3.7,.468,.490,0.7,0.9,.765,0.4,1.4,1.7,1.4,0.8,0.2,0.7,1.3,6.3,2014
13101,314,Darius Morris,PG,23,TOT,27,0,11.6,1.4,3.6,.406,0.4,1.4,.316,1.0,2.1,.466,.469,0.6,1.0,.654,0.3,0.7,1.0,1.6,0.5,0.0,1.0,1.2,4.0,2014
13102,314,Darius Morris,PG,23,PHI,12,0,16.1,2.4,5.6,.433,0.8,2.0,.417,1.6,3.6,.442,.507,1.3,1.8,.714,0.3,0.8,1.1,2.6,0.7,0.0,1.6,1.8,6.9,2014
13103,314,Darius Morris,PG,23,LAC,10,0,5.4,0.4,1.3,.308,0.0,0.7,.000,0.4,0.6,.667,.308,0.1,0.2,.500,0.0,0.5,0.5,0.5,0.2,0.0,0.2,0.9,0.9,2014
13104,314,Darius Morris,PG,23,MEM,5,0,13.2,1.2,3.2,.375,0.4,1.4,.286,0.8,1.8,.444,.438,0.2,0.6,.333,0.8,0.8,1.6,1.6,0.6,0.0,1.2,0.6,3.0,2014
13105,315,Marcus Morris,SF,24,PHO,82,1,22.0,3.5,7.9,.442,1.2,3.2,.381,2.3,4.8,.483,.518,1.5,1.9,.761,1.0,2.9,3.9,1.1,0.9,0.2,1.2,1.9,9.7,2014
13106,316,Markieff Morris,PF,24,PHO,81,0,26.6,5.1,10.4,.486,0.4,1.3,.315,4.7,9.1,.512,.507,3.2,4.0,.792,1.7,4.3,6.0,1.8,0.8,0.6,1.8,2.9,13.8,2014
13107,317,Anthony Morrow,SG,28,NOP,76,9,18.8,3.1,6.8,.458,1.2,2.6,.451,2.0,4.3,.462,.542,0.9,1.1,.828,0.4,1.5,1.8,0.8,0.5,0.2,0.7,1.3,8.4,2014
13108,318,Donatas Motiejūnas,PF,23,HOU,62,3,15.4,2.1,4.8,.443,0.3,1.4,.250,1.8,3.4,.519,.478,0.9,1.5,.604,1.0,2.7,3.6,0.5,0.3,0.3,0.8,2.1,5.5,2014
13109,319,Arnett Moultrie,PF,23,PHI,12,2,15.6,1.3,3.2,.421,0.0,0.0,,1.3,3.2,.421,.421,0.3,0.4,.800,0.9,2.0,2.9,0.2,0.7,0.3,0.6,1.8,3.0,2014
13110,320,Timofey Mozgov,C,27,DEN,82,30,21.6,3.5,6.6,.523,0.0,0.3,.167,3.4,6.4,.539,.527,2.4,3.2,.754,2.1,4.4,6.4,0.8,0.3,1.2,1.5,2.6,9.4,2014
13111,Rk,Player,Pos,Age,Tm,G,GS,MP,FG,FGA,FG%,3P,3PA,3P%,2P,2PA,2P%,eFG%,FT,FTA,FT%,ORB,DRB,TRB,AST,STL,BLK,TOV,PF,PTS,2014
13112,321,Shabazz Muhammad,SG,21,MIN,37,0,7.8,1.5,3.4,.460,0.1,0.3,.273,1.5,3.1,.478,.472,0.7,1.1,.650,0.6,0.8,1.4,0.2,0.2,0.0,0.4,0.6,3.9,2014
13113,322,Byron Mullens,C,24,TOT,45,0,9.2,1.6,3.7,.442,0.7,2.0,.371,0.9,1.7,.526,.542,0.2,0.4,.500,0.5,1.5,2.0,0.3,0.3,0.2,0.6,1.4,4.2,2014
13114,322,Byron Mullens,C,24,LAC,27,0,6.2,1.0,2.4,.406,0.5,1.4,.333,0.5,0.9,.520,.508,0.1,0.2,.333,0.3,0.9,1.2,0.2,0.2,0.1,0.5,1.2,2.5,2014
13115,322,Byron Mullens,C,24,PHI,18,0,13.7,2.6,5.6,.465,1.1,2.8,.400,1.5,2.8,.529,.564,0.4,0.8,.571,0.9,2.4,3.3,0.4,0.5,0.4,0.8,1.7,6.8,2014
13116,323,Erik Murphy,C,23,CHI,24,0,2.6,0.1,0.5,.231,0.0,0.1,.000,0.1,0.4,.300,.231,0.0,0.0,,0.1,0.3,0.3,0.1,0.0,0.2,0.1,0.3,0.3,2014
13117,324,Toure' Murry,PG,24,NYK,51,0,7.3,1.1,2.5,.434,0.1,0.2,.417,1.0,2.3,.436,.453,0.5,0.8,.590,0.3,0.6,0.9,1.0,0.4,0.0,0.7,0.9,2.7,2014
13118,325,Mike Muscala,PF,22,ATL,20,0,10.8,1.6,3.7,.425,0.0,0.2,.000,1.6,3.5,.443,.425,0.7,0.7,1.000,0.9,1.8,2.6,0.4,0.2,0.5,0.6,1.5,3.8,2014
13119,326,Hamady N'Diaye,C,27,SAC,14,0,5.3,0.2,0.6,.333,0.0,0.0,,0.2,0.6,.333,.333,0.0,0.1,.000,0.4,0.9,1.3,0.2,0.0,0.3,0.2,1.1,0.4,2014
13120,327,Steve Nash*,PG,39,LAL,15,10,20.9,2.4,6.3,.383,0.5,1.6,.333,1.9,4.7,.400,.426,1.5,1.6,.917,0.3,1.7,1.9,5.7,0.5,0.1,2.1,1.2,6.8,2014
13121,328,Gary Neal,SG,29,TOT,52,3,21.4,3.7,9.1,.410,1.3,3.5,.378,2.4,5.6,.430,.482,1.8,2.0,.895,0.2,1.5,1.7,1.6,0.3,0.0,1.2,1.3,10.5,2014
13122,328,Gary Neal,SG,29,MIL,30,2,20.2,3.6,9.2,.390,1.3,3.7,.360,2.3,5.5,.410,.462,1.5,1.8,.833,0.3,1.4,1.7,1.5,0.2,0.0,1.3,0.9,10.0,2014
13123,328,Gary Neal,SG,29,CHA,22,1,23.0,3.9,8.8,.438,1.3,3.1,.406,2.6,5.7,.456,.510,2.2,2.3,.961,0.1,1.7,1.8,1.7,0.5,0.0,1.1,1.8,11.2,2014
13124,329,Nemanja Nedović,SG,22,GSW,24,0,5.9,0.3,1.6,.205,0.1,0.8,.167,0.2,0.9,.238,.244,0.3,0.3,.875,0.1,0.5,0.6,0.5,0.0,0.0,0.5,0.5,1.1,2014
13125,330,Jameer Nelson,PG,31,ORL,68,68,32.0,4.3,11.0,.394,2.0,5.8,.348,2.3,5.2,.444,.485,1.4,1.6,.857,0.4,3.0,3.4,7.0,0.8,0.1,2.4,2.1,12.1,2014
13126,331,Andrew Nicholson,PF,24,ORL,76,5,15.4,2.4,5.5,.429,0.4,1.2,.315,2.0,4.4,.459,.462,0.6,0.8,.825,0.7,2.7,3.4,0.3,0.2,0.3,0.7,2.0,5.7,2014
13127,332,Joakim Noah,C,28,CHI,80,80,35.3,4.8,10.0,.475,0.0,0.0,.000,4.8,10.0,.476,.475,3.1,4.2,.737,3.5,7.7,11.3,5.4,1.2,1.5,2.4,3.1,12.6,2014
13128,333,Steve Novak,PF,30,TOR,54,1,10.0,1.1,2.7,.411,1.0,2.3,.426,0.1,0.4,.333,.589,0.1,0.1,1.000,0.1,0.9,1.1,0.2,0.2,0.1,0.1,0.8,3.3,2014
13129,334,Dirk Nowitzki,PF,35,DAL,80,80,32.9,7.9,15.9,.497,1.6,4.1,.398,6.3,11.8,.532,.549,4.2,4.7,.899,0.5,5.7,6.2,2.7,0.9,0.6,1.5,2.1,21.7,2014
13130,335,James Nunnally,SF,23,TOT,13,0,12.7,1.2,3.5,.326,0.6,1.9,.320,0.5,1.6,.333,.413,0.5,0.7,.667,0.1,1.4,1.5,0.6,0.5,0.2,0.5,0.8,3.4,2014
13131,335,James Nunnally,SF,23,ATL,4,0,13.5,1.5,4.5,.333,0.8,2.5,.300,0.8,2.0,.375,.417,0.8,1.0,.750,0.3,1.8,2.0,0.5,0.3,0.3,1.0,0.5,4.5,2014
13132,335,James Nunnally,SF,23,PHI,9,0,12.3,1.0,3.1,.321,0.6,1.7,.333,0.4,1.4,.308,.411,0.3,0.6,.600,0.0,1.2,1.2,0.7,0.6,0.1,0.3,1.0,2.9,2014
13133,336,Jermaine O'Neal,PF,35,GSW,44,13,20.1,2.8,5.6,.504,0.0,0.0,,2.8,5.6,.504,.504,2.3,3.0,.750,1.9,3.6,5.5,0.6,0.3,0.9,1.2,2.3,7.9,2014
13134,337,Kyle O'Quinn,C,23,ORL,69,19,17.2,2.7,5.4,.501,0.0,0.0,.000,2.7,5.3,.505,.501,0.8,1.2,.687,1.4,3.8,5.3,1.1,0.6,1.3,1.1,2.4,6.2,2014
13135,338,Greg Oden,C,26,MIA,23,6,9.2,1.2,2.1,.551,0.0,0.0,,1.2,2.1,.551,.551,0.6,1.0,.565,1.0,1.3,2.3,0.0,0.3,0.6,0.5,2.3,2.9,2014
13136,339,Victor Oladipo,PG,21,ORL,80,44,31.1,4.9,11.7,.419,0.9,2.8,.327,4.0,8.9,.448,.458,3.1,4.0,.780,0.5,3.6,4.1,4.1,1.6,0.5,3.2,2.6,13.8,2014
13137,340,Kelly Olynyk,C,22,BOS,70,9,20.0,3.3,7.2,.466,0.6,1.6,.351,2.8,5.5,.500,.506,1.4,1.7,.811,2.0,3.2,5.2,1.6,0.5,0.4,1.5,3.2,8.7,2014
13138,Rk,Player,Pos,Age,Tm,G,GS,MP,FG,FGA,FG%,3P,3PA,3P%,2P,2PA,2P%,eFG%,FT,FTA,FT%,ORB,DRB,TRB,AST,STL,BLK,TOV,PF,PTS,2014
13139,341,Arinze Onuaku,PF,26,TOT,5,0,6.0,0.2,1.0,.200,0.0,0.0,,0.2,1.0,.200,.200,0.2,0.4,.500,0.4,1.2,1.6,0.6,0.0,0.0,0.2,0.6,0.6,2014
13140,341,Arinze Onuaku,PF,26,NOP,3,0,8.3,0.3,1.3,.250,0.0,0.0,,0.3,1.3,.250,.250,0.3,0.7,.500,0.7,1.7,2.3,1.0,0.0,0.0,0.3,1.0,1.0,2014
13141,341,Arinze Onuaku,PF,26,CLE,2,0,2.5,0.0,0.5,.000,0.0,0.0,,0.0,0.5,.000,.000,0.0,0.0,,0.0,0.5,0.5,0.0,0.0,0.0,0.0,0.0,0.0,2014
13142,342,Daniel Orton,C,23,PHI,22,4,11.4,1.0,2.1,.447,0.0,0.0,,1.0,2.1,.447,.447,1.0,1.4,.767,0.7,2.0,2.8,0.7,0.3,0.7,0.8,1.7,3.0,2014
13143,343,Travis Outlaw,SF,29,SAC,63,4,16.9,2.1,5.2,.399,0.7,1.9,.350,1.4,3.3,.426,.462,0.7,0.8,.808,0.6,2.1,2.7,0.8,0.3,0.3,0.4,1.5,5.4,2014
13144,344,Zaza Pachulia,C,29,MIL,53,43,25.0,2.8,6.6,.427,0.0,0.0,.000,2.8,6.6,.428,.427,2.1,2.5,.846,2.7,3.6,6.3,2.6,0.8,0.3,1.7,2.3,7.7,2014
13145,345,Jannero Pargo,PG,34,CHA,29,0,8.3,1.8,4.1,.441,0.8,2.1,.400,1.0,2.0,.483,.542,0.3,0.4,.727,0.0,0.7,0.7,1.8,0.5,0.0,0.9,0.6,4.7,2014
13146,346,Tony Parker,PG,31,SAS,68,68,29.4,6.7,13.4,.499,0.4,1.0,.373,6.3,12.5,.509,.513,2.9,3.6,.811,0.3,2.0,2.3,5.7,0.5,0.1,2.2,1.3,16.7,2014
13147,347,Chandler Parsons,SF,25,HOU,74,74,37.6,6.3,13.3,.472,1.8,4.7,.370,4.5,8.6,.528,.538,2.2,3.0,.742,0.9,4.6,5.5,4.0,1.2,0.4,1.9,2.3,16.6,2014
13148,348,Patrick Patterson,PF,24,TOT,65,13,23.6,3.5,7.5,.460,0.8,2.3,.364,2.6,5.2,.503,.516,0.8,1.1,.704,1.8,3.5,5.3,1.2,0.8,0.6,1.0,2.4,8.5,2014
13149,348,Patrick Patterson,PF,24,SAC,17,6,24.4,2.9,7.2,.410,0.5,2.3,.231,2.4,4.9,.494,.447,0.5,0.9,.563,2.0,3.8,5.8,0.9,0.8,0.2,0.9,2.3,6.9,2014
13150,348,Patrick Patterson,PF,24,TOR,48,7,23.3,3.6,7.6,.477,1.0,2.3,.411,2.7,5.3,.506,.540,0.9,1.1,.745,1.7,3.3,5.1,1.3,0.9,0.7,1.0,2.5,9.1,2014
13151,349,Chris Paul,PG,28,LAC,62,62,35.0,6.5,14.0,.467,1.3,3.4,.368,5.3,10.6,.498,.511,4.8,5.6,.855,0.6,3.7,4.3,10.7,2.5,0.1,2.3,2.5,19.1,2014
13152,350,Nikola Peković,C,28,MIN,54,54,30.8,7.0,13.0,.541,0.0,0.0,,7.0,13.0,.541,.541,3.4,4.6,.747,3.8,4.9,8.7,0.9,0.6,0.4,1.6,2.4,17.5,2014
13153,351,Kendrick Perkins,C,29,OKC,62,62,19.5,1.4,3.1,.451,0.0,0.0,.000,1.4,3.1,.453,.451,0.6,1.1,.552,1.3,3.6,4.9,1.1,0.4,0.5,1.5,2.9,3.4,2014
13154,352,Paul Pierce*,SF,36,BRK,75,68,28.0,4.3,9.5,.451,1.5,4.0,.373,2.8,5.5,.507,.529,3.4,4.1,.826,0.3,4.3,4.6,2.4,1.1,0.4,2.0,2.5,13.5,2014
13155,353,Dexter Pittman,C,25,ATL,2,0,1.5,0.0,0.5,.000,0.0,0.0,,0.0,0.5,.000,.000,0.0,1.0,.000,1.5,0.0,1.5,0.0,0.0,0.0,0.0,0.0,0.0,2014
13156,354,Mason Plumlee,C,23,BRK,70,22,18.2,2.8,4.3,.659,0.0,0.0,.000,2.8,4.3,.666,.659,1.7,2.8,.626,1.4,3.0,4.4,0.9,0.7,0.8,1.1,2.4,7.4,2014
13157,355,Miles Plumlee,C,25,PHO,80,79,24.6,3.6,6.9,.517,0.0,0.0,,3.6,6.9,.517,.517,0.9,1.7,.561,2.5,5.4,7.8,0.5,0.6,1.1,1.4,2.3,8.1,2014
13158,356,Quincy Pondexter,SG,25,MEM,15,2,18.0,2.1,5.3,.392,0.7,2.3,.324,1.3,3.0,.444,.462,1.4,1.7,.808,0.7,1.1,1.7,1.3,0.3,0.1,1.0,1.2,6.3,2014
13159,357,Otto Porter Jr.,SF,20,WAS,37,0,8.6,0.9,2.5,.363,0.1,0.6,.190,0.8,1.9,.414,.385,0.2,0.3,.667,0.6,1.0,1.5,0.3,0.2,0.0,0.4,0.7,2.1,2014
13160,358,Josh Powell,PF,31,HOU,1,0,19.0,2.0,6.0,.333,0.0,0.0,,2.0,6.0,.333,.333,0.0,0.0,,0.0,5.0,5.0,0.0,0.0,1.0,1.0,1.0,4.0,2014
13161,359,Phil Pressey,PG,22,BOS,75,11,15.1,1.0,3.4,.308,0.4,1.4,.264,0.7,2.0,.340,.364,0.4,0.6,.644,0.3,1.1,1.4,3.2,0.9,0.1,1.2,1.3,2.8,2014
13162,360,A.J. Price,SG,27,MIN,28,0,3.5,0.7,1.6,.413,0.2,0.8,.273,0.5,0.9,.542,.478,0.0,0.1,.000,0.0,0.3,0.4,0.5,0.0,0.0,0.3,0.2,1.6,2014
13163,Rk,Player,Pos,Age,Tm,G,GS,MP,FG,FGA,FG%,3P,3PA,3P%,2P,2PA,2P%,eFG%,FT,FTA,FT%,ORB,DRB,TRB,AST,STL,BLK,TOV,PF,PTS,2014
13164,361,Ronnie Price,SG,30,ORL,31,2,12.2,0.9,3.0,.304,0.3,1.4,.209,0.6,1.6,.388,.353,0.3,0.4,.692,0.3,1.1,1.4,2.1,0.8,0.1,0.8,1.6,2.4,2014
13165,362,Pablo Prigioni,PG,36,NYK,66,27,19.4,1.3,2.9,.461,1.0,2.1,.464,0.3,0.8,.451,.631,0.2,0.2,.917,0.5,1.4,2.0,3.5,1.0,0.0,0.9,2.0,3.8,2014
13166,363,Tayshaun Prince,SF,33,MEM,76,76,25.6,2.6,6.5,.407,0.3,0.9,.290,2.4,5.6,.426,.427,0.4,0.8,.567,0.4,2.7,3.1,1.6,0.5,0.3,0.5,0.8,6.0,2014
13167,364,Miroslav Raduljica,C,26,MIL,48,2,9.7,1.4,2.6,.540,0.0,0.0,,1.4,2.6,.540,.540,0.9,1.1,.818,1.1,1.1,2.3,0.5,0.1,0.3,0.6,1.8,3.8,2014
13168,365,Anthony Randolph,PF,24,DEN,43,5,12.3,1.6,4.1,.386,0.4,1.4,.295,1.2,2.7,.435,.438,1.2,1.6,.754,0.5,2.4,2.8,0.7,0.6,0.4,0.9,1.5,4.8,2014
13169,366,Shavlik Randolph,PF,30,PHO,14,0,6.8,0.5,1.0,.500,0.0,0.0,,0.5,1.0,.500,.500,0.4,0.8,.545,0.5,1.3,1.8,0.1,0.2,0.1,0.4,1.1,1.4,2014
13170,367,Zach Randolph,PF,32,MEM,79,79,34.2,7.1,15.2,.467,0.0,0.3,.100,7.1,14.9,.474,.468,3.2,4.3,.742,3.4,6.7,10.1,2.5,0.7,0.3,2.3,2.7,17.4,2014
13171,368,J.J. Redick,SG,29,LAC,35,34,28.2,5.2,11.4,.455,2.1,5.3,.395,3.1,6.1,.507,.546,2.8,3.0,.915,0.3,1.9,2.1,2.2,0.8,0.1,1.2,1.9,15.2,2014
13172,369,Glen Rice Jr.,SG,23,WAS,11,1,9.9,1.0,3.4,.297,0.5,1.5,.294,0.5,1.8,.300,.365,0.5,0.6,.714,0.4,1.5,1.8,0.6,0.5,0.1,0.8,0.6,2.9,2014
13173,370,Luke Ridnour,PG,32,TOT,61,14,18.7,2.1,5.4,.385,0.6,1.8,.343,1.5,3.6,.406,.442,0.3,0.4,.654,0.4,1.2,1.6,2.9,0.5,0.1,1.1,1.5,5.0,2014
13174,370,Luke Ridnour,PG,32,MIL,36,12,21.2,2.3,6.1,.384,0.7,1.9,.368,1.6,4.2,.391,.441,0.4,0.5,.684,0.4,1.3,1.7,3.4,0.6,0.1,1.3,1.5,5.7,2014
13175,370,Luke Ridnour,PG,32,CHA,25,2,15.1,1.7,4.3,.389,0.5,1.6,.300,1.2,2.7,.441,.444,0.2,0.3,.571,0.3,1.1,1.4,2.2,0.4,0.2,0.8,1.5,4.0,2014
13176,371,Austin Rivers,PG,21,NOP,69,4,19.4,2.8,6.9,.405,0.5,1.4,.364,2.3,5.4,.416,.443,1.6,2.5,.636,0.4,1.5,1.9,2.3,0.7,0.1,1.1,1.9,7.7,2014
13177,372,Andre Roberson,SG,22,OKC,40,16,10.0,0.8,1.7,.485,0.1,0.3,.154,0.8,1.4,.564,.500,0.2,0.3,.700,0.9,1.5,2.4,0.4,0.5,0.3,0.5,1.9,1.9,2014
13178,373,Brian Roberts,PG,28,NOP,72,42,23.2,3.4,8.1,.420,0.9,2.5,.360,2.5,5.6,.447,.475,1.7,1.8,.940,0.2,1.7,1.9,3.3,0.6,0.1,1.3,1.8,9.4,2014
13179,374,Nate Robinson,PG,29,DEN,44,1,19.7,3.7,8.7,.428,1.3,3.5,.377,2.4,5.2,.463,.504,1.6,1.9,.835,0.5,1.4,1.8,2.5,0.8,0.1,1.3,2.1,10.4,2014
13180,375,Thomas Robinson,PF,22,POR,70,0,12.5,2.0,4.2,.481,0.0,0.0,.000,2.0,4.2,.483,.481,0.8,1.4,.564,1.5,2.9,4.4,0.5,0.3,0.3,0.8,1.9,4.8,2014
13181,376,Rajon Rondo,PG,27,BOS,30,30,33.3,4.7,11.7,.403,0.9,3.0,.289,3.8,8.7,.442,.440,1.4,2.2,.627,0.7,4.7,5.5,9.8,1.3,0.1,3.3,2.2,11.7,2014
13182,377,Derrick Rose,PG,25,CHI,10,10,31.1,5.8,16.4,.354,1.6,4.7,.340,4.2,11.7,.359,.402,2.7,3.2,.844,0.9,2.3,3.2,4.3,0.5,0.1,3.4,1.5,15.9,2014
13183,378,Terrence Ross,SG,22,TOR,81,62,26.7,3.9,9.3,.423,2.0,5.0,.395,1.9,4.2,.458,.531,1.0,1.2,.837,0.5,2.6,3.1,1.0,0.8,0.3,1.1,2.3,10.9,2014
13184,379,Ricky Rubio,PG,23,MIN,82,82,32.2,3.1,8.2,.381,0.5,1.6,.331,2.6,6.5,.393,.413,2.8,3.5,.802,0.7,3.4,4.2,8.6,2.3,0.1,2.7,2.7,9.5,2014
13185,380,Brandon Rush,SG,28,UTA,38,0,11.0,0.8,2.4,.333,0.4,1.2,.340,0.4,1.1,.326,.422,0.1,0.1,.600,0.1,1.0,1.2,0.6,0.1,0.2,0.5,0.8,2.1,2014
13186,Rk,Player,Pos,Age,Tm,G,GS,MP,FG,FGA,FG%,3P,3PA,3P%,2P,2PA,2P%,eFG%,FT,FTA,FT%,ORB,DRB,TRB,AST,STL,BLK,TOV,PF,PTS,2014
13187,381,Robert Sacre,C,24,LAL,65,13,16.8,2.2,4.6,.477,0.0,0.0,,2.2,4.6,.477,.477,1.0,1.4,.681,1.3,2.6,3.9,0.8,0.4,0.7,0.7,2.1,5.4,2014
13188,382,John Salmons,SG-SF,34,TOT,78,8,22.1,1.9,5.3,.363,0.8,2.1,.387,1.1,3.2,.348,.439,0.5,0.7,.769,0.3,1.8,2.1,1.9,0.6,0.2,0.7,1.6,5.2,2014
13189,382,John Salmons,SF,34,SAC,18,8,24.7,2.3,6.5,.350,0.9,2.3,.381,1.4,4.2,.333,.419,0.4,0.4,1.000,0.4,2.1,2.6,2.4,0.7,0.4,0.8,1.8,5.8,2014
13190,382,John Salmons,SG,34,TOR,60,0,21.4,1.8,4.9,.368,0.8,2.0,.388,1.0,2.9,.354,.448,0.6,0.8,.733,0.2,1.8,2.0,1.7,0.6,0.2,0.7,1.5,5.0,2014
13191,383,Larry Sanders,C,25,MIL,23,20,25.4,3.3,7.0,.469,0.0,0.0,.000,3.3,7.0,.472,.469,1.1,2.4,.473,2.6,4.6,7.2,0.8,0.8,1.7,1.1,3.2,7.7,2014
13192,384,Dennis Schröder,PG,20,ATL,49,0,13.1,1.5,3.8,.383,0.2,0.9,.238,1.3,3.0,.425,.410,0.6,0.9,.674,0.1,1.1,1.2,1.9,0.3,0.0,1.2,1.1,3.7,2014
13193,385,Luis Scola,PF,33,IND,82,2,17.1,3.2,6.8,.470,0.0,0.1,.143,3.2,6.7,.474,.471,1.2,1.7,.728,1.0,3.7,4.8,1.0,0.3,0.2,1.3,2.0,7.6,2014
13194,386,Mike Scott,PF,25,ATL,80,6,18.5,3.8,7.9,.479,0.8,2.5,.310,3.0,5.4,.558,.529,1.3,1.7,.780,0.8,2.8,3.6,0.9,0.4,0.1,1.0,1.5,9.6,2014
13195,387,Thabo Sefolosha,SG,29,OKC,61,61,26.0,2.3,5.6,.415,0.8,2.5,.316,1.5,3.1,.495,.485,0.9,1.1,.768,0.8,2.8,3.6,1.5,1.3,0.3,0.9,1.5,6.3,2014
13196,388,Kevin Séraphin,C,24,WAS,53,1,10.9,2.1,4.2,.505,0.0,0.0,,2.1,4.2,.505,.505,0.5,0.6,.871,1.0,1.4,2.4,0.3,0.1,0.5,0.8,1.9,4.7,2014
13197,389,Ramon Sessions,PG,27,TOT,83,19,26.7,4.0,9.3,.429,0.4,1.5,.282,3.6,7.8,.457,.452,3.9,4.9,.807,0.5,2.0,2.4,4.1,0.6,0.1,1.8,1.1,12.3,2014
13198,389,Ramon Sessions,PG,27,CHA,55,7,23.7,3.5,8.5,.409,0.3,1.2,.221,3.2,7.2,.441,.425,3.3,4.3,.782,0.4,1.7,2.1,3.7,0.6,0.1,1.7,0.9,10.5,2014
13199,389,Ramon Sessions,PG,27,MIL,28,12,32.5,5.0,10.9,.461,0.7,2.0,.357,4.3,8.9,.484,.493,5.1,6.1,.841,0.6,2.5,3.1,4.8,0.6,0.1,2.0,1.4,15.8,2014
13200,390,Mustafa Shakur,PG,29,OKC,3,0,3.7,0.0,1.0,.000,0.0,0.3,.000,0.0,0.7,.000,.000,0.3,0.7,.500,0.0,0.0,0.0,1.3,0.0,0.0,0.7,0.7,0.3,2014
13201,391,Tornike Shengelia,SF,22,TOT,26,0,5.9,0.5,1.1,.464,0.0,0.2,.000,0.5,0.8,.591,.464,0.1,0.3,.375,0.2,0.5,0.6,0.5,0.1,0.0,0.5,0.7,1.1,2014
13202,391,Tornike Shengelia,SF,22,BRK,17,0,8.1,0.6,1.4,.458,0.0,0.4,.000,0.6,1.1,.611,.458,0.2,0.5,.375,0.2,0.6,0.8,0.7,0.1,0.1,0.6,0.9,1.5,2014
13203,391,Tornike Shengelia,SF,22,CHI,9,0,1.9,0.2,0.4,.500,0.0,0.0,,0.2,0.4,.500,.500,0.0,0.0,,0.0,0.2,0.2,0.2,0.1,0.0,0.1,0.2,0.4,2014
13204,392,Iman Shumpert,SG,23,NYK,74,58,26.5,2.5,6.5,.378,1.0,3.1,.333,1.4,3.5,.418,.457,0.7,1.0,.746,1.1,3.1,4.2,1.7,1.2,0.2,1.1,2.8,6.7,2014
13205,393,Alexey Shved,SG,25,MIN,63,0,10.5,1.2,3.8,.321,0.5,1.6,.294,0.7,2.1,.341,.384,1.1,1.4,.756,0.3,1.0,1.3,1.1,0.4,0.3,0.8,0.6,4.0,2014
13206,394,Henry Sims,C,23,TOT,46,25,19.0,2.8,6.0,.474,0.0,0.0,.000,2.8,5.9,.476,.474,2.0,2.6,.744,2.3,2.9,5.2,1.1,0.6,0.4,0.9,2.5,7.6,2014
13207,394,Henry Sims,C,23,CLE,20,0,8.4,0.9,2.3,.400,0.0,0.0,,0.9,2.3,.400,.400,0.4,0.7,.571,1.1,1.7,2.8,0.3,0.3,0.4,0.4,1.6,2.2,2014
13208,394,Henry Sims,C,23,PHI,26,25,27.2,4.3,8.8,.489,0.0,0.0,.000,4.3,8.8,.491,.489,3.2,4.1,.766,3.2,3.8,7.0,1.8,0.9,0.5,1.3,3.2,11.8,2014
13209,395,Kyle Singler,SF,25,DET,82,36,28.5,3.3,7.3,.447,1.1,3.0,.382,2.1,4.3,.492,.525,1.9,2.2,.826,1.4,2.3,3.7,0.9,0.7,0.5,1.0,2.6,9.6,2014
13210,396,Chris Singleton,SF,24,WAS,25,0,10.0,1.0,2.7,.373,0.3,0.8,.368,0.7,1.9,.375,.425,0.7,1.0,.720,0.7,1.5,2.2,0.2,0.4,0.1,0.7,1.0,3.0,2014
13211,397,Peyton Siva,SG,23,DET,24,0,9.3,0.8,2.4,.316,0.3,1.0,.280,0.5,1.3,.344,.377,0.5,0.6,.733,0.1,0.5,0.6,1.4,0.4,0.0,0.8,1.1,2.3,2014
13212,398,Donald Sloan,SG,26,IND,48,1,8.2,0.9,2.4,.376,0.2,0.9,.238,0.7,1.6,.453,.419,0.3,0.4,.600,0.1,0.8,0.9,1.0,0.2,0.0,0.5,0.4,2.3,2014
13213,399,Chris Smith,PG,26,NYK,2,0,1.0,0.0,0.0,,0.0,0.0,,0.0,0.0,,,0.0,0.0,,0.0,0.0,0.0,0.0,0.0,0.0,0.0,0.0,0.0,2014
13214,400,Greg Smith,C,23,HOU,11,0,9.1,1.6,2.5,.643,0.0,0.0,,1.6,2.5,.643,.643,0.2,0.5,.400,1.0,1.5,2.5,0.0,0.1,0.2,0.5,1.5,3.5,2014
13215,Rk,Player,Pos,Age,Tm,G,GS,MP,FG,FGA,FG%,3P,3PA,3P%,2P,2PA,2P%,eFG%,FT,FTA,FT%,ORB,DRB,TRB,AST,STL,BLK,TOV,PF,PTS,2014
13216,401,Ish Smith,PG,25,PHO,70,1,14.4,1.7,4.0,.423,0.0,0.3,.043,1.7,3.7,.457,.425,0.3,0.6,.564,0.4,1.4,1.8,2.6,0.7,0.2,0.9,0.9,3.7,2014
13217,402,J.R. Smith,SF,28,NYK,74,37,32.7,5.4,12.9,.415,2.6,6.5,.394,2.8,6.4,.436,.514,1.2,1.9,.652,0.5,3.5,4.0,3.0,0.9,0.3,1.5,2.6,14.5,2014
13218,403,Jason Smith,PF,27,NOP,31,27,26.8,4.2,9.1,.465,0.0,0.0,,4.2,9.1,.465,.465,1.3,1.6,.780,1.6,4.2,5.8,0.9,0.4,0.9,0.9,3.2,9.7,2014
13219,404,Josh Smith,SF,28,DET,77,76,35.5,6.7,16.0,.419,0.9,3.4,.264,5.8,12.6,.462,.448,2.1,3.9,.532,1.3,5.4,6.8,3.3,1.4,1.4,2.6,2.6,16.4,2014
13220,405,Tony Snell,SG,22,CHI,77,12,16.0,1.7,4.4,.384,0.7,2.3,.320,0.9,2.1,.456,.469,0.4,0.5,.756,0.2,1.4,1.6,0.9,0.4,0.2,0.6,1.1,4.5,2014
13221,406,James Southerland,SF,23,TOT,4,0,7.5,1.3,3.8,.333,0.8,1.5,.500,0.5,2.3,.222,.433,0.3,0.5,.500,0.0,2.0,2.0,0.0,0.3,0.5,0.3,0.8,3.5,2014
13222,406,James Southerland,SF,23,CHA,1,0,3.0,0.0,3.0,.000,0.0,1.0,.000,0.0,2.0,.000,.000,0.0,0.0,,0.0,0.0,0.0,0.0,0.0,0.0,0.0,0.0,0.0,2014
13223,406,James Southerland,SF,23,NOP,3,0,9.0,1.7,4.0,.417,1.0,1.7,.600,0.7,2.3,.286,.542,0.3,0.7,.500,0.0,2.7,2.7,0.0,0.3,0.7,0.3,1.0,4.7,2014
13224,407,Marreese Speights,C,26,GSW,79,3,12.4,2.5,5.6,.441,0.1,0.4,.258,2.4,5.2,.455,.450,1.4,1.7,.821,1.3,2.4,3.7,0.4,0.1,0.4,0.8,1.9,6.4,2014
13225,408,Tiago Splitter,C,29,SAS,59,50,21.5,3.1,5.9,.523,0.0,0.1,.000,3.1,5.8,.528,.523,2.1,2.9,.699,2.1,4.1,6.2,1.5,0.5,0.5,1.3,2.0,8.2,2014
13226,409,D.J. Stephens,SG,23,MIL,3,0,5.0,1.0,2.3,.429,0.0,0.0,,1.0,2.3,.429,.429,0.3,0.3,1.000,0.3,1.3,1.7,0.0,0.0,0.0,0.0,0.0,2.3,2014
13227,410,Lance Stephenson,SG,23,IND,78,78,35.3,5.5,11.2,.491,1.1,3.1,.352,4.4,8.0,.545,.540,1.8,2.5,.711,1.2,5.9,7.2,4.6,0.7,0.1,2.7,2.5,13.8,2014
13228,411,Greg Stiemsma,C,28,NOP,55,20,18.3,1.3,2.2,.574,0.0,0.0,.000,1.3,2.2,.579,.574,0.3,0.6,.594,1.3,2.8,4.1,0.7,0.6,1.0,0.8,3.1,2.9,2014
13229,412,Julyan Stone,SG,25,TOR,21,0,5.7,0.3,0.8,.412,0.1,0.4,.250,0.2,0.4,.556,.471,0.1,0.1,.667,0.1,0.9,1.0,0.6,0.1,0.0,0.2,0.6,0.9,2014
13230,413,Amar'e Stoudemire,C,31,NYK,65,21,22.6,4.8,8.6,.557,0.0,0.0,,4.8,8.6,.557,.557,2.3,3.1,.739,1.7,3.2,4.9,0.5,0.4,0.6,1.4,2.4,11.9,2014
13231,414,Rodney Stuckey,SG,27,DET,73,5,26.7,5.1,11.7,.436,0.3,1.2,.273,4.8,10.5,.455,.450,3.3,4.0,.836,0.5,1.8,2.3,2.1,0.7,0.1,1.7,1.8,13.9,2014
13232,415,Jared Sullinger,PF,21,BOS,74,44,27.6,5.2,12.1,.427,0.8,2.8,.269,4.4,9.3,.475,.458,2.1,2.7,.778,3.3,4.9,8.1,1.6,0.5,0.7,1.6,3.4,13.3,2014
13233,416,Jeff Taylor,SF,24,CHA,26,8,24.2,3.2,8.4,.376,0.7,2.6,.269,2.5,5.8,.424,.417,1.0,1.8,.553,0.6,1.7,2.3,0.8,0.5,0.2,1.0,2.4,8.0,2014
13234,417,Tyshawn Taylor,PG,23,BRK,23,3,11.7,1.3,4.0,.341,0.1,0.5,.250,1.2,3.4,.354,.357,1.0,1.3,.800,0.1,0.5,0.7,1.6,0.5,0.0,1.3,1.3,3.9,2014
13235,418,Jeff Teague,PG,25,ATL,79,79,32.2,5.8,13.2,.438,0.9,2.8,.329,4.8,10.3,.469,.474,4.0,4.8,.846,0.4,2.2,2.6,6.7,1.1,0.2,2.9,2.0,16.5,2014
13236,419,Marquis Teague,SG,20,TOT,40,3,11.1,1.0,3.0,.319,0.1,0.5,.278,0.8,2.5,.327,.340,0.7,0.9,.743,0.0,1.0,1.0,1.5,0.3,0.1,1.0,1.2,2.7,2014
13237,419,Marquis Teague,SG,20,CHI,19,2,12.7,0.8,3.5,.242,0.1,0.5,.200,0.7,2.9,.250,.258,0.6,0.8,.688,0.1,0.9,1.0,1.5,0.1,0.2,0.9,1.3,2.4,2014
13238,419,Marquis Teague,SG,20,BRK,21,1,9.6,1.0,2.5,.415,0.1,0.4,.375,0.9,2.1,.422,.443,0.7,0.9,.789,0.0,1.0,1.0,1.4,0.4,0.0,1.0,1.0,3.0,2014
13239,420,Mirza Teletović,SF,28,BRK,72,7,19.4,3.1,7.3,.418,1.9,4.8,.390,1.2,2.5,.472,.546,0.6,0.9,.710,0.8,2.9,3.7,0.8,0.4,0.3,0.8,2.0,8.6,2014
13240,Rk,Player,Pos,Age,Tm,G,GS,MP,FG,FGA,FG%,3P,3PA,3P%,2P,2PA,2P%,eFG%,FT,FTA,FT%,ORB,DRB,TRB,AST,STL,BLK,TOV,PF,PTS,2014
13241,421,Garrett Temple,SG,27,WAS,75,0,8.5,0.7,1.9,.362,0.1,0.4,.207,0.6,1.5,.402,.383,0.4,0.6,.698,0.3,0.6,0.9,1.0,0.5,0.1,0.6,1.0,1.8,2014
13242,422,Jason Terry,PG,36,BRK,35,0,16.3,1.6,4.3,.362,1.1,2.9,.379,0.5,1.4,.327,.490,0.3,0.4,.667,0.1,0.9,1.1,1.6,0.4,0.0,0.8,1.4,4.5,2014
13243,423,Hasheem Thabeet,C,26,OKC,23,0,8.3,0.6,1.0,.565,0.0,0.0,,0.6,1.0,.565,.565,0.0,0.2,.200,0.4,1.3,1.7,0.0,0.2,0.4,0.6,2.0,1.2,2014
13244,424,Adonis Thomas,SF,20,TOT,6,1,6.2,1.0,2.3,.429,0.2,0.8,.200,0.8,1.5,.556,.464,0.2,0.2,1.000,0.0,0.5,0.5,0.5,0.0,0.0,0.2,1.0,2.3,2014
13245,424,Adonis Thomas,SF,20,ORL,4,0,6.0,0.8,2.3,.333,0.0,0.8,.000,0.8,1.5,.500,.333,0.3,0.3,1.000,0.0,0.8,0.8,0.5,0.0,0.0,0.0,0.5,1.8,2014
13246,424,Adonis Thomas,SF,20,PHI,2,1,6.5,1.5,2.5,.600,0.5,1.0,.500,1.0,1.5,.667,.700,0.0,0.0,,0.0,0.0,0.0,0.5,0.0,0.0,0.5,2.0,3.5,2014
13247,425,Isaiah Thomas,PG,24,SAC,72,54,34.7,6.9,15.2,.453,1.8,5.1,.349,5.1,10.2,.504,.510,4.8,5.7,.850,0.7,2.3,2.9,6.3,1.3,0.1,3.0,2.6,20.3,2014
13248,426,Lance Thomas,SF,25,NOP,5,0,8.4,0.4,1.8,.222,0.0,0.0,,0.4,1.8,.222,.222,0.4,0.8,.500,0.4,1.0,1.4,0.6,0.0,0.0,0.4,0.8,1.2,2014
13249,427,Malcolm Thomas,PF,25,TOT,8,0,7.9,0.9,2.0,.438,0.1,0.5,.250,0.8,1.5,.500,.469,0.0,0.3,.000,0.6,2.0,2.6,0.3,0.0,0.4,1.1,0.6,1.9,2014
13250,427,Malcolm Thomas,PF,25,SAS,1,0,15.0,1.0,4.0,.250,0.0,0.0,,1.0,4.0,.250,.250,0.0,2.0,.000,1.0,8.0,9.0,0.0,0.0,2.0,1.0,0.0,2.0,2014
13251,427,Malcolm Thomas,PF,25,UTA,7,0,6.9,0.9,1.7,.500,0.1,0.6,.250,0.7,1.1,.625,.542,0.0,0.0,,0.6,1.1,1.7,0.3,0.0,0.1,1.1,0.7,1.9,2014
13252,428,Hollis Thompson,SF,22,PHI,77,41,22.6,2.2,4.8,.460,0.9,2.2,.401,1.4,2.7,.507,.550,0.7,0.9,.712,0.9,2.3,3.2,0.9,0.7,0.2,0.8,1.9,6.0,2014
13253,429,Jason Thompson,PF,27,SAC,82,61,24.5,3.1,6.0,.506,0.0,0.0,,3.1,6.0,.506,.506,1.0,1.8,.579,1.9,4.6,6.4,0.6,0.4,0.7,1.2,3.1,7.1,2014
13254,430,Klay Thompson,SG,23,GSW,81,81,35.4,6.9,15.5,.444,2.8,6.6,.417,4.1,8.9,.464,.533,1.8,2.3,.795,0.5,2.6,3.1,2.2,0.9,0.5,1.7,2.9,18.4,2014
13255,431,Tristan Thompson,PF,22,CLE,82,82,31.6,4.4,9.3,.477,0.0,0.0,.000,4.4,9.3,.478,.477,2.9,4.1,.693,3.3,5.9,9.2,0.9,0.5,0.4,1.3,2.3,11.7,2014
13256,432,Marcus Thornton,SG,26,TOT,72,27,24.2,3.5,8.9,.394,1.5,4.4,.345,2.0,4.5,.443,.480,1.3,1.6,.804,0.8,2.0,2.8,1.1,0.8,0.2,0.9,1.5,9.8,2014
13257,432,Marcus Thornton,SG,26,SAC,46,26,24.4,3.1,8.1,.381,1.2,3.9,.318,1.8,4.2,.438,.457,0.9,1.1,.808,0.8,1.8,2.7,1.0,0.7,0.2,0.8,1.6,8.3,2014
13258,432,Marcus Thornton,SG,26,BRK,26,1,23.8,4.2,10.2,.414,2.0,5.3,.380,2.2,5.0,.450,.511,1.8,2.3,.800,0.7,2.2,2.8,1.2,1.0,0.1,1.1,1.4,12.3,2014
13259,433,Jamaal Tinsley,PG,35,UTA,8,5,13.8,0.5,2.5,.200,0.1,1.9,.067,0.4,0.6,.600,.225,0.0,0.0,,0.3,1.1,1.4,2.9,0.3,0.0,1.1,1.3,1.1,2014
13260,434,Anthony Tolliver,PF,28,CHA,64,9,20.3,2.0,4.8,.420,1.6,3.9,.413,0.4,0.9,.450,.586,0.5,0.6,.805,0.5,2.1,2.6,0.7,0.3,0.2,0.4,1.3,6.1,2014
13261,435,P.J. Tucker,SF,28,PHO,81,81,30.7,3.3,7.6,.431,0.9,2.4,.387,2.4,5.2,.450,.491,1.9,2.5,.776,2.0,4.5,6.5,1.7,1.4,0.3,1.3,2.5,9.4,2014
13262,436,Ronny Turiaf,C,31,MIN,31,10,19.5,2.1,3.5,.598,0.0,0.0,,2.1,3.5,.598,.598,0.7,1.6,.420,1.8,3.8,5.6,0.8,0.3,1.6,0.8,2.1,4.8,2014
13263,437,Hedo Türkoğlu,SF,34,LAC,38,0,10.3,1.1,2.9,.385,0.6,1.3,.440,0.5,1.6,.339,.486,0.2,0.5,.500,0.3,2.1,2.3,0.9,0.5,0.3,0.4,1.3,3.0,2014
13264,438,Evan Turner,SF,25,TOT,81,56,30.3,5.4,12.6,.425,0.6,1.9,.321,4.7,10.7,.444,.450,2.6,3.2,.813,0.8,4.3,5.0,3.2,0.8,0.1,2.3,2.4,14.0,2014
13265,438,Evan Turner,SF,25,PHI,54,54,34.9,6.6,15.4,.428,0.7,2.4,.288,5.9,12.9,.455,.451,3.5,4.2,.829,0.9,5.0,6.0,3.7,1.0,0.1,2.9,2.7,17.4,2014
13266,438,Evan Turner,SF,25,IND,27,2,21.1,2.9,7.0,.411,0.4,0.9,.500,2.4,6.1,.398,.442,0.9,1.3,.706,0.4,2.7,3.2,2.4,0.4,0.1,1.3,1.8,7.1,2014
13267,439,Jeremy Tyler,C,22,NYK,41,0,9.7,1.5,2.8,.517,0.0,0.0,,1.5,2.8,.517,.517,0.6,1.2,.542,0.9,1.7,2.7,0.2,0.1,0.5,0.6,1.7,3.6,2014
13268,440,Ekpe Udoh,PF,26,MIL,42,14,19.1,1.4,3.4,.399,0.0,0.0,,1.4,3.4,.399,.399,0.7,1.1,.638,1.5,2.1,3.5,0.7,0.4,1.0,0.9,2.3,3.4,2014
13269,Rk,Player,Pos,Age,Tm,G,GS,MP,FG,FGA,FG%,3P,3PA,3P%,2P,2PA,2P%,eFG%,FT,FTA,FT%,ORB,DRB,TRB,AST,STL,BLK,TOV,PF,PTS,2014
13270,441,Beno Udrih,SG,31,TOT,41,12,15.7,1.9,4.3,.438,0.5,1.0,.452,1.4,3.3,.434,.492,0.6,0.7,.833,0.2,1.2,1.4,2.8,0.6,0.1,1.1,1.2,4.9,2014
13271,441,Beno Udrih,SG,31,NYK,31,12,19.0,2.2,5.2,.425,0.5,1.3,.425,1.6,3.9,.425,.478,0.6,0.8,.833,0.3,1.5,1.8,3.5,0.7,0.1,1.4,1.5,5.6,2014
13272,441,Beno Udrih,SG,31,MEM,10,0,5.5,1.0,1.8,.556,0.2,0.2,1.000,0.8,1.6,.500,.611,0.5,0.6,.833,0.0,0.2,0.2,0.6,0.1,0.1,0.5,0.4,2.7,2014
13273,442,Jonas Valančiūnas,C,21,TOR,81,81,28.2,4.4,8.3,.531,0.0,0.0,.000,4.4,8.3,.532,.531,2.4,3.2,.762,2.8,6.0,8.8,0.7,0.3,0.9,1.7,3.1,11.3,2014
13274,443,Anderson Varejão,C,31,CLE,65,29,27.7,3.5,7.1,.495,0.0,0.1,.000,3.5,7.0,.502,.495,1.4,2.1,.681,2.9,6.8,9.7,2.2,1.1,0.6,1.1,2.5,8.4,2014
13275,444,Jarvis Varnado,PF,25,TOT,24,0,14.1,1.5,2.5,.600,0.0,0.0,,1.5,2.5,.600,.600,1.1,2.2,.519,0.8,1.8,2.6,0.5,0.4,1.2,0.4,2.6,4.1,2014
13276,444,Jarvis Varnado,PF,25,CHI,1,0,2.0,0.0,0.0,,0.0,0.0,,0.0,0.0,,,0.0,0.0,,0.0,0.0,0.0,0.0,0.0,0.0,0.0,1.0,0.0,2014
13277,444,Jarvis Varnado,PF,25,PHI,23,0,14.7,1.6,2.6,.600,0.0,0.0,,1.6,2.6,.600,.600,1.2,2.3,.519,0.8,1.9,2.7,0.6,0.4,1.3,0.4,2.7,4.3,2014
13278,445,Greivis Vásquez,PG,27,TOT,79,23,22.5,3.5,8.3,.421,1.4,3.7,.377,2.1,4.7,.455,.504,1.2,1.4,.880,0.3,1.9,2.2,4.1,0.4,0.1,1.6,1.8,9.6,2014
13279,445,Greivis Vásquez,PG,27,SAC,18,18,25.8,3.6,8.3,.433,0.9,2.8,.320,2.7,5.6,.490,.487,1.7,1.8,.938,0.3,1.6,1.9,5.3,0.3,0.1,1.5,2.1,9.8,2014
13280,445,Greivis Vásquez,PG,27,TOR,61,5,21.5,3.5,8.3,.417,1.5,3.9,.389,2.0,4.4,.442,.509,1.1,1.2,.855,0.2,2.0,2.3,3.7,0.4,0.1,1.7,1.7,9.5,2014
13281,446,Jan Veselý,PF,23,TOT,54,1,14.4,1.6,3.2,.514,0.0,0.0,,1.6,3.2,.514,.514,0.4,1.0,.339,1.5,2.0,3.5,0.4,1.0,0.6,0.7,2.2,3.6,2014
13282,446,Jan Veselý,PF,23,WAS,33,1,14.2,1.5,2.8,.522,0.0,0.0,,1.5,2.8,.522,.522,0.2,0.9,.267,1.6,1.8,3.4,0.3,0.8,0.6,0.7,1.9,3.2,2014
13283,446,Jan Veselý,PF,23,DEN,21,0,14.6,2.0,3.9,.506,0.0,0.0,,2.0,3.9,.506,.506,0.5,1.2,.423,1.3,2.4,3.7,0.5,1.3,0.8,0.7,2.7,4.4,2014
13284,447,Charlie Villanueva,PF,29,DET,20,0,9.0,1.8,4.6,.380,0.7,2.8,.250,1.1,1.8,.583,.457,0.4,0.7,.571,0.3,1.4,1.7,0.3,0.2,0.3,0.4,0.8,4.6,2014
13285,448,Nikola Vučević,C,23,ORL,57,57,31.8,6.2,12.2,.507,0.0,0.0,,6.2,12.2,.507,.507,1.8,2.4,.766,3.2,7.7,11.0,1.8,1.1,0.8,2.0,3.0,14.2,2014
13286,449,Sasha Vujačić,SG,29,LAC,2,0,5.0,1.0,2.5,.400,0.5,1.0,.500,0.5,1.5,.333,.500,0.0,0.0,,0.0,1.5,1.5,0.0,0.5,0.0,1.5,0.5,2.5,2014
13287,450,Dwyane Wade,SG,32,MIA,54,53,32.9,7.7,14.1,.545,0.2,0.6,.281,7.5,13.5,.557,.551,3.5,4.8,.733,1.1,3.4,4.5,4.7,1.5,0.5,3.0,2.0,19.0,2014
13288,451,Dion Waiters,SG,22,CLE,70,24,29.6,6.1,14.2,.433,1.3,3.6,.368,4.8,10.6,.455,.479,2.3,3.4,.685,0.5,2.3,2.8,3.0,0.9,0.2,2.2,2.2,15.9,2014
13289,452,Kemba Walker,PG,23,CHA,73,73,35.8,6.2,15.7,.393,1.5,4.5,.333,4.7,11.2,.417,.441,3.9,4.6,.837,0.5,3.7,4.2,6.1,1.2,0.4,2.3,1.8,17.7,2014
13290,453,John Wall,PG,23,WAS,82,82,36.3,7.1,16.3,.433,1.3,3.8,.351,5.7,12.5,.458,.473,3.9,4.8,.805,0.5,3.6,4.1,8.8,1.8,0.5,3.6,2.7,19.3,2014
13291,454,Gerald Wallace,SF,31,BOS,58,16,24.4,2.0,4.0,.504,0.3,1.1,.297,1.7,2.9,.584,.546,0.8,1.7,.465,0.6,3.0,3.7,2.5,1.3,0.2,1.7,1.4,5.1,2014
13292,455,Casper Ware,PG,24,PHI,9,0,12.9,2.0,4.7,.429,0.8,2.3,.333,1.2,2.3,.524,.512,0.6,0.7,.833,0.0,1.0,1.0,1.1,0.9,0.0,0.6,1.2,5.3,2014
13293,456,C.J. Watson,PG,29,IND,63,5,18.9,2.3,5.3,.437,0.8,2.3,.366,1.5,3.0,.492,.516,1.1,1.4,.784,0.3,1.3,1.6,1.7,1.0,0.1,1.0,1.0,6.6,2014
13294,457,Earl Watson,PG,34,POR,24,0,6.7,0.1,0.5,.273,0.1,0.3,.286,0.0,0.2,.250,.364,0.2,0.2,1.000,0.2,0.4,0.6,1.2,0.2,0.0,0.7,1.4,0.5,2014
13295,458,Maalik Wayns,PG,22,LAC,2,0,4.5,0.5,1.0,.500,0.0,0.0,,0.5,1.0,.500,.500,0.0,0.0,,0.0,1.0,1.0,1.0,1.0,0.0,0.0,2.0,1.0,2014
13296,459,Martell Webster,SF,27,WAS,78,13,27.7,3.3,7.5,.433,1.9,4.8,.392,1.4,2.8,.502,.557,1.3,1.6,.840,0.5,2.4,2.8,1.2,0.5,0.2,0.7,1.9,9.7,2014
13297,460,David West,PF,33,IND,80,80,30.9,5.7,11.7,.488,0.1,0.2,.267,5.7,11.6,.491,.490,2.5,3.1,.789,1.5,5.3,6.8,2.8,0.8,0.9,1.7,2.3,14.0,2014
13298,Rk,Player,Pos,Age,Tm,G,GS,MP,FG,FGA,FG%,3P,3PA,3P%,2P,2PA,2P%,eFG%,FT,FTA,FT%,ORB,DRB,TRB,AST,STL,BLK,TOV,PF,PTS,2014
13299,461,Russell Westbrook,PG,25,OKC,46,46,30.7,7.5,17.2,.437,1.5,4.7,.318,6.0,12.5,.482,.480,5.3,6.4,.826,1.2,4.5,5.7,6.9,1.9,0.2,3.8,2.3,21.8,2014
13300,462,D.J. White,PF,27,CHA,2,0,5.0,0.0,0.5,.000,0.0,0.0,,0.0,0.5,.000,.000,0.0,0.0,,0.0,1.0,1.0,0.0,0.5,0.0,0.0,0.5,0.0,2014
13301,463,Royce White,PF,22,SAC,3,0,3.0,0.0,0.3,.000,0.0,0.0,,0.0,0.3,.000,.000,0.0,0.0,,0.0,0.0,0.0,0.0,0.0,0.0,0.0,0.7,0.0,2014
13302,464,Deron Williams,PG,29,BRK,64,58,32.2,5.0,11.2,.450,1.5,4.2,.366,3.5,7.0,.500,.518,2.7,3.4,.801,0.2,2.4,2.6,6.1,1.5,0.2,2.2,2.3,14.3,2014
13303,465,Derrick Williams,SF-PF,22,TOT,78,15,23.3,2.6,6.2,.427,0.3,1.3,.263,2.3,4.9,.470,.454,2.4,3.3,.718,0.9,3.2,4.1,0.7,0.6,0.3,1.0,1.5,8.0,2014
13304,465,Derrick Williams,PF,22,MIN,11,0,14.7,1.7,4.9,.352,0.2,1.4,.133,1.5,3.5,.436,.370,1.3,1.5,.875,0.3,2.1,2.4,0.1,0.4,0.4,0.5,0.8,4.9,2014
13305,465,Derrick Williams,SF,22,SAC,67,15,24.7,2.8,6.4,.437,0.4,1.3,.286,2.4,5.1,.474,.465,2.6,3.6,.708,1.0,3.4,4.4,0.8,0.7,0.2,1.0,1.6,8.5,2014
13306,466,Elliot Williams,SG,24,PHI,67,2,17.3,2.1,5.0,.415,0.6,1.9,.296,1.5,3.2,.486,.470,1.3,1.8,.731,0.4,1.5,1.9,1.1,0.5,0.0,1.0,1.9,6.0,2014
13307,467,Lou Williams,PG,27,ATL,60,7,24.1,3.3,8.2,.400,1.3,3.9,.342,2.0,4.4,.450,.480,2.5,3.0,.849,0.2,1.9,2.1,3.5,0.8,0.1,1.5,1.1,10.4,2014
13308,468,Marvin Williams,PF,27,UTA,66,50,25.4,3.5,8.0,.439,1.3,3.5,.359,2.2,4.4,.503,.519,0.9,1.1,.781,1.2,3.8,5.1,1.2,0.8,0.5,0.8,2.3,9.1,2014
13309,469,Mo Williams,PG,31,POR,74,0,24.8,3.8,9.1,.417,1.1,3.0,.369,2.7,6.0,.441,.478,1.1,1.2,.876,0.6,1.5,2.1,4.3,0.7,0.1,2.0,2.7,9.7,2014
13310,470,Reggie Williams,SF,27,OKC,3,0,5.7,1.7,3.0,.556,0.3,1.0,.333,1.3,2.0,.667,.611,0.0,0.0,,0.0,0.0,0.0,0.3,0.3,0.0,0.7,0.3,3.7,2014
13311,471,Shawne Williams,PF,27,LAL,36,13,20.9,2.0,5.3,.380,1.2,3.6,.326,0.9,1.8,.492,.490,0.4,0.6,.700,0.7,3.9,4.6,0.8,0.5,0.8,0.6,2.6,5.6,2014
13312,472,Jeff Withey,C,23,NOP,58,4,11.8,1.2,2.2,.535,0.0,0.0,.000,1.2,2.2,.539,.535,0.9,1.3,.712,0.8,1.7,2.6,0.4,0.3,0.9,0.3,1.3,3.3,2014
13313,473,Nate Wolters,PG,22,MIL,58,31,22.6,2.9,6.7,.437,0.3,1.1,.290,2.6,5.6,.465,.460,1.0,1.6,.656,0.6,2.0,2.6,3.2,0.6,0.3,1.0,1.2,7.2,2014
13314,474,Metta World Peace,SF,34,NYK,29,1,13.4,1.9,4.9,.397,0.6,1.9,.315,1.3,3.0,.448,.457,0.3,0.6,.625,0.6,1.4,2.0,0.6,0.8,0.3,0.7,1.5,4.8,2014
13315,475,Brandan Wright,C,26,DAL,58,0,18.6,3.9,5.7,.677,0.0,0.0,,3.9,5.7,.677,.677,1.3,1.8,.726,1.8,2.4,4.2,0.5,0.6,0.9,0.6,1.6,9.1,2014
13316,476,Chris Wright,SF,25,MIL,8,0,15.8,2.6,4.4,.600,0.0,0.1,.000,2.6,4.3,.618,.600,0.8,1.9,.400,1.3,1.3,2.5,0.6,0.9,0.6,0.6,2.1,6.0,2014
13317,477,Dorell Wright,SF,28,POR,68,13,14.5,1.6,4.4,.374,1.0,3.0,.342,0.6,1.4,.442,.490,0.8,1.0,.754,0.4,2.4,2.8,0.9,0.3,0.2,0.6,0.9,5.0,2014
13318,478,Tony Wroten,PG,20,PHI,72,16,24.5,4.8,11.2,.427,0.6,2.6,.213,4.2,8.6,.492,.452,2.9,4.5,.641,1.0,2.2,3.2,3.0,1.1,0.2,2.8,2.1,13.0,2014
13319,479,Nick Young,SG,28,LAL,64,9,28.3,6.0,13.9,.435,2.1,5.5,.386,3.9,8.4,.468,.511,3.7,4.5,.825,0.5,2.1,2.6,1.5,0.7,0.2,1.5,2.4,17.9,2014
13320,480,Thaddeus Young,PF,25,PHI,79,78,34.4,7.4,16.2,.454,1.1,3.7,.308,6.2,12.5,.496,.489,2.1,2.9,.712,2.1,3.9,6.0,2.3,2.1,0.5,2.1,2.7,17.9,2014
13321,Rk,Player,Pos,Age,Tm,G,GS,MP,FG,FGA,FG%,3P,3PA,3P%,2P,2PA,2P%,eFG%,FT,FTA,FT%,ORB,DRB,TRB,AST,STL,BLK,TOV,PF,PTS,2014
13322,481,Cody Zeller,C,21,CHA,82,3,17.3,2.1,4.9,.426,0.0,0.0,.000,2.1,4.9,.427,.426,1.8,2.4,.730,1.4,2.9,4.3,1.1,0.5,0.5,1.1,2.1,6.0,2014
13323,482,Tyler Zeller,C,24,CLE,70,9,15.0,2.2,4.1,.538,0.0,0.0,.000,2.2,4.1,.540,.538,1.2,1.7,.719,1.5,2.6,4.0,0.5,0.3,0.5,0.9,2.0,5.7,2014
13324,1,Quincy Acy,PF,24,NYK,68,22,18.9,2.2,4.9,.459,0.3,0.9,.300,2.0,4.0,.494,.486,1.1,1.4,.784,1.2,3.3,4.4,1.0,0.4,0.3,0.9,2.2,5.9,2015
13325,2,Jordan Adams,SG,20,MEM,30,0,8.3,1.2,2.9,.407,0.3,0.8,.400,0.8,2.0,.410,.465,0.5,0.8,.609,0.3,0.6,0.9,0.5,0.5,0.2,0.5,0.8,3.1,2015
13326,3,Steven Adams,C,21,OKC,70,67,25.3,3.1,5.7,.544,0.0,0.0,.000,3.1,5.7,.547,.544,1.5,2.9,.502,2.8,4.6,7.5,0.9,0.5,1.2,1.4,3.2,7.7,2015
13327,4,Jeff Adrien,PF,28,MIN,17,0,12.6,1.1,2.6,.432,0.0,0.0,,1.1,2.6,.432,.432,1.3,2.2,.579,1.4,3.2,4.5,0.9,0.2,0.5,0.5,1.8,3.5,2015
13328,5,Arron Afflalo,SG,29,TOT,78,72,32.1,4.8,11.3,.424,1.5,4.3,.354,3.3,7.1,.466,.491,2.1,2.5,.843,0.3,2.8,3.2,1.7,0.5,0.1,1.5,2.1,13.3,2015
13329,5,Arron Afflalo,SG,29,DEN,53,53,33.0,5.3,12.4,.428,1.5,4.6,.337,3.8,7.8,.481,.490,2.4,2.8,.841,0.4,3.0,3.4,1.9,0.6,0.1,1.6,2.0,14.5,2015
13330,5,Arron Afflalo,SG,29,POR,25,19,30.1,3.8,9.1,.414,1.4,3.6,.400,2.3,5.5,.423,.493,1.6,1.9,.851,0.2,2.4,2.7,1.1,0.4,0.1,1.3,2.4,10.6,2015
13331,6,Alexis Ajinça,C,26,NOP,68,8,14.1,2.7,4.8,.550,0.0,0.0,,2.7,4.8,.550,.550,1.2,1.5,.818,1.5,3.1,4.6,0.7,0.3,0.8,1.0,2.2,6.5,2015
13332,7,Furkan Aldemir,PF,23,PHI,41,9,13.2,1.0,1.9,.513,0.0,0.1,.000,1.0,1.8,.548,.513,0.3,0.7,.481,1.9,2.4,4.3,0.7,0.4,0.4,0.4,2.3,2.3,2015
13333,8,Cole Aldrich,C,26,NYK,61,16,16.0,2.4,4.9,.478,0.0,0.0,,2.4,4.9,.478,.478,0.8,1.0,.781,1.7,3.9,5.5,1.2,0.6,1.1,1.0,2.0,5.5,2015
13334,9,LaMarcus Aldridge,PF,29,POR,71,71,35.4,9.3,19.9,.466,0.5,1.5,.352,8.8,18.5,.475,.479,4.3,5.1,.845,2.5,7.7,10.2,1.7,0.7,1.0,1.7,1.8,23.4,2015
13335,10,Lavoy Allen,C,25,IND,63,0,17.0,2.2,4.7,.472,0.0,0.0,,2.2,4.7,.472,.472,0.5,0.7,.702,2.0,3.2,5.1,1.2,0.2,0.7,0.6,1.6,5.0,2015
13336,11,Tony Allen,SG,33,MEM,63,41,26.2,3.6,7.2,.495,0.2,0.5,.345,3.4,6.8,.505,.505,1.3,2.0,.627,1.6,2.8,4.4,1.4,2.0,0.5,1.4,2.6,8.6,2015
13337,12,Al-Farouq Aminu,SF,24,DAL,74,3,18.5,2.0,4.8,.412,0.5,1.7,.274,1.5,3.1,.485,.459,1.1,1.6,.712,1.5,3.1,4.6,0.8,0.9,0.8,0.7,1.9,5.6,2015
13338,13,Lou Amundson,PF,32,TOT,53,35,17.7,2.1,4.8,.427,0.0,0.0,.000,2.1,4.8,.429,.427,0.8,1.6,.471,1.8,3.3,5.1,1.3,0.4,1.0,1.2,2.4,4.9,2015
13339,13,Lou Amundson,PF,32,CLE,12,0,6.6,0.3,1.0,.333,0.0,0.0,,0.3,1.0,.333,.333,0.3,0.4,.600,0.4,1.3,1.7,0.4,0.1,0.0,0.4,0.9,0.9,2015
13340,13,Lou Amundson,PF,32,NYK,41,35,20.9,2.6,5.9,.432,0.0,0.0,.000,2.6,5.9,.434,.432,0.9,2.0,.463,2.2,3.9,6.0,1.6,0.5,1.3,1.4,2.8,6.0,2015
13341,14,Chris Andersen,C,36,MIA,60,20,18.9,2.0,3.5,.580,0.1,0.2,.308,1.9,3.2,.598,.589,1.3,1.9,.667,1.3,3.7,5.0,0.7,0.4,1.0,0.7,1.5,5.3,2015
13342,15,Alan Anderson,SG,32,BRK,74,19,23.6,2.6,5.9,.443,1.0,2.8,.348,1.6,3.1,.530,.526,1.1,1.4,.812,0.4,2.3,2.8,1.1,0.8,0.1,0.8,2.0,7.4,2015
13343,16,Kyle Anderson,SF,21,SAS,33,8,10.8,0.9,2.7,.348,0.1,0.3,.273,0.8,2.4,.359,.365,0.3,0.4,.643,0.2,2.0,2.2,0.8,0.5,0.2,0.3,0.8,2.2,2015
13344,17,Ryan Anderson,PF,26,NOP,61,5,27.5,4.8,12.0,.399,2.0,5.9,.340,2.8,6.1,.457,.483,2.1,2.5,.854,1.8,3.1,4.8,0.9,0.5,0.3,1.0,1.9,13.7,2015
13345,18,Giannis Antetokounmpo,SG,20,MIL,81,71,31.4,4.7,9.6,.491,0.1,0.5,.159,4.6,9.1,.511,.496,3.2,4.3,.741,1.2,5.5,6.7,2.6,0.9,1.0,2.1,3.1,12.7,2015
13346,19,Carmelo Anthony,SF,30,NYK,40,40,35.7,9.0,20.2,.444,1.5,4.5,.341,7.4,15.7,.474,.482,4.7,5.9,.797,1.8,4.8,6.6,3.1,1.0,0.4,2.2,2.2,24.2,2015
13347,20,Joel Anthony,C,32,DET,49,0,8.3,0.7,1.3,.581,0.0,0.0,,0.7,1.3,.581,.581,0.3,0.4,.682,0.7,1.2,1.9,0.1,0.2,1.0,0.2,1.1,1.8,2015
13348,21,Pero Antić,C,32,ATL,63,3,16.5,1.7,4.7,.365,0.8,2.7,.301,0.9,2.0,.455,.453,1.4,2.0,.715,0.9,2.1,3.0,0.8,0.3,0.2,0.8,2.1,5.7,2015
13349,22,Trevor Ariza,SF,29,HOU,82,82,35.7,4.5,11.1,.402,2.4,6.8,.350,2.1,4.3,.485,.509,1.5,1.7,.853,0.9,4.7,5.6,2.5,1.9,0.2,1.7,2.3,12.8,2015
13350,23,Darrell Arthur,PF,26,DEN,58,4,17.0,2.7,6.6,.404,0.4,1.9,.236,2.2,4.7,.471,.438,0.8,1.0,.780,0.9,2.0,2.9,1.0,0.8,0.4,0.8,2.5,6.6,2015
13351,24,Ömer Aşık,C,28,NOP,76,76,26.1,2.8,5.4,.517,0.0,0.0,,2.8,5.4,.517,.517,1.7,3.0,.582,3.2,6.6,9.8,0.9,0.4,0.7,1.3,1.9,7.3,2015
13352,25,D.J. Augustin,PG,27,TOT,82,14,24.0,3.1,7.9,.399,1.0,3.0,.337,2.1,4.9,.436,.463,2.2,2.5,.868,0.2,1.7,2.0,4.3,0.6,0.0,1.8,1.1,9.5,2015
13353,25,D.J. Augustin,PG,27,DET,54,13,23.8,3.5,8.5,.410,0.9,2.8,.327,2.6,5.8,.450,.463,2.7,3.1,.870,0.2,1.6,1.9,4.9,0.6,0.0,2.0,1.1,10.6,2015
13354,25,D.J. Augustin,PG,27,OKC,28,1,24.2,2.5,6.6,.371,1.2,3.4,.354,1.3,3.2,.389,.462,1.1,1.3,.861,0.3,1.9,2.2,3.1,0.6,0.0,1.3,1.1,7.3,2015
13355,26,Jeff Ayres,PF,27,SAS,51,0,7.5,1.1,1.9,.579,0.0,0.0,,1.1,1.9,.579,.579,0.5,0.7,.750,0.7,1.6,2.3,0.3,0.2,0.2,0.5,1.2,2.7,2015
13356,27,Luke Babbitt,SF,25,NOP,63,19,13.2,1.5,3.0,.479,0.9,1.8,.513,0.5,1.2,.429,.633,0.2,0.3,.684,0.2,1.6,1.8,0.4,0.3,0.2,0.4,1.0,4.1,2015
13357,28,Cameron Bairstow,PF,24,CHI,18,1,3.6,0.2,0.8,.214,0.0,0.0,,0.2,0.8,.214,.214,0.2,0.3,.800,0.3,0.1,0.4,0.1,0.1,0.1,0.2,0.4,0.6,2015
13358,29,Leandro Barbosa,SG,32,GSW,66,1,14.9,2.8,5.8,.474,0.7,1.7,.384,2.1,4.2,.511,.530,0.9,1.1,.784,0.3,1.0,1.4,1.5,0.6,0.1,0.7,1.3,7.1,2015
13359,30,J.J. Barea,PG,30,DAL,77,10,17.7,2.9,7.0,.420,0.7,2.2,.323,2.2,4.8,.463,.470,1.0,1.2,.809,0.3,1.4,1.7,3.4,0.4,0.0,0.9,1.4,7.5,2015
13360,31,Andrea Bargnani,C,29,NYK,29,22,27.1,5.7,12.4,.454,0.5,1.4,.366,5.1,11.0,.466,.475,3.0,3.7,.813,1.1,3.3,4.4,1.6,0.1,0.9,1.4,1.8,14.8,2015
13361,32,Harrison Barnes,SF,22,GSW,82,82,28.3,3.9,8.0,.482,1.1,2.6,.405,2.8,5.4,.519,.548,1.3,1.8,.720,1.4,4.1,5.5,1.4,0.7,0.2,0.9,1.8,10.1,2015
13362,33,Matt Barnes,SF,34,LAC,76,74,29.9,3.6,8.2,.444,1.8,4.9,.362,1.9,3.3,.569,.553,1.0,1.3,.779,0.7,3.3,4.0,1.5,0.9,0.7,1.1,3.2,10.1,2015
13363,34,Earl Barron,C,33,PHO,16,1,8.9,0.8,2.4,.308,0.1,0.3,.500,0.6,2.2,.286,.333,0.4,0.8,.500,0.9,0.9,1.8,0.3,0.3,0.1,0.3,1.6,2.0,2015
13364,35,Will Barton,SG,24,TOT,58,0,16.9,2.6,6.1,.425,0.4,1.5,.271,2.2,4.6,.474,.458,1.3,1.6,.787,0.4,2.3,2.8,1.4,0.8,0.3,1.1,1.2,6.8,2015
13365,35,Will Barton,SG,24,POR,30,0,10.0,1.3,3.3,.380,0.1,0.6,.222,1.1,2.7,.415,.400,0.3,0.5,.667,0.1,1.0,1.1,0.9,0.5,0.1,0.6,0.7,3.0,2015
13366,35,Will Barton,SG,24,DEN,28,0,24.4,4.0,9.0,.443,0.7,2.4,.284,3.3,6.6,.500,.480,2.3,2.8,.810,0.8,3.8,4.6,1.9,1.2,0.5,1.6,1.8,11.0,2015
13367,36,Brandon Bass,PF,29,BOS,82,43,23.5,4.2,8.3,.504,0.1,0.4,.281,4.1,7.9,.515,.510,2.1,2.6,.790,1.7,3.2,4.9,1.3,0.5,0.4,1.0,1.7,10.6,2015
13368,37,Nicolas Batum,SF,26,POR,71,71,33.5,3.4,8.5,.400,1.4,4.4,.324,2.0,4.1,.481,.483,1.2,1.4,.857,0.9,5.0,5.9,4.8,1.1,0.6,1.9,1.5,9.4,2015
13369,38,Jerryd Bayless,PG,26,MIL,77,4,22.3,2.9,6.7,.426,0.5,1.6,.308,2.4,5.1,.462,.462,1.6,1.8,.883,0.3,2.5,2.7,3.0,0.8,0.2,1.7,2.1,7.8,2015
13370,39,Aron Baynes,C,28,SAS,70,17,16.0,2.6,4.7,.566,0.0,0.1,.250,2.6,4.6,.570,.567,1.3,1.5,.865,1.6,3.0,4.5,0.5,0.2,0.3,0.9,2.3,6.6,2015
13371,40,Kent Bazemore,SG,25,ATL,75,10,17.7,1.9,4.4,.426,0.6,1.8,.364,1.2,2.7,.467,.498,0.8,1.3,.600,0.3,2.7,3.0,1.0,0.7,0.4,1.0,1.7,5.2,2015
13372,Rk,Player,Pos,Age,Tm,G,GS,MP,FG,FGA,FG%,3P,3PA,3P%,2P,2PA,2P%,eFG%,FT,FTA,FT%,ORB,DRB,TRB,AST,STL,BLK,TOV,PF,PTS,2015
13373,41,Bradley Beal,SG,21,WAS,63,59,33.4,5.8,13.5,.427,1.7,4.1,.409,4.1,9.4,.434,.489,2.1,2.6,.783,0.9,2.9,3.8,3.1,1.2,0.3,2.0,2.2,15.3,2015
13374,42,Michael Beasley,PF,26,MIA,24,1,21.0,3.8,8.8,.434,0.3,1.4,.235,3.5,7.4,.472,.453,0.8,1.1,.769,0.5,3.2,3.7,1.3,0.6,0.5,1.5,2.8,8.8,2015
13375,43,Marco Belinelli,SG,28,SAS,62,9,22.4,3.2,7.6,.423,1.4,3.7,.374,1.8,3.9,.471,.515,1.4,1.6,.848,0.4,2.1,2.5,1.5,0.5,0.0,1.0,1.4,9.2,2015
13376,44,Jerrelle Benimon,PF,23,UTA,2,0,1.5,0.0,0.0,,0.0,0.0,,0.0,0.0,,,0.0,0.0,,0.5,1.0,1.5,0.0,0.0,0.0,0.5,0.0,0.0,2015
13377,45,Anthony Bennett,PF,21,MIN,57,3,15.7,2.2,5.2,.421,0.1,0.4,.304,2.1,4.8,.431,.433,0.7,1.1,.641,0.9,2.9,3.8,0.8,0.5,0.3,0.6,1.5,5.2,2015
13378,46,Patrick Beverley,PG,26,HOU,56,55,30.8,3.6,9.5,.383,2.1,5.8,.356,1.6,3.7,.426,.492,0.8,1.1,.750,1.2,3.0,4.2,3.4,1.1,0.4,1.5,3.3,10.1,2015
13379,47,Sim Bhullar,C,22,SAC,3,0,1.0,0.3,0.7,.500,0.0,0.0,,0.3,0.7,.500,.500,0.0,0.0,,0.0,0.3,0.3,0.3,0.0,0.3,0.0,0.0,0.7,2015
13380,48,Bismack Biyombo,C,22,CHO,64,21,19.4,1.6,2.9,.543,0.0,0.0,,1.6,2.9,.543,.543,1.6,2.7,.583,2.5,3.9,6.4,0.3,0.3,1.5,0.8,2.2,4.8,2015
13381,49,Tarik Black,C,23,TOT,63,39,19.0,2.5,4.3,.575,0.0,0.0,.000,2.5,4.3,.577,.575,1.0,1.9,.551,2.3,3.6,5.8,0.7,0.3,0.4,0.8,2.5,6.0,2015
13382,49,Tarik Black,C,23,HOU,25,12,15.7,1.8,3.3,.542,0.0,0.0,.000,1.8,3.3,.549,.542,0.6,1.2,.517,2.3,2.8,5.1,0.3,0.2,0.1,0.8,2.2,4.2,2015
13383,49,Tarik Black,C,23,LAL,38,27,21.1,2.9,5.0,.589,0.0,0.0,,2.9,5.0,.589,.589,1.3,2.3,.562,2.2,4.1,6.3,0.9,0.3,0.6,0.8,2.7,7.2,2015
13384,50,DeJuan Blair,PF,25,WAS,29,0,6.2,0.9,2.0,.456,0.0,0.0,,0.9,2.0,.456,.456,0.1,0.2,.667,0.6,1.4,1.9,0.1,0.2,0.0,0.4,1.4,1.9,2015
13385,51,Steve Blake,PG,34,POR,81,0,18.9,1.5,4.0,.373,1.0,2.7,.352,0.6,1.3,.417,.491,0.4,0.5,.707,0.2,1.5,1.7,3.6,0.5,0.1,1.3,1.5,4.3,2015
13386,52,Eric Bledsoe,PG,25,PHO,81,81,34.6,5.8,12.9,.447,1.1,3.4,.324,4.7,9.6,.491,.489,4.4,5.4,.800,0.9,4.3,5.2,6.1,1.6,0.6,3.4,2.3,17.0,2015
13387,53,Vander Blue,SG,22,LAL,2,1,37.0,4.5,15.0,.300,1.0,5.0,.200,3.5,10.0,.350,.333,1.0,2.5,.400,1.0,3.5,4.5,4.0,1.5,0.0,3.0,2.0,11.0,2015
13388,54,Bojan Bogdanović,SF,25,BRK,78,28,23.8,3.3,7.4,.453,1.2,3.3,.355,2.2,4.1,.531,.532,1.1,1.4,.821,0.6,2.1,2.7,0.9,0.4,0.1,1.0,1.3,9.0,2015
13389,55,Andrew Bogut,C,30,GSW,67,65,23.6,3.0,5.3,.563,0.0,0.0,,3.0,5.3,.563,.563,0.3,0.6,.524,2.1,6.0,8.1,2.7,0.6,1.7,1.6,2.8,6.3,2015
13390,56,Matt Bonner,PF,34,SAS,72,19,13.0,1.3,3.2,.409,0.6,1.8,.365,0.7,1.4,.462,.509,0.4,0.5,.811,0.4,1.2,1.6,0.7,0.1,0.2,0.2,0.9,3.7,2015
13391,57,Trevor Booker,PF,27,UTA,79,5,19.8,2.9,5.9,.487,0.4,1.1,.345,2.5,4.8,.518,.518,1.1,1.9,.581,1.8,3.3,5.0,1.1,0.5,0.5,1.1,1.8,7.2,2015
13392,58,Carlos Boozer,PF,33,LAL,71,26,23.8,5.2,10.5,.499,0.0,0.0,,5.2,10.5,.499,.499,1.3,2.1,.627,1.6,5.2,6.8,1.3,0.6,0.2,1.3,2.6,11.8,2015
13393,59,Chris Bosh*,C,30,MIA,44,44,35.4,7.8,16.9,.460,1.4,3.8,.375,6.4,13.1,.485,.503,4.1,5.3,.772,1.0,6.0,7.0,2.2,0.9,0.6,2.2,1.6,21.1,2015
13394,60,Avery Bradley,SG,24,BOS,77,77,31.5,5.6,13.1,.429,1.6,4.6,.352,4.0,8.6,.470,.490,1.0,1.3,.790,0.6,2.5,3.1,1.8,1.1,0.2,1.4,2.3,13.9,2015
13395,Rk,Player,Pos,Age,Tm,G,GS,MP,FG,FGA,FG%,3P,3PA,3P%,2P,2PA,2P%,eFG%,FT,FTA,FT%,ORB,DRB,TRB,AST,STL,BLK,TOV,PF,PTS,2015
13396,61,Elton Brand,C,35,ATL,36,4,13.5,1.2,2.6,.442,0.0,0.0,.000,1.2,2.6,.447,.442,0.3,0.6,.522,0.8,2.0,2.8,0.6,0.5,0.7,0.5,1.5,2.7,2015
13397,62,Corey Brewer,SF,28,TOT,80,17,26.1,4.3,10.1,.426,0.8,2.9,.268,3.5,7.1,.491,.465,2.1,2.8,.743,1.0,2.7,3.7,2.2,1.4,0.2,1.6,2.2,11.5,2015
13398,62,Corey Brewer,SF,28,MIN,24,16,28.3,3.9,9.4,.418,0.3,1.7,.195,3.6,7.7,.467,.436,2.3,3.3,.705,1.3,2.6,3.9,3.3,2.3,0.2,2.1,2.6,10.5,2015
13399,62,Corey Brewer,SF,28,HOU,56,1,25.1,4.4,10.4,.429,1.0,3.5,.284,3.5,6.9,.503,.477,2.0,2.6,.764,0.9,2.8,3.6,1.7,1.1,0.3,1.4,2.0,11.9,2015
13400,63,Aaron Brooks,PG,30,CHI,82,21,23.0,4.2,10.0,.421,1.5,3.8,.387,2.7,6.1,.442,.495,1.8,2.1,.833,0.4,1.6,2.0,3.2,0.7,0.2,1.9,2.3,11.6,2015
13401,64,Jabari Brown,SG,22,LAL,19,5,29.9,3.7,8.9,.412,1.2,3.3,.371,2.5,5.7,.435,.479,3.4,4.5,.753,0.2,1.7,1.9,2.1,0.6,0.1,1.7,1.7,11.9,2015
13402,65,Lorenzo Brown,PG,24,MIN,29,7,18.9,1.8,4.2,.426,0.2,1.0,.214,1.6,3.2,.489,.451,0.4,0.7,.632,0.5,1.9,2.4,3.1,1.0,0.2,1.0,1.7,4.2,2015
13403,66,Markel Brown,SG,23,BRK,47,29,16.6,1.6,4.5,.362,0.4,1.4,.266,1.3,3.1,.404,.402,1.0,1.2,.825,0.3,1.9,2.3,0.8,0.7,0.3,0.6,1.2,4.6,2015
13404,67,Shannon Brown,SG,29,MIA,5,2,17.8,1.4,3.8,.368,0.6,1.4,.429,0.8,2.4,.333,.447,0.6,0.8,.750,0.0,0.2,0.2,0.6,0.8,0.0,0.8,1.6,4.0,2015
13405,68,Kobe Bryant*,SG,36,LAL,35,35,34.5,7.6,20.4,.373,1.5,5.3,.293,6.1,15.1,.401,.411,5.6,6.9,.813,0.7,4.9,5.7,5.6,1.3,0.2,3.7,1.9,22.3,2015
13406,69,Chase Budinger,SF,26,MIN,67,4,19.2,2.5,5.8,.433,0.8,2.1,.364,1.7,3.7,.474,.500,1.0,1.2,.827,0.5,2.5,3.0,1.0,0.7,0.1,0.7,1.1,6.8,2015
13407,70,Reggie Bullock,SF,23,TOT,36,2,9.4,0.7,1.9,.343,0.4,1.3,.326,0.3,0.7,.375,.450,0.2,0.3,.667,0.0,1.4,1.4,0.2,0.3,0.1,0.2,0.5,1.9,2015
13408,70,Reggie Bullock,SF,23,LAC,25,2,10.5,0.9,2.2,.426,0.6,1.6,.385,0.3,0.6,.533,.565,0.2,0.2,.800,0.0,1.6,1.6,0.2,0.4,0.1,0.2,0.7,2.6,2015
13409,70,Reggie Bullock,SF,23,PHO,11,0,6.8,0.1,1.5,.063,0.0,0.6,.000,0.1,0.8,.111,.063,0.2,0.4,.500,0.1,0.8,0.9,0.2,0.1,0.2,0.2,0.2,0.4,2015
13410,71,Trey Burke,PG,22,UTA,76,43,30.1,4.9,13.2,.368,1.6,5.1,.318,3.2,8.1,.400,.430,1.4,1.9,.752,0.4,2.3,2.7,4.3,0.9,0.2,1.6,1.6,12.8,2015
13411,72,Alec Burks,SG,23,UTA,27,27,33.3,4.5,11.1,.403,1.0,2.5,.382,3.5,8.6,.409,.447,3.9,4.8,.822,0.7,3.5,4.2,3.0,0.6,0.2,1.9,2.4,13.9,2015
13412,73,Caron Butler,SF,34,DET,78,21,20.8,2.1,5.1,.407,1.1,2.8,.379,1.0,2.3,.441,.511,0.7,0.8,.902,0.3,2.2,2.5,1.0,0.6,0.1,0.6,1.5,5.9,2015
13413,74,Jimmy Butler,SG,25,CHI,65,65,38.7,6.5,14.0,.462,1.1,3.0,.378,5.4,11.1,.484,.502,5.9,7.1,.834,1.8,4.1,5.8,3.3,1.8,0.6,1.4,1.7,20.0,2015
13414,75,Rasual Butler,SF,35,WAS,75,1,20.1,2.9,6.9,.422,1.2,3.1,.387,1.7,3.8,.450,.510,0.7,0.9,.791,0.4,2.3,2.6,0.8,0.4,0.3,0.6,1.3,7.7,2015
13415,76,Dwight Buycks,PG,25,LAL,6,0,20.5,3.0,6.7,.450,1.2,1.8,.636,1.8,4.8,.379,.538,1.5,1.7,.900,0.3,1.7,2.0,2.3,0.5,0.0,2.0,0.5,8.7,2015
13416,77,Will Bynum,SG,32,WAS,7,0,9.6,1.4,4.4,.323,0.0,1.3,.000,1.4,3.1,.455,.323,0.3,0.6,.500,0.3,0.6,0.9,2.6,0.1,0.1,1.1,1.3,3.1,2015
13417,78,Bruno Caboclo,SF,19,TOR,8,0,2.9,0.5,1.5,.333,0.3,0.4,.667,0.3,1.1,.222,.417,0.0,0.0,,0.1,0.1,0.3,0.0,0.0,0.1,0.5,0.4,1.3,2015
13418,79,Nick Calathes,SG,25,MEM,58,0,14.4,1.8,4.3,.421,0.2,0.7,.256,1.6,3.5,.456,.443,0.4,0.8,.533,0.3,1.5,1.8,2.5,1.1,0.1,1.1,1.7,4.2,2015
13419,80,José Calderón,PG,33,NYK,42,42,30.2,3.5,8.4,.415,1.4,3.4,.415,2.1,5.0,.415,.499,0.7,0.8,.906,0.5,2.5,3.0,4.7,0.7,0.0,1.8,1.8,9.1,2015
13420,Rk,Player,Pos,Age,Tm,G,GS,MP,FG,FGA,FG%,3P,3PA,3P%,2P,2PA,2P%,eFG%,FT,FTA,FT%,ORB,DRB,TRB,AST,STL,BLK,TOV,PF,PTS,2015
13421,81,Kentavious Caldwell-Pope,SG,21,DET,82,82,31.5,4.8,11.9,.401,1.9,5.4,.345,2.9,6.4,.449,.480,1.3,1.9,.696,0.6,2.5,3.1,1.3,1.1,0.2,1.1,2.0,12.7,2015
13422,82,Isaiah Canaan,PG,23,TOT,47,21,20.0,3.1,8.0,.386,1.9,5.2,.370,1.2,2.8,.417,.507,1.0,1.3,.817,0.4,1.5,1.9,2.1,0.6,0.1,1.3,1.8,9.2,2015
13423,82,Isaiah Canaan,PG,23,HOU,25,9,14.8,2.1,5.2,.405,1.3,3.4,.381,0.8,1.9,.447,.527,0.6,0.8,.762,0.4,0.9,1.3,1.2,0.6,0.0,0.9,1.1,6.2,2015
13424,82,Isaiah Canaan,PG,23,PHI,22,12,25.9,4.2,11.2,.377,2.7,7.4,.364,1.5,3.9,.400,.496,1.5,1.8,.846,0.3,2.1,2.5,3.1,0.7,0.1,1.8,2.5,12.6,2015
13425,83,Clint Capela,C,20,HOU,12,0,7.5,1.2,2.4,.483,0.0,0.0,,1.2,2.4,.483,.483,0.3,1.9,.174,0.8,2.2,3.0,0.2,0.1,0.8,0.4,1.2,2.7,2015
13426,84,DeMarre Carroll,SF,28,ATL,70,69,31.3,4.5,9.3,.487,1.7,4.3,.395,2.8,5.0,.567,.579,1.8,2.6,.702,1.4,3.9,5.3,1.7,1.3,0.2,1.1,2.2,12.6,2015
13427,85,Vince Carter,SG,38,MEM,66,1,16.5,2.0,6.2,.333,1.0,3.5,.297,1.0,2.6,.379,.417,0.7,0.9,.789,0.4,1.6,2.0,1.2,0.7,0.2,0.7,1.5,5.8,2015
13428,86,Michael Carter-Williams,PG,23,TOT,66,63,32.6,5.5,13.9,.396,0.5,2.3,.235,5.0,11.6,.428,.416,3.1,4.4,.694,1.0,4.4,5.3,6.7,1.7,0.5,3.8,2.5,14.6,2015
13429,86,Michael Carter-Williams,PG,23,PHI,41,38,33.9,5.7,14.9,.380,0.8,3.0,.256,4.9,11.9,.412,.406,2.9,4.4,.643,1.0,5.1,6.2,7.4,1.5,0.4,4.2,2.5,15.0,2015
13430,86,Michael Carter-Williams,PG,23,MIL,25,25,30.3,5.3,12.3,.429,0.2,1.1,.143,5.1,11.2,.457,.435,3.4,4.4,.780,0.8,3.1,4.0,5.6,2.0,0.5,3.2,2.6,14.1,2015
13431,87,Omri Casspi,SF,26,SAC,67,19,21.1,3.1,6.4,.489,0.5,1.3,.402,2.6,5.1,.512,.530,2.1,2.9,.733,0.8,3.1,3.9,1.5,0.5,0.1,1.3,1.6,8.9,2015
13432,88,Mario Chalmers,PG,28,MIA,80,37,29.6,3.3,8.3,.403,0.9,3.1,.294,2.4,5.2,.467,.458,2.6,3.3,.774,0.3,2.3,2.6,3.8,1.5,0.1,2.2,3.1,10.2,2015
13433,89,Tyson Chandler,C,32,DAL,75,75,30.5,3.9,5.9,.666,0.0,0.0,,3.9,5.9,.666,.666,2.5,3.4,.720,3.9,7.6,11.5,1.1,0.6,1.2,1.4,2.3,10.3,2015
13434,90,Wilson Chandler,SF,27,DEN,78,75,31.7,5.4,12.5,.429,1.8,5.2,.342,3.6,7.3,.490,.500,1.4,1.8,.775,1.2,4.9,6.1,1.7,0.7,0.4,1.4,3.0,13.9,2015
13435,91,Will Cherry,PG,23,CLE,8,0,8.6,0.6,2.4,.263,0.3,1.1,.222,0.4,1.3,.300,.316,0.4,0.8,.500,0.1,0.5,0.6,1.0,0.8,0.1,0.5,1.3,1.9,2015
13436,92,Patrick Christopher,SG,26,UTA,4,1,7.3,0.8,3.0,.250,0.0,1.0,.000,0.8,2.0,.375,.250,0.0,0.0,,0.5,1.0,1.5,0.0,0.3,0.0,0.3,1.5,1.5,2015
13437,93,Earl Clark,PF,27,BRK,10,0,9.3,1.1,3.0,.367,0.4,1.4,.286,0.7,1.6,.438,.433,0.1,0.4,.250,0.1,2.2,2.3,0.3,0.3,0.4,0.6,1.2,2.7,2015
13438,94,Ian Clark,SG,23,TOT,30,0,6.4,0.6,1.8,.345,0.3,1.0,.333,0.3,0.8,.360,.436,0.3,0.3,1.000,0.1,0.4,0.5,0.4,0.3,0.1,0.3,0.7,1.9,2015
13439,94,Ian Clark,SG,23,UTA,23,0,7.0,0.7,1.9,.341,0.4,1.1,.360,0.3,0.8,.316,.443,0.2,0.2,1.000,0.2,0.4,0.6,0.4,0.3,0.1,0.3,0.5,1.9,2015
13440,94,Ian Clark,SG,23,DEN,7,0,4.4,0.6,1.6,.364,0.1,0.7,.200,0.4,0.9,.500,.409,0.6,0.6,1.000,0.0,0.4,0.4,0.3,0.4,0.1,0.3,1.1,1.9,2015
13441,95,Jordan Clarkson,PG,22,LAL,59,38,25.0,4.5,10.1,.448,0.6,2.1,.314,3.9,8.1,.482,.480,2.2,2.7,.829,0.9,2.3,3.2,3.5,0.9,0.2,1.6,1.8,11.9,2015
13442,96,Victor Claver,SF,26,POR,10,0,7.6,0.9,2.0,.450,0.6,1.1,.545,0.3,0.9,.333,.600,0.0,0.0,,0.3,1.7,2.0,0.1,0.1,0.1,0.4,1.2,2.4,2015
13443,97,Norris Cole,PG,26,TOT,75,25,24.4,3.1,7.4,.412,0.7,2.3,.313,2.3,5.1,.458,.461,0.8,1.1,.716,0.2,1.9,2.1,3.4,0.8,0.2,1.3,1.7,7.6,2015
13444,97,Norris Cole,PG,26,MIA,47,23,24.4,2.5,6.5,.386,0.6,2.2,.265,1.9,4.3,.446,.430,0.7,1.0,.696,0.3,2.0,2.3,3.5,0.9,0.2,1.2,1.6,6.3,2015
13445,97,Norris Cole,PG,26,NOP,28,2,24.4,4.0,9.0,.444,1.0,2.6,.378,3.0,6.4,.472,.500,0.9,1.3,.743,0.0,1.8,1.8,3.2,0.5,0.3,1.5,1.8,9.9,2015
13446,98,Darren Collison,PG,27,SAC,45,45,34.8,5.8,12.2,.473,1.3,3.6,.373,4.4,8.6,.514,.527,3.2,4.1,.788,0.4,2.8,3.2,5.6,1.5,0.3,2.5,2.1,16.1,2015
13447,99,Nick Collison,PF,34,OKC,66,2,16.7,1.6,3.8,.419,0.2,0.9,.267,1.4,2.9,.466,.451,0.7,1.0,.692,1.4,2.4,3.8,1.4,0.5,0.4,0.7,2.4,4.1,2015
13448,100,Mike Conley,PG,27,MEM,70,70,31.8,5.6,12.6,.446,1.5,4.0,.386,4.1,8.6,.473,.506,3.1,3.6,.859,0.4,2.6,3.0,5.4,1.3,0.2,2.2,2.0,15.8,2015
13449,Rk,Player,Pos,Age,Tm,G,GS,MP,FG,FGA,FG%,3P,3PA,3P%,2P,2PA,2P%,eFG%,FT,FTA,FT%,ORB,DRB,TRB,AST,STL,BLK,TOV,PF,PTS,2015
13450,101,Jack Cooley,C,23,UTA,16,0,5.4,0.6,1.4,.409,0.0,0.0,,0.6,1.4,.409,.409,0.6,1.3,.429,0.6,0.9,1.6,0.1,0.4,0.2,0.2,1.4,1.7,2015
13451,102,Chris Copeland,SF,30,IND,50,12,16.6,2.2,6.2,.361,1.0,3.3,.311,1.2,2.9,.420,.445,0.7,0.9,.733,0.5,1.8,2.2,1.0,0.2,0.2,1.2,1.6,6.2,2015
13452,103,Bryce Cotton,PG,22,UTA,15,0,10.6,1.9,4.6,.420,0.5,1.3,.350,1.5,3.3,.449,.471,1.0,1.2,.833,0.2,1.0,1.2,1.0,0.3,0.0,0.8,0.4,5.3,2015
13453,104,DeMarcus Cousins,C,24,SAC,59,59,34.1,8.4,18.1,.467,0.0,0.1,.250,8.4,17.9,.469,.468,7.2,9.2,.782,3.1,9.5,12.7,3.6,1.5,1.7,4.3,4.1,24.1,2015
13454,105,Robert Covington,SF,24,PHI,70,49,27.9,4.3,10.8,.396,2.4,6.4,.374,1.9,4.4,.426,.506,2.5,3.1,.820,0.9,3.6,4.5,1.5,1.4,0.4,1.8,2.7,13.5,2015
13455,106,Allen Crabbe,SG,22,POR,51,9,13.4,1.2,3.0,.412,0.6,1.7,.353,0.6,1.3,.485,.510,0.2,0.3,.750,0.1,1.3,1.4,0.8,0.4,0.3,0.3,1.5,3.3,2015
13456,107,Jamal Crawford,SG,34,LAC,64,4,26.6,5.2,13.1,.396,1.9,5.7,.327,3.3,7.4,.448,.467,3.5,3.9,.901,0.3,1.7,1.9,2.5,0.9,0.2,1.4,1.7,15.8,2015
13457,108,Jae Crowder,SF,24,TOT,82,17,20.1,2.8,6.6,.420,0.7,2.5,.293,2.0,4.1,.499,.476,1.3,1.7,.773,0.9,2.7,3.6,1.1,0.9,0.3,0.6,1.7,7.7,2015
13458,108,Jae Crowder,SF,24,DAL,25,0,10.6,1.3,3.0,.434,0.5,1.5,.342,0.8,1.5,.526,.520,0.4,0.4,.909,0.5,0.7,1.2,0.5,0.6,0.2,0.4,1.0,3.6,2015
13459,108,Jae Crowder,SF,24,BOS,57,17,24.2,3.4,8.2,.418,0.8,3.0,.282,2.6,5.2,.495,.469,1.7,2.3,.762,1.1,3.6,4.6,1.4,1.0,0.4,0.7,1.9,9.5,2015
13460,109,Dante Cunningham,PF,27,NOP,66,27,25.0,2.3,5.1,.457,0.0,0.2,.100,2.3,5.0,.468,.459,0.4,0.7,.617,1.1,2.8,3.9,0.8,0.7,0.6,0.5,1.5,5.2,2015
13461,110,Jared Cunningham,SG,23,LAC,19,0,4.7,0.6,1.7,.364,0.2,0.7,.308,0.4,1.1,.400,.424,0.4,0.7,.538,0.1,0.4,0.5,0.5,0.2,0.0,0.4,0.6,1.8,2015
13462,111,Seth Curry,PG,24,PHO,2,0,4.0,0.0,1.5,.000,0.0,0.5,.000,0.0,1.0,.000,.000,0.0,0.0,,0.0,1.0,1.0,0.5,0.0,0.0,0.0,1.0,0.0,2015
13463,112,Stephen Curry,PG,26,GSW,80,80,32.7,8.2,16.8,.487,3.6,8.1,.443,4.6,8.7,.528,.594,3.9,4.2,.914,0.7,3.6,4.3,7.7,2.0,0.2,3.1,2.0,23.8,2015
13464,113,Samuel Dalembert,C,33,NYK,32,21,17.0,1.8,4.1,.438,0.0,0.0,,1.8,4.1,.438,.438,0.4,0.6,.700,1.7,3.6,5.3,0.9,0.4,1.3,1.2,2.2,4.0,2015
13465,114,Troy Daniels,SG,23,TOT,47,0,8.4,1.3,3.5,.370,0.9,2.5,.364,0.4,1.0,.383,.500,0.2,0.3,.846,0.2,0.5,0.7,0.5,0.1,0.0,0.4,0.9,3.7,2015
13466,114,Troy Daniels,SG,23,HOU,17,0,6.4,0.9,2.8,.319,0.8,2.5,.302,0.1,0.2,.500,.457,0.2,0.2,.750,0.0,0.4,0.4,0.2,0.0,0.0,0.3,0.8,2.7,2015
13467,114,Troy Daniels,SG,23,MIN,19,0,8.1,1.0,3.1,.322,0.7,2.1,.333,0.3,1.1,.300,.432,0.1,0.1,1.000,0.3,0.7,1.0,0.7,0.2,0.0,0.4,0.7,2.8,2015
13468,114,Troy Daniels,SG,23,CHO,11,0,12.3,2.5,5.4,.458,1.5,3.3,.472,0.9,2.1,.435,.602,0.5,0.6,.857,0.2,0.5,0.7,0.5,0.3,0.1,0.6,1.1,7.0,2015
13469,115,Gigi Datome,SF,27,TOT,21,1,10.0,2.0,4.2,.483,0.9,1.9,.450,1.2,2.3,.510,.584,0.0,0.0,1.000,0.1,1.2,1.4,0.4,0.1,0.3,0.4,0.7,5.0,2015
13470,115,Gigi Datome,SF,27,DET,3,0,5.7,1.7,4.0,.417,0.3,1.3,.250,1.3,2.7,.500,.458,0.0,0.0,,0.3,1.0,1.3,0.7,0.3,0.0,0.7,0.3,3.7,2015
13471,115,Gigi Datome,SF,27,BOS,18,1,10.7,2.1,4.3,.494,0.9,2.0,.472,1.2,2.3,.512,.604,0.1,0.1,1.000,0.1,1.3,1.4,0.4,0.1,0.4,0.4,0.8,5.2,2015
13472,116,Brandon Davies,PF,23,TOT,27,6,15.7,2.0,5.1,.401,0.3,1.3,.235,1.7,3.8,.456,.431,0.9,1.4,.649,1.4,1.7,3.1,1.1,0.7,0.3,1.1,2.2,5.3,2015
13473,116,Brandon Davies,PF,23,PHI,20,6,19.0,2.5,6.0,.412,0.4,1.5,.233,2.1,4.5,.472,.441,1.1,1.7,.636,1.8,1.9,3.7,1.4,0.9,0.2,1.3,2.7,6.3,2015
13474,116,Brandon Davies,PF,23,BRK,7,0,6.3,0.9,2.6,.333,0.1,0.6,.250,0.7,2.0,.357,.361,0.4,0.6,.750,0.4,1.0,1.4,0.3,0.1,0.4,0.6,0.7,2.3,2015
13475,117,Anthony Davis,PF,21,NOP,68,68,36.1,9.4,17.6,.535,0.0,0.2,.083,9.4,17.5,.540,.536,5.5,6.8,.805,2.5,7.7,10.2,2.2,1.5,2.9,1.4,2.1,24.4,2015
13476,118,Ed Davis,PF,25,LAL,79,24,23.3,3.6,5.9,.601,0.0,0.0,,3.6,5.9,.601,.601,1.2,2.4,.487,2.9,4.7,7.6,1.2,0.6,1.2,0.7,2.6,8.3,2015
13477,119,Glen Davis,PF,29,LAC,74,0,12.2,1.6,3.4,.459,0.0,0.1,.000,1.6,3.4,.466,.459,0.8,1.3,.632,0.6,1.7,2.3,0.5,0.6,0.3,0.5,1.8,4.0,2015
13478,120,Andre Dawkins,SG,23,MIA,4,0,5.5,0.3,1.5,.167,0.3,1.5,.167,0.0,0.0,,.250,0.0,0.0,,0.0,0.5,0.5,0.3,0.0,0.0,0.3,0.8,0.8,2015
13479,Rk,Player,Pos,Age,Tm,G,GS,MP,FG,FGA,FG%,3P,3PA,3P%,2P,2PA,2P%,eFG%,FT,FTA,FT%,ORB,DRB,TRB,AST,STL,BLK,TOV,PF,PTS,2015
13480,121,Austin Daye,SF,26,TOT,34,4,10.1,1.5,4.1,.355,0.7,2.1,.338,0.8,2.1,.371,.440,0.1,0.2,.833,0.3,1.9,2.2,0.5,0.4,0.1,0.7,1.1,3.8,2015
13481,121,Austin Daye,SF,26,SAS,26,4,10.3,1.5,4.4,.348,0.7,2.2,.333,0.8,2.2,.362,.430,0.2,0.2,1.000,0.2,2.1,2.3,0.3,0.3,0.1,0.7,1.2,4.0,2015
13482,121,Austin Daye,SF,26,ATL,8,0,9.5,1.3,3.3,.385,0.6,1.8,.357,0.6,1.5,.417,.481,0.1,0.3,.500,0.5,1.3,1.8,1.0,0.5,0.3,0.6,1.1,3.3,2015
13483,122,Dewayne Dedmon,C,25,ORL,59,15,14.3,1.5,2.7,.562,0.0,0.0,.000,1.5,2.7,.565,.562,0.6,1.1,.531,2.0,3.0,5.0,0.2,0.3,0.8,0.9,2.4,3.7,2015
13484,123,Matthew Dellavedova,SG,24,CLE,67,13,20.6,1.7,4.6,.362,1.0,2.5,.407,0.6,2.1,.307,.472,0.4,0.6,.763,0.6,1.3,1.9,3.0,0.4,0.0,0.9,2.3,4.8,2015
13485,124,Luol Deng,SF,29,MIA,72,72,33.6,5.1,10.9,.469,1.1,3.1,.355,4.0,7.9,.513,.518,2.7,3.5,.761,1.4,3.8,5.2,1.9,0.9,0.3,1.5,1.5,14.0,2015
13486,125,DeMar DeRozan,SG,25,TOR,60,60,35.0,6.8,16.5,.413,0.4,1.5,.284,6.4,15.0,.426,.426,6.0,7.2,.832,0.7,3.9,4.6,3.5,1.2,0.2,2.3,2.0,20.1,2015
13487,126,Boris Diaw,PF,32,SAS,81,15,24.5,3.6,7.8,.460,0.7,2.1,.320,2.9,5.7,.512,.503,0.9,1.1,.774,1.0,3.3,4.3,2.9,0.4,0.3,1.6,1.8,8.7,2015
13488,127,Gorgui Dieng,C,25,MIN,73,49,30.0,3.5,7.0,.506,0.0,0.1,.167,3.5,6.9,.510,.507,2.6,3.3,.783,3.1,5.3,8.3,2.0,1.0,1.7,1.7,2.6,9.7,2015
13489,128,Spencer Dinwiddie,PG,21,DET,34,1,13.4,1.5,5.0,.302,0.4,1.9,.185,1.1,3.1,.375,.337,0.9,1.0,.912,0.1,1.3,1.4,3.1,0.6,0.2,1.0,1.6,4.3,2015
13490,129,Joey Dorsey,PF,31,HOU,69,17,12.4,1.2,2.1,.552,0.0,0.0,.000,1.2,2.1,.556,.552,0.3,1.2,.289,1.5,2.6,4.0,0.4,0.6,0.4,0.6,2.3,2.7,2015
13491,130,Toney Douglas,SG,28,NOP,12,0,14.8,1.6,4.3,.373,0.4,1.5,.278,1.2,2.8,.424,.422,0.7,1.1,.615,0.2,1.7,1.8,2.0,0.9,0.3,0.8,1.7,4.3,2015
13492,131,Chris Douglas-Roberts,SG,28,LAC,12,0,8.6,0.4,1.8,.238,0.1,0.6,.143,0.3,1.2,.286,.262,0.7,0.7,1.000,0.1,0.9,1.0,0.3,0.1,0.0,0.0,1.2,1.6,2015
13493,132,Goran Dragić,SG-PG,28,TOT,78,78,33.8,6.4,12.8,.501,1.2,3.3,.347,5.3,9.5,.555,.546,2.3,3.0,.774,1.0,2.5,3.5,4.5,1.0,0.2,2.2,2.5,16.3,2015
13494,132,Goran Dragić,SG,28,PHO,52,52,33.4,6.5,13.1,.501,1.3,3.6,.355,5.3,9.5,.556,.549,1.9,2.5,.746,1.0,2.6,3.6,4.1,1.0,0.2,2.2,2.3,16.2,2015
13495,132,Goran Dragić,PG,28,MIA,26,26,34.8,6.2,12.4,.502,0.9,2.8,.329,5.3,9.6,.552,.539,3.2,4.0,.808,1.2,2.3,3.4,5.3,1.1,0.2,2.3,2.9,16.6,2015
13496,133,Zoran Dragić,SG,25,TOT,16,1,4.7,0.7,1.9,.367,0.2,0.9,.214,0.5,1.0,.500,.417,0.2,0.3,.600,0.3,0.2,0.5,0.3,0.1,0.0,0.3,0.4,1.8,2015
13497,133,Zoran Dragić,SG,25,PHO,6,0,2.2,0.3,1.3,.250,0.0,0.8,.000,0.3,0.5,.667,.250,0.3,0.5,.667,0.3,0.2,0.5,0.2,0.0,0.0,0.0,0.2,1.0,2015
13498,133,Zoran Dragić,SG,25,MIA,10,1,6.2,0.9,2.2,.409,0.3,0.9,.333,0.6,1.3,.462,.477,0.1,0.2,.500,0.3,0.2,0.5,0.4,0.2,0.0,0.5,0.5,2.2,2015
13499,134,Larry Drew II,PG,24,PHI,12,1,18.3,1.7,4.8,.345,0.3,2.2,.154,1.3,2.7,.500,.379,0.2,0.3,.667,0.1,1.2,1.3,3.8,0.5,0.0,2.1,1.1,3.8,2015
13500,135,Andre Drummond,C,21,DET,82,82,30.5,6.0,11.7,.514,0.0,0.0,.000,6.0,11.7,.515,.514,1.7,4.5,.389,5.3,8.1,13.5,0.7,0.9,1.9,1.5,3.5,13.8,2015
13501,136,Jared Dudley,SG,29,MIL,72,22,23.8,2.8,5.9,.468,1.0,2.7,.385,1.7,3.2,.537,.556,0.7,0.9,.716,0.6,2.4,3.1,1.8,1.0,0.2,0.9,1.6,7.2,2015
13502,137,Tim Duncan*,C,38,SAS,77,77,28.9,5.4,10.6,.512,0.0,0.1,.286,5.4,10.5,.514,.513,3.0,4.0,.740,2.2,6.9,9.1,3.0,0.8,2.0,1.7,2.1,13.9,2015
13503,138,Mike Dunleavy,SF,34,CHI,63,63,29.2,3.3,7.6,.435,1.7,4.2,.407,1.6,3.5,.468,.546,1.1,1.4,.805,0.4,3.5,3.9,1.8,0.6,0.3,1.0,2.0,9.4,2015
13504,139,Kevin Durant,SF,26,OKC,27,27,33.8,8.8,17.3,.510,2.4,5.9,.403,6.4,11.4,.565,.578,5.4,6.3,.854,0.6,6.0,6.6,4.1,0.9,0.9,2.7,1.5,25.4,2015
13505,140,Cleanthony Early,SF,23,NYK,39,7,16.6,1.9,5.5,.355,0.6,2.2,.262,1.4,3.3,.415,.407,0.9,1.2,.750,0.6,1.9,2.5,0.9,0.6,0.3,1.0,1.5,5.4,2015
13506,Rk,Player,Pos,Age,Tm,G,GS,MP,FG,FGA,FG%,3P,3PA,3P%,2P,2PA,2P%,eFG%,FT,FTA,FT%,ORB,DRB,TRB,AST,STL,BLK,TOV,PF,PTS,2015
13507,141,Wayne Ellington,SG,27,LAL,65,36,25.8,3.9,9.5,.412,1.4,3.7,.370,2.5,5.8,.439,.485,0.8,1.0,.813,0.5,2.8,3.2,1.6,0.5,0.0,0.8,1.2,10.0,2015
13508,142,Monta Ellis,SG,29,DAL,80,80,33.7,7.5,16.9,.445,1.0,3.6,.285,6.5,13.4,.487,.475,2.9,3.8,.752,0.4,2.0,2.4,4.1,1.9,0.3,2.5,2.5,18.9,2015
13509,143,James Ennis III,SF,24,MIA,62,3,17.0,1.6,4.0,.409,0.5,1.5,.326,1.1,2.5,.461,.472,1.3,1.5,.840,0.8,2.0,2.8,0.8,0.4,0.3,0.6,1.4,5.0,2015
13510,144,Tyler Ennis,PG,20,TOT,33,1,12.5,1.6,4.4,.361,0.4,1.3,.279,1.2,3.1,.396,.403,0.2,0.2,.714,0.2,0.8,1.1,2.2,0.5,0.2,1.3,1.1,3.7,2015
13511,144,Tyler Ennis,PG,20,PHO,8,0,7.3,1.1,2.6,.429,0.3,0.8,.333,0.9,1.9,.467,.476,0.3,0.3,1.000,0.1,0.8,0.9,1.8,0.0,0.3,1.0,0.4,2.8,2015
13512,144,Tyler Ennis,PG,20,MIL,25,1,14.1,1.7,4.9,.350,0.4,1.5,.270,1.3,3.4,.384,.390,0.1,0.2,.600,0.2,0.9,1.1,2.4,0.7,0.1,1.4,1.3,4.0,2015
13513,145,Jeremy Evans,SF,27,UTA,38,0,7.0,0.8,1.5,.552,0.1,0.1,.400,0.8,1.4,.566,.569,0.6,0.8,.828,0.7,1.2,1.9,0.3,0.3,0.3,0.1,0.8,2.4,2015
13514,146,Reggie Evans,PF,34,SAC,47,7,16.3,1.2,2.9,.423,0.0,0.0,.000,1.2,2.9,.430,.423,1.3,2.1,.619,2.1,4.3,6.4,0.7,0.5,0.1,1.0,1.9,3.7,2015
13515,147,Tyreke Evans,SG,25,NOP,79,76,34.1,6.6,14.7,.447,0.9,2.9,.304,5.7,11.9,.482,.477,2.6,3.7,.694,1.0,4.2,5.3,6.6,1.3,0.5,3.1,2.5,16.6,2015
13516,148,Dante Exum,PG,19,UTA,82,41,22.2,1.8,5.1,.349,1.0,3.2,.314,0.8,1.9,.408,.448,0.2,0.4,.625,0.3,1.3,1.6,2.4,0.5,0.2,1.4,1.8,4.8,2015
13517,149,Festus Ezeli,C,25,GSW,46,7,11.0,1.7,3.0,.547,0.0,0.0,,1.7,3.0,.547,.547,1.1,1.7,.628,1.3,2.1,3.4,0.2,0.2,0.9,0.7,1.7,4.4,2015
13518,150,Kenneth Faried,PF,25,DEN,75,71,27.8,5.0,9.8,.507,0.0,0.1,.125,5.0,9.7,.511,.507,2.7,3.8,.691,3.2,5.7,8.9,1.2,0.8,0.8,1.6,2.8,12.6,2015
13519,151,Jordan Farmar,PG,28,LAC,36,0,14.7,1.7,4.4,.386,1.0,2.7,.361,0.7,1.7,.426,.497,0.3,0.3,.909,0.2,0.9,1.2,1.9,0.6,0.1,0.9,1.4,4.6,2015
13520,152,Derrick Favors,PF,23,UTA,74,74,30.8,6.5,12.4,.525,0.0,0.1,.167,6.5,12.3,.527,.526,3.0,4.5,.669,2.6,5.6,8.2,1.5,0.8,1.7,1.6,2.8,16.0,2015
13521,153,Raymond Felton,PG,30,DAL,29,3,9.7,1.5,3.7,.406,0.3,1.2,.294,1.1,2.5,.458,.453,0.4,0.5,.800,0.1,0.8,0.9,1.4,0.4,0.1,0.6,0.6,3.7,2015
13522,154,Landry Fields,SF,26,TOR,26,9,8.3,0.8,1.6,.488,0.0,0.1,.500,0.7,1.5,.487,.500,0.2,0.2,.833,0.4,0.6,1.0,0.6,0.4,0.0,0.3,0.3,1.8,2015
13523,155,Evan Fournier,SG,22,ORL,58,32,28.6,4.4,9.9,.440,1.5,3.9,.378,2.9,6.0,.480,.514,1.8,2.5,.728,0.5,2.2,2.6,2.1,0.7,0.0,1.4,2.0,12.0,2015
13524,156,Randy Foye,SG,31,DEN,50,21,21.7,3.0,8.0,.368,1.9,5.3,.357,1.1,2.8,.388,.485,0.9,1.1,.818,0.2,1.5,1.7,2.4,0.7,0.2,1.2,1.9,8.7,2015
13525,157,Jamaal Franklin,SG,23,DEN,3,0,4.3,0.3,0.7,.500,0.3,0.7,.500,0.0,0.0,,.750,0.0,0.0,,0.3,0.3,0.7,1.0,0.0,0.3,1.0,1.3,1.0,2015
13526,158,Tim Frazier,PG,24,TOT,11,3,21.7,1.9,5.5,.344,0.5,1.5,.294,1.5,4.0,.364,.385,0.9,1.9,.476,0.5,2.0,2.5,5.5,0.7,0.0,2.3,2.4,5.2,2015
13527,158,Tim Frazier,PG,24,PHI,6,3,28.5,2.2,7.2,.302,0.5,1.8,.273,1.7,5.3,.313,.337,0.8,2.5,.333,0.7,2.5,3.2,7.2,1.0,0.0,3.0,2.7,5.7,2015
13528,158,Tim Frazier,PG,24,POR,5,0,13.6,1.6,3.6,.444,0.4,1.2,.333,1.2,2.4,.500,.500,1.0,1.2,.833,0.4,1.4,1.8,3.4,0.4,0.0,1.4,2.0,4.6,2015
13529,159,Jimmer Fredette,PG,25,NOP,50,0,10.2,1.3,3.3,.380,0.2,1.0,.188,1.1,2.4,.458,.407,0.9,0.9,.956,0.2,0.6,0.8,1.2,0.3,0.0,0.7,0.9,3.6,2015
13530,160,Enes Freedom,C,22,TOT,75,74,28.5,6.4,12.4,.519,0.2,0.6,.356,6.2,11.8,.528,.528,2.4,3.1,.782,3.7,5.3,8.9,0.7,0.5,0.4,1.9,2.5,15.5,2015
13531,160,Enes Freedom,C,22,UTA,49,48,27.1,5.8,11.9,.491,0.3,0.8,.317,5.6,11.0,.505,.503,1.9,2.4,.788,3.0,4.8,7.8,0.5,0.5,0.3,1.9,2.3,13.8,2015
13532,160,Enes Freedom,C,22,OKC,26,26,31.1,7.5,13.3,.566,0.1,0.2,.750,7.4,13.2,.564,.571,3.5,4.5,.776,5.0,6.0,11.0,1.1,0.5,0.5,2.0,2.9,18.7,2015
13533,Rk,Player,Pos,Age,Tm,G,GS,MP,FG,FGA,FG%,3P,3PA,3P%,2P,2PA,2P%,eFG%,FT,FTA,FT%,ORB,DRB,TRB,AST,STL,BLK,TOV,PF,PTS,2015
13534,161,Joel Freeland,C,27,POR,48,8,12.9,1.5,3.1,.490,0.0,0.0,,1.5,3.1,.490,.490,0.4,0.5,.840,1.3,2.7,4.0,0.3,0.2,0.5,0.5,1.9,3.5,2015
13535,162,Channing Frye,PF,31,ORL,75,51,24.9,2.5,6.5,.392,1.8,4.6,.393,0.7,1.9,.390,.532,0.4,0.5,.886,0.4,3.5,3.9,1.3,0.6,0.5,1.0,2.5,7.3,2015
13536,163,Danilo Gallinari,SF,26,DEN,59,27,24.2,3.9,9.6,.401,1.8,5.1,.355,2.1,4.5,.453,.496,2.9,3.2,.895,0.5,3.2,3.7,1.4,0.8,0.3,1.0,1.6,12.4,2015
13537,164,Langston Galloway,PG,23,NYK,45,41,32.4,4.5,11.4,.399,1.4,3.9,.352,3.2,7.4,.424,.460,1.4,1.7,.808,0.8,3.4,4.2,3.3,1.2,0.3,1.4,2.9,11.8,2015
13538,165,Francisco García,SF,33,HOU,14,0,14.3,1.2,4.5,.270,0.7,3.2,.222,0.5,1.3,.389,.349,0.1,0.3,.250,0.2,1.0,1.2,1.1,0.6,0.4,0.7,1.4,3.2,2015
13539,166,Kevin Garnett*,PF,38,TOT,47,47,20.3,3.0,6.5,.467,0.0,0.1,.143,3.0,6.4,.475,.469,0.8,1.0,.800,1.0,5.6,6.6,1.6,1.0,0.4,1.0,2.3,6.9,2015
13540,166,Kevin Garnett*,PF,38,BRK,42,42,20.3,3.0,6.5,.455,0.0,0.1,.167,3.0,6.4,.461,.456,0.8,1.0,.829,1.1,5.7,6.8,1.6,1.0,0.3,1.1,2.3,6.8,2015
13541,166,Kevin Garnett*,PF,38,MIN,5,5,19.6,3.6,6.2,.581,0.0,0.2,.000,3.6,6.0,.600,.581,0.4,0.8,.500,0.4,4.8,5.2,1.6,1.0,0.8,0.2,2.6,7.6,2015
13542,167,Marc Gasol,C,30,MEM,81,81,33.2,6.5,13.2,.494,0.0,0.2,.176,6.5,13.0,.500,.496,4.3,5.4,.795,1.4,6.4,7.8,3.8,0.9,1.6,2.2,2.6,17.4,2015
13543,168,Pau Gasol,PF,34,CHI,78,78,34.4,7.3,14.8,.494,0.2,0.3,.462,7.2,14.4,.495,.500,3.8,4.7,.803,2.8,9.0,11.8,2.7,0.3,1.9,2.0,1.9,18.5,2015
13544,169,Rudy Gay,SF,28,SAC,68,67,35.4,7.5,16.4,.455,1.2,3.2,.359,6.3,13.2,.479,.491,5.0,5.8,.858,1.4,4.4,5.9,3.7,1.0,0.6,2.7,2.3,21.1,2015
13545,170,Alonzo Gee,SF,27,TOT,54,2,12.3,1.6,3.4,.468,0.2,0.6,.371,1.4,2.8,.490,.503,1.0,1.4,.701,0.7,1.1,1.7,0.5,0.6,0.1,0.6,1.1,4.5,2015
13546,170,Alonzo Gee,SF,27,DEN,39,0,13.1,1.7,3.5,.482,0.3,0.6,.417,1.4,2.9,.496,.518,1.2,1.7,.738,0.7,1.1,1.8,0.5,0.7,0.2,0.6,1.1,4.9,2015
13547,170,Alonzo Gee,SF,27,POR,15,2,10.1,1.4,3.3,.429,0.2,0.7,.273,1.2,2.5,.474,.459,0.4,0.8,.500,0.5,1.1,1.6,0.4,0.5,0.1,0.5,1.1,3.4,2015
13548,171,Paul George,SF,24,IND,6,0,15.2,3.0,8.2,.367,1.5,3.7,.409,1.5,4.5,.333,.459,1.3,1.8,.727,0.7,3.0,3.7,1.0,0.8,0.2,2.0,1.8,8.8,2015
13549,172,Taj Gibson,PF,29,CHI,62,17,27.3,4.1,8.2,.502,0.0,0.0,,4.1,8.2,.502,.502,2.1,3.0,.717,2.6,3.8,6.4,1.1,0.6,1.2,1.2,2.6,10.3,2015
13550,173,Manu Ginóbili*,SG,37,SAS,70,0,22.7,3.6,8.4,.426,1.3,3.7,.345,2.3,4.7,.489,.502,2.1,2.9,.721,0.4,2.6,3.0,4.2,1.0,0.3,2.2,2.0,10.5,2015
13551,174,Rudy Gobert,C,22,UTA,82,37,26.3,3.1,5.2,.604,0.0,0.0,.000,3.1,5.2,.607,.604,2.1,3.3,.623,3.2,6.2,9.5,1.3,0.8,2.3,1.4,2.1,8.4,2015
13552,175,Drew Gooden,PF,33,WAS,51,7,16.9,2.2,5.4,.399,0.5,1.2,.390,1.7,4.3,.401,.440,0.7,0.9,.773,1.4,3.0,4.4,1.0,0.4,0.2,0.5,1.8,5.4,2015
13553,176,Archie Goodwin,SG,20,PHO,41,2,13.0,1.9,4.9,.393,0.3,1.0,.293,1.6,3.9,.419,.423,1.5,2.0,.735,0.7,1.1,1.8,1.1,0.4,0.2,1.2,1.3,5.6,2015
13554,177,Aaron Gordon,PF,19,ORL,47,8,17.0,2.0,4.4,.447,0.3,1.0,.271,1.7,3.4,.500,.478,0.9,1.3,.721,1.0,2.6,3.6,0.7,0.4,0.5,0.8,1.8,5.2,2015
13555,178,Ben Gordon,SG,31,ORL,56,0,14.1,2.3,5.3,.437,0.6,1.7,.361,1.7,3.5,.475,.497,1.0,1.2,.836,0.1,1.0,1.1,0.9,0.3,0.0,1.0,1.1,6.2,2015
13556,179,Drew Gordon,PF,24,PHI,9,0,7.9,0.9,2.1,.421,0.0,0.3,.000,0.9,1.8,.500,.421,0.1,0.2,.500,0.8,1.2,2.0,0.2,0.1,0.0,0.9,0.8,1.9,2015
13557,180,Eric Gordon,SG,26,NOP,61,60,33.1,4.7,11.4,.411,2.3,5.2,.448,2.4,6.2,.380,.512,1.8,2.2,.805,0.5,2.1,2.6,3.8,0.8,0.2,2.0,2.4,13.4,2015
13558,Rk,Player,Pos,Age,Tm,G,GS,MP,FG,FGA,FG%,3P,3PA,3P%,2P,2PA,2P%,eFG%,FT,FTA,FT%,ORB,DRB,TRB,AST,STL,BLK,TOV,PF,PTS,2015
13559,181,Marcin Gortat,C,30,WAS,82,82,29.9,5.4,9.5,.566,0.0,0.0,.000,5.4,9.4,.569,.566,1.5,2.1,.703,2.2,6.5,8.7,1.2,0.6,1.3,1.2,2.3,12.2,2015
13560,182,Danny Granger,SF,31,MIA,30,6,20.4,2.2,5.4,.401,1.0,2.8,.357,1.2,2.6,.449,.494,0.9,1.2,.757,0.7,2.0,2.7,0.6,0.4,0.2,0.8,2.2,6.3,2015
13561,183,Jerami Grant,SF,20,PHI,65,11,21.2,1.9,5.4,.352,0.8,2.4,.314,1.2,3.0,.383,.422,1.8,3.0,.591,0.8,2.3,3.0,1.2,0.6,1.0,1.3,2.2,6.3,2015
13562,184,Danny Green,SG,27,SAS,81,80,28.5,4.0,9.1,.436,2.4,5.6,.418,1.6,3.5,.466,.566,1.4,1.6,.874,0.7,3.6,4.2,2.0,1.2,1.1,1.1,2.0,11.7,2015
13563,185,Draymond Green,PF,24,GSW,79,79,31.5,4.3,9.7,.443,1.4,4.2,.337,2.9,5.5,.523,.516,1.7,2.5,.660,1.4,6.7,8.2,3.7,1.6,1.3,1.7,3.2,11.7,2015
13564,186,Erick Green,PG,23,DEN,43,1,9.5,1.4,3.8,.377,0.3,1.1,.298,1.1,2.7,.409,.420,0.2,0.3,.833,0.2,0.6,0.7,0.9,0.3,0.0,0.3,0.6,3.4,2015
13565,187,Gerald Green,SG,29,PHO,74,4,19.5,4.4,10.5,.416,1.9,5.2,.354,2.5,5.3,.478,.504,1.3,1.6,.825,0.4,2.1,2.5,1.2,0.6,0.2,1.4,2.0,11.9,2015
13566,188,JaMychal Green,PF,24,TOT,24,1,6.8,1.1,2.0,.574,0.0,0.3,.000,1.1,1.7,.659,.574,0.3,0.4,.800,0.8,1.1,1.9,0.2,0.2,0.2,0.6,1.0,2.6,2015
13567,188,JaMychal Green,PF,24,SAS,4,0,6.3,1.0,1.8,.571,0.0,0.5,.000,1.0,1.3,.800,.571,0.0,0.0,,0.8,0.8,1.5,0.0,0.0,0.5,0.5,1.5,2.0,2015
13568,188,JaMychal Green,PF,24,MEM,20,1,7.0,1.2,2.0,.575,0.0,0.2,.000,1.2,1.8,.639,.575,0.4,0.5,.800,0.8,1.2,2.0,0.2,0.3,0.2,0.6,1.0,2.7,2015
13569,189,Jeff Green,SF,28,TOT,78,70,31.5,5.3,12.4,.430,1.2,3.7,.332,4.1,8.7,.473,.480,3.1,3.7,.833,0.8,3.4,4.2,1.7,0.7,0.4,1.4,1.9,15.0,2015
13570,189,Jeff Green,SF,28,BOS,33,33,33.1,6.2,14.4,.434,1.4,4.7,.305,4.8,9.7,.495,.483,3.7,4.4,.840,0.6,3.6,4.3,1.6,0.8,0.4,1.7,2.0,17.6,2015
13571,189,Jeff Green,SF,28,MEM,45,37,30.2,4.7,10.9,.427,1.1,3.1,.362,3.6,7.9,.452,.478,2.6,3.2,.825,1.0,3.2,4.2,1.8,0.6,0.5,1.2,1.8,13.1,2015
13572,190,Willie Green,SG,33,ORL,52,2,18.3,2.3,5.9,.386,0.8,2.3,.347,1.5,3.6,.411,.454,0.5,0.7,.824,0.3,1.3,1.5,1.3,0.5,0.1,0.9,1.6,5.9,2015
13573,191,Blake Griffin,PF,25,LAC,67,67,35.2,8.6,17.1,.502,0.1,0.4,.400,8.4,16.7,.504,.506,4.6,6.4,.728,1.9,5.7,7.6,5.3,0.9,0.5,2.3,2.9,21.9,2015
13574,192,Jorge Gutiérrez,PG,26,TOT,20,1,8.8,1.1,2.1,.537,0.0,0.2,.000,1.1,1.9,.579,.537,0.5,0.7,.692,0.3,1.0,1.3,1.1,0.3,0.0,0.6,1.3,2.7,2015
13575,192,Jorge Gutiérrez,PG,26,BRK,10,0,4.4,0.7,1.4,.500,0.0,0.1,.000,0.7,1.3,.538,.500,0.2,0.3,.667,0.0,0.7,0.7,0.7,0.1,0.0,0.3,0.9,1.6,2015
13576,192,Jorge Gutiérrez,PG,26,MIL,10,1,13.1,1.5,2.7,.556,0.0,0.2,.000,1.5,2.5,.600,.556,0.7,1.0,.700,0.5,1.3,1.8,1.5,0.5,0.0,0.9,1.6,3.7,2015
13577,193,P.J. Hairston,SG,22,CHO,45,2,15.3,1.9,6.0,.323,1.1,3.6,.301,0.8,2.4,.358,.414,0.7,0.8,.861,0.5,1.6,2.0,0.5,0.5,0.3,0.5,1.4,5.6,2015
13578,194,Jordan Hamilton,SF,24,LAC,14,2,8.7,1.0,2.5,.400,0.7,1.5,.476,0.3,1.0,.286,.543,0.0,0.0,,0.1,1.0,1.1,0.5,0.1,0.0,0.3,1.0,2.7,2015
13579,195,Justin Hamilton,C,24,TOT,41,14,17.4,2.1,4.3,.478,0.2,0.8,.323,1.8,3.6,.510,.506,1.0,1.1,.830,1.4,1.9,3.3,0.9,0.7,0.7,0.6,1.7,5.3,2015
13580,195,Justin Hamilton,C,24,MIA,24,5,12.0,1.1,2.7,.415,0.3,0.8,.316,0.9,1.9,.457,.462,0.3,0.3,.857,1.0,1.0,2.0,0.5,0.3,0.2,0.3,1.4,2.8,2015
13581,195,Justin Hamilton,C,24,MIN,17,9,24.9,3.4,6.6,.513,0.2,0.7,.333,3.2,5.9,.535,.531,1.9,2.4,.825,1.9,3.1,5.1,1.4,1.1,1.5,1.1,2.2,9.0,2015
13582,196,Tyler Hansbrough,PF,29,TOR,74,8,14.3,1.2,2.2,.521,0.0,0.1,.143,1.1,2.1,.538,.524,1.3,1.9,.698,1.4,2.1,3.6,0.3,0.4,0.2,0.3,1.9,3.6,2015
13583,197,Tim Hardaway Jr.,SG,22,NYK,70,30,24.0,4.0,10.2,.389,1.7,5.1,.342,2.3,5.2,.435,.474,1.8,2.2,.801,0.2,2.1,2.2,1.8,0.3,0.2,1.2,1.7,11.5,2015
13584,198,James Harden,SG,25,HOU,81,81,36.8,8.0,18.1,.440,2.6,6.9,.375,5.4,11.3,.480,.511,8.8,10.2,.868,0.9,4.7,5.7,7.0,1.9,0.7,4.0,2.6,27.4,2015
13585,199,Maurice Harkless,SF,21,ORL,45,4,15.0,1.4,3.5,.399,0.2,1.2,.179,1.2,2.3,.520,.430,0.5,0.9,.537,0.8,1.5,2.4,0.6,0.7,0.2,0.6,1.5,3.5,2015
13586,200,Devin Harris,PG,31,DAL,76,3,22.2,2.9,6.9,.418,1.3,3.5,.357,1.6,3.4,.481,.509,1.7,2.1,.815,0.2,1.6,1.8,3.1,1.0,0.2,1.1,1.9,8.8,2015
13587,Rk,Player,Pos,Age,Tm,G,GS,MP,FG,FGA,FG%,3P,3PA,3P%,2P,2PA,2P%,eFG%,FT,FTA,FT%,ORB,DRB,TRB,AST,STL,BLK,TOV,PF,PTS,2015
13588,201,Gary Harris,SG,20,DEN,55,6,13.1,1.2,3.9,.304,0.4,1.9,.204,0.8,2.1,.395,.353,0.6,0.9,.745,0.4,0.8,1.2,0.5,0.7,0.1,0.7,1.3,3.4,2015
13589,202,Joe Harris,SG,23,CLE,51,1,9.7,0.9,2.4,.400,0.6,1.6,.369,0.3,0.7,.472,.529,0.2,0.3,.600,0.1,0.7,0.8,0.5,0.1,0.0,0.5,1.2,2.7,2015
13590,203,Tobias Harris,SF,22,ORL,68,63,34.8,6.5,14.0,.466,1.3,3.5,.364,5.2,10.4,.500,.512,2.8,3.6,.788,1.1,5.3,6.3,1.8,1.0,0.5,1.7,2.0,17.1,2015
13591,204,Udonis Haslem,PF,34,MIA,62,25,16.0,1.7,3.9,.448,0.0,0.2,.200,1.7,3.7,.459,.452,0.7,1.0,.703,1.1,3.0,4.2,0.7,0.3,0.2,0.7,1.8,4.2,2015
13592,205,Spencer Hawes,PF,26,LAC,73,15,17.5,2.2,5.7,.393,0.8,2.4,.313,1.5,3.3,.452,.459,0.6,0.9,.647,0.4,3.1,3.5,1.2,0.3,0.7,0.8,2.4,5.8,2015
13593,206,Chuck Hayes,C,31,TOR,29,0,8.8,0.8,1.6,.478,0.0,0.0,,0.8,1.6,.478,.478,0.2,0.4,.545,0.6,1.1,1.8,0.7,0.3,0.1,0.3,1.3,1.7,2015
13594,207,Gordon Hayward,SF,24,UTA,76,76,34.4,6.4,14.3,.445,1.6,4.3,.364,4.8,10.0,.481,.500,4.9,6.1,.812,0.7,4.2,4.9,4.1,1.4,0.4,2.7,1.7,19.3,2015
13595,208,Brendan Haywood,C,35,CLE,22,1,5.4,0.6,1.4,.467,0.0,0.0,,0.6,1.4,.467,.467,0.3,0.6,.538,0.3,1.0,1.3,0.1,0.1,0.5,0.5,0.8,1.6,2015
13596,209,Gerald Henderson,SG,27,CHO,80,72,28.9,4.6,10.6,.437,0.6,1.7,.331,4.1,8.9,.457,.463,2.3,2.7,.848,0.5,3.0,3.4,2.6,0.6,0.3,1.4,1.7,12.1,2015
13597,210,Xavier Henry,SF,23,LAL,9,0,9.6,0.3,1.4,.231,0.0,0.0,,0.3,1.4,.231,.231,1.6,2.7,.583,0.2,0.2,0.4,0.3,0.3,0.0,0.3,0.7,2.2,2015
13598,211,John Henson,C,24,MIL,67,11,18.3,2.9,5.2,.566,0.0,0.0,,2.9,5.2,.566,.566,1.2,2.0,.569,1.9,2.8,4.7,0.9,0.4,2.0,1.3,2.3,7.0,2015
13599,212,Roy Hibbert,C,28,IND,76,76,25.3,4.2,9.3,.446,0.0,0.0,.000,4.2,9.3,.448,.446,2.2,2.7,.824,2.1,5.1,7.1,1.1,0.2,1.6,1.4,2.8,10.6,2015
13600,213,J.J. Hickson,C,26,DEN,73,8,19.3,3.0,6.3,.475,0.0,0.0,.000,3.0,6.3,.477,.475,1.6,2.8,.577,2.1,4.1,6.2,0.8,0.5,0.5,1.3,1.9,7.6,2015
13601,214,Nenê,PF,32,WAS,67,58,25.3,4.6,9.0,.511,0.0,0.1,.200,4.6,8.9,.513,.512,1.8,3.0,.604,1.3,3.9,5.1,1.8,1.0,0.3,1.9,2.7,11.0,2015
13602,215,George Hill,PG,28,IND,43,36,29.5,5.9,12.4,.477,1.6,4.5,.358,4.3,8.0,.544,.541,2.6,3.3,.790,0.6,3.6,4.2,5.1,1.0,0.3,1.6,2.6,16.1,2015
13603,216,Jordan Hill,C,27,LAL,70,57,26.8,5.1,11.1,.459,0.0,0.2,.273,5.1,10.9,.462,.461,1.8,2.4,.738,2.5,5.5,7.9,1.5,0.5,0.7,1.5,2.3,12.0,2015
13604,217,Solomon Hill,SF,23,IND,82,78,29.0,3.1,7.7,.396,0.8,2.5,.327,2.2,5.2,.430,.450,1.9,2.4,.824,0.9,3.0,3.8,2.2,0.8,0.2,1.4,2.2,8.9,2015
13605,218,Kirk Hinrich,SG,34,CHI,66,22,24.4,2.2,5.8,.373,0.9,2.5,.345,1.3,3.2,.394,.449,0.5,0.8,.700,0.3,1.5,1.8,2.2,0.7,0.2,1.1,2.2,5.7,2015
13606,219,Jrue Holiday,PG,24,NOP,40,37,32.6,6.0,13.4,.446,1.3,3.4,.378,4.7,10.0,.469,.493,1.6,1.9,.855,0.8,2.6,3.4,6.9,1.6,0.6,2.3,2.8,14.8,2015
13607,220,Justin Holiday,SG,25,GSW,59,4,11.1,1.5,4.0,.387,0.6,1.8,.321,0.9,2.1,.444,.462,0.6,0.8,.822,0.2,1.0,1.2,0.8,0.7,0.2,0.5,0.9,4.3,2015
13608,Rk,Player,Pos,Age,Tm,G,GS,MP,FG,FGA,FG%,3P,3PA,3P%,2P,2PA,2P%,eFG%,FT,FTA,FT%,ORB,DRB,TRB,AST,STL,BLK,TOV,PF,PTS,2015
13609,221,Ryan Hollins,C,30,SAC,46,9,9.6,1.2,1.8,.646,0.0,0.0,,1.2,1.8,.646,.646,0.7,1.2,.574,0.8,1.5,2.2,0.3,0.1,0.4,0.5,1.4,3.0,2015
13610,222,Rodney Hood,SG,22,UTA,50,21,21.3,3.1,7.5,.414,1.2,3.4,.365,1.9,4.1,.456,.497,1.2,1.6,.763,0.2,2.2,2.3,1.7,0.6,0.2,0.9,2.4,8.7,2015
13611,223,Al Horford,C,28,ATL,76,76,30.5,6.8,12.7,.538,0.1,0.5,.306,6.7,12.2,.547,.544,1.4,1.9,.759,1.7,5.4,7.2,3.2,0.9,1.3,1.3,1.6,15.2,2015
13612,224,Dwight Howard,C,29,HOU,41,41,29.8,6.1,10.3,.593,0.0,0.0,.500,6.1,10.3,.594,.595,3.5,6.6,.528,2.7,7.8,10.5,1.2,0.7,1.3,2.8,3.3,15.8,2015
13613,225,Lester Hudson,SG,30,LAC,5,0,11.2,1.2,2.8,.429,0.6,1.2,.500,0.6,1.6,.375,.536,0.6,0.8,.750,0.2,1.4,1.6,1.0,1.2,0.2,0.6,0.8,3.6,2015
13614,226,Robbie Hummel,SF,25,MIN,45,4,16.5,1.8,3.8,.459,0.4,1.1,.314,1.4,2.7,.521,.506,0.5,0.6,.828,0.7,2.3,3.0,0.6,0.4,0.2,0.4,1.9,4.4,2015
13615,227,Kris Humphries,PF,29,WAS,64,17,21.0,3.3,7.0,.473,0.0,0.1,.000,3.3,6.9,.481,.473,1.4,1.8,.744,1.8,4.7,6.5,0.9,0.5,0.4,0.7,2.0,8.0,2015
13616,228,Serge Ibaka,PF,25,OKC,64,64,33.1,5.8,12.3,.476,1.2,3.2,.376,4.6,9.1,.511,.525,1.4,1.7,.836,2.1,5.7,7.8,0.9,0.5,2.4,1.5,3.0,14.3,2015
13617,229,Andre Iguodala,SF,31,GSW,77,0,26.9,3.0,6.4,.466,1.0,2.8,.349,2.0,3.7,.553,.540,0.9,1.5,.596,0.6,2.8,3.3,3.0,1.2,0.3,1.1,1.3,7.8,2015
13618,230,Ersan İlyasova,PF,27,MIL,58,36,22.7,4.5,9.6,.472,1.3,3.3,.389,3.3,6.3,.515,.539,1.2,1.8,.645,1.4,3.4,4.8,1.0,0.6,0.3,0.8,2.6,11.5,2015
13619,231,Joe Ingles,SF,27,UTA,79,32,21.2,1.9,4.5,.415,0.9,2.6,.356,0.9,1.9,.493,.517,0.4,0.5,.750,0.3,1.9,2.2,2.3,0.9,0.1,1.2,1.6,5.0,2015
13620,232,Kyrie Irving,PG,22,CLE,75,75,36.4,7.7,16.5,.468,2.1,5.0,.415,5.6,11.4,.491,.532,4.2,4.9,.863,0.7,2.4,3.2,5.2,1.5,0.3,2.5,1.9,21.7,2015
13621,233,Jarrett Jack,PG,31,BRK,80,27,28.0,4.5,10.2,.439,0.5,1.8,.267,4.0,8.4,.477,.463,2.5,2.8,.881,0.2,2.8,3.1,4.7,0.9,0.2,2.4,1.8,12.0,2015
13622,234,Reggie Jackson,PG,24,TOT,77,40,29.5,5.6,12.9,.434,0.9,3.1,.299,4.7,9.8,.477,.470,2.4,2.8,.830,0.7,3.5,4.2,6.0,0.8,0.1,2.4,2.2,14.5,2015
13623,234,Reggie Jackson,PG,24,OKC,50,13,28.0,5.0,11.5,.432,0.9,3.2,.278,4.1,8.4,.490,.470,2.0,2.3,.861,0.6,3.5,4.0,4.3,0.8,0.1,1.8,1.9,12.8,2015
13624,234,Reggie Jackson,PG,24,DET,27,27,32.2,6.8,15.6,.436,1.0,3.1,.337,5.7,12.5,.460,.469,3.0,3.8,.796,1.0,3.6,4.7,9.2,0.7,0.1,3.5,2.7,17.6,2015
13625,235,Bernard James,C,29,DAL,16,2,9.9,0.8,1.7,.444,0.0,0.0,,0.8,1.7,.444,.444,1.3,1.4,.870,1.1,1.3,2.4,0.3,0.1,0.9,0.4,1.1,2.8,2015
13626,236,LeBron James,SF,30,CLE,69,69,36.1,9.0,18.5,.488,1.7,4.9,.354,7.3,13.6,.536,.535,5.4,7.7,.710,0.7,5.3,6.0,7.4,1.6,0.7,3.9,2.0,25.3,2015
13627,237,Al Jefferson,C,30,CHO,65,61,30.6,7.5,15.5,.481,0.0,0.1,.400,7.4,15.5,.482,.482,1.7,2.5,.655,1.5,6.9,8.4,1.7,0.7,1.3,1.0,2.1,16.6,2015
13628,238,Cory Jefferson,PF,24,BRK,50,1,10.6,1.5,3.3,.449,0.0,0.3,.133,1.5,3.0,.480,.455,0.6,1.1,.574,0.9,2.0,2.9,0.3,0.2,0.4,0.4,1.2,3.7,2015
13629,239,Richard Jefferson,SF,34,DAL,74,18,16.8,1.9,4.4,.444,0.9,2.1,.426,1.1,2.3,.462,.546,1.1,1.5,.684,0.3,2.1,2.5,0.8,0.4,0.1,0.7,1.6,5.8,2015
13630,240,John Jenkins,SG,23,ATL,24,3,12.4,2.0,4.1,.495,0.9,2.2,.404,1.2,2.0,.596,.601,0.7,0.8,.842,0.1,1.5,1.6,0.5,0.4,0.0,0.3,0.6,5.6,2015
13631,Rk,Player,Pos,Age,Tm,G,GS,MP,FG,FGA,FG%,3P,3PA,3P%,2P,2PA,2P%,eFG%,FT,FTA,FT%,ORB,DRB,TRB,AST,STL,BLK,TOV,PF,PTS,2015
13632,241,Brandon Jennings,PG,25,DET,41,41,28.6,5.3,13.2,.401,1.9,5.1,.360,3.5,8.1,.428,.471,2.9,3.5,.839,0.5,2.0,2.5,6.6,1.1,0.1,2.2,1.6,15.4,2015
13633,242,Jonas Jerebko,PF,27,TOT,75,0,16.4,2.3,5.1,.446,0.7,1.9,.386,1.5,3.2,.481,.517,0.7,0.9,.848,1.2,2.5,3.8,0.9,0.6,0.2,0.6,1.8,6.0,2015
13634,242,Jonas Jerebko,PF,27,DET,46,0,15.3,2.0,4.3,.460,0.6,1.7,.368,1.4,2.7,.516,.530,0.7,0.8,.861,1.0,2.1,3.1,0.9,0.6,0.2,0.6,1.7,5.2,2015
13635,242,Jonas Jerebko,PF,27,BOS,29,0,18.2,2.7,6.2,.431,0.9,2.2,.406,1.8,4.0,.444,.503,0.9,1.0,.833,1.6,3.2,4.8,1.0,0.7,0.2,0.6,2.0,7.1,2015
13636,243,Grant Jerrett,PF,21,TOT,8,0,6.4,0.9,3.3,.269,0.1,1.9,.067,0.8,1.4,.545,.288,0.1,0.1,1.000,0.3,0.9,1.1,0.4,0.3,0.3,0.4,1.4,2.0,2015
13637,243,Grant Jerrett,PF,21,OKC,5,0,5.0,0.6,3.4,.176,0.2,2.6,.077,0.4,0.8,.500,.206,0.0,0.0,,0.2,0.6,0.8,0.2,0.0,0.4,0.4,1.4,1.4,2015
13638,243,Grant Jerrett,PF,21,UTA,3,0,8.7,1.3,3.0,.444,0.0,0.7,.000,1.3,2.3,.571,.444,0.3,0.3,1.000,0.3,1.3,1.7,0.7,0.7,0.0,0.3,1.3,3.0,2015
13639,244,Amir Johnson,PF,27,TOR,75,72,26.4,4.0,6.9,.574,0.3,0.6,.413,3.7,6.3,.590,.592,1.1,1.7,.612,2.1,4.0,6.1,1.6,0.6,0.8,1.5,3.0,9.3,2015
13640,245,Chris Johnson,SF,24,TOT,29,2,18.1,2.1,5.3,.403,1.0,3.3,.295,1.2,2.0,.576,.494,0.5,0.6,.875,0.3,1.6,1.9,0.5,0.9,0.2,0.5,1.5,5.7,2015
13641,245,Chris Johnson,SF,24,PHI,9,2,20.8,2.1,6.7,.317,1.1,4.3,.256,1.0,2.3,.429,.400,0.7,0.9,.750,0.3,2.6,2.9,0.3,1.0,0.6,1.0,2.1,6.0,2015
13642,245,Chris Johnson,SF,24,UTA,12,0,17.6,2.6,5.3,.484,1.1,3.2,.342,1.5,2.2,.692,.586,0.5,0.5,1.000,0.3,1.3,1.5,0.6,1.0,0.0,0.5,1.5,6.8,2015
13643,245,Chris Johnson,SF,24,MIL,8,0,16.0,1.5,3.8,.400,0.6,2.3,.278,0.9,1.5,.583,.483,0.3,0.3,1.000,0.3,1.1,1.4,0.6,0.6,0.3,0.0,0.9,3.9,2015
13644,246,James Johnson,PF,27,TOR,70,17,19.6,3.4,5.8,.589,0.2,0.7,.216,3.2,5.0,.643,.603,1.0,1.5,.657,0.9,2.8,3.7,1.4,0.8,1.0,1.1,2.2,7.9,2015
13645,247,Joe Johnson,SG,33,BRK,80,80,34.9,5.6,12.8,.435,1.5,4.2,.359,4.1,8.6,.472,.494,1.8,2.2,.801,0.7,4.1,4.8,3.7,0.7,0.2,1.7,1.5,14.4,2015
13646,248,Nick Johnson,SG,22,HOU,28,0,9.4,0.9,2.7,.347,0.2,0.8,.238,0.8,1.9,.389,.380,0.6,0.9,.680,0.5,0.9,1.4,0.4,0.3,0.1,0.7,1.2,2.6,2015
13647,249,Tyler Johnson,SG,22,MIA,32,2,18.8,2.2,5.2,.419,0.6,1.5,.375,1.6,3.7,.437,.473,1.0,1.5,.681,0.4,2.1,2.5,1.3,1.0,0.3,0.9,1.3,5.9,2015
13648,250,Wesley Johnson,SF,27,LAL,76,59,29.5,3.8,9.1,.414,1.2,3.4,.351,2.6,5.7,.451,.480,1.2,1.5,.804,0.9,3.3,4.2,1.6,0.8,0.6,1.1,2.1,9.9,2015
13649,251,Dahntay Jones,SF,34,LAC,33,0,3.7,0.2,0.6,.286,0.0,0.1,.000,0.2,0.5,.353,.286,0.3,0.3,.818,0.0,0.3,0.3,0.1,0.1,0.0,0.0,0.7,0.6,2015
13650,252,James Jones,SF,34,CLE,57,2,11.7,1.3,3.5,.368,1.1,3.1,.360,0.2,0.5,.423,.525,0.7,0.8,.848,0.2,0.9,1.1,0.4,0.2,0.1,0.2,1.2,4.4,2015
13651,253,Perry Jones,SF,23,OKC,43,13,14.7,1.7,4.3,.397,0.3,1.4,.233,1.4,2.9,.476,.435,0.6,0.9,.649,0.1,1.6,1.8,0.4,0.4,0.2,0.6,1.2,4.3,2015
13652,254,Terrence Jones,PF,23,HOU,33,24,26.9,4.8,9.1,.528,0.4,1.1,.351,4.4,7.9,.553,.550,1.7,2.8,.606,2.4,4.3,6.7,1.1,0.5,1.8,1.1,2.4,11.7,2015
13653,255,DeAndre Jordan,C,26,LAC,82,82,34.4,4.6,6.5,.710,0.0,0.0,.250,4.6,6.5,.713,.711,2.3,5.7,.397,4.8,10.1,15.0,0.7,1.0,2.2,1.3,3.0,11.5,2015
13654,256,Jerome Jordan,C,28,BRK,44,0,8.7,1.1,2.1,.532,0.0,0.0,,1.1,2.1,.532,.532,0.9,1.0,.864,1.2,1.2,2.4,0.3,0.2,0.3,0.5,1.3,3.1,2015
13655,257,Cory Joseph,PG,23,SAS,79,14,18.3,2.6,5.2,.504,0.2,0.6,.364,2.4,4.6,.520,.523,1.3,1.8,.734,0.6,1.9,2.4,2.4,0.6,0.2,0.8,1.3,6.8,2015
13656,258,Chris Kaman,C,32,POR,74,13,18.9,3.8,7.4,.515,0.0,0.0,,3.8,7.4,.515,.515,1.0,1.4,.706,2.0,4.5,6.5,0.9,0.2,0.7,1.5,1.9,8.6,2015
13657,259,Sergey Karasev,SG,21,BRK,33,16,16.8,1.6,4.1,.403,0.5,1.6,.296,1.2,2.4,.475,.463,0.9,1.2,.763,0.7,1.3,2.0,1.4,0.7,0.0,0.7,1.4,4.6,2015
13658,260,Ryan Kelly,PF,23,LAL,52,34,23.7,2.0,5.9,.337,0.9,2.6,.336,1.1,3.4,.337,.409,1.5,1.8,.832,0.3,2.6,2.8,1.8,0.6,0.5,0.7,2.3,6.4,2015
13659,Rk,Player,Pos,Age,Tm,G,GS,MP,FG,FGA,FG%,3P,3PA,3P%,2P,2PA,2P%,eFG%,FT,FTA,FT%,ORB,DRB,TRB,AST,STL,BLK,TOV,PF,PTS,2015
13660,261,Michael Kidd-Gilchrist,SF,21,CHO,55,52,28.9,4.1,8.8,.465,0.0,0.0,,4.1,8.8,.465,.465,2.7,3.9,.701,2.0,5.6,7.6,1.4,0.5,0.7,1.1,2.1,10.9,2015
13661,262,Sean Kilpatrick,SG,25,MIN,4,0,18.0,1.8,5.0,.350,1.0,3.3,.308,0.8,1.8,.429,.450,1.0,1.0,1.000,0.3,1.3,1.5,1.0,0.8,0.0,0.5,0.8,5.5,2015
13662,263,Andrei Kirilenko,SF,33,BRK,7,0,5.1,0.0,0.7,.000,0.0,0.0,,0.0,0.7,.000,.000,0.4,0.6,.750,0.3,0.9,1.1,0.1,0.1,0.0,0.1,0.1,0.4,2015
13663,264,Alex Kirk,C,23,CLE,5,0,2.8,0.2,0.8,.250,0.0,0.0,,0.2,0.8,.250,.250,0.4,0.4,1.000,0.2,0.0,0.2,0.2,0.0,0.0,0.0,0.2,0.8,2015
13664,265,Brandon Knight,PG-SG,23,TOT,63,61,32.3,6.0,14.1,.422,2.0,5.1,.389,4.0,9.0,.441,.493,3.1,3.5,.874,0.4,3.4,3.9,5.2,1.4,0.2,3.0,1.8,17.0,2015
13665,265,Brandon Knight,PG,23,MIL,52,52,32.5,6.2,14.3,.435,2.0,4.9,.409,4.2,9.4,.448,.505,3.3,3.7,.881,0.5,3.8,4.3,5.4,1.6,0.2,3.2,1.8,17.8,2015
13666,265,Brandon Knight,SG,23,PHO,11,9,31.5,4.6,13.0,.357,1.9,6.1,.313,2.7,6.9,.395,.430,2.2,2.6,.828,0.2,1.9,2.1,4.5,0.5,0.1,2.1,1.9,13.4,2015
13667,266,Kyle Korver,SG,33,ATL,75,75,32.2,3.9,8.0,.487,2.9,6.0,.492,0.9,2.0,.470,.671,1.4,1.6,.898,0.2,3.9,4.1,2.6,0.7,0.6,1.4,1.9,12.1,2015
13668,267,Kosta Koufos,C,25,MEM,81,3,16.6,2.2,4.4,.508,0.0,0.0,,2.2,4.4,.508,.508,0.7,1.0,.647,1.5,3.8,5.3,0.5,0.4,0.8,0.9,1.8,5.2,2015
13669,268,Ognjen Kuzmić,C,24,GSW,16,0,4.5,0.5,0.8,.667,0.0,0.0,,0.5,0.8,.667,.667,0.3,0.3,1.000,0.4,0.6,1.1,0.4,0.1,0.1,0.3,0.8,1.3,2015
13670,269,Jeremy Lamb,SG,22,OKC,47,8,13.5,2.2,5.3,.416,0.8,2.4,.342,1.4,3.0,.475,.492,1.0,1.2,.891,0.2,2.1,2.3,0.9,0.4,0.1,0.6,1.1,6.3,2015
13671,270,Carl Landry,PF,31,SAC,70,15,17.0,2.7,5.3,.515,0.0,0.0,,2.7,5.3,.515,.515,1.8,2.1,.820,1.4,2.4,3.8,0.4,0.2,0.2,0.8,1.9,7.2,2015
13672,271,Shane Larkin,PG,22,NYK,76,22,24.5,2.5,5.7,.433,0.5,1.5,.302,2.0,4.2,.481,.473,0.8,1.0,.782,0.4,1.9,2.3,3.0,1.2,0.1,1.1,2.0,6.2,2015
13673,272,Joffrey Lauvergne,C,23,DEN,24,1,11.2,1.5,3.7,.404,0.1,0.7,.188,1.4,3.0,.452,.421,0.8,1.2,.643,1.1,2.1,3.2,0.5,0.3,0.4,0.9,1.8,3.9,2015
13674,273,Zach LaVine,PG,19,MIN,77,40,24.7,3.7,8.8,.422,0.7,2.2,.341,3.0,6.6,.449,.465,1.9,2.3,.842,0.4,2.4,2.8,3.6,0.7,0.1,2.5,2.1,10.1,2015
13675,274,Ty Lawson,PG,27,DEN,75,75,35.5,5.4,12.3,.436,0.9,2.7,.341,4.5,9.6,.463,.474,3.5,4.8,.730,0.6,2.6,3.1,9.6,1.2,0.1,2.5,1.7,15.2,2015
13676,275,Ricky Ledo,SG,22,TOT,17,0,14.4,1.9,5.6,.333,0.6,1.6,.370,1.3,4.1,.319,.385,0.9,1.3,.727,0.9,1.2,2.1,1.1,0.4,0.1,1.5,1.2,5.3,2015
13677,275,Ricky Ledo,SG,22,DAL,5,0,2.2,0.0,1.2,.000,0.0,0.6,.000,0.0,0.6,.000,.000,0.2,0.4,.500,0.2,0.2,0.4,0.2,0.0,0.0,0.4,0.2,0.2,2015
13678,275,Ricky Ledo,SG,22,NYK,12,0,19.4,2.7,7.5,.356,0.8,2.0,.417,1.8,5.5,.333,.411,1.3,1.7,.750,1.3,1.6,2.8,1.5,0.5,0.1,2.0,1.7,7.4,2015
13679,276,Courtney Lee,SG,29,MEM,77,74,30.6,3.7,8.4,.448,1.2,2.9,.402,2.6,5.4,.473,.518,1.4,1.7,.860,0.3,2.0,2.3,2.0,1.0,0.2,1.0,1.7,10.1,2015
13680,277,David Lee,PF,31,GSW,49,4,18.4,3.3,6.4,.511,0.0,0.0,.000,3.3,6.3,.514,.511,1.4,2.1,.654,1.7,3.6,5.2,1.7,0.6,0.5,1.0,1.7,7.9,2015
13681,278,Malcolm Lee,SG,24,PHI,1,0,2.0,0.0,1.0,.000,0.0,0.0,,0.0,1.0,.000,.000,0.0,0.0,,0.0,0.0,0.0,0.0,0.0,0.0,0.0,0.0,0.0,2015
13682,279,Alex Len,C,21,PHO,69,44,22.0,2.6,5.1,.507,0.0,0.0,.333,2.6,5.1,.509,.508,1.1,1.5,.702,2.1,4.5,6.6,0.5,0.5,1.5,1.1,3.1,6.3,2015
13683,280,Kawhi Leonard,SF,23,SAS,64,64,31.8,6.2,12.8,.479,1.0,3.0,.349,5.1,9.8,.519,.520,3.2,3.9,.802,1.3,5.9,7.2,2.5,2.3,0.8,1.5,2.0,16.5,2015
13684,Rk,Player,Pos,Age,Tm,G,GS,MP,FG,FGA,FG%,3P,3PA,3P%,2P,2PA,2P%,eFG%,FT,FTA,FT%,ORB,DRB,TRB,AST,STL,BLK,TOV,PF,PTS,2015
13685,281,Meyers Leonard,C,22,POR,55,7,15.4,2.3,4.5,.510,0.9,2.0,.420,1.4,2.4,.586,.606,0.5,0.6,.938,0.8,3.7,4.5,0.6,0.2,0.3,0.7,2.1,5.9,2015
13686,282,Jon Leuer,PF,25,MEM,63,6,13.1,1.9,4.3,.443,0.1,0.5,.241,1.8,3.9,.467,.456,0.6,0.9,.627,0.8,2.5,3.3,0.7,0.3,0.1,0.6,1.4,4.5,2015
13687,283,Damian Lillard,PG,24,POR,82,82,35.7,7.2,16.6,.434,2.4,7.0,.343,4.8,9.6,.500,.506,4.2,4.9,.864,0.6,4.0,4.6,6.2,1.2,0.3,2.7,2.0,21.0,2015
13688,284,Jeremy Lin,PG,26,LAL,74,30,25.8,3.7,8.8,.424,0.9,2.4,.369,2.9,6.5,.444,.473,2.9,3.6,.795,0.4,2.3,2.6,4.6,1.1,0.4,2.2,2.6,11.2,2015
13689,285,Shaun Livingston,PG,29,GSW,78,2,18.8,2.5,5.1,.500,0.0,0.0,.000,2.5,5.1,.503,.500,0.8,1.2,.714,0.6,1.8,2.3,3.3,0.6,0.3,1.3,1.4,5.9,2015
13690,286,Brook Lopez,C,26,BRK,72,44,29.2,7.0,13.7,.513,0.0,0.1,.100,7.0,13.6,.517,.513,3.1,3.8,.814,3.0,4.5,7.4,0.7,0.6,1.8,1.4,2.9,17.2,2015
13691,287,Robin Lopez,C,26,POR,59,59,27.8,4.0,7.4,.535,0.0,0.0,.000,4.0,7.4,.537,.535,1.7,2.2,.772,3.2,3.5,6.7,0.9,0.3,1.4,1.2,2.1,9.6,2015
13692,288,Kevin Love,PF,26,CLE,75,75,33.8,5.5,12.7,.434,1.9,5.2,.367,3.6,7.5,.480,.509,3.4,4.3,.804,1.9,7.9,9.7,2.2,0.7,0.5,1.6,1.9,16.4,2015
13693,289,Kyle Lowry,PG,28,TOR,70,70,34.5,6.1,14.9,.412,1.9,5.6,.338,4.3,9.3,.457,.476,3.6,4.5,.808,0.8,3.9,4.7,6.8,1.6,0.2,2.5,3.0,17.8,2015
13694,290,Kalin Lucas,PG,25,MEM,1,0,6.0,0.0,1.0,.000,0.0,0.0,,0.0,1.0,.000,.000,0.0,0.0,,0.0,0.0,0.0,0.0,1.0,0.0,0.0,1.0,0.0,2015
13695,291,John Lucas III,PG,32,DET,21,0,13.0,2.0,5.0,.404,0.4,1.4,.310,1.6,3.6,.440,.447,0.2,0.2,1.000,0.2,0.6,0.8,2.9,0.4,0.0,0.8,0.9,4.7,2015
13696,292,Shelvin Mack,PG,24,ATL,55,0,15.1,2.1,5.3,.401,0.7,2.3,.315,1.4,3.0,.467,.469,0.5,0.6,.806,0.1,1.3,1.4,2.8,0.5,0.0,0.9,0.6,5.4,2015
13697,293,Ian Mahinmi,C,28,IND,61,6,18.8,1.9,3.5,.552,0.0,0.0,,1.9,3.5,.552,.552,0.5,1.7,.304,1.7,4.1,5.8,0.5,0.5,0.8,1.0,2.8,4.3,2015
13698,294,Devyn Marble,SG,22,ORL,16,7,13.0,0.9,2.8,.318,0.3,1.4,.182,0.6,1.4,.455,.364,0.3,1.0,.313,0.3,1.6,1.9,1.1,0.6,0.1,0.6,0.9,2.3,2015
13699,295,Shawn Marion,SF,36,CLE,57,24,19.3,2.1,4.7,.446,0.2,0.8,.261,1.9,3.9,.484,.468,0.5,0.6,.765,1.1,2.4,3.5,0.9,0.5,0.5,0.6,1.0,4.8,2015
13700,296,Kendall Marshall,PG,23,MIL,28,3,14.9,1.6,3.6,.455,0.6,1.6,.391,1.0,2.0,.509,.545,0.3,0.3,.889,0.1,0.9,1.0,3.1,0.8,0.0,1.3,0.9,4.2,2015
13701,297,Cartier Martin,SF,30,DET,23,0,8.6,0.7,2.3,.283,0.3,1.4,.182,0.4,0.9,.450,.340,0.0,0.0,,0.0,0.9,0.9,0.5,0.1,0.0,0.2,0.9,1.6,2015
13702,298,Kenyon Martin,PF,37,MIL,11,0,9.5,0.8,2.0,.409,0.0,0.0,,0.8,2.0,.409,.409,0.2,0.2,1.000,0.5,1.2,1.7,0.5,0.5,0.5,0.3,1.2,1.8,2015
13703,299,Kevin Martin,SG,31,MIN,39,36,33.4,6.8,16.0,.427,1.9,4.9,.393,4.9,11.1,.442,.487,4.4,4.9,.881,0.5,3.2,3.6,2.3,0.8,0.0,1.9,1.9,20.0,2015
13704,300,Wesley Matthews,SG,28,POR,60,60,33.7,5.6,12.5,.448,2.9,7.4,.389,2.7,5.1,.534,.563,1.8,2.4,.752,0.6,3.1,3.7,2.3,1.3,0.2,1.4,2.2,15.9,2015
13705,Rk,Player,Pos,Age,Tm,G,GS,MP,FG,FGA,FG%,3P,3PA,3P%,2P,2PA,2P%,eFG%,FT,FTA,FT%,ORB,DRB,TRB,AST,STL,BLK,TOV,PF,PTS,2015
13706,301,Jason Maxiell,PF,31,CHO,61,0,14.4,1.3,3.1,.422,0.0,0.0,,1.3,3.1,.422,.422,0.7,1.2,.577,1.4,1.9,3.3,0.3,0.3,0.7,0.5,1.6,3.3,2015
13707,302,O.J. Mayo,SG,27,MIL,71,15,23.9,4.2,9.9,.422,1.4,3.9,.357,2.8,6.0,.465,.493,1.6,2.0,.827,0.4,2.2,2.6,2.8,0.8,0.3,1.8,2.3,11.4,2015
13708,303,Luc Mbah a Moute,PF,28,PHI,67,61,28.6,3.7,9.5,.395,0.9,3.0,.307,2.8,6.5,.435,.443,1.4,2.4,.589,1.2,3.7,4.9,1.6,1.2,0.3,1.5,1.6,9.9,2015
13709,304,James Michael McAdoo,PF,22,GSW,15,0,9.1,1.6,2.9,.545,0.0,0.0,,1.6,2.9,.545,.545,0.9,1.7,.560,1.0,1.5,2.5,0.1,0.3,0.6,0.4,1.4,4.1,2015
13710,305,Ray McCallum,PG,23,SAC,68,30,21.1,3.0,6.9,.438,0.5,1.6,.306,2.5,5.3,.479,.474,0.8,1.2,.679,0.8,1.9,2.6,2.8,0.7,0.2,1.3,1.4,7.4,2015
13711,306,CJ McCollum,SG,23,POR,62,3,15.7,2.6,5.9,.436,0.9,2.2,.396,1.7,3.6,.460,.511,0.8,1.2,.699,0.2,1.2,1.5,1.0,0.7,0.1,0.8,1.3,6.8,2015
13712,307,K.J. McDaniels,SG,21,TOT,62,15,21.8,2.8,7.0,.396,0.7,2.4,.287,2.1,4.6,.454,.446,1.6,2.1,.752,1.0,2.2,3.2,1.2,0.7,1.1,1.7,2.0,7.9,2015
13713,307,K.J. McDaniels,SG,21,PHI,52,15,25.4,3.2,8.1,.399,0.8,2.8,.293,2.4,5.2,.456,.450,1.9,2.5,.756,1.2,2.5,3.8,1.3,0.8,1.3,2.0,2.3,9.2,2015
13714,307,K.J. McDaniels,SG,21,HOU,10,0,3.3,0.5,1.5,.333,0.0,0.3,.000,0.5,1.2,.417,.333,0.1,0.2,.500,0.1,0.4,0.5,0.2,0.0,0.2,0.1,0.5,1.1,2015
13715,308,Doug McDermott,SF,23,CHI,36,0,8.9,1.2,3.0,.402,0.4,1.1,.317,0.8,1.8,.455,.463,0.3,0.4,.667,0.2,1.0,1.2,0.2,0.1,0.0,0.5,0.8,3.0,2015
13716,309,Mitch McGary,PF,22,OKC,32,2,15.2,2.8,5.2,.533,0.0,0.1,.000,2.8,5.1,.540,.533,0.8,1.3,.625,1.7,3.5,5.2,0.4,0.5,0.5,1.0,2.3,6.3,2015
13717,310,JaVale McGee,C,27,TOT,23,0,11.1,1.8,3.4,.532,0.0,0.0,,1.8,3.4,.532,.532,1.0,1.4,.667,0.8,1.9,2.7,0.1,0.1,0.9,0.8,1.3,4.6,2015
13718,310,JaVale McGee,C,27,DEN,17,0,11.5,2.0,3.6,.557,0.0,0.0,,2.0,3.6,.557,.557,1.2,1.7,.690,0.8,2.0,2.8,0.1,0.1,1.1,0.8,1.6,5.2,2015
13719,310,JaVale McGee,C,27,PHI,6,0,10.2,1.3,3.0,.444,0.0,0.0,,1.3,3.0,.444,.444,0.3,0.7,.500,0.7,1.5,2.2,0.3,0.0,0.2,0.8,0.3,3.0,2015
13720,311,Ben McLemore,SG,21,SAC,82,82,32.6,4.4,10.1,.437,1.7,4.8,.358,2.7,5.4,.507,.521,1.6,2.0,.813,0.4,2.6,2.9,1.7,0.9,0.2,1.7,2.7,12.1,2015
13721,312,Jerel McNeal,PG,27,PHO,6,0,6.0,0.5,1.8,.273,0.2,0.3,.500,0.3,1.5,.222,.318,0.3,0.3,1.000,0.0,0.5,0.5,0.3,0.5,0.2,0.8,0.8,1.5,2015
13722,313,Josh McRoberts,PF,27,MIA,17,4,17.4,1.6,3.1,.528,0.5,1.1,.421,1.2,2.0,.588,.604,0.5,0.8,.615,0.4,2.2,2.6,1.9,0.7,0.2,1.3,2.4,4.2,2015
13723,314,Jodie Meeks,SG,27,DET,60,0,24.4,3.7,8.9,.416,1.2,3.5,.349,2.5,5.4,.460,.485,2.4,2.7,.906,0.2,1.5,1.7,1.3,1.0,0.1,1.0,1.3,11.1,2015
13724,315,Gal Mekel,PG,26,NOP,4,0,10.8,0.8,5.0,.150,0.0,0.8,.000,0.8,4.3,.176,.150,0.0,0.0,,0.0,0.3,0.3,3.3,0.5,0.0,0.5,0.3,1.5,2015
13725,316,Khris Middleton,SF,23,MIL,79,58,30.1,5.1,11.0,.467,1.4,3.4,.407,3.8,7.6,.494,.530,1.7,2.0,.859,0.6,3.8,4.4,2.3,1.5,0.1,1.4,2.3,13.4,2015
13726,317,C.J. Miles,SG,27,IND,70,40,26.3,4.7,11.8,.398,2.2,6.4,.345,2.5,5.4,.459,.491,1.9,2.3,.807,0.3,2.8,3.1,1.1,0.9,0.4,1.0,1.9,13.5,2015
13727,318,Andre Miller,PG,38,TOT,81,0,15.5,1.8,3.6,.500,0.1,0.4,.206,1.7,3.2,.539,.512,0.7,1.0,.753,0.5,1.4,1.9,3.5,0.4,0.1,1.3,1.3,4.4,2015
13728,318,Andre Miller,PG,38,WAS,51,0,12.4,1.5,2.8,.542,0.0,0.2,.125,1.5,2.6,.567,.546,0.5,0.8,.718,0.4,1.1,1.5,2.8,0.3,0.0,0.9,1.1,3.6,2015
13729,318,Andre Miller,PG,38,SAC,30,0,20.7,2.3,4.9,.459,0.2,0.9,.231,2.1,4.1,.508,.480,1.0,1.3,.789,0.5,2.0,2.5,4.7,0.6,0.1,1.9,1.6,5.7,2015
13730,319,Darius Miller,SF,24,NOP,5,1,8.6,0.2,1.4,.143,0.0,0.2,.000,0.2,1.2,.167,.143,0.0,0.0,,0.0,0.2,0.2,0.4,0.2,0.0,0.2,1.6,0.4,2015
13731,320,Mike Miller,SF,34,CLE,52,15,13.5,0.7,2.2,.325,0.6,1.9,.327,0.1,0.3,.313,.465,0.1,0.1,.750,0.1,1.7,1.8,0.9,0.3,0.1,0.4,1.4,2.1,2015
13732,Rk,Player,Pos,Age,Tm,G,GS,MP,FG,FGA,FG%,3P,3PA,3P%,2P,2PA,2P%,eFG%,FT,FTA,FT%,ORB,DRB,TRB,AST,STL,BLK,TOV,PF,PTS,2015
13733,321,Quincy Miller,PF,22,TOT,10,0,11.9,0.9,3.8,.237,0.3,1.8,.167,0.6,2.0,.300,.276,0.8,1.1,.727,0.4,1.6,2.0,0.8,0.7,0.5,0.5,0.9,2.9,2015
13734,321,Quincy Miller,PF,22,SAC,6,0,10.2,0.7,3.0,.222,0.2,1.2,.143,0.5,1.8,.273,.250,1.3,1.8,.727,0.3,1.7,2.0,0.5,1.0,0.5,0.5,0.7,2.8,2015
13735,321,Quincy Miller,PF,22,DET,4,0,14.5,1.3,5.0,.250,0.5,2.8,.182,0.8,2.3,.333,.300,0.0,0.0,,0.5,1.5,2.0,1.3,0.3,0.5,0.5,1.3,3.0,2015
13736,322,Patty Mills,PG,26,SAS,51,0,15.7,2.5,6.6,.381,1.2,3.6,.341,1.3,3.0,.429,.473,0.6,0.8,.825,0.4,1.1,1.5,1.7,0.5,0.0,0.7,1.1,6.9,2015
13737,323,Elijah Millsap,SG,27,UTA,47,5,19.7,1.7,5.1,.340,0.6,1.9,.311,1.1,3.1,.358,.399,1.2,1.8,.674,0.6,2.6,3.2,1.2,1.2,0.3,1.4,2.6,5.3,2015
13738,324,Paul Millsap,PF,29,ATL,73,73,32.7,6.1,12.7,.476,1.1,3.0,.356,5.0,9.8,.513,.518,3.5,4.6,.757,1.9,5.9,7.8,3.1,1.8,0.9,2.3,2.8,16.7,2015
13739,325,Nikola Mirotić,PF,23,CHI,82,3,20.2,3.1,7.6,.405,1.2,3.8,.316,1.9,3.8,.495,.485,2.8,3.5,.803,0.8,4.2,4.9,1.2,0.7,0.7,1.1,2.1,10.2,2015
13740,326,Nazr Mohammed,C,37,CHI,23,0,5.6,0.6,1.3,.433,0.0,0.0,,0.6,1.3,.433,.433,0.0,0.1,.333,0.5,1.2,1.7,0.1,0.2,0.2,0.3,0.7,1.2,2015
13741,327,Greg Monroe,PF,24,DET,69,57,31.0,6.1,12.4,.496,0.0,0.0,,6.1,12.4,.496,.496,3.7,4.9,.750,3.3,6.9,10.2,2.1,1.1,0.5,2.2,2.1,15.9,2015
13742,328,E'Twaun Moore,SG,25,CHI,56,0,9.0,1.1,2.5,.446,0.2,0.7,.342,0.9,1.8,.485,.493,0.2,0.4,.600,0.2,0.6,0.8,0.6,0.4,0.1,0.3,0.8,2.7,2015
13743,329,Eric Moreland,PF,23,SAC,3,0,0.7,0.3,0.3,1.000,0.0,0.0,,0.3,0.3,1.000,1.000,0.0,0.0,,0.0,0.3,0.3,0.0,0.0,0.0,0.0,0.3,0.7,2015
13744,330,Darius Morris,PG,24,BRK,38,0,7.9,0.9,2.8,.340,0.2,0.9,.212,0.8,1.9,.397,.373,0.1,0.2,.444,0.2,0.5,0.7,1.3,0.2,0.0,0.6,0.5,2.2,2015
13745,331,Marcus Morris,PF,25,PHO,81,35,25.2,4.1,9.4,.434,1.4,3.9,.358,2.7,5.6,.487,.507,0.9,1.4,.628,0.9,3.9,4.8,1.6,0.8,0.2,0.9,2.3,10.4,2015
13746,332,Markieff Morris,PF,25,PHO,82,82,31.5,6.2,13.4,.465,0.7,2.2,.318,5.5,11.2,.494,.491,2.2,2.8,.763,1.3,4.8,6.2,2.3,1.2,0.5,2.1,3.0,15.3,2015
13747,333,Anthony Morrow,SG,29,OKC,74,0,24.4,3.9,8.3,.463,1.9,4.4,.434,1.9,3.9,.497,.578,1.1,1.2,.888,0.5,2.1,2.6,0.8,0.7,0.1,0.5,1.8,10.7,2015
13748,334,Donatas Motiejūnas,PF,24,HOU,71,62,28.7,5.0,9.9,.504,0.7,1.9,.368,4.3,8.0,.536,.539,1.4,2.3,.602,1.9,4.0,5.9,1.8,0.8,0.5,1.7,2.9,12.0,2015
13749,335,Timofey Mozgov,C,28,TOT,81,80,25.2,3.9,7.0,.555,0.0,0.1,.333,3.9,6.9,.557,.557,1.9,2.7,.718,2.5,4.8,7.3,0.7,0.4,1.2,1.4,2.8,9.7,2015
13750,335,Timofey Mozgov,C,28,DEN,35,35,25.6,3.3,6.6,.504,0.1,0.2,.333,3.3,6.5,.509,.509,1.8,2.5,.733,2.6,5.2,7.8,0.5,0.4,1.2,1.3,3.3,8.5,2015
13751,335,Timofey Mozgov,C,28,CLE,46,45,25.0,4.3,7.3,.590,0.0,0.0,,4.3,7.3,.590,.590,2.0,2.8,.708,2.4,4.5,6.9,0.8,0.4,1.2,1.5,2.5,10.6,2015
13752,336,Shabazz Muhammad,SG,22,MIN,38,13,22.8,5.1,10.4,.489,0.5,1.3,.392,4.6,9.1,.503,.514,2.7,3.8,.717,1.7,2.4,4.1,1.2,0.5,0.2,0.9,1.3,13.5,2015
13753,337,Toure' Murry,SG-PG,25,TOT,5,0,3.6,0.4,1.0,.400,0.0,0.0,,0.4,1.0,.400,.400,0.4,0.4,1.000,0.2,0.0,0.2,0.2,0.2,0.0,0.8,0.4,1.2,2015
13754,337,Toure' Murry,PG,25,UTA,1,0,1.0,0.0,1.0,.000,0.0,0.0,,0.0,1.0,.000,.000,0.0,0.0,,0.0,0.0,0.0,0.0,0.0,0.0,0.0,0.0,0.0,2015
13755,337,Toure' Murry,SG,25,WAS,4,0,4.3,0.5,1.0,.500,0.0,0.0,,0.5,1.0,.500,.500,0.5,0.5,1.000,0.3,0.0,0.3,0.3,0.3,0.0,1.0,0.5,1.5,2015
13756,338,Mike Muscala,PF,23,ATL,40,8,12.6,2.1,3.8,.550,0.2,0.6,.409,1.9,3.2,.574,.579,0.6,0.6,.880,1.3,1.7,3.0,0.6,0.4,0.5,0.5,1.3,4.9,2015
13757,339,Shabazz Napier,PG,23,MIA,51,10,19.8,1.7,4.5,.382,0.8,2.3,.364,0.9,2.2,.400,.476,0.9,1.1,.786,0.3,1.9,2.2,2.5,0.8,0.1,1.6,1.5,5.1,2015
13758,340,Gary Neal,SG,30,TOT,54,1,22.1,3.5,9.3,.374,0.9,3.0,.305,2.6,6.3,.407,.423,2.2,2.5,.867,0.3,2.1,2.4,1.9,0.4,0.0,1.2,1.6,10.1,2015
13759,340,Gary Neal,SG,30,CHO,43,0,21.7,3.3,9.3,.359,0.9,3.1,.293,2.4,6.2,.392,.408,2.0,2.4,.863,0.3,1.9,2.2,1.9,0.4,0.0,1.3,1.6,9.6,2015
13760,340,Gary Neal,SG,30,MIN,11,1,23.8,4.1,9.5,.429,1.0,2.8,.355,3.1,6.7,.459,.481,2.6,3.0,.879,0.0,3.2,3.2,1.8,0.6,0.0,0.9,1.6,11.8,2015
13761,Rk,Player,Pos,Age,Tm,G,GS,MP,FG,FGA,FG%,3P,3PA,3P%,2P,2PA,2P%,eFG%,FT,FTA,FT%,ORB,DRB,TRB,AST,STL,BLK,TOV,PF,PTS,2015
13762,341,Jameer Nelson,PG,32,TOT,63,29,22.3,3.3,8.0,.407,1.4,4.1,.345,1.8,3.9,.472,.495,0.4,0.6,.667,0.5,1.8,2.3,4.0,0.7,0.1,1.7,2.2,8.3,2015
13763,341,Jameer Nelson,PG,32,DAL,23,23,25.4,2.7,7.1,.374,1.7,4.5,.369,1.0,2.6,.383,.491,0.3,0.3,.875,0.6,2.1,2.7,4.1,0.7,0.1,1.7,2.3,7.3,2015
13764,341,Jameer Nelson,PG,32,BOS,6,1,20.2,1.5,6.8,.220,0.8,4.2,.200,0.7,2.7,.250,.280,1.0,1.5,.667,0.5,2.3,2.8,5.5,1.2,0.0,1.5,2.2,4.8,2015
13765,341,Jameer Nelson,PG,32,DEN,34,5,20.6,4.0,8.8,.450,1.4,3.8,.354,2.6,5.0,.524,.527,0.3,0.6,.579,0.5,1.5,1.9,3.7,0.7,0.1,1.8,2.1,9.6,2015
13766,342,Andrew Nicholson,PF,25,ORL,40,3,12.3,2.1,4.8,.437,0.3,1.0,.317,1.8,3.7,.470,.471,0.4,0.6,.600,0.4,1.6,2.1,0.6,0.2,0.3,0.6,1.3,4.9,2015
13767,343,Joakim Noah,C,29,CHI,67,67,30.6,2.8,6.4,.445,0.0,0.0,.000,2.8,6.3,.447,.445,1.6,2.6,.603,3.3,6.4,9.6,4.7,0.7,1.1,1.8,3.0,7.2,2015
13768,344,Nerlens Noel,C,20,PHI,75,71,30.8,4.0,8.7,.462,0.0,0.0,,4.0,8.7,.462,.462,1.9,3.1,.609,2.5,5.7,8.1,1.7,1.8,1.9,1.9,2.8,9.9,2015
13769,345,Lucas Nogueira,C,22,TOR,6,0,3.8,0.3,1.3,.250,0.0,0.0,,0.3,1.3,.250,.250,0.3,0.7,.500,0.3,1.5,1.8,0.2,0.3,0.0,0.3,1.0,1.0,2015
13770,346,Steve Novak,SF-PF,31,TOT,35,0,5.6,0.6,1.6,.393,0.5,1.4,.396,0.1,0.2,.375,.563,0.0,0.1,.000,0.1,0.6,0.6,0.3,0.0,0.1,0.1,0.7,1.8,2015
13771,346,Steve Novak,SF,31,UTA,22,0,5.0,0.7,1.6,.457,0.7,1.5,.485,0.0,0.1,.000,.686,0.0,0.1,.000,0.0,0.7,0.7,0.3,0.0,0.0,0.1,0.6,2.2,2015
13772,346,Steve Novak,PF,31,OKC,13,0,6.8,0.5,1.6,.286,0.2,1.2,.200,0.2,0.5,.500,.357,0.0,0.0,,0.1,0.4,0.5,0.4,0.0,0.1,0.2,0.8,1.2,2015
13773,347,Dirk Nowitzki,PF,36,DAL,77,77,29.6,6.3,13.8,.459,1.4,3.6,.380,5.0,10.2,.486,.508,3.3,3.8,.882,0.6,5.4,5.9,1.9,0.5,0.4,1.1,2.1,17.3,2015
13774,348,Jusuf Nurkić,C,20,DEN,62,27,17.8,2.8,6.2,.446,0.0,0.0,.000,2.8,6.1,.449,.446,1.4,2.1,.636,2.0,4.1,6.2,0.8,0.8,1.1,1.4,3.3,6.9,2015
13775,349,Johnny O'Bryant,PF,21,MIL,34,15,10.8,1.3,3.5,.367,0.0,0.0,,1.3,3.5,.367,.367,0.4,0.8,.444,0.8,1.1,1.9,0.5,0.1,0.1,0.7,1.3,2.9,2015
13776,350,Kyle O'Quinn,PF,24,ORL,51,17,16.2,2.3,4.7,.492,0.2,0.8,.279,2.1,3.9,.538,.517,0.9,1.1,.772,0.9,3.0,3.9,1.2,0.6,0.8,1.1,2.2,5.8,2015
13777,351,Victor Oladipo,SG,22,ORL,72,71,35.7,6.6,15.1,.436,1.2,3.4,.339,5.4,11.6,.464,.474,3.6,4.4,.819,0.7,3.5,4.2,4.1,1.7,0.3,2.8,2.6,17.9,2015
13778,352,Kelly Olynyk,C,23,BOS,64,13,22.2,3.9,8.3,.475,1.0,2.7,.349,3.0,5.5,.538,.533,1.5,2.1,.684,1.4,3.3,4.7,1.7,1.0,0.6,1.5,3.3,10.3,2015
13779,353,Arinze Onuaku,C,27,MIN,6,1,11.3,2.0,2.3,.857,0.0,0.0,,2.0,2.3,.857,.857,0.5,1.3,.375,1.2,2.3,3.5,0.7,0.2,0.5,0.3,1.0,4.5,2015
13780,354,Zaza Pachulia,C,30,MIL,73,45,23.7,3.3,7.2,.454,0.0,0.0,.000,3.3,7.2,.456,.454,1.7,2.2,.788,2.7,4.2,6.8,2.4,1.1,0.3,1.8,2.3,8.3,2015
13781,355,Kostas Papanikolaou,SF,24,HOU,43,1,18.5,1.6,4.6,.350,0.7,2.5,.292,0.9,2.1,.418,.429,0.3,0.4,.722,0.9,1.8,2.7,2.0,0.7,0.3,1.3,1.7,4.2,2015
13782,356,Jannero Pargo,PG,35,CHO,9,0,8.1,1.7,3.9,.429,1.0,2.4,.409,0.7,1.4,.462,.557,0.2,0.2,1.000,0.0,0.3,0.3,0.9,0.0,0.0,0.3,0.9,4.6,2015
13783,357,Jabari Parker,PF,19,MIL,25,25,29.5,5.2,10.5,.490,0.2,0.6,.250,5.0,9.9,.506,.498,1.8,2.6,.697,2.0,3.5,5.5,1.7,1.2,0.2,1.9,1.7,12.3,2015
13784,358,Tony Parker,PG,32,SAS,68,68,28.7,5.9,12.2,.486,0.6,1.3,.427,5.4,10.9,.493,.508,1.9,2.4,.783,0.2,1.7,1.9,4.9,0.6,0.0,2.1,1.6,14.4,2015
13785,359,Chandler Parsons,SF,26,DAL,66,66,33.1,5.8,12.6,.462,2.0,5.3,.380,3.8,7.3,.521,.542,2.1,2.9,.720,1.0,3.9,4.9,2.4,1.0,0.3,1.5,2.1,15.7,2015
13786,360,Patrick Patterson,PF,25,TOR,81,4,26.6,3.0,6.6,.449,1.3,3.5,.371,1.7,3.1,.536,.547,0.8,1.0,.788,1.6,3.8,5.3,1.9,0.7,0.5,0.7,1.8,8.0,2015
13787,Rk,Player,Pos,Age,Tm,G,GS,MP,FG,FGA,FG%,3P,3PA,3P%,2P,2PA,2P%,eFG%,FT,FTA,FT%,ORB,DRB,TRB,AST,STL,BLK,TOV,PF,PTS,2015
13788,361,Chris Paul,PG,29,LAC,82,82,34.8,6.9,14.3,.485,1.7,4.3,.398,5.2,10.0,.523,.545,3.5,3.9,.900,0.6,4.0,4.6,10.2,1.9,0.2,2.3,2.5,19.1,2015
13789,362,Adreian Payne,PF,23,TOT,32,22,23.1,2.8,6.9,.414,0.0,0.3,.111,2.8,6.6,.427,.416,0.9,1.4,.652,1.5,3.6,5.1,0.9,0.6,0.3,1.4,2.8,6.7,2015
13790,362,Adreian Payne,PF,23,ATL,3,0,6.3,0.7,2.3,.286,0.0,0.3,.000,0.7,2.0,.333,.286,0.3,0.7,.500,0.3,1.0,1.3,0.0,0.3,0.0,0.0,1.3,1.7,2015
13791,362,Adreian Payne,PF,23,MIN,29,22,24.8,3.1,7.3,.418,0.0,0.3,.125,3.0,7.1,.429,.420,1.0,1.5,.659,1.6,3.8,5.4,1.0,0.6,0.3,1.5,2.9,7.2,2015
13792,363,Elfrid Payton,PG,20,ORL,82,63,30.4,3.7,8.6,.425,0.1,0.5,.262,3.5,8.1,.435,.433,1.4,2.6,.551,1.3,3.0,4.3,6.5,1.7,0.2,2.5,2.4,8.9,2015
13793,364,Nikola Peković,C,29,MIN,31,29,26.3,4.5,10.6,.424,0.0,0.0,,4.5,10.6,.424,.424,3.5,4.2,.837,2.9,4.7,7.5,0.9,0.6,0.4,1.4,1.9,12.5,2015
13794,365,Kendrick Perkins,C,30,TOT,68,3,16.9,1.5,3.3,.449,0.0,0.0,.000,1.5,3.3,.451,.449,0.6,1.2,.506,1.3,3.4,4.7,0.8,0.2,0.6,1.4,2.4,3.6,2015
13795,365,Kendrick Perkins,C,30,OKC,51,3,19.2,1.6,3.6,.441,0.0,0.0,.000,1.6,3.6,.443,.441,0.7,1.5,.507,1.6,3.9,5.5,0.8,0.3,0.7,1.5,2.6,4.0,2015
13796,365,Kendrick Perkins,C,30,CLE,17,0,9.8,1.2,2.4,.488,0.0,0.0,,1.2,2.4,.488,.488,0.2,0.5,.500,0.6,1.8,2.4,0.5,0.1,0.2,1.2,1.6,2.6,2015
13797,366,Paul Pierce*,SF,37,WAS,73,73,26.2,4.0,9.0,.447,1.6,4.2,.389,2.4,4.8,.496,.537,2.2,2.9,.781,0.6,3.4,4.0,2.0,0.6,0.3,1.3,2.2,11.9,2015
13798,367,Mason Plumlee,C,24,BRK,82,45,21.3,3.4,6.0,.573,0.0,0.0,.000,3.4,5.9,.576,.573,1.9,3.9,.495,2.1,4.1,6.2,0.9,0.8,0.8,1.3,2.5,8.7,2015
13799,368,Miles Plumlee,C,26,TOT,73,28,16.4,1.9,3.5,.535,0.0,0.0,,1.9,3.5,.535,.535,0.3,0.6,.478,1.5,2.8,4.4,0.5,0.6,0.9,0.7,1.5,4.0,2015
13800,368,Miles Plumlee,C,26,PHO,54,28,18.6,2.0,3.6,.549,0.0,0.0,,2.0,3.6,.549,.549,0.4,0.7,.500,1.8,3.3,5.1,0.5,0.6,1.0,0.8,1.8,4.3,2015
13801,368,Miles Plumlee,C,26,MIL,19,0,9.9,1.5,3.1,.492,0.0,0.0,,1.5,3.1,.492,.492,0.2,0.4,.375,0.9,1.5,2.4,0.4,0.3,0.6,0.3,0.6,3.2,2015
13802,369,Quincy Pondexter,SF-SG,26,TOT,75,30,23.9,2.5,6.0,.421,1.2,3.3,.373,1.3,2.7,.478,.522,0.9,1.3,.740,0.7,1.9,2.6,1.3,0.3,0.3,0.7,2.0,7.2,2015
13803,369,Quincy Pondexter,SG,26,MEM,30,2,18.0,1.6,4.5,.356,0.6,2.4,.233,1.0,2.1,.500,.419,0.7,1.0,.700,0.7,1.2,1.9,0.9,0.2,0.2,0.3,1.6,4.5,2015
13804,369,Quincy Pondexter,SF,26,NOP,45,28,27.8,3.1,6.9,.449,1.6,3.8,.433,1.5,3.1,.468,.567,1.1,1.5,.758,0.7,2.3,3.1,1.5,0.3,0.4,0.9,2.3,9.0,2015
13805,370,Otto Porter Jr.,SF,21,WAS,74,13,19.4,2.4,5.3,.450,0.5,1.4,.337,1.9,3.9,.491,.495,0.8,1.1,.734,0.9,2.0,3.0,0.9,0.6,0.4,0.7,1.3,6.0,2015
13806,371,Dwight Powell,PF,23,TOT,29,0,8.1,1.1,2.3,.463,0.1,0.4,.273,1.0,1.9,.500,.485,0.9,1.1,.758,0.6,1.1,1.7,0.3,0.3,0.2,0.4,1.4,3.1,2015
13807,371,Dwight Powell,PF,23,BOS,5,0,1.8,0.8,1.0,.800,0.0,0.0,,0.8,1.0,.800,.800,0.2,0.4,.500,0.0,0.2,0.2,0.0,0.4,0.0,0.4,0.2,1.8,2015
13808,371,Dwight Powell,PF,23,DAL,24,0,9.5,1.1,2.6,.435,0.1,0.5,.273,1.0,2.1,.471,.460,1.0,1.3,.774,0.8,1.3,2.0,0.4,0.3,0.3,0.4,1.6,3.4,2015
13809,372,Phil Pressey,PG,23,BOS,50,0,12.0,1.3,3.5,.368,0.3,1.3,.246,1.0,2.2,.440,.414,0.7,1.0,.673,0.3,1.3,1.6,2.3,0.6,0.1,0.8,1.1,3.5,2015
13810,373,A.J. Price,PG,28,TOT,26,0,12.5,2.0,5.3,.372,0.6,2.2,.263,1.4,3.1,.450,.427,0.6,0.9,.667,0.2,1.0,1.2,1.8,0.3,0.0,0.5,0.6,5.1,2015
13811,373,A.J. Price,PG,28,IND,10,0,19.3,3.9,8.9,.438,1.5,3.9,.385,2.4,5.0,.480,.522,1.2,1.8,.667,0.2,1.2,1.4,2.7,0.4,0.0,1.0,0.9,10.5,2015
13812,373,A.J. Price,PG,28,CLE,11,0,7.9,0.8,3.1,.265,0.0,1.0,.000,0.8,2.1,.391,.265,0.4,0.5,.667,0.4,1.0,1.4,1.2,0.3,0.0,0.3,0.1,2.0,2015
13813,373,A.J. Price,PG,28,PHO,5,0,8.8,0.6,2.8,.214,0.0,1.4,.000,0.6,1.4,.429,.214,0.0,0.0,,0.0,0.6,0.6,1.2,0.0,0.0,0.2,1.0,1.2,2015
13814,374,Ronnie Price,PG,31,LAL,43,20,22.8,1.8,5.2,.345,0.7,2.5,.284,1.1,2.7,.404,.415,0.8,1.0,.800,0.4,1.2,1.6,3.8,1.6,0.1,1.2,2.7,5.1,2015
13815,375,Pablo Prigioni,PG,37,TOT,67,3,17.9,1.4,3.4,.399,0.9,2.5,.343,0.5,0.9,.548,.524,0.5,0.6,.854,0.4,1.3,1.8,2.6,1.2,0.0,0.9,1.3,4.1,2015
13816,375,Pablo Prigioni,PG,37,NYK,43,3,18.5,1.6,3.7,.422,1.0,2.7,.374,0.6,1.1,.543,.556,0.5,0.6,.846,0.4,1.4,1.9,2.4,1.2,0.0,1.1,1.2,4.7,2015
13817,375,Pablo Prigioni,PG,37,HOU,24,0,16.8,1.0,2.8,.343,0.6,2.1,.275,0.4,0.7,.563,.448,0.5,0.6,.867,0.5,1.1,1.6,2.8,1.1,0.0,0.6,1.5,3.0,2015
13818,376,Tayshaun Prince,SF,34,TOT,58,16,24.1,3.1,6.9,.440,0.5,1.2,.463,2.5,5.8,.436,.479,0.8,1.1,.754,0.9,2.7,3.6,1.6,0.5,0.3,0.6,0.9,7.5,2015
13819,376,Tayshaun Prince,SF,34,MEM,26,9,24.2,2.9,7.0,.410,0.6,1.3,.455,2.3,5.8,.400,.451,1.0,1.2,.833,0.8,2.4,3.2,1.4,0.3,0.2,0.6,0.8,7.3,2015
13820,376,Tayshaun Prince,SF,34,BOS,9,0,22.0,3.7,6.6,.559,0.6,0.9,.625,3.1,5.7,.549,.602,0.6,0.7,.833,0.7,2.7,3.3,2.0,0.6,0.2,0.4,0.8,8.4,2015
13821,376,Tayshaun Prince,SF,34,DET,23,7,24.8,3.0,7.0,.431,0.5,1.1,.423,2.5,5.8,.433,.466,0.8,1.3,.655,1.1,3.1,4.2,1.7,0.7,0.3,0.7,1.1,7.3,2015
13822,377,Miroslav Raduljica,C,27,MIN,5,0,4.6,0.6,1.6,.375,0.0,0.0,,0.6,1.6,.375,.375,0.4,0.4,1.000,0.4,0.6,1.0,0.0,0.2,0.0,0.4,1.6,1.6,2015
13823,378,Julius Randle,PF,20,LAL,1,0,14.0,1.0,3.0,.333,0.0,0.0,,1.0,3.0,.333,.333,0.0,2.0,.000,0.0,0.0,0.0,0.0,0.0,0.0,1.0,1.0,2.0,2015
13824,379,Shavlik Randolph,PF,31,TOT,21,0,6.0,0.4,1.7,.257,0.0,0.2,.000,0.4,1.4,.300,.257,0.3,0.6,.500,0.8,1.0,1.8,0.2,0.2,0.1,0.1,0.8,1.1,2015
13825,379,Shavlik Randolph,PF,31,PHO,16,0,6.3,0.4,1.6,.240,0.0,0.3,.000,0.4,1.3,.286,.240,0.3,0.6,.500,0.8,0.9,1.6,0.2,0.3,0.1,0.1,0.8,1.1,2015
13826,379,Shavlik Randolph,PF,31,BOS,5,0,5.0,0.6,2.0,.300,0.0,0.2,.000,0.6,1.8,.333,.300,0.2,0.4,.500,0.8,1.6,2.4,0.2,0.2,0.2,0.2,0.6,1.4,2015
13827,380,Zach Randolph,PF,33,MEM,71,71,32.5,6.4,13.1,.487,0.1,0.3,.350,6.3,12.8,.490,.491,3.2,4.2,.765,3.2,7.4,10.5,2.2,1.0,0.2,2.2,2.5,16.1,2015
13828,Rk,Player,Pos,Age,Tm,G,GS,MP,FG,FGA,FG%,3P,3PA,3P%,2P,2PA,2P%,eFG%,FT,FTA,FT%,ORB,DRB,TRB,AST,STL,BLK,TOV,PF,PTS,2015
13829,381,J.J. Redick,SG,30,LAC,78,78,30.9,5.7,12.0,.477,2.6,5.9,.437,3.2,6.2,.515,.583,2.3,2.6,.901,0.3,1.9,2.1,1.8,0.5,0.1,1.2,1.7,16.4,2015
13830,382,Glen Rice Jr.,SG,24,WAS,5,0,8.6,0.6,3.0,.200,0.2,1.4,.143,0.4,1.6,.250,.233,0.8,1.2,.667,0.4,0.4,0.8,0.4,0.0,0.0,0.4,2.2,2.2,2015
13831,383,Jason Richardson,SG,34,PHI,19,15,21.9,3.3,9.4,.348,1.6,5.1,.323,1.6,4.3,.378,.435,0.9,1.2,.773,0.7,2.8,3.5,2.0,0.7,0.2,0.8,1.5,9.1,2015
13832,384,Luke Ridnour,PG,33,ORL,47,0,14.5,1.6,3.7,.426,0.4,1.3,.317,1.2,2.4,.487,.483,0.4,0.4,.857,0.2,1.3,1.4,2.0,0.4,0.1,0.8,1.4,4.0,2015
13833,385,Austin Rivers,SG,22,TOT,76,5,20.6,2.7,6.5,.409,0.5,1.7,.298,2.2,4.8,.449,.449,1.1,1.7,.675,0.4,1.6,2.0,2.0,0.6,0.2,0.9,1.9,7.0,2015
13834,385,Austin Rivers,SG,22,NOP,35,3,22.1,2.5,6.3,.387,0.4,1.4,.280,2.1,4.9,.419,.419,1.5,2.0,.746,0.3,1.6,1.9,2.5,0.5,0.2,0.9,1.9,6.8,2015
13835,385,Austin Rivers,SG,22,LAC,41,2,19.3,2.9,6.7,.427,0.6,2.0,.309,2.2,4.7,.477,.473,0.8,1.3,.582,0.4,1.7,2.0,1.7,0.7,0.2,0.9,2.0,7.1,2015
13836,386,Andre Roberson,SG,23,OKC,67,65,19.2,1.4,3.0,.458,0.3,1.3,.247,1.1,1.7,.612,.510,0.3,0.7,.479,0.9,2.9,3.8,1.0,0.8,0.4,0.7,2.1,3.4,2015
13837,387,Brian Roberts,PG,29,CHO,72,10,18.5,2.4,6.3,.389,0.9,2.7,.321,1.6,3.6,.440,.458,0.9,1.0,.892,0.2,1.3,1.5,2.3,0.5,0.1,0.8,1.0,6.7,2015
13838,388,Glenn Robinson III,SG-SF,21,TOT,35,1,7.5,0.7,1.9,.388,0.1,0.5,.263,0.6,1.4,.438,.425,0.5,0.7,.667,0.4,0.7,1.1,0.3,0.2,0.0,0.3,0.4,2.1,2015
13839,388,Glenn Robinson III,SG,21,MIN,25,0,4.3,0.3,1.0,.333,0.0,0.2,.167,0.3,0.7,.389,.354,0.5,0.6,.750,0.2,0.4,0.6,0.1,0.1,0.0,0.1,0.2,1.2,2015
13840,388,Glenn Robinson III,SF,21,PHI,10,1,15.3,1.8,4.3,.419,0.4,1.3,.308,1.4,3.0,.467,.465,0.4,0.8,.500,1.1,1.4,2.5,0.8,0.3,0.1,0.8,1.0,4.4,2015
13841,389,Nate Robinson,PG,30,TOT,42,1,14.1,2.1,6.1,.345,0.7,2.7,.277,1.4,3.4,.399,.406,0.7,1.1,.674,0.4,0.8,1.2,2.3,0.5,0.1,0.7,1.8,5.7,2015
13842,389,Nate Robinson,PG,30,DEN,33,1,14.1,2.2,6.2,.348,0.7,2.8,.261,1.4,3.4,.420,.407,0.8,1.2,.650,0.4,0.8,1.2,2.3,0.4,0.1,0.7,2.1,5.8,2015
13843,389,Nate Robinson,PG,30,LAC,9,0,14.0,1.9,5.7,.333,0.8,2.2,.350,1.1,3.4,.323,.402,0.6,0.7,.833,0.3,0.9,1.2,2.2,0.7,0.0,0.9,0.9,5.1,2015
13844,390,Thomas Robinson,PF,23,TOT,54,4,14.8,2.3,4.8,.485,0.0,0.0,.000,2.3,4.8,.488,.485,1.0,2.0,.528,1.8,3.9,5.6,0.6,0.6,0.4,1.1,1.9,5.7,2015
13845,390,Thomas Robinson,PF,23,POR,32,4,12.2,1.5,2.8,.516,0.0,0.0,,1.5,2.8,.516,.516,0.7,1.5,.438,1.0,3.1,4.2,0.3,0.5,0.3,1.0,1.7,3.6,2015
13846,390,Thomas Robinson,PF,23,PHI,22,0,18.5,3.6,7.7,.467,0.0,0.1,.000,3.6,7.6,.473,.467,1.6,2.6,.603,2.8,4.9,7.7,1.1,0.7,0.4,1.2,2.3,8.8,2015
13847,391,Rajon Rondo,PG,28,TOT,68,68,29.7,4.0,9.5,.426,0.4,1.3,.314,3.6,8.2,.444,.447,0.5,1.1,.397,1.1,4.4,5.5,7.9,1.3,0.1,3.1,2.3,8.9,2015
13848,391,Rajon Rondo,PG,28,BOS,22,22,31.8,3.7,9.1,.405,0.4,1.5,.250,3.3,7.6,.435,.425,0.5,1.6,.333,1.1,6.4,7.5,10.8,1.7,0.1,3.4,1.9,8.3,2015
13849,391,Rajon Rondo,PG,28,DAL,46,46,28.7,4.2,9.7,.436,0.4,1.2,.352,3.8,8.5,.448,.457,0.4,0.9,.452,1.0,3.5,4.5,6.5,1.2,0.1,2.9,2.4,9.3,2015
13850,392,Derrick Rose,PG,26,CHI,51,51,30.0,6.6,16.4,.405,1.5,5.3,.280,5.1,11.1,.465,.450,3.0,3.7,.813,0.7,2.5,3.2,4.9,0.7,0.3,3.2,1.2,17.7,2015
13851,393,Terrence Ross,SF,23,TOR,82,61,25.5,3.8,9.2,.410,1.8,4.8,.372,2.0,4.4,.452,.507,0.5,0.7,.786,0.4,2.4,2.8,1.0,0.6,0.3,0.8,1.7,9.8,2015
13852,394,Ricky Rubio,PG,24,MIN,22,22,31.5,3.5,10.0,.356,0.6,2.3,.255,3.0,7.6,.387,.386,2.6,3.2,.803,0.9,4.8,5.7,8.8,1.7,0.0,2.9,2.7,10.3,2015
13853,395,Damjan Rudež,SF,28,IND,68,2,15.4,1.8,3.9,.452,1.0,2.5,.406,0.7,1.4,.538,.584,0.2,0.3,.696,0.1,0.6,0.7,0.8,0.2,0.1,0.7,1.2,4.8,2015
13854,396,Brandon Rush,SG,29,GSW,33,0,8.2,0.3,1.6,.204,0.1,0.8,.111,0.2,0.8,.296,.231,0.2,0.3,.455,0.1,1.1,1.2,0.4,0.2,0.4,0.3,0.8,0.9,2015
13855,397,Robert Sacre,C,25,LAL,67,18,16.9,1.9,4.6,.412,0.0,0.0,.000,1.9,4.6,.413,.412,0.8,1.2,.671,1.3,2.1,3.5,0.8,0.4,0.6,0.5,1.8,4.6,2015
13856,398,John Salmons,SF,35,NOP,21,0,12.9,0.8,2.3,.333,0.4,1.2,.308,0.4,1.0,.364,.417,0.1,0.2,.500,0.2,0.8,1.0,0.6,0.4,0.2,0.2,1.2,2.0,2015
13857,399,JaKarr Sampson,SF,21,PHI,74,32,15.3,2.0,4.7,.422,0.4,1.7,.244,1.6,3.0,.525,.467,0.9,1.3,.670,0.5,1.7,2.2,1.0,0.5,0.4,1.0,1.8,5.2,2015
13858,400,Larry Sanders,C,26,MIL,27,26,21.7,3.2,6.4,.500,0.0,0.0,,3.2,6.4,.500,.500,0.9,1.8,.500,2.5,3.7,6.1,0.9,1.0,1.4,1.0,3.9,7.3,2015
13859,Rk,Player,Pos,Age,Tm,G,GS,MP,FG,FGA,FG%,3P,3PA,3P%,2P,2PA,2P%,eFG%,FT,FTA,FT%,ORB,DRB,TRB,AST,STL,BLK,TOV,PF,PTS,2015
13860,401,Dennis Schröder,PG,21,ATL,77,10,19.7,3.7,8.6,.427,0.7,1.9,.351,3.0,6.7,.449,.466,1.9,2.3,.827,0.4,1.8,2.1,4.1,0.6,0.1,1.9,1.6,10.0,2015
13861,402,Luis Scola,PF,34,IND,81,16,20.5,3.7,7.9,.467,0.1,0.2,.250,3.6,7.7,.474,.471,2.0,2.8,.699,1.7,4.8,6.5,1.3,0.6,0.2,1.2,2.4,9.4,2015
13862,403,Mike Scott,PF,26,ATL,68,0,16.5,3.0,6.7,.444,1.0,2.8,.344,2.0,3.8,.517,.517,0.9,1.1,.792,0.7,2.3,2.9,1.1,0.4,0.0,0.6,1.2,7.8,2015
13863,404,Thabo Sefolosha,SF,30,ATL,52,7,18.8,2.0,4.8,.418,0.5,1.5,.321,1.5,3.3,.462,.468,0.9,1.1,.776,1.0,3.3,4.3,1.4,1.0,0.4,0.7,1.3,5.3,2015
13864,405,Kevin Séraphin,C,25,WAS,79,0,15.6,2.9,5.7,.513,0.0,0.0,.000,2.9,5.7,.516,.513,0.7,1.0,.707,1.1,2.5,3.6,0.7,0.1,0.7,1.2,2.5,6.6,2015
13865,406,Ramon Sessions,PG,28,TOT,64,10,18.6,2.0,5.2,.374,0.3,0.9,.317,1.7,4.3,.387,.403,2.1,2.7,.769,0.4,1.9,2.3,2.8,0.5,0.0,1.3,1.1,6.3,2015
13866,406,Ramon Sessions,PG,28,SAC,36,7,17.8,1.8,5.1,.344,0.2,0.8,.214,1.6,4.3,.368,.361,1.8,2.4,.727,0.4,1.6,1.9,2.7,0.4,0.0,1.4,1.3,5.4,2015
13867,406,Ramon Sessions,PG,28,WAS,28,3,19.5,2.2,5.4,.411,0.5,1.1,.406,1.8,4.3,.412,.454,2.5,3.0,.812,0.4,2.3,2.7,3.1,0.6,0.0,1.3,1.0,7.4,2015
13868,407,Iman Shumpert,SG,24,TOT,62,25,24.9,3.1,7.6,.410,1.1,3.2,.342,2.0,4.4,.458,.481,0.7,1.0,.672,0.9,2.7,3.6,2.2,1.3,0.3,1.5,2.2,8.0,2015
13869,407,Iman Shumpert,SG,24,NYK,24,24,26.0,3.7,9.0,.409,1.0,2.8,.348,2.7,6.2,.436,.463,1.0,1.5,.676,0.9,2.5,3.4,3.3,1.3,0.1,1.8,2.8,9.3,2015
13870,407,Iman Shumpert,SG,24,CLE,38,1,24.2,2.8,6.7,.410,1.2,3.4,.338,1.6,3.3,.484,.496,0.5,0.7,.667,0.9,2.9,3.8,1.5,1.3,0.3,1.3,1.9,7.2,2015
13871,408,Alexey Shved,SG,26,TOT,42,9,18.3,3.2,8.0,.397,1.1,3.3,.338,2.0,4.7,.439,.467,2.9,3.6,.807,0.5,1.8,2.4,2.5,0.7,0.1,1.1,1.1,10.3,2015
13872,408,Alexey Shved,SG,26,PHI,17,0,16.8,3.1,7.6,.400,1.0,3.4,.298,2.1,4.3,.479,.465,2.8,3.4,.842,0.5,0.8,1.3,2.7,0.8,0.1,1.1,1.2,9.9,2015
13873,408,Alexey Shved,SG,26,HOU,9,0,6.6,0.9,2.7,.333,0.4,1.3,.333,0.4,1.3,.333,.417,1.0,1.2,.818,0.1,0.3,0.4,0.3,0.1,0.0,0.6,0.2,3.2,2015
13874,408,Alexey Shved,SG,26,NYK,16,9,26.4,4.6,11.3,.403,1.6,4.4,.371,2.9,6.9,.423,.475,4.0,5.1,.780,0.9,3.7,4.6,3.6,0.9,0.3,1.6,1.6,14.8,2015
13875,409,Henry Sims,C,24,PHI,73,32,19.2,3.3,6.9,.474,0.1,0.3,.182,3.2,6.6,.488,.478,1.5,1.9,.774,1.7,3.3,4.9,1.1,0.5,0.4,1.4,1.8,8.0,2015
13876,410,Kyle Singler,SF,26,TOT,80,58,21.8,2.2,5.6,.386,1.2,3.0,.398,1.0,2.6,.371,.493,0.5,0.7,.769,0.4,2.0,2.4,1.1,0.6,0.3,0.7,1.9,6.0,2015
13877,410,Kyle Singler,SF,26,DET,54,40,23.8,2.6,6.5,.400,1.4,3.5,.406,1.2,3.0,.393,.509,0.5,0.7,.806,0.4,2.1,2.6,1.2,0.6,0.3,0.8,1.8,7.1,2015
13878,410,Kyle Singler,SF,26,OKC,26,18,17.5,1.2,3.7,.333,0.8,2.1,.370,0.5,1.6,.286,.438,0.4,0.6,.688,0.4,1.7,2.1,0.7,0.5,0.3,0.5,2.1,3.7,2015
13879,411,Donald Sloan,PG,27,IND,53,21,20.9,2.7,6.7,.408,0.8,2.5,.313,2.0,4.2,.464,.466,1.1,1.5,.779,0.2,2.5,2.7,3.6,0.4,0.0,1.2,0.9,7.4,2015
13880,412,Marcus Smart,PG,20,BOS,67,38,27.0,2.6,7.1,.367,1.4,4.1,.335,1.3,3.1,.410,.462,1.2,1.9,.646,0.9,2.4,3.3,3.1,1.5,0.3,1.3,2.6,7.8,2015
13881,413,Greg Smith,PF,24,DAL,42,2,8.6,0.7,1.2,.612,0.0,0.0,,0.7,1.2,.612,.612,0.5,0.9,.513,0.6,1.3,1.9,0.2,0.2,0.3,0.3,1.3,1.9,2015
13882,414,Ish Smith,PG,26,TOT,55,14,15.1,2.6,6.7,.390,0.3,1.1,.300,2.3,5.6,.407,.414,0.6,1.0,.596,0.3,1.5,1.8,3.3,0.7,0.1,1.4,0.9,6.1,2015
13883,414,Ish Smith,PG,26,OKC,30,0,5.2,0.5,1.5,.333,0.0,0.2,.200,0.5,1.3,.350,.344,0.2,0.3,.667,0.2,0.7,0.9,0.9,0.1,0.0,0.3,0.4,1.2,2015
13884,414,Ish Smith,PG,26,PHI,25,14,27.1,5.1,12.9,.398,0.7,2.2,.309,4.4,10.7,.416,.424,1.1,1.9,.583,0.4,2.5,2.9,6.1,1.3,0.2,2.8,1.5,12.0,2015
13885,415,J.R. Smith,SG,29,TOT,70,51,29.7,4.5,10.8,.417,2.3,6.1,.383,2.2,4.7,.462,.525,0.8,1.0,.750,0.4,2.7,3.1,2.8,1.2,0.3,1.4,2.3,12.1,2015
13886,415,J.R. Smith,SG,29,NYK,24,6,25.8,4.2,10.5,.402,1.3,3.8,.356,2.9,6.7,.429,.466,1.1,1.6,.692,0.2,2.3,2.4,3.4,0.8,0.2,1.9,1.8,10.9,2015
13887,415,J.R. Smith,SG,29,CLE,46,45,31.8,4.7,11.0,.425,2.8,7.3,.390,1.8,3.7,.494,.555,0.6,0.7,.818,0.6,2.9,3.5,2.5,1.4,0.4,1.1,2.6,12.7,2015
13888,416,Jason Smith,C,28,NYK,82,31,21.8,3.1,7.2,.434,0.2,0.5,.357,3.0,6.7,.440,.447,1.5,1.9,.830,1.2,2.8,4.0,1.7,0.4,0.5,1.3,2.5,8.0,2015
13889,417,Josh Smith,PF,29,TOT,83,35,27.7,5.0,11.9,.419,0.9,2.7,.316,4.1,9.1,.451,.456,1.5,3.1,.498,1.8,4.6,6.4,3.3,1.0,1.4,2.5,2.7,12.4,2015
13890,417,Josh Smith,PF,29,DET,28,28,32.0,5.5,14.0,.391,0.3,1.3,.243,5.1,12.6,.407,.403,1.9,4.0,.468,1.9,5.4,7.2,4.7,1.3,1.7,2.6,2.9,13.1,2015
13891,417,Josh Smith,PF,29,HOU,55,7,25.5,4.7,10.8,.438,1.1,3.5,.330,3.6,7.4,.489,.491,1.4,2.6,.521,1.8,4.1,6.0,2.6,0.9,1.2,2.4,2.7,12.0,2015
13892,418,Russ Smith,PG,23,TOT,12,0,5.4,0.7,2.1,.320,0.2,0.9,.182,0.5,1.2,.429,.360,1.0,1.1,.923,0.1,0.4,0.5,0.7,0.3,0.0,1.0,1.1,2.5,2015
13893,418,Russ Smith,PG,23,NOP,6,0,4.8,0.3,1.7,.200,0.2,1.0,.167,0.2,0.7,.250,.250,0.0,0.0,,0.0,0.5,0.5,0.3,0.0,0.0,1.2,1.0,0.8,2015
13894,418,Russ Smith,PG,23,MEM,6,0,6.0,1.0,2.5,.400,0.2,0.8,.200,0.8,1.7,.500,.433,2.0,2.2,.923,0.2,0.3,0.5,1.0,0.5,0.0,0.8,1.2,4.2,2015
13895,419,Tony Snell,SF,23,CHI,72,22,19.6,2.2,5.2,.429,1.0,2.7,.371,1.2,2.4,.494,.527,0.6,0.8,.800,0.4,2.0,2.4,0.9,0.4,0.2,0.7,1.2,6.0,2015
13896,420,Marreese Speights,C,27,GSW,76,9,15.9,4.2,8.5,.492,0.1,0.2,.278,4.1,8.3,.498,.496,2.0,2.3,.843,1.4,2.8,4.3,0.9,0.3,0.4,1.1,2.5,10.4,2015
13897,Rk,Player,Pos,Age,Tm,G,GS,MP,FG,FGA,FG%,3P,3PA,3P%,2P,2PA,2P%,eFG%,FT,FTA,FT%,ORB,DRB,TRB,AST,STL,BLK,TOV,PF,PTS,2015
13898,421,Tiago Splitter,C,30,SAS,52,35,19.8,3.3,5.8,.558,0.0,0.0,,3.3,5.8,.558,.558,1.7,2.3,.750,1.8,3.1,4.8,1.5,0.7,0.7,1.2,2.0,8.2,2015
13899,422,Nik Stauskas,SG,21,SAC,73,1,15.4,1.5,4.1,.365,0.7,2.0,.322,0.8,2.0,.408,.446,0.8,0.9,.859,0.2,1.1,1.2,0.9,0.3,0.2,0.5,1.3,4.4,2015
13900,423,Lance Stephenson,SG,24,CHO,61,25,25.8,3.4,9.0,.376,0.3,1.7,.171,3.1,7.3,.425,.393,1.1,1.8,.627,0.6,3.9,4.5,3.9,0.6,0.1,2.1,2.2,8.2,2015
13901,424,Greg Stiemsma,C,29,TOR,17,0,3.9,0.4,0.5,.750,0.0,0.0,,0.4,0.5,.750,.750,0.1,0.2,.500,0.5,0.4,0.9,0.2,0.1,0.0,0.4,0.9,0.8,2015
13902,425,David Stockton,PG,23,SAC,3,0,11.0,0.7,2.0,.333,0.3,0.7,.500,0.3,1.3,.250,.417,1.0,2.0,.500,0.0,0.7,0.7,3.0,0.7,0.0,1.3,0.3,2.7,2015
13903,426,Jarnell Stokes,PF,21,MEM,19,2,6.6,1.1,1.9,.568,0.0,0.0,,1.1,1.9,.568,.568,0.8,1.5,.536,0.8,0.9,1.8,0.2,0.3,0.3,0.4,1.3,3.0,2015
13904,427,Amar'e Stoudemire,PF,32,TOT,59,15,21.1,4.6,8.3,.557,0.0,0.1,.000,4.6,8.2,.562,.557,2.3,3.2,.720,1.9,3.7,5.6,0.8,0.5,0.6,1.3,2.7,11.5,2015
13905,427,Amar'e Stoudemire,PF,32,NYK,36,14,24.0,4.7,8.6,.543,0.0,0.1,.000,4.7,8.6,.549,.543,2.6,3.5,.740,2.3,4.5,6.8,1.0,0.6,0.9,1.8,3.1,12.0,2015
13906,427,Amar'e Stoudemire,PF,32,DAL,23,1,16.5,4.5,7.8,.581,0.0,0.0,.000,4.5,7.7,.584,.581,1.7,2.6,.678,1.2,2.5,3.7,0.3,0.4,0.2,0.7,2.2,10.8,2015
13907,428,Rodney Stuckey,PG,28,IND,71,36,26.4,4.7,10.6,.440,0.8,2.0,.390,3.9,8.6,.452,.477,2.5,3.0,.819,0.5,3.0,3.5,3.1,0.8,0.1,1.7,1.8,12.6,2015
13908,429,Jared Sullinger,PF,22,BOS,58,49,27.0,5.4,12.2,.439,0.9,3.2,.283,4.5,9.0,.494,.476,1.7,2.2,.744,2.5,5.1,7.6,2.3,0.8,0.7,1.3,2.6,13.3,2015
13909,430,Jeff Taylor,SF,25,CHO,29,13,14.8,1.6,3.9,.395,0.4,1.2,.306,1.2,2.7,.436,.443,0.9,1.4,.634,0.5,1.3,1.8,0.8,0.4,0.0,0.7,1.2,4.4,2015
13910,431,Jeff Teague,PG,26,ATL,73,72,30.5,5.6,12.2,.460,1.0,2.8,.343,4.6,9.3,.496,.500,3.8,4.4,.862,0.4,2.1,2.5,7.0,1.7,0.4,2.8,1.9,15.9,2015
13911,432,Mirza Teletović,PF,29,BRK,40,4,22.3,3.1,8.0,.382,1.6,4.8,.321,1.5,3.2,.476,.480,0.8,1.2,.717,0.7,4.2,4.9,1.2,0.4,0.4,1.3,1.9,8.5,2015
13912,433,Sebastian Telfair,PG,29,OKC,16,1,20.4,2.9,7.8,.368,1.1,3.8,.300,1.8,4.1,.431,.440,1.5,2.1,.706,0.1,1.8,1.9,2.8,0.6,0.0,1.1,1.8,8.4,2015
13913,434,Garrett Temple,SG,28,WAS,52,18,14.1,1.3,3.3,.400,0.6,1.7,.375,0.7,1.6,.427,.497,0.7,0.9,.729,0.5,1.3,1.7,1.1,0.8,0.2,0.7,1.5,3.9,2015
13914,435,Jason Terry,SG,37,HOU,77,18,21.3,2.4,5.8,.422,1.6,4.2,.390,0.8,1.6,.504,.563,0.5,0.6,.813,0.2,1.4,1.6,1.9,0.9,0.2,1.0,1.5,7.0,2015
13915,436,Isaiah Thomas,PG,25,TOT,67,1,25.8,5.0,11.9,.420,1.9,5.2,.373,3.1,6.7,.457,.501,4.5,5.2,.868,0.5,1.8,2.3,4.2,0.9,0.1,2.1,2.2,16.4,2015
13916,436,Isaiah Thomas,PG,25,PHO,46,1,25.7,4.7,11.1,.426,1.8,4.5,.391,3.0,6.6,.449,.505,4.0,4.6,.872,0.6,1.8,2.4,3.7,1.0,0.1,1.9,2.3,15.2,2015
13917,436,Isaiah Thomas,PG,25,BOS,21,0,26.0,5.6,13.6,.411,2.3,6.6,.345,3.3,7.0,.473,.495,5.6,6.5,.861,0.3,1.8,2.1,5.4,0.6,0.0,2.6,2.1,19.0,2015
13918,437,Lance Thomas,PF-SF,26,TOT,62,37,24.0,2.9,7.1,.412,0.1,0.4,.318,2.8,6.8,.417,.420,1.2,1.6,.727,1.0,2.1,3.1,1.1,0.6,0.1,1.2,1.6,7.1,2015
13919,437,Lance Thomas,SF,26,OKC,22,13,20.5,2.0,5.7,.357,0.0,0.0,.000,2.0,5.7,.360,.357,1.0,1.5,.697,1.3,2.1,3.4,0.9,0.5,0.0,0.8,1.7,5.1,2015
13920,437,Lance Thomas,PF,26,NYK,40,24,26.0,3.4,7.9,.434,0.2,0.5,.333,3.3,7.4,.441,.445,1.2,1.7,.742,0.9,2.1,3.0,1.2,0.7,0.2,1.4,1.6,8.3,2015
13921,438,Malcolm Thomas,PF,26,PHI,17,0,11.4,1.1,2.4,.450,0.0,0.4,.000,1.1,1.9,.545,.450,0.5,0.8,.692,0.9,2.4,3.3,0.4,0.2,0.1,0.8,1.0,2.6,2015
13922,439,Tyrus Thomas,PF,28,MEM,2,0,3.5,0.5,0.5,1.000,0.0,0.0,,0.5,0.5,1.000,1.000,1.0,1.0,1.000,0.0,0.0,0.0,0.5,0.0,0.0,0.0,0.0,2.0,2015
13923,440,Hollis Thompson,SG,23,PHI,71,23,25.0,3.2,7.6,.413,1.6,4.0,.401,1.5,3.6,.426,.518,0.9,1.3,.708,0.7,2.0,2.8,1.2,0.8,0.4,0.9,2.0,8.8,2015
13924,Rk,Player,Pos,Age,Tm,G,GS,MP,FG,FGA,FG%,3P,3PA,3P%,2P,2PA,2P%,eFG%,FT,FTA,FT%,ORB,DRB,TRB,AST,STL,BLK,TOV,PF,PTS,2015
13925,441,Jason Thompson,PF,28,SAC,81,63,24.6,2.5,5.3,.470,0.0,0.0,.000,2.5,5.3,.471,.470,1.1,1.8,.622,1.7,4.8,6.5,1.0,0.4,0.7,1.0,3.0,6.1,2015
13926,442,Klay Thompson,SG,24,GSW,77,77,31.9,7.8,16.9,.463,3.1,7.1,.439,4.7,9.8,.481,.555,2.9,3.3,.879,0.4,2.9,3.2,2.9,1.1,0.8,1.9,1.6,21.7,2015
13927,443,Tristan Thompson,PF,23,CLE,82,15,26.8,3.3,6.0,.547,0.0,0.0,,3.3,6.0,.547,.547,1.9,3.0,.641,3.3,4.7,8.0,0.5,0.4,0.7,1.0,2.3,8.5,2015
13928,444,Marcus Thornton,SG,27,TOT,48,0,15.0,2.9,7.2,.406,1.1,3.0,.378,1.8,4.2,.426,.484,1.0,1.2,.821,0.5,1.3,1.8,0.8,0.6,0.1,0.6,0.8,7.9,2015
13929,444,Marcus Thornton,SG,27,BOS,39,0,16.4,3.3,7.8,.416,1.3,3.2,.419,1.9,4.6,.414,.502,1.1,1.3,.824,0.5,1.4,1.9,0.9,0.5,0.2,0.6,0.9,8.9,2015
13930,444,Marcus Thornton,SG,27,PHO,9,0,9.0,1.4,4.4,.325,0.2,2.1,.105,1.2,2.3,.524,.350,0.4,0.6,.800,0.4,1.0,1.4,0.2,0.7,0.0,0.6,0.3,3.6,2015
13931,445,Anthony Tolliver,PF,29,TOT,76,11,18.8,2.1,5.2,.410,1.4,3.8,.366,0.7,1.4,.534,.545,0.7,0.9,.783,0.7,2.4,3.1,0.8,0.3,0.2,0.7,1.8,6.3,2015
13932,445,Anthony Tolliver,PF,29,PHO,24,0,11.3,1.1,3.1,.351,1.0,2.6,.387,0.1,0.5,.167,.514,0.2,0.3,.667,0.3,1.6,1.8,0.4,0.2,0.0,0.5,0.8,3.3,2015
13933,445,Anthony Tolliver,PF,29,DET,52,11,22.3,2.6,6.1,.423,1.6,4.4,.360,1.0,1.8,.582,.552,1.0,1.2,.794,0.9,2.8,3.7,0.9,0.4,0.3,0.8,2.3,7.7,2015
13934,446,P.J. Tucker,SF,29,PHO,78,63,30.6,3.3,7.6,.438,1.1,3.2,.345,2.2,4.4,.506,.511,1.3,1.8,.727,1.5,5.0,6.4,1.6,1.4,0.3,1.2,2.3,9.1,2015
13935,447,Ronny Turiaf,C,32,MIN,2,0,9.5,0.0,0.0,,0.0,0.0,,0.0,0.0,,,0.0,0.0,,0.0,0.5,0.5,1.0,0.0,0.0,0.0,0.0,0.0,2015
13936,448,Hedo Türkoğlu,SF,35,LAC,62,2,11.4,1.3,3.0,.441,1.0,2.2,.432,0.4,0.8,.469,.601,0.1,0.2,.545,0.1,1.5,1.6,0.6,0.3,0.1,0.5,1.1,3.7,2015
13937,449,Evan Turner,SG,26,BOS,82,57,27.6,3.9,9.1,.429,0.4,1.5,.277,3.5,7.6,.458,.451,1.3,1.7,.752,0.5,4.6,5.1,5.5,1.0,0.2,2.4,2.2,9.5,2015
13938,450,Ekpe Udoh,PF,27,LAC,33,0,3.9,0.3,0.7,.458,0.0,0.0,,0.3,0.7,.458,.458,0.2,0.3,.778,0.2,0.6,0.8,0.2,0.2,0.2,0.2,0.6,0.9,2015
13939,451,Beno Udrih,PG,32,MEM,79,12,18.9,3.1,6.4,.487,0.3,1.2,.268,2.8,5.2,.539,.513,1.1,1.3,.853,0.3,1.6,1.8,2.8,0.6,0.1,1.1,1.1,7.7,2015
13940,452,Jonas Valančiūnas,C,22,TOR,80,80,26.2,4.7,8.2,.572,0.0,0.0,.000,4.7,8.1,.573,.572,2.7,3.5,.786,2.7,6.0,8.7,0.5,0.4,1.2,1.4,2.8,12.0,2015
13941,453,Anderson Varejão,C,32,CLE,26,26,24.5,4.3,7.7,.555,0.0,0.1,.000,4.3,7.6,.561,.555,1.3,1.7,.733,2.2,4.3,6.5,1.3,0.7,0.6,1.3,2.2,9.8,2015
13942,454,Greivis Vásquez,PG,28,TOR,82,29,24.3,3.6,8.8,.408,1.6,4.3,.379,2.0,4.6,.436,.500,0.6,0.8,.758,0.3,2.4,2.6,3.7,0.6,0.1,1.5,2.2,9.5,2015
13943,455,Charlie Villanueva,PF,30,DAL,64,1,10.6,2.3,5.7,.414,1.3,3.5,.376,1.0,2.2,.475,.529,0.3,0.5,.571,0.5,1.9,2.3,0.3,0.2,0.3,0.4,1.0,6.3,2015
13944,456,Noah Vonleh,PF,19,CHO,25,0,10.4,1.2,3.0,.395,0.2,0.5,.385,1.0,2.5,.397,.428,0.7,1.0,.692,1.1,2.3,3.4,0.2,0.2,0.4,0.4,0.8,3.3,2015
13945,457,Nikola Vučević,C,24,ORL,74,74,34.2,8.5,16.3,.523,0.0,0.1,.333,8.5,16.2,.524,.524,2.2,2.9,.752,3.2,7.7,10.9,2.0,0.7,0.7,2.0,3.0,19.3,2015
13946,458,Dwyane Wade,SG,33,MIA,62,62,31.8,8.2,17.5,.470,0.5,1.6,.284,7.7,15.8,.489,.483,4.6,6.0,.768,0.9,2.6,3.5,4.8,1.2,0.3,3.4,1.7,21.5,2015
13947,459,Dion Waiters,SG,23,TOT,80,23,27.6,4.7,11.8,.396,0.9,3.1,.297,3.8,8.8,.431,.435,1.5,2.2,.680,0.5,1.9,2.4,2.0,1.1,0.3,1.4,1.9,11.8,2015
13948,459,Dion Waiters,SG,23,CLE,33,3,23.8,4.2,10.4,.404,0.7,2.6,.256,3.5,7.8,.453,.436,1.4,1.8,.783,0.4,1.4,1.7,2.2,1.3,0.3,1.5,1.8,10.5,2015
13949,459,Dion Waiters,SG,23,OKC,47,20,30.3,5.0,12.9,.392,1.1,3.4,.319,4.0,9.4,.419,.435,1.5,2.4,.625,0.6,2.3,2.9,1.9,1.0,0.2,1.3,2.0,12.7,2015
13950,460,Henry Walker,SF,27,MIA,24,13,26.2,2.4,7.0,.345,1.9,5.5,.341,0.5,1.5,.361,.479,0.6,0.8,.778,0.3,3.1,3.4,1.2,1.0,0.4,1.0,3.2,7.3,2015
13951,Rk,Player,Pos,Age,Tm,G,GS,MP,FG,FGA,FG%,3P,3PA,3P%,2P,2PA,2P%,eFG%,FT,FTA,FT%,ORB,DRB,TRB,AST,STL,BLK,TOV,PF,PTS,2015
13952,461,Kemba Walker,PG,24,CHO,62,58,34.2,6.1,15.8,.385,1.4,4.5,.304,4.7,11.3,.418,.429,3.8,4.6,.827,0.6,3.0,3.5,5.1,1.4,0.5,1.6,1.5,17.3,2015
13953,462,John Wall,PG,24,WAS,79,79,35.9,6.6,14.8,.445,0.8,2.7,.300,5.7,12.0,.478,.473,3.6,4.6,.785,0.5,4.2,4.6,10.0,1.7,0.6,3.8,2.3,17.6,2015
13954,463,Gerald Wallace,SF,32,BOS,32,0,8.9,0.4,1.1,.412,0.0,0.1,.333,0.4,1.0,.419,.426,0.2,0.5,.400,0.5,1.3,1.8,0.3,0.5,0.1,0.6,0.6,1.1,2015
13955,464,T.J. Warren,SF,21,PHO,40,1,15.4,2.8,5.4,.528,0.1,0.5,.238,2.7,4.8,.560,.540,0.4,0.5,.737,1.0,1.1,2.1,0.6,0.5,0.2,0.7,1.3,6.1,2015
13956,465,C.J. Watson,PG,30,IND,57,21,24.9,3.2,7.3,.434,1.2,3.1,.400,1.9,4.2,.459,.518,2.4,2.9,.826,0.3,2.5,2.9,3.6,1.0,0.2,1.8,1.9,10.0,2015
13957,466,David Wear,PF,24,SAC,2,0,3.5,0.0,1.0,.000,0.0,0.5,.000,0.0,0.5,.000,.000,0.0,0.0,,1.0,0.0,1.0,0.5,0.0,0.0,0.0,0.5,0.0,2015
13958,467,Travis Wear,SF,24,NYK,51,1,13.2,1.6,4.1,.402,0.2,0.6,.367,1.4,3.5,.408,.428,0.4,0.5,.769,0.6,1.5,2.1,0.8,0.3,0.2,0.7,1.1,3.9,2015
13959,468,Martell Webster,SF,28,WAS,32,0,11.0,0.8,2.8,.264,0.3,1.3,.233,0.4,1.5,.292,.319,1.5,2.0,.750,0.3,1.1,1.4,0.5,0.2,0.0,0.7,0.8,3.3,2015
13960,469,David West,PF,34,IND,66,66,28.7,4.9,10.4,.471,0.1,0.3,.200,4.8,10.1,.479,.474,1.8,2.4,.739,1.6,5.2,6.8,3.4,0.7,0.7,1.8,2.4,11.7,2015
13961,470,Russell Westbrook,PG,26,OKC,67,67,34.4,9.4,22.0,.426,1.3,4.3,.299,8.1,17.7,.457,.455,8.1,9.8,.835,1.9,5.4,7.3,8.6,2.1,0.2,4.4,2.7,28.1,2015
13962,471,Hassan Whiteside,C,25,MIA,48,32,23.8,5.1,8.1,.628,0.0,0.0,,5.1,8.1,.628,.628,1.6,3.3,.500,3.0,7.0,10.0,0.1,0.6,2.6,1.2,2.7,11.8,2015
13963,472,Shayne Whittington,PF,23,IND,20,0,5.4,1.0,2.1,.452,0.1,0.3,.167,0.9,1.8,.500,.464,0.9,1.2,.783,0.5,1.0,1.5,0.3,0.3,0.1,0.3,0.9,2.9,2015
13964,473,Andrew Wiggins,SF,19,MIN,82,82,36.2,6.1,13.9,.437,0.5,1.5,.310,5.6,12.3,.453,.454,4.3,5.7,.760,1.6,2.9,4.6,2.1,1.0,0.6,2.2,2.3,16.9,2015
13965,474,C.J. Wilcox,SG,24,LAC,21,0,4.8,0.8,1.8,.421,0.3,0.9,.368,0.4,0.9,.474,.513,0.1,0.1,1.000,0.0,0.3,0.3,0.4,0.1,0.0,0.5,0.3,2.0,2015
13966,475,Deron Williams,PG,30,BRK,68,55,31.1,4.4,11.3,.387,1.3,3.5,.367,3.1,7.9,.395,.443,3.0,3.5,.834,0.4,3.1,3.5,6.6,0.9,0.3,2.3,2.3,13.0,2015
13967,476,Derrick Williams,PF,23,SAC,74,6,19.8,2.9,6.6,.447,0.7,2.1,.314,2.3,4.4,.511,.498,1.8,2.6,.684,0.6,2.2,2.7,0.7,0.5,0.1,0.8,0.9,8.3,2015
13968,477,Elliot Williams,SG,25,TOT,13,0,9.2,1.1,2.8,.378,0.6,1.4,.444,0.5,1.5,.316,.486,0.1,0.3,.250,0.0,0.6,0.6,0.9,0.3,0.0,0.3,0.9,2.8,2015
13969,477,Elliot Williams,SG,25,UTA,5,0,8.4,1.2,2.6,.462,1.0,1.4,.714,0.2,1.2,.167,.654,0.2,0.4,.500,0.0,0.6,0.6,0.8,0.4,0.0,0.8,0.2,3.6,2015
13970,477,Elliot Williams,SG,25,NOP,8,0,9.6,1.0,3.0,.333,0.4,1.4,.273,0.6,1.6,.385,.396,0.0,0.3,.000,0.0,0.6,0.6,1.0,0.3,0.0,0.0,1.4,2.4,2015
13971,478,Lou Williams,SG,28,TOR,80,0,25.2,4.7,11.6,.404,1.9,5.6,.340,2.8,6.0,.464,.486,4.3,4.9,.861,0.3,1.6,1.9,2.1,1.1,0.1,1.3,1.3,15.5,2015
13972,479,Marvin Williams,PF,28,CHO,78,37,26.1,2.7,6.3,.424,1.2,3.4,.358,1.5,2.9,.500,.520,0.8,1.1,.713,0.7,4.2,4.9,1.3,0.9,0.5,0.8,1.9,7.4,2015
13973,480,Mo Williams,PG,32,TOT,68,33,29.1,5.0,12.6,.397,1.8,5.1,.342,3.3,7.5,.434,.466,2.4,2.8,.872,0.3,2.2,2.6,6.2,0.7,0.2,2.5,2.4,14.2,2015
13974,480,Mo Williams,PG,32,MIN,41,19,28.0,4.4,10.9,.403,1.4,4.1,.347,3.0,6.8,.437,.469,2.0,2.3,.851,0.3,2.1,2.4,6.4,0.7,0.2,2.5,2.5,12.2,2015
13975,480,Mo Williams,PG,32,CHO,27,14,30.8,6.0,15.3,.390,2.2,6.6,.337,3.7,8.7,.430,.462,3.1,3.4,.892,0.3,2.5,2.8,6.0,0.6,0.2,2.6,2.2,17.2,2015
13976,Rk,Player,Pos,Age,Tm,G,GS,MP,FG,FGA,FG%,3P,3PA,3P%,2P,2PA,2P%,eFG%,FT,FTA,FT%,ORB,DRB,TRB,AST,STL,BLK,TOV,PF,PTS,2015
13977,481,Reggie Williams,SF,28,SAS,20,0,5.3,0.8,2.0,.385,0.2,1.0,.158,0.6,1.0,.600,.423,0.2,0.2,1.000,0.3,0.6,0.9,0.5,0.1,0.0,0.1,0.6,1.9,2015
13978,482,Shawne Williams,SF,28,TOT,63,22,17.3,1.9,4.8,.403,1.0,2.8,.360,0.9,1.9,.467,.510,0.6,0.6,.875,0.6,2.1,2.6,0.7,0.4,0.3,0.5,2.1,5.4,2015
13979,482,Shawne Williams,SF,28,MIA,44,22,21.0,2.3,5.5,.425,1.4,3.5,.395,1.0,2.0,.477,.550,0.6,0.8,.848,0.6,2.5,3.2,0.8,0.5,0.4,0.5,2.6,6.6,2015
13980,482,Shawne Williams,SF,28,DET,19,0,8.6,1.0,3.2,.317,0.2,1.4,.154,0.8,1.8,.441,.350,0.4,0.4,1.000,0.5,0.9,1.4,0.4,0.2,0.2,0.4,1.0,2.6,2015
13981,483,Jeff Withey,C,24,NOP,37,0,7.0,0.9,1.7,.500,0.0,0.0,,0.9,1.7,.500,.500,0.9,1.4,.680,0.6,1.1,1.7,0.3,0.1,0.5,0.3,0.7,2.6,2015
13982,484,Nate Wolters,PG,23,TOT,21,0,11.8,1.0,2.7,.351,0.0,0.3,.000,1.0,2.4,.400,.351,0.1,0.3,.333,0.4,1.2,1.6,1.0,0.4,0.1,0.6,0.9,2.0,2015
13983,484,Nate Wolters,PG,23,MIL,11,0,12.9,1.1,2.8,.387,0.0,0.5,.000,1.1,2.4,.462,.387,0.1,0.4,.250,0.2,1.3,1.5,0.9,0.5,0.0,0.3,1.0,2.3,2015
13984,484,Nate Wolters,PG,23,NOP,10,0,10.5,0.8,2.6,.308,0.0,0.2,.000,0.8,2.4,.333,.308,0.1,0.2,.500,0.6,1.2,1.8,1.1,0.3,0.2,1.0,0.7,1.7,2015
13985,485,Brandan Wright,PF,27,TOT,75,7,19.3,3.1,4.8,.642,0.0,0.0,.000,3.1,4.8,.647,.642,1.0,1.5,.696,1.7,2.6,4.3,0.5,0.7,1.3,0.5,1.4,7.3,2015
13986,485,Brandan Wright,PF,27,DAL,27,0,18.7,3.7,5.0,.748,0.0,0.0,,3.7,5.0,.748,.748,1.3,1.8,.750,1.9,2.2,4.1,0.4,0.6,1.6,0.5,1.6,8.8,2015
13987,485,Brandan Wright,PF,27,BOS,8,0,10.8,1.5,2.6,.571,0.0,0.0,,1.5,2.6,.571,.571,0.3,0.5,.500,0.9,1.3,2.1,1.0,0.1,0.6,0.6,0.5,3.3,2015
13988,485,Brandan Wright,PF,27,PHO,40,7,21.5,3.0,5.2,.580,0.0,0.1,.000,3.0,5.1,.588,.580,1.0,1.5,.667,1.8,3.1,4.9,0.6,0.8,1.2,0.4,1.4,7.0,2015
13989,486,Dorell Wright,SF,29,POR,48,2,12.3,1.5,4.0,.379,0.9,2.3,.380,0.6,1.7,.378,.487,0.7,0.9,.810,0.3,2.0,2.3,0.9,0.4,0.2,0.4,1.1,4.6,2015
13990,487,Tony Wroten,PG,21,PHI,30,15,29.8,5.8,14.5,.403,1.2,4.7,.261,4.6,9.7,.473,.446,4.0,6.0,.667,0.7,2.1,2.9,5.2,1.6,0.3,3.8,2.4,16.9,2015
13991,488,James Young,SG,19,BOS,31,0,10.7,1.2,3.3,.353,0.5,2.1,.258,0.6,1.2,.528,.436,0.5,0.9,.552,0.3,1.1,1.4,0.4,0.3,0.1,0.2,0.7,3.4,2015
13992,489,Nick Young,SG,29,LAL,42,0,23.8,4.1,11.3,.366,2.0,5.4,.369,2.2,6.0,.363,.453,3.1,3.5,.892,0.4,1.9,2.3,1.0,0.5,0.3,1.0,2.0,13.4,2015
13993,490,Thaddeus Young,PF,26,TOT,76,68,32.0,5.9,12.7,.466,0.5,1.5,.330,5.4,11.2,.484,.486,1.7,2.6,.655,1.7,3.7,5.4,2.3,1.6,0.3,1.5,2.3,14.1,2015
13994,490,Thaddeus Young,PF,26,MIN,48,48,33.4,6.0,13.4,.451,0.4,1.4,.292,5.6,12.0,.469,.466,1.8,2.7,.682,1.6,3.5,5.1,2.8,1.8,0.4,1.6,2.4,14.3,2015
13995,490,Thaddeus Young,PF,26,BRK,28,20,29.6,5.8,11.7,.495,0.7,1.8,.380,5.1,9.9,.516,.524,1.5,2.5,.606,1.9,4.1,5.9,1.4,1.4,0.3,1.5,2.0,13.8,2015
13996,491,Cody Zeller,C,22,CHO,62,45,24.0,2.8,6.0,.461,0.0,0.0,1.000,2.8,6.0,.460,.462,2.0,2.6,.774,1.6,4.3,5.8,1.6,0.5,0.8,1.0,2.5,7.6,2015
13997,492,Tyler Zeller,C,25,BOS,82,59,21.1,4.1,7.5,.549,0.0,0.0,,4.1,7.5,.549,.549,1.9,2.3,.823,1.8,3.9,5.7,1.4,0.2,0.6,0.9,2.5,10.2,2015
13998,1,Quincy Acy,PF,25,SAC,59,29,14.8,2.0,3.6,.556,0.3,0.8,.388,1.7,2.8,.606,.600,0.8,1.2,.735,1.1,2.1,3.2,0.5,0.5,0.4,0.5,1.7,5.2,2016
13999,2,Jordan Adams,SG,21,MEM,2,0,7.5,1.0,3.0,.333,0.0,0.5,.000,1.0,2.5,.400,.333,1.5,2.5,.600,0.0,1.0,1.0,1.5,1.5,0.0,1.0,1.0,3.5,2016
14000,3,Steven Adams,C,22,OKC,80,80,25.2,3.3,5.3,.613,0.0,0.0,,3.3,5.3,.613,.613,1.4,2.5,.582,2.7,3.9,6.7,0.8,0.5,1.1,1.1,2.8,8.0,2016
14001,4,Arron Afflalo,SG,30,NYK,71,57,33.4,5.0,11.3,.443,1.3,3.4,.382,3.7,7.9,.469,.500,1.5,1.8,.840,0.3,3.4,3.7,2.0,0.4,0.1,1.2,2.0,12.8,2016
14002,5,Alexis Ajinça,C,27,NOP,59,17,14.6,2.5,5.3,.476,0.0,0.0,.000,2.5,5.3,.478,.476,0.9,1.1,.839,1.3,3.3,4.6,0.5,0.3,0.6,0.9,2.3,6.0,2016
14003,6,Cole Aldrich,C,27,LAC,60,5,13.3,2.2,3.8,.596,0.0,0.0,,2.2,3.8,.596,.596,1.0,1.4,.714,1.4,3.4,4.8,0.8,0.8,1.1,1.1,2.3,5.5,2016
14004,7,LaMarcus Aldridge,PF,30,SAS,74,74,30.6,7.2,14.1,.513,0.0,0.2,.000,7.2,13.9,.521,.513,3.5,4.1,.858,2.4,6.2,8.5,1.5,0.5,1.1,1.3,2.0,18.0,2016
14005,8,Cliff Alexander,PF,20,POR,8,0,4.5,0.6,1.3,.500,0.0,0.0,,0.6,1.3,.500,.500,0.0,0.0,,0.3,0.5,0.8,0.0,0.1,0.3,0.1,0.1,1.3,2016
14006,9,Lavoy Allen,PF,26,IND,79,28,20.2,2.4,4.7,.516,0.0,0.0,,2.4,4.7,.516,.516,0.6,0.9,.630,2.1,3.3,5.4,1.0,0.3,0.5,0.9,1.9,5.4,2016
14007,10,Tony Allen,SG,34,MEM,64,57,25.3,3.4,7.3,.458,0.2,0.7,.357,3.1,6.7,.468,.474,1.4,2.2,.652,1.6,3.0,4.6,1.1,1.7,0.3,1.2,2.7,8.4,2016
14008,11,Al-Farouq Aminu,SF,25,POR,82,82,28.5,3.6,8.8,.416,1.5,4.3,.361,2.1,4.5,.468,.503,1.4,1.9,.737,1.2,4.9,6.1,1.7,0.9,0.6,1.5,2.1,10.2,2016
14009,12,Lou Amundson,PF,33,NYK,29,0,7.0,0.7,1.8,.358,0.0,0.0,,0.7,1.8,.358,.358,0.5,0.9,.519,0.8,0.9,1.7,0.4,0.2,0.2,0.5,1.5,1.8,2016
14010,13,Chris Andersen,C,37,TOT,27,15,14.9,1.4,2.7,.528,0.1,0.5,.286,1.3,2.1,.586,.556,0.9,1.3,.694,1.3,2.3,3.6,0.4,0.6,0.5,0.3,1.1,3.9,2016
14011,13,Chris Andersen,C,37,MIA,7,1,5.1,0.6,1.4,.400,0.3,0.7,.400,0.3,0.7,.400,.500,0.4,0.6,.750,0.4,0.9,1.3,0.4,0.1,0.4,0.3,0.6,1.9,2016
14012,13,Chris Andersen,C,37,MEM,20,14,18.3,1.7,3.1,.548,0.1,0.5,.222,1.6,2.7,.604,.565,1.1,1.6,.688,1.7,2.8,4.5,0.5,0.7,0.5,0.4,1.3,4.6,2016
14013,14,Alan Anderson,SG,33,WAS,13,0,14.8,1.6,4.5,.356,0.9,2.8,.324,0.7,1.7,.409,.458,0.8,1.2,.733,0.1,2.0,2.1,1.1,0.3,0.1,0.2,1.9,5.0,2016
14014,15,James Anderson,SG,26,SAC,51,15,14.1,1.3,3.5,.376,0.5,1.7,.267,0.9,1.8,.478,.441,0.4,0.6,.759,0.3,1.4,1.7,0.8,0.4,0.3,0.8,1.1,3.5,2016
14015,16,Justin Anderson,SF,22,DAL,55,9,11.8,1.3,3.2,.406,0.4,1.5,.265,0.9,1.7,.533,.469,0.8,1.0,.800,0.3,2.1,2.4,0.5,0.3,0.5,0.4,0.8,3.8,2016
14016,17,Kyle Anderson,SF,22,SAS,78,11,16.0,1.8,3.8,.468,0.2,0.5,.324,1.6,3.3,.488,.488,0.8,1.1,.747,0.3,2.8,3.1,1.6,0.8,0.4,0.8,1.2,4.5,2016
14017,18,Ryan Anderson,PF,27,NOP,66,7,30.4,6.0,14.1,.427,2.0,5.4,.366,4.0,8.7,.466,.498,3.0,3.5,.873,2.0,4.0,6.0,1.1,0.6,0.4,1.4,1.7,17.0,2016
14018,19,Giannis Antetokounmpo,PG,21,MIL,80,79,35.3,6.4,12.7,.506,0.4,1.4,.257,6.1,11.3,.537,.520,3.7,5.1,.724,1.4,6.2,7.7,4.3,1.2,1.4,2.6,3.2,16.9,2016
14019,20,Thanasis Antetokounmpo,SF,23,NYK,2,0,3.0,1.5,2.0,.750,0.0,0.5,.000,1.5,1.5,1.000,.750,0.0,0.0,,0.0,0.5,0.5,0.0,0.0,0.0,0.0,1.0,3.0,2016
14020,21,Carmelo Anthony,SF,31,NYK,72,72,35.1,7.9,18.2,.434,1.5,4.3,.339,6.4,13.8,.463,.474,4.6,5.6,.829,1.4,6.4,7.7,4.2,0.9,0.5,2.4,2.5,21.8,2016
14021,22,Joel Anthony,C,33,DET,19,0,5.1,0.3,0.5,.600,0.0,0.0,,0.3,0.5,.600,.600,0.3,0.4,.750,0.4,0.7,1.1,0.1,0.1,0.6,0.1,0.8,0.9,2016
14022,23,Keith Appling,PG,23,ORL,5,0,5.4,0.4,1.6,.250,0.0,0.6,.000,0.4,1.0,.400,.250,0.4,0.4,1.000,0.0,0.2,0.2,0.2,0.2,0.0,0.6,1.0,1.2,2016
14023,24,Trevor Ariza,SF,30,HOU,81,81,35.3,4.4,10.6,.416,2.3,6.2,.371,2.1,4.4,.478,.523,1.6,2.0,.783,0.8,3.7,4.5,2.3,2.0,0.3,1.4,2.2,12.7,2016
14024,25,Darrell Arthur,PF,27,DEN,70,16,21.7,3.2,7.0,.452,0.6,1.7,.385,2.5,5.3,.473,.498,0.6,0.8,.755,1.2,3.0,4.2,1.4,0.8,0.7,0.9,2.6,7.5,2016
14025,26,Ömer Aşık,C,29,NOP,68,64,17.3,1.5,2.9,.533,0.0,0.0,,1.5,2.9,.533,.533,0.9,1.6,.545,1.8,4.3,6.1,0.4,0.3,0.3,0.9,1.8,4.0,2016
14026,27,D.J. Augustin,PG,28,TOT,62,0,19.0,2.4,5.6,.423,1.1,2.7,.405,1.3,2.9,.440,.520,1.7,2.1,.805,0.1,1.4,1.5,3.2,0.6,0.1,1.4,1.4,7.5,2016
14027,27,D.J. Augustin,PG,28,OKC,34,0,15.3,1.4,3.6,.380,0.7,1.8,.393,0.6,1.8,.367,.479,0.8,1.0,.765,0.1,1.1,1.3,1.9,0.4,0.1,0.9,1.2,4.2,2016
14028,27,D.J. Augustin,PG,28,DEN,28,0,23.5,3.6,8.2,.445,1.6,3.8,.411,2.1,4.4,.475,.541,2.8,3.4,.819,0.1,1.8,1.9,4.7,0.9,0.1,1.9,1.6,11.6,2016
14029,28,Jeff Ayres,C,28,LAC,17,0,6.3,0.7,1.4,.522,0.0,0.1,.000,0.7,1.3,.545,.522,0.4,0.4,1.000,0.2,1.1,1.3,0.3,0.0,0.2,0.4,1.1,1.8,2016
14030,29,Luke Babbitt,SF,26,NOP,47,13,18.0,2.6,6.1,.422,0.9,2.3,.404,1.7,3.8,.433,.498,0.8,1.1,.780,0.5,2.6,3.1,1.1,0.2,0.1,0.5,1.9,7.0,2016
14031,30,Cameron Bairstow,C,25,CHI,18,2,5.7,0.7,2.2,.325,0.1,0.3,.200,0.7,1.9,.343,.338,0.4,0.4,.875,0.2,1.3,1.6,0.3,0.1,0.2,0.2,1.1,1.9,2016
14032,31,Leandro Barbosa,SG,33,GSW,68,0,15.9,2.5,5.4,.462,0.6,1.6,.355,1.9,3.8,.508,.515,0.8,0.9,.839,0.4,1.3,1.7,1.2,0.6,0.1,0.8,1.6,6.4,2016
14033,32,J.J. Barea,PG,31,DAL,74,16,22.5,4.3,9.6,.446,1.4,3.5,.385,2.9,6.1,.481,.516,1.0,1.3,.771,0.4,1.7,2.1,4.1,0.4,0.0,1.5,1.5,10.9,2016
14034,33,Andrea Bargnani,C,30,BRK,46,0,13.8,2.8,6.1,.455,0.1,0.3,.188,2.7,5.7,.471,.461,1.0,1.2,.825,0.6,1.5,2.1,0.4,0.1,0.2,0.6,1.3,6.6,2016
14035,34,Harrison Barnes,SF,23,GSW,66,59,30.9,4.5,9.6,.466,1.2,3.2,.383,3.2,6.3,.508,.531,1.5,2.0,.761,1.2,3.8,4.9,1.8,0.6,0.2,0.9,2.1,11.7,2016
14036,35,Matt Barnes,SF,35,MEM,76,45,28.8,3.5,9.1,.381,1.6,4.9,.322,1.9,4.3,.449,.467,1.5,1.8,.804,1.1,4.4,5.5,2.1,1.0,0.8,1.6,3.1,10.0,2016
14037,36,Will Barton,SG,25,DEN,82,1,28.7,5.2,12.0,.432,1.4,4.0,.345,3.8,8.0,.476,.489,2.6,3.3,.806,0.7,5.1,5.8,2.5,0.9,0.5,1.7,1.8,14.4,2016
14038,37,Brandon Bass,PF,30,LAL,66,0,20.3,2.6,4.8,.549,0.0,0.0,.000,2.6,4.8,.552,.549,1.9,2.2,.845,1.6,2.7,4.3,1.1,0.5,0.8,0.6,1.9,7.2,2016
14039,38,Nicolas Batum,SF,27,CHO,70,70,35.0,5.3,12.5,.426,2.0,5.7,.348,3.3,6.8,.492,.506,2.3,2.7,.849,0.8,5.3,6.1,5.8,0.9,0.6,2.9,1.6,14.9,2016
14040,39,Jerryd Bayless,SG,27,MIL,52,18,28.9,3.6,8.4,.423,1.9,4.4,.437,1.6,4.0,.408,.539,1.3,1.7,.778,0.4,2.3,2.7,3.1,0.9,0.2,1.4,2.1,10.4,2016
14041,40,Aron Baynes,C,29,DET,81,1,15.2,2.4,4.7,.505,0.0,0.0,.000,2.4,4.7,.508,.505,1.6,2.0,.764,1.7,3.0,4.7,0.6,0.3,0.6,0.8,1.9,6.3,2016
14042,Rk,Player,Pos,Age,Tm,G,GS,MP,FG,FGA,FG%,3P,3PA,3P%,2P,2PA,2P%,eFG%,FT,FTA,FT%,ORB,DRB,TRB,AST,STL,BLK,TOV,PF,PTS,2016
14043,41,Kent Bazemore,SF,26,ATL,75,68,27.8,4.3,9.7,.441,1.5,4.1,.357,2.8,5.6,.502,.517,1.6,2.0,.815,0.4,4.7,5.1,2.3,1.3,0.5,1.8,2.3,11.6,2016
14044,42,Bradley Beal,SG,22,WAS,55,35,31.1,6.5,14.5,.449,1.9,4.9,.387,4.6,9.6,.481,.515,2.5,3.2,.767,0.7,2.7,3.4,2.9,1.0,0.2,2.0,2.1,17.4,2016
14045,43,Michael Beasley,PF,27,HOU,20,0,18.2,5.4,10.3,.522,0.2,0.5,.333,5.2,9.8,.531,.529,1.9,2.5,.776,1.5,3.5,4.9,0.8,0.6,0.5,1.2,2.0,12.8,2016
14046,44,Marco Belinelli,SG,29,SAC,68,7,24.6,3.6,9.3,.386,1.3,4.4,.306,2.3,5.0,.456,.457,1.7,2.0,.833,0.1,1.6,1.7,1.9,0.5,0.0,1.2,1.3,10.2,2016
14047,45,Anthony Bennett,PF,22,TOR,19,0,4.4,0.4,1.4,.296,0.2,0.7,.214,0.3,0.7,.385,.352,0.5,0.5,.900,0.3,0.9,1.2,0.0,0.3,0.0,0.2,0.4,1.5,2016
14048,46,Patrick Beverley,PG,27,HOU,71,63,28.7,3.6,8.4,.434,1.7,4.4,.400,1.9,4.0,.472,.539,0.8,1.2,.682,1.0,2.5,3.5,3.4,1.3,0.4,1.3,3.3,9.9,2016
14049,47,Bismack Biyombo,C,23,TOR,82,22,22.0,1.9,3.5,.542,0.0,0.0,.000,1.9,3.5,.544,.542,1.7,2.8,.628,2.2,5.8,8.0,0.4,0.2,1.6,0.9,2.7,5.5,2016
14050,48,Nemanja Bjelica,PF,27,MIN,60,0,17.9,1.8,3.9,.468,0.8,2.1,.384,1.0,1.8,.564,.570,0.7,0.9,.727,0.8,2.7,3.5,1.4,0.4,0.4,0.8,2.6,5.1,2016
14051,49,Tarik Black,C,24,LAL,39,0,12.7,1.5,2.7,.548,0.0,0.0,,1.5,2.7,.548,.548,0.5,1.2,.422,1.1,2.9,4.0,0.4,0.4,0.5,0.6,2.0,3.4,2016
14052,50,DeJuan Blair,C,26,WAS,29,0,7.5,1.0,2.3,.412,0.0,0.0,.000,1.0,2.3,.418,.412,0.2,0.4,.385,0.7,1.3,2.0,0.4,0.3,0.1,0.5,1.8,2.1,2016
14053,51,Steve Blake,PG,35,DET,58,2,17.0,1.6,4.1,.388,0.9,2.6,.344,0.7,1.5,.461,.496,0.3,0.3,.800,0.2,1.4,1.5,3.4,0.4,0.1,1.4,1.2,4.4,2016
14054,52,Eric Bledsoe,PG,26,PHO,31,31,34.2,7.2,15.9,.453,1.5,4.2,.372,5.6,11.7,.482,.502,4.5,5.5,.802,0.6,3.5,4.0,6.1,2.0,0.6,3.5,2.4,20.4,2016
14055,53,Bojan Bogdanović,SF,26,BRK,79,39,26.8,4.1,9.5,.433,1.6,4.3,.382,2.5,5.2,.474,.519,1.4,1.7,.833,0.5,2.8,3.2,1.3,0.4,0.1,1.5,1.5,11.2,2016
14056,54,Andrew Bogut,C,31,GSW,70,66,20.7,2.5,4.0,.627,0.0,0.0,1.000,2.5,4.0,.626,.629,0.3,0.7,.480,1.7,5.3,7.0,2.3,0.5,1.6,1.2,3.2,5.4,2016
14057,55,Matt Bonner,C,35,SAS,30,2,6.9,1.0,1.9,.509,0.5,1.1,.441,0.5,0.8,.609,.640,0.1,0.1,.750,0.1,0.8,0.9,0.3,0.2,0.0,0.1,0.5,2.5,2016
14058,56,Devin Booker,SG,19,PHO,76,51,27.7,4.8,11.4,.423,1.3,3.8,.343,3.5,7.6,.464,.480,2.8,3.4,.840,0.4,2.1,2.5,2.6,0.6,0.3,2.1,3.0,13.8,2016
14059,57,Trevor Booker,PF,28,UTA,79,2,20.7,2.4,4.9,.490,0.2,0.5,.293,2.3,4.4,.513,.505,0.9,1.3,.670,2.1,3.6,5.7,1.1,0.7,0.5,1.0,2.1,5.9,2016
14060,58,Chris Bosh*,PF,31,MIA,53,53,33.5,6.8,14.5,.467,1.5,4.2,.365,5.2,10.3,.508,.520,4.0,5.1,.795,0.9,6.5,7.4,2.4,0.7,0.6,1.5,1.9,19.1,2016
14061,59,Avery Bradley,SG,25,BOS,76,72,33.4,6.0,13.4,.447,1.9,5.4,.361,4.1,8.1,.505,.520,1.3,1.6,.780,0.6,2.3,2.9,2.1,1.5,0.3,1.4,2.2,15.2,2016
14062,60,Elton Brand,C,36,PHI,17,1,13.2,1.8,4.2,.431,0.0,0.1,.000,1.8,4.2,.437,.431,0.5,0.5,.889,0.5,3.2,3.7,1.1,0.5,0.5,0.6,1.9,4.1,2016
14063,Rk,Player,Pos,Age,Tm,G,GS,MP,FG,FGA,FG%,3P,3PA,3P%,2P,2PA,2P%,eFG%,FT,FTA,FT%,ORB,DRB,TRB,AST,STL,BLK,TOV,PF,PTS,2016
14064,61,Corey Brewer,SF,29,HOU,82,12,20.4,2.6,6.7,.384,0.7,2.7,.272,1.8,4.0,.460,.439,1.3,1.7,.750,0.5,1.9,2.4,1.3,1.0,0.2,1.0,2.0,7.2,2016
14065,62,Aaron Brooks,PG,31,CHI,69,0,16.1,2.7,6.8,.401,1.0,2.7,.357,1.8,4.1,.430,.471,0.7,0.9,.766,0.3,1.2,1.5,2.6,0.4,0.1,1.2,1.9,7.1,2016
14066,63,Anthony Brown,SF,23,LAL,29,11,20.7,1.3,4.3,.310,0.7,2.4,.286,0.7,1.9,.339,.389,0.6,0.7,.850,0.3,2.1,2.4,0.7,0.5,0.2,0.5,1.2,4.0,2016
14067,64,Lorenzo Brown,PG,25,PHO,8,0,7.6,1.0,3.1,.320,0.1,1.0,.125,0.9,2.1,.412,.340,0.4,0.5,.750,0.0,0.9,0.9,1.4,0.4,0.1,1.1,0.5,2.5,2016
14068,65,Markel Brown,SG,24,BRK,62,6,15.8,2.0,5.2,.394,0.6,2.0,.314,1.4,3.2,.443,.453,1.1,1.5,.755,0.4,1.6,2.0,1.5,0.6,0.2,0.9,1.5,5.9,2016
14069,66,Kobe Bryant*,SF,37,LAL,66,66,28.2,6.0,16.9,.358,2.0,7.1,.285,4.0,9.8,.410,.417,3.5,4.3,.826,0.6,3.1,3.7,2.8,0.9,0.2,2.0,1.7,17.6,2016
14070,67,Chase Budinger,SF,27,TOT,66,2,14.1,1.6,3.6,.435,0.4,1.3,.279,1.2,2.3,.523,.485,0.6,0.8,.696,0.7,1.6,2.3,1.0,0.5,0.2,0.7,0.9,4.1,2016
14071,67,Chase Budinger,SF,27,IND,49,2,14.9,1.7,4.0,.418,0.4,1.4,.290,1.2,2.6,.488,.469,0.7,1.0,.708,0.6,1.8,2.5,1.0,0.6,0.2,0.6,0.9,4.4,2016
14072,67,Chase Budinger,SF,27,PHO,17,0,11.8,1.4,2.6,.511,0.2,1.0,.235,1.1,1.6,.679,.556,0.3,0.5,.625,0.7,1.0,1.7,0.9,0.2,0.1,0.8,0.9,3.2,2016
14073,68,Reggie Bullock,SF,24,DET,37,0,11.6,1.2,2.6,.439,0.6,1.4,.415,0.6,1.2,.467,.551,0.4,0.4,.933,0.4,1.5,1.8,0.7,0.3,0.1,0.2,0.8,3.3,2016
14074,69,Trey Burke,PG,23,UTA,64,0,21.3,4.1,9.9,.413,1.4,4.0,.344,2.7,5.9,.460,.483,1.0,1.3,.817,0.3,1.5,1.8,2.3,0.5,0.1,1.3,1.3,10.6,2016
14075,70,Alec Burks,SG,24,UTA,31,3,25.7,4.4,10.8,.410,1.0,2.5,.405,3.4,8.2,.412,.458,3.4,4.5,.752,0.5,3.0,3.5,2.0,0.6,0.1,1.6,2.3,13.3,2016
14076,71,Caron Butler,SF,35,SAC,17,1,10.4,1.5,3.5,.424,0.2,1.1,.167,1.3,2.4,.537,.449,0.6,0.7,.833,0.3,1.0,1.3,0.6,0.5,0.1,0.2,1.1,3.7,2016
14077,72,Jimmy Butler,SG,26,CHI,67,67,36.9,7.0,15.4,.454,1.0,3.1,.312,6.1,12.4,.489,.485,5.9,7.1,.832,1.2,4.2,5.3,4.8,1.6,0.6,2.0,1.9,20.9,2016
14078,73,Rasual Butler,SF,36,SAS,46,0,9.4,1.1,2.3,.471,0.3,1.1,.306,0.7,1.2,.618,.543,0.2,0.3,.688,0.1,1.2,1.2,0.5,0.3,0.5,0.2,0.2,2.7,2016
14079,74,Bruno Caboclo,SF,20,TOR,6,1,7.2,0.2,2.0,.083,0.2,1.2,.143,0.0,0.8,.000,.125,0.0,0.0,,0.2,0.2,0.3,0.2,0.3,0.2,0.7,0.3,0.5,2016
14080,75,José Calderón,PG,34,NYK,72,72,28.1,2.9,6.3,.459,1.2,2.8,.414,1.7,3.5,.496,.552,0.6,0.7,.875,0.3,2.9,3.2,4.1,0.9,0.1,1.2,1.9,7.6,2016
14081,76,Kentavious Caldwell-Pope,SG,22,DET,76,76,36.7,5.3,12.6,.420,1.5,4.9,.309,3.8,7.8,.489,.479,2.4,3.0,.811,0.9,2.8,3.7,1.8,1.4,0.2,1.4,2.2,14.5,2016
14082,77,Isaiah Canaan,SG,24,PHI,77,39,25.5,3.4,9.4,.360,2.3,6.3,.363,1.1,3.1,.354,.482,1.9,2.3,.833,0.3,2.0,2.3,1.8,0.7,0.2,1.2,1.7,11.0,2016
14083,78,Clint Capela,C,21,HOU,77,35,19.1,3.0,5.2,.582,0.0,0.0,.000,3.0,5.1,.583,.582,1.0,2.7,.379,2.5,3.9,6.4,0.6,0.8,1.2,0.8,2.5,7.0,2016
14084,79,DeMarre Carroll,SF,29,TOR,26,22,30.2,4.0,10.4,.389,1.8,4.5,.390,2.3,5.8,.388,.474,1.2,1.9,.600,1.2,3.5,4.7,1.0,1.7,0.2,1.1,2.4,11.0,2016
14085,80,Vince Carter,SG,39,MEM,60,3,16.8,2.2,5.7,.388,1.0,2.8,.349,1.2,2.9,.425,.474,1.2,1.4,.833,0.5,1.9,2.4,0.9,0.6,0.3,0.6,1.7,6.6,2016
14086,Rk,Player,Pos,Age,Tm,G,GS,MP,FG,FGA,FG%,3P,3PA,3P%,2P,2PA,2P%,eFG%,FT,FTA,FT%,ORB,DRB,TRB,AST,STL,BLK,TOV,PF,PTS,2016
14087,81,Michael Carter-Williams,PG,24,MIL,54,37,30.5,4.6,10.3,.452,0.3,1.0,.273,4.4,9.3,.472,.466,2.0,3.0,.654,0.9,4.2,5.1,5.2,1.5,0.8,2.8,3.0,11.5,2016
14088,82,Omri Casspi,PF,27,SAC,69,21,27.2,4.3,9.0,.481,1.6,4.0,.409,2.7,5.0,.537,.571,1.5,2.3,.648,0.8,5.1,5.9,1.4,0.8,0.2,1.4,2.2,11.8,2016
14089,83,Willie Cauley-Stein,C,22,SAC,66,39,21.4,2.9,5.1,.563,0.0,0.0,.000,2.9,5.1,.567,.563,1.2,1.9,.648,2.0,3.3,5.3,0.6,0.7,1.0,0.7,2.2,7.0,2016
14090,84,Mario Chalmers,PG,29,TOT,61,7,22.5,3.0,7.3,.410,0.8,2.4,.309,2.2,4.8,.461,.462,3.6,4.3,.832,0.4,2.2,2.6,3.8,1.4,0.2,1.8,3.0,10.3,2016
14091,84,Mario Chalmers,PG,29,MIA,6,0,20.0,1.7,5.3,.313,0.2,1.8,.091,1.5,3.5,.429,.328,2.0,2.2,.923,0.2,2.2,2.3,3.2,1.3,0.2,1.5,2.7,5.5,2016
14092,84,Mario Chalmers,PG,29,MEM,55,7,22.8,3.1,7.5,.417,0.8,2.5,.326,2.3,5.0,.464,.472,3.7,4.5,.827,0.4,2.2,2.6,3.8,1.5,0.2,1.8,3.0,10.8,2016
14093,85,Tyson Chandler,C,33,PHO,66,60,24.5,2.8,4.8,.583,0.0,0.0,.000,2.8,4.7,.585,.583,1.6,2.6,.620,2.7,6.1,8.7,1.0,0.5,0.7,1.4,2.2,7.2,2016
14094,86,Rakeem Christmas,PF,24,IND,1,0,6.0,2.0,2.0,1.000,0.0,0.0,,2.0,2.0,1.000,1.000,0.0,0.0,,1.0,0.0,1.0,0.0,0.0,0.0,0.0,1.0,4.0,2016
14095,87,Ian Clark,SG,24,GSW,66,1,8.8,1.3,3.1,.441,0.5,1.3,.357,0.9,1.8,.500,.515,0.4,0.5,.824,0.2,0.8,1.0,1.0,0.3,0.2,0.7,0.9,3.6,2016
14096,88,Coty Clarke,SF,23,BOS,3,0,2.0,0.7,1.3,.500,0.7,0.7,1.000,0.0,0.7,.000,.750,0.0,0.0,,0.0,0.3,0.3,0.0,0.0,0.0,0.3,0.0,2.0,2016
14097,89,Jordan Clarkson,SG,23,LAL,79,79,32.3,6.0,13.9,.433,1.4,4.1,.347,4.6,9.8,.468,.483,2.1,2.6,.804,1.2,2.8,4.0,2.4,1.1,0.1,1.7,2.1,15.5,2016
14098,90,Norris Cole,PG,27,NOP,45,23,26.6,4.4,10.8,.405,0.7,2.3,.324,3.6,8.5,.427,.439,1.2,1.4,.800,0.2,3.1,3.4,3.7,0.8,0.1,1.7,2.3,10.6,2016
14099,91,Darren Collison,PG,28,SAC,74,15,30.0,5.1,10.5,.486,1.2,2.9,.401,3.9,7.6,.519,.542,2.6,3.1,.858,0.4,1.9,2.3,4.3,1.0,0.1,1.8,1.9,14.0,2016
14100,92,Nick Collison,PF,35,OKC,59,4,11.8,0.8,1.8,.459,0.0,0.0,.000,0.8,1.8,.467,.459,0.4,0.6,.697,1.2,1.7,2.9,0.9,0.3,0.3,0.8,1.8,2.1,2016
14101,93,Mike Conley,PG,28,MEM,56,56,31.4,5.3,12.4,.422,1.4,3.8,.363,3.9,8.6,.449,.478,3.4,4.1,.834,0.5,2.5,2.9,6.1,1.2,0.3,1.5,1.8,15.3,2016
14102,94,Pat Connaughton,SG,23,POR,34,0,4.2,0.4,1.4,.265,0.1,0.6,.238,0.2,0.8,.286,.316,0.1,0.1,1.000,0.3,0.6,0.9,0.3,0.1,0.0,0.3,0.2,1.1,2016
14103,95,Chris Copeland,PF,31,MIL,24,1,6.5,0.7,2.1,.333,0.4,1.5,.278,0.3,0.6,.467,.431,0.3,0.3,.857,0.0,0.4,0.4,0.5,0.1,0.0,0.3,0.7,2.1,2016
14104,96,Bryce Cotton,PG,23,TOT,8,0,4.9,0.5,1.3,.400,0.0,0.4,.000,0.5,0.9,.571,.400,0.0,0.0,,0.0,0.0,0.0,0.4,0.4,0.0,0.6,0.3,1.0,2016
14105,96,Bryce Cotton,PG,23,PHO,3,0,11.0,0.7,2.7,.250,0.0,1.0,.000,0.7,1.7,.400,.250,0.0,0.0,,0.0,0.0,0.0,1.0,1.0,0.0,1.7,0.7,1.3,2016
14106,96,Bryce Cotton,PG,23,MEM,5,0,1.2,0.4,0.4,1.000,0.0,0.0,,0.4,0.4,1.000,1.000,0.0,0.0,,0.0,0.0,0.0,0.0,0.0,0.0,0.0,0.0,0.8,2016
14107,97,DeMarcus Cousins,C,25,SAC,65,65,34.6,9.2,20.5,.451,1.1,3.2,.333,8.2,17.3,.473,.477,7.3,10.2,.718,2.4,9.1,11.5,3.3,1.6,1.4,3.8,3.6,26.9,2016
14108,98,Robert Covington,SF,25,PHI,67,49,28.4,4.1,10.6,.385,2.5,7.2,.353,1.6,3.4,.452,.504,2.1,2.6,.791,1.0,5.3,6.3,1.4,1.6,0.6,2.1,3.5,12.8,2016
14109,99,Allen Crabbe,SG,23,POR,81,8,26.0,3.8,8.4,.459,1.4,3.5,.393,2.5,4.9,.506,.541,1.2,1.4,.867,0.3,2.3,2.7,1.2,0.8,0.2,0.8,2.4,10.3,2016
14110,100,Jamal Crawford,SG,35,LAC,79,5,26.9,4.8,11.9,.404,1.5,4.4,.340,3.3,7.5,.440,.466,3.1,3.4,.904,0.3,1.6,1.8,2.3,0.7,0.2,1.4,1.5,14.2,2016
14111,Rk,Player,Pos,Age,Tm,G,GS,MP,FG,FGA,FG%,3P,3PA,3P%,2P,2PA,2P%,eFG%,FT,FTA,FT%,ORB,DRB,TRB,AST,STL,BLK,TOV,PF,PTS,2016
14112,101,Jae Crowder,SF,25,BOS,73,73,31.6,4.9,11.1,.443,1.7,5.0,.336,3.3,6.2,.529,.518,2.7,3.3,.820,1.0,4.2,5.1,1.8,1.7,0.5,1.1,2.7,14.2,2016
14113,102,Dante Cunningham,SF,28,NOP,80,46,24.6,2.3,5.2,.451,0.7,2.2,.316,1.6,3.0,.550,.518,0.7,1.0,.695,0.7,2.2,3.0,1.0,0.5,0.4,0.5,2.2,6.1,2016
14114,103,Jared Cunningham,SG,24,TOT,44,3,9.3,0.8,2.4,.343,0.3,0.9,.308,0.5,1.5,.364,.400,0.8,1.3,.655,0.1,0.8,0.9,0.5,0.3,0.0,0.5,0.9,2.7,2016
14115,103,Jared Cunningham,SG,24,CLE,40,3,8.9,0.8,2.3,.352,0.3,0.8,.313,0.6,1.5,.373,.407,0.8,1.2,.625,0.1,0.7,0.7,0.5,0.3,0.1,0.5,0.9,2.6,2016
14116,103,Jared Cunningham,SG,24,MIL,4,0,13.8,1.0,3.5,.286,0.5,1.8,.286,0.5,1.8,.286,.357,1.5,1.8,.857,0.0,2.3,2.3,0.3,0.5,0.0,0.8,1.0,4.0,2016
14117,104,Seth Curry,PG,25,SAC,44,9,15.7,2.3,5.1,.455,1.1,2.5,.450,1.2,2.6,.460,.567,1.0,1.2,.833,0.2,1.2,1.4,1.5,0.5,0.1,0.8,0.9,6.8,2016
14118,105,Stephen Curry,PG,27,GSW,79,79,34.2,10.2,20.2,.504,5.1,11.2,.454,5.1,9.0,.566,.630,4.6,5.1,.908,0.9,4.6,5.4,6.7,2.1,0.2,3.3,2.0,30.1,2016
14119,106,Troy Daniels,SG,24,CHO,43,0,11.1,2.1,4.3,.476,1.4,2.8,.484,0.7,1.5,.462,.634,0.1,0.2,.556,0.2,1.2,1.3,0.5,0.3,0.1,0.6,0.9,5.6,2016
14120,107,Anthony Davis,C,22,NOP,61,61,35.5,9.2,18.6,.493,0.6,1.8,.324,8.6,16.9,.511,.508,5.3,7.0,.758,2.1,8.1,10.3,1.9,1.3,2.0,2.0,2.4,24.3,2016
14121,108,Ed Davis,PF,26,POR,81,0,20.8,2.5,4.2,.611,0.0,0.0,,2.5,4.2,.611,.611,1.4,2.5,.559,2.8,4.6,7.4,1.1,0.7,0.9,0.8,2.5,6.5,2016
14122,109,Branden Dawson,PF,22,LAC,6,0,4.8,0.3,0.8,.400,0.0,0.0,,0.3,0.8,.400,.400,0.2,0.2,1.000,0.3,0.3,0.7,0.0,0.0,0.2,0.0,0.3,0.8,2016
14123,110,Dewayne Dedmon,C,26,ORL,58,20,12.2,1.7,3.1,.559,0.0,0.0,,1.7,3.1,.559,.559,1.0,1.3,.750,1.2,2.8,3.9,0.2,0.4,0.8,0.6,1.9,4.4,2016
14124,111,Bryce Dejean-Jones,SG,23,NOP,14,11,19.9,2.0,4.9,.406,0.9,2.3,.375,1.1,2.6,.432,.493,0.8,1.5,.524,0.6,2.9,3.4,1.1,0.7,0.1,0.8,1.2,5.6,2016
14125,112,Sam Dekker,PF,21,HOU,3,0,2.0,0.0,0.0,,0.0,0.0,,0.0,0.0,,,0.0,0.0,,0.0,0.3,0.3,0.0,0.3,0.0,0.0,0.0,0.0,2016
14126,113,Matthew Dellavedova,PG,25,CLE,76,14,24.6,2.7,6.7,.405,1.3,3.1,.410,1.4,3.6,.401,.501,0.8,0.9,.864,0.4,1.7,2.1,4.4,0.6,0.1,1.5,2.3,7.5,2016
14127,114,Luol Deng,PF,30,MIA,74,73,32.4,4.6,10.1,.455,1.2,3.5,.344,3.4,6.6,.513,.514,2.0,2.6,.755,1.5,4.5,6.0,1.9,1.0,0.4,1.1,1.6,12.3,2016
14128,115,DeMar DeRozan,SG,26,TOR,78,78,35.9,7.9,17.7,.446,0.6,1.8,.338,7.3,15.9,.458,.463,7.1,8.4,.850,0.8,3.7,4.5,4.0,1.0,0.3,2.2,2.1,23.5,2016
14129,116,Boris Diaw,PF,33,SAS,76,4,18.2,2.7,5.0,.527,0.3,0.9,.362,2.3,4.1,.564,.560,0.7,1.0,.737,0.8,2.3,3.1,2.3,0.3,0.3,1.3,1.3,6.4,2016
14130,117,Gorgui Dieng,C,26,MIN,82,39,27.1,3.8,7.1,.532,0.1,0.2,.300,3.7,6.8,.540,.537,2.5,3.0,.827,1.9,5.2,7.1,1.7,1.1,1.2,1.7,2.7,10.1,2016
14131,118,Spencer Dinwiddie,PG,22,DET,12,0,13.3,1.6,4.5,.352,0.1,0.8,.100,1.5,3.7,.409,.361,1.6,2.8,.576,0.3,1.1,1.4,1.8,0.3,0.0,0.6,1.7,4.8,2016
14132,119,Toney Douglas,PG,29,NOP,61,18,20.7,3.0,7.3,.411,1.3,3.3,.399,1.7,4.0,.421,.502,1.4,1.6,.848,0.4,1.9,2.3,2.6,1.1,0.1,1.0,2.1,8.7,2016
14133,120,Goran Dragić,PG,29,MIA,72,72,32.8,5.8,12.2,.477,0.9,2.8,.312,4.9,9.3,.527,.513,1.7,2.3,.727,0.8,3.1,3.8,5.8,1.0,0.2,2.6,2.6,14.1,2016
14134,Rk,Player,Pos,Age,Tm,G,GS,MP,FG,FGA,FG%,3P,3PA,3P%,2P,2PA,2P%,eFG%,FT,FTA,FT%,ORB,DRB,TRB,AST,STL,BLK,TOV,PF,PTS,2016
14135,121,Andre Drummond,C,22,DET,81,81,32.9,6.8,13.1,.521,0.0,0.1,.333,6.8,13.0,.522,.522,2.6,7.2,.355,4.9,9.9,14.8,0.8,1.5,1.4,1.9,3.0,16.2,2016
14136,122,Jared Dudley,PF,30,WAS,81,41,25.9,2.9,6.0,.478,1.2,2.9,.420,1.6,3.1,.534,.581,0.9,1.2,.735,0.7,2.9,3.5,2.1,0.9,0.2,1.0,2.3,7.9,2016
14137,123,Duje Dukan,SF,24,SAC,1,0,24.0,2.0,10.0,.200,2.0,5.0,.400,0.0,5.0,.000,.300,0.0,0.0,,2.0,2.0,4.0,1.0,1.0,0.0,0.0,2.0,6.0,2016
14138,124,Tim Duncan*,C,39,SAS,61,60,25.2,3.5,7.2,.488,0.0,0.0,.000,3.5,7.2,.490,.488,1.5,2.1,.702,1.9,5.4,7.3,2.7,0.8,1.3,1.5,2.0,8.6,2016
14139,125,Mike Dunleavy,SF,35,CHI,31,30,22.7,2.5,6.1,.410,1.3,3.2,.394,1.2,2.9,.427,.513,0.9,1.2,.784,0.3,2.4,2.7,1.3,0.5,0.3,0.8,2.1,7.2,2016
14140,126,Kevin Durant,SF,27,OKC,72,72,35.8,9.7,19.2,.505,2.6,6.7,.387,7.1,12.5,.569,.573,6.2,6.9,.898,0.6,7.6,8.2,5.0,1.0,1.2,3.5,1.9,28.2,2016
14141,127,Cleanthony Early,SF,24,NYK,17,2,9.1,0.7,2.4,.300,0.2,0.9,.267,0.5,1.5,.320,.350,0.2,0.2,.750,0.2,1.3,1.5,0.4,0.1,0.2,0.5,0.9,1.8,2016
14142,128,Jarell Eddie,SF,24,WAS,26,0,5.7,0.8,2.5,.308,0.6,1.8,.319,0.2,0.7,.278,.423,0.3,0.3,1.000,0.1,0.8,0.9,0.2,0.2,0.0,0.0,0.2,2.4,2016
14143,129,Wayne Ellington,SG,28,BRK,76,41,21.3,2.9,7.4,.389,1.3,3.5,.358,1.6,3.9,.416,.474,0.7,0.8,.857,0.3,2.0,2.3,1.1,0.6,0.1,0.6,1.1,7.7,2016
14144,130,Monta Ellis,SG,30,IND,81,81,33.8,5.4,12.6,.427,1.1,3.5,.309,4.3,9.1,.472,.470,2.0,2.5,.786,0.5,2.8,3.3,4.7,1.9,0.5,2.5,2.1,13.8,2016
14145,131,James Ennis III,SF,25,TOT,22,5,15.0,2.5,5.1,.478,1.2,2.6,.448,1.3,2.5,.509,.593,1.1,1.5,.735,1.0,1.0,1.9,1.0,0.7,0.2,0.9,1.3,7.2,2016
14146,131,James Ennis III,SF,25,MIA,3,0,2.3,0.0,0.0,,0.0,0.0,,0.0,0.0,,,0.0,0.0,,0.0,0.0,0.0,0.3,0.0,0.0,0.0,0.3,0.0,2016
14147,131,James Ennis III,SF,25,MEM,10,0,4.0,0.4,1.3,.308,0.2,0.8,.250,0.2,0.5,.400,.385,0.6,1.0,.600,0.4,0.3,0.7,0.2,0.4,0.2,0.2,0.1,1.6,2016
14148,131,James Ennis III,SF,25,NOP,9,5,31.3,5.6,11.1,.500,2.7,5.6,.480,2.9,5.6,.520,.620,2.1,2.7,.792,1.9,2.0,3.9,2.0,1.3,0.3,1.9,2.9,15.9,2016
14149,132,Tyler Ennis,PG,21,MIL,46,7,14.2,1.8,4.1,.449,0.3,0.8,.333,1.5,3.2,.480,.484,0.5,0.7,.735,0.3,1.3,1.6,2.1,0.5,0.0,1.0,1.4,4.5,2016
14150,133,Jeremy Evans,SF,28,DAL,30,2,8.4,0.9,1.6,.542,0.1,0.5,.250,0.7,1.1,.688,.583,0.5,0.7,.714,0.4,1.4,1.8,0.1,0.2,0.3,0.2,0.6,2.4,2016
14151,134,Tyreke Evans,SG,26,NOP,25,25,30.6,5.4,12.6,.433,1.3,3.4,.388,4.1,9.2,.450,.486,3.0,3.7,.796,0.8,4.4,5.2,6.6,1.3,0.3,2.9,2.6,15.2,2016
14152,135,Festus Ezeli,C,26,GSW,46,13,16.7,2.7,5.0,.548,0.0,0.0,,2.7,5.0,.548,.548,1.5,2.9,.530,2.0,3.6,5.6,0.7,0.4,1.1,0.8,2.0,7.0,2016
14153,136,Kenneth Faried,PF,26,DEN,67,64,25.3,5.2,9.3,.558,0.0,0.0,.500,5.2,9.3,.558,.558,2.0,3.3,.613,3.5,5.2,8.7,1.2,0.5,0.9,1.4,2.5,12.5,2016
14154,137,Jordan Farmar,PG,29,MEM,12,10,24.3,3.5,8.3,.420,1.3,3.8,.356,2.2,4.6,.473,.500,0.8,0.8,1.000,0.3,1.8,2.1,3.1,1.3,0.2,1.5,1.8,9.2,2016
14155,138,Derrick Favors,PF,24,UTA,62,59,32.0,6.7,13.1,.515,0.0,0.1,.000,6.7,13.0,.518,.515,2.9,4.1,.709,2.7,5.4,8.1,1.5,1.2,1.5,1.7,2.4,16.4,2016
14156,139,Cristiano Felício,C,23,CHI,31,4,10.4,1.3,2.3,.556,0.0,0.1,.000,1.3,2.2,.588,.556,0.8,1.1,.714,1.0,2.3,3.3,0.8,0.2,0.4,0.4,1.0,3.4,2016
14157,140,Raymond Felton,PG,31,DAL,80,31,27.4,3.5,8.5,.406,0.8,2.7,.282,2.7,5.9,.463,.450,1.9,2.2,.847,0.5,2.8,3.2,3.6,0.9,0.2,1.5,1.8,9.5,2016
14158,Rk,Player,Pos,Age,Tm,G,GS,MP,FG,FGA,FG%,3P,3PA,3P%,2P,2PA,2P%,eFG%,FT,FTA,FT%,ORB,DRB,TRB,AST,STL,BLK,TOV,PF,PTS,2016
14159,141,Evan Fournier,SF,23,ORL,79,71,32.5,5.4,11.8,.462,2.0,4.9,.400,3.5,6.8,.506,.546,2.5,3.0,.836,0.4,2.4,2.8,2.7,1.2,0.0,1.7,2.7,15.4,2016
14160,142,Randy Foye,SG,32,TOT,81,8,20.3,2.1,6.0,.351,0.9,3.1,.300,1.2,2.9,.405,.428,0.8,0.9,.824,0.3,1.6,1.9,2.0,0.5,0.4,1.1,1.6,5.9,2016
14161,142,Randy Foye,SG,32,DEN,54,7,19.8,2.2,6.2,.351,0.9,3.1,.296,1.2,3.0,.409,.426,0.7,0.9,.830,0.3,1.6,1.9,2.1,0.5,0.3,1.1,1.5,6.0,2016
14162,142,Randy Foye,SG,32,OKC,27,1,21.2,1.9,5.5,.349,0.9,3.0,.309,1.0,2.5,.397,.433,0.8,1.0,.815,0.3,1.6,1.9,1.8,0.5,0.5,1.0,1.8,5.6,2016
14163,143,Tim Frazier,PG,25,TOT,51,2,14.5,1.9,4.5,.419,0.3,0.9,.333,1.6,3.5,.442,.454,1.0,1.5,.716,0.5,1.6,2.2,3.2,0.6,0.0,1.3,1.4,5.1,2016
14164,143,Tim Frazier,PG,25,POR,35,1,7.8,0.6,1.7,.333,0.1,0.5,.176,0.5,1.2,.395,.358,0.2,0.4,.533,0.3,0.8,1.1,1.2,0.3,0.0,0.8,0.9,1.5,2016
14165,143,Tim Frazier,PG,25,NOP,16,1,29.3,4.8,10.6,.450,0.8,1.9,.419,3.9,8.6,.457,.488,2.8,3.7,.763,0.9,3.5,4.4,7.5,1.4,0.1,2.4,2.6,13.1,2016
14166,144,Jimmer Fredette,SG,26,TOT,6,0,3.0,0.3,0.8,.400,0.2,0.3,.500,0.2,0.5,.333,.500,0.7,0.8,.800,0.0,0.0,0.0,0.2,0.2,0.0,0.3,0.3,1.5,2016
14167,144,Jimmer Fredette,SG,26,NOP,4,0,3.3,0.3,1.0,.250,0.0,0.3,.000,0.3,0.8,.333,.250,0.0,0.0,,0.0,0.0,0.0,0.3,0.3,0.0,0.3,0.3,0.5,2016
14168,144,Jimmer Fredette,SG,26,NYK,2,0,2.5,0.5,0.5,1.000,0.5,0.5,1.000,0.0,0.0,,1.500,2.0,2.5,.800,0.0,0.0,0.0,0.0,0.0,0.0,0.5,0.5,3.5,2016
14169,145,Enes Freedom,C,23,OKC,82,1,21.0,5.0,8.8,.576,0.1,0.3,.476,4.9,8.5,.579,.583,2.4,3.1,.797,3.0,5.1,8.1,0.4,0.3,0.4,1.4,2.0,12.7,2016
14170,146,Channing Frye,PF-C,32,TOT,70,32,17.1,2.2,5.0,.438,1.3,3.4,.387,0.9,1.6,.545,.569,0.4,0.5,.857,0.5,2.8,3.3,1.0,0.4,0.4,0.6,1.8,6.1,2016
14171,146,Channing Frye,PF,32,ORL,44,29,17.1,1.8,4.2,.435,1.1,2.8,.397,0.8,1.5,.508,.565,0.4,0.5,.905,0.5,2.7,3.2,1.0,0.5,0.5,0.7,1.6,5.2,2016
14172,146,Channing Frye,C,32,CLE,26,3,17.2,2.7,6.2,.441,1.7,4.4,.377,1.1,1.8,.596,.575,0.4,0.5,.786,0.5,3.1,3.6,1.0,0.3,0.3,0.5,2.2,7.5,2016
14173,147,Danilo Gallinari,SF,27,DEN,53,53,34.7,5.4,13.2,.410,1.6,4.5,.364,3.8,8.7,.434,.472,7.1,8.2,.868,1.0,4.3,5.3,2.5,0.8,0.4,1.5,1.6,19.5,2016
14174,148,Langston Galloway,PG,24,NYK,82,7,24.8,2.8,7.2,.393,0.9,2.7,.344,1.9,4.4,.423,.458,1.0,1.4,.754,0.5,3.0,3.5,2.5,0.9,0.3,0.7,2.2,7.6,2016
14175,149,Kevin Garnett*,PF,39,MIN,38,38,14.6,1.4,3.0,.470,0.0,0.0,.000,1.4,3.0,.474,.470,0.4,0.6,.667,0.4,3.6,3.9,1.6,0.7,0.3,0.4,1.8,3.2,2016
14176,150,Marc Gasol,C,31,MEM,52,52,34.4,6.3,13.6,.464,0.0,0.1,.667,6.3,13.5,.463,.465,3.9,4.7,.829,1.1,5.8,7.0,3.8,1.0,1.3,2.3,2.7,16.6,2016
14177,151,Pau Gasol,C,35,CHI,72,72,31.8,6.5,13.8,.469,0.3,1.0,.348,6.2,12.9,.478,.481,3.2,4.0,.792,2.2,8.9,11.0,4.1,0.6,2.0,2.3,2.1,16.5,2016
14178,152,Rudy Gay,SF,29,SAC,70,70,34.0,6.7,14.4,.463,1.1,3.1,.344,5.6,11.3,.495,.500,2.8,3.6,.780,1.5,5.0,6.5,1.7,1.4,0.7,2.0,2.6,17.2,2016
14179,153,Alonzo Gee,SF,28,NOP,73,38,22.4,1.8,3.5,.518,0.2,0.8,.283,1.6,2.7,.590,.551,0.6,0.9,.667,0.8,2.5,3.4,1.0,0.9,0.2,0.8,2.3,4.5,2016
14180,154,Paul George,SF,25,IND,81,81,34.8,7.5,17.9,.418,2.6,7.0,.371,4.9,10.9,.447,.490,5.6,6.5,.860,1.0,6.0,7.0,4.1,1.9,0.4,3.3,2.8,23.1,2016
14181,155,Taj Gibson,PF,30,CHI,73,55,26.5,3.6,6.8,.526,0.0,0.0,.000,3.6,6.8,.529,.526,1.4,2.0,.692,2.8,4.1,6.9,1.5,0.6,1.1,1.1,2.5,8.6,2016
14182,156,Manu Ginóbili*,SG,38,SAS,58,0,19.6,3.4,7.5,.453,1.2,3.1,.391,2.2,4.4,.496,.533,1.6,1.9,.813,0.4,2.1,2.5,3.1,1.1,0.2,1.7,1.7,9.6,2016
14183,157,Rudy Gobert,C,23,UTA,61,60,31.7,3.2,5.8,.559,0.0,0.0,,3.2,5.8,.559,.559,2.6,4.6,.569,3.4,7.5,11.0,1.5,0.7,2.2,1.9,2.7,9.1,2016
14184,158,Drew Gooden,PF,34,WAS,30,0,10.2,1.1,3.4,.320,0.2,1.4,.171,0.9,2.1,.419,.354,0.3,0.5,.643,0.9,1.9,2.8,0.4,0.3,0.4,0.4,1.3,2.7,2016
14185,159,Archie Goodwin,PG,21,PHO,57,13,19.5,3.1,7.4,.417,0.4,1.7,.232,2.7,5.7,.474,.444,2.3,3.4,.674,0.5,2.0,2.5,2.1,0.5,0.2,1.8,1.5,8.9,2016
14186,160,Aaron Gordon,PF,20,ORL,78,37,23.9,3.5,7.4,.473,0.5,1.8,.296,3.0,5.6,.531,.509,1.7,2.5,.668,2.0,4.5,6.5,1.6,0.8,0.7,0.8,2.0,9.2,2016
14187,Rk,Player,Pos,Age,Tm,G,GS,MP,FG,FGA,FG%,3P,3PA,3P%,2P,2PA,2P%,eFG%,FT,FTA,FT%,ORB,DRB,TRB,AST,STL,BLK,TOV,PF,PTS,2016
14188,161,Eric Gordon,SG,27,NOP,45,44,32.9,5.1,12.3,.418,2.5,6.5,.384,2.6,5.7,.457,.521,2.5,2.8,.888,0.2,2.0,2.2,2.7,1.0,0.3,1.6,2.2,15.2,2016
14189,162,Marcin Gortat,C,31,WAS,75,74,30.1,5.8,10.2,.567,0.0,0.0,.000,5.8,10.2,.567,.567,1.9,2.8,.705,3.0,6.9,9.9,1.4,0.6,1.3,1.6,2.6,13.5,2016
14190,163,Andrew Goudelock,PG,27,HOU,8,0,6.3,1.1,2.5,.450,0.1,1.1,.111,1.0,1.4,.727,.475,0.4,0.5,.750,0.1,0.1,0.3,0.5,0.8,0.3,0.9,0.5,2.8,2016
14191,164,Jerami Grant,PF,21,PHI,77,52,26.8,3.3,7.8,.419,0.5,1.9,.240,2.8,5.9,.477,.448,2.8,4.2,.658,1.3,3.4,4.7,1.8,0.7,1.6,1.4,2.8,9.7,2016
14192,165,Jerian Grant,PG,23,NYK,76,6,16.6,2.0,5.1,.394,0.3,1.3,.220,1.7,3.8,.454,.422,1.3,1.6,.780,0.3,1.6,1.9,2.3,0.7,0.1,1.1,1.3,5.6,2016
14193,166,Danny Green,SG,28,SAS,79,79,26.1,2.7,7.1,.376,1.5,4.4,.332,1.2,2.7,.448,.480,0.4,0.6,.739,0.6,3.2,3.8,1.8,1.0,0.8,0.9,1.8,7.2,2016
14194,167,Draymond Green,PF,25,GSW,81,81,34.7,5.0,10.1,.490,1.2,3.2,.388,3.7,6.9,.537,.551,2.8,4.1,.696,1.7,7.8,9.5,7.4,1.5,1.4,3.2,3.0,14.0,2016
14195,168,Erick Green,PG,24,TOT,9,0,4.7,0.6,1.4,.385,0.1,0.6,.200,0.4,0.9,.500,.423,0.2,0.2,1.000,0.3,0.3,0.7,0.3,0.1,0.0,0.0,0.4,1.4,2016
14196,168,Erick Green,PG,24,DEN,3,0,2.3,0.0,0.3,.000,0.0,0.3,.000,0.0,0.0,,.000,0.0,0.0,,0.0,0.3,0.3,0.3,0.0,0.0,0.0,0.0,0.0,2016
14197,168,Erick Green,PG,24,UTA,6,0,5.8,0.8,2.0,.417,0.2,0.7,.250,0.7,1.3,.500,.458,0.3,0.3,1.000,0.5,0.3,0.8,0.3,0.2,0.0,0.0,0.7,2.2,2016
14198,169,Gerald Green,SG,30,MIA,69,14,22.6,3.3,8.5,.392,1.2,3.8,.323,2.1,4.7,.446,.463,1.0,1.3,.783,0.4,2.0,2.4,0.8,0.6,0.3,0.7,1.8,8.9,2016
14199,170,JaMychal Green,PF,25,MEM,78,15,18.5,2.9,6.3,.465,0.2,0.6,.333,2.8,5.8,.478,.480,1.3,1.8,.752,1.8,3.0,4.8,0.9,0.6,0.4,1.1,2.4,7.4,2016
14200,171,Jeff Green,SF,29,TOT,80,41,28.2,4.4,10.3,.430,0.8,2.7,.315,3.6,7.6,.470,.470,2.1,2.8,.745,0.9,3.2,4.2,1.7,0.7,0.5,1.2,2.1,11.7,2016
14201,171,Jeff Green,SF,29,MEM,53,31,29.1,4.5,10.5,.431,0.8,2.6,.309,3.7,7.9,.470,.469,2.3,2.9,.800,1.0,3.5,4.5,1.8,0.8,0.4,1.3,1.9,12.2,2016
14202,171,Jeff Green,SF,29,LAC,27,10,26.3,4.2,9.9,.427,0.9,2.9,.325,3.3,7.0,.468,.474,1.5,2.4,.615,0.7,2.7,3.4,1.5,0.7,0.8,0.9,2.3,10.9,2016
14203,172,Blake Griffin,PF,26,LAC,35,35,33.4,8.6,17.2,.499,0.2,0.5,.333,8.4,16.7,.504,.504,4.0,5.5,.727,1.5,6.9,8.4,4.9,0.8,0.5,2.4,2.7,21.4,2016
14204,173,Jorge Gutiérrez,PG,27,CHO,12,0,5.3,0.5,0.9,.545,0.0,0.2,.000,0.5,0.8,.667,.545,0.8,0.9,.909,0.0,0.6,0.6,1.4,0.3,0.0,0.5,0.3,1.8,2016
14205,174,P.J. Hairston,SF,23,TOT,66,52,19.9,2.2,6.2,.355,1.1,3.7,.290,1.1,2.5,.449,.441,0.8,1.0,.781,0.4,2.3,2.6,0.6,0.5,0.2,0.6,2.1,6.2,2016
14206,174,P.J. Hairston,SF,23,CHO,48,43,19.5,2.1,5.8,.359,1.1,3.6,.314,0.9,2.2,.433,.457,0.7,0.9,.810,0.4,2.3,2.7,0.6,0.5,0.1,0.5,2.2,6.0,2016
14207,174,P.J. Hairston,SF,23,MEM,18,9,20.8,2.6,7.3,.348,0.9,3.8,.232,1.7,3.5,.476,.409,0.9,1.2,.727,0.4,2.2,2.6,0.5,0.4,0.2,0.9,1.7,6.9,2016
14208,175,Jordan Hamilton,SF,25,NOP,11,4,27.6,4.5,10.5,.422,1.2,4.1,.289,3.3,6.5,.507,.478,1.3,1.9,.667,1.1,4.5,5.6,2.3,0.7,0.3,1.5,2.2,11.4,2016
14209,176,Tyler Hansbrough,PF,30,CHO,44,0,7.8,0.7,1.6,.451,0.0,0.1,.667,0.7,1.5,.441,.465,0.9,1.5,.585,0.9,1.1,2.0,0.2,0.3,0.2,0.3,1.3,2.4,2016
14210,177,Tim Hardaway Jr.,SG,23,ATL,51,1,16.9,2.2,5.2,.430,0.9,2.8,.338,1.3,2.4,.537,.521,1.0,1.1,.893,0.1,1.5,1.7,1.0,0.4,0.1,0.5,0.9,6.4,2016
14211,178,James Harden,SG,26,HOU,82,82,38.1,8.7,19.7,.439,2.9,8.0,.359,5.8,11.7,.494,.512,8.8,10.2,.860,0.8,5.3,6.1,7.5,1.7,0.6,4.6,2.8,29.0,2016
14212,179,Maurice Harkless,SF,22,POR,78,14,18.7,2.5,5.3,.474,0.5,1.8,.279,2.0,3.5,.576,.522,0.9,1.4,.622,1.3,2.3,3.6,0.9,0.6,0.4,0.8,1.6,6.4,2016
14213,180,Justin Harper,PF,26,DET,5,0,7.0,0.8,2.0,.400,0.8,1.8,.444,0.0,0.2,.000,.600,0.2,0.4,.500,0.0,0.2,0.2,0.0,0.2,0.0,0.4,0.6,2.6,2016
14214,Rk,Player,Pos,Age,Tm,G,GS,MP,FG,FGA,FG%,3P,3PA,3P%,2P,2PA,2P%,eFG%,FT,FTA,FT%,ORB,DRB,TRB,AST,STL,BLK,TOV,PF,PTS,2016
14215,181,Montrezl Harrell,PF,22,HOU,39,1,9.7,1.5,2.3,.644,0.0,0.0,.000,1.5,2.3,.652,.644,0.6,1.2,.522,0.6,1.0,1.7,0.4,0.3,0.3,0.4,1.2,3.6,2016
14216,182,Devin Harris,PG,32,DAL,64,0,20.0,2.6,5.8,.447,0.8,2.5,.329,1.8,3.4,.532,.516,1.6,2.2,.721,0.3,1.9,2.2,1.8,0.9,0.2,1.0,1.9,7.6,2016
14217,183,Gary Harris,SG,21,DEN,76,76,32.1,4.7,10.1,.469,1.4,3.9,.354,3.3,6.2,.543,.538,1.4,1.8,.820,0.7,2.2,2.9,1.9,1.3,0.2,1.3,1.9,12.3,2016
14218,184,Joe Harris,SG,24,CLE,5,0,3.0,0.2,0.8,.250,0.2,0.8,.250,0.0,0.0,,.375,0.0,0.0,,0.0,0.6,0.6,0.4,0.0,0.0,0.2,0.2,0.6,2016
14219,185,Tobias Harris,PF,23,TOT,76,74,33.1,5.5,11.7,.469,1.1,3.1,.335,4.4,8.6,.518,.514,2.7,3.2,.831,1.3,5.4,6.7,2.2,0.9,0.5,1.4,2.0,14.7,2016
14220,185,Tobias Harris,PF,23,ORL,49,49,32.9,5.1,11.0,.464,1.0,3.1,.311,4.2,8.0,.523,.507,2.4,3.1,.784,1.4,5.5,7.0,2.0,1.0,0.6,1.6,1.9,13.7,2016
14221,185,Tobias Harris,PF,23,DET,27,25,33.4,6.1,12.9,.477,1.2,3.3,.375,4.9,9.6,.512,.524,3.0,3.3,.911,0.9,5.3,6.2,2.6,0.7,0.4,1.1,2.3,16.6,2016
14222,186,Aaron Harrison,SG,21,CHO,21,0,4.4,0.2,0.9,.263,0.1,0.5,.300,0.1,0.4,.222,.342,0.2,0.6,.417,0.2,0.5,0.7,0.1,0.3,0.0,0.2,0.5,0.9,2016
14223,187,Udonis Haslem,PF,35,MIA,37,0,7.0,0.6,1.6,.377,0.0,0.2,.111,0.6,1.4,.423,.385,0.3,0.4,.750,0.3,1.8,2.0,0.4,0.1,0.1,0.1,0.7,1.6,2016
14224,188,Spencer Hawes,PF,27,CHO,57,6,18.2,2.2,5.4,.405,0.7,1.8,.373,1.5,3.6,.422,.467,0.9,1.1,.831,0.9,3.4,4.3,1.9,0.4,0.5,1.0,1.9,6.0,2016
14225,189,Chuck Hayes,C,32,HOU,2,0,12.0,0.5,1.0,.500,0.0,0.0,,0.5,1.0,.500,.500,1.0,1.0,1.000,0.0,4.0,4.0,1.0,0.0,0.0,1.5,3.0,2.0,2016
14226,190,Gordon Hayward,SF,25,UTA,80,80,36.2,6.5,15.0,.433,1.8,5.1,.349,4.7,9.9,.477,.493,4.9,6.0,.824,0.8,4.2,5.0,3.7,1.2,0.3,2.5,2.3,19.7,2016
14227,191,Gerald Henderson,SG,28,POR,72,0,19.9,3.2,7.3,.439,0.7,1.9,.353,2.6,5.5,.468,.484,1.6,2.0,.767,0.4,2.5,2.9,1.0,0.5,0.3,0.9,1.2,8.7,2016
14228,192,John Henson,C,25,MIL,57,1,16.8,2.9,5.1,.564,0.0,0.0,.000,2.9,5.1,.566,.564,1.2,2.1,.590,1.5,2.4,3.9,0.9,0.3,1.9,1.1,2.3,7.0,2016
14229,193,Mario Hezonja,SF,20,ORL,79,9,17.9,2.3,5.3,.433,0.8,2.4,.349,1.4,2.9,.504,.513,0.6,0.7,.907,0.4,1.9,2.2,1.4,0.5,0.2,1.2,1.6,6.1,2016
14230,194,Roy Hibbert,C,29,LAL,81,81,23.2,2.2,5.1,.443,0.0,0.0,.000,2.2,5.0,.445,.443,1.4,1.8,.807,1.6,3.3,4.9,1.2,0.4,1.4,0.9,3.1,5.9,2016
14231,195,J.J. Hickson,C,27,TOT,35,9,12.5,2.3,4.4,.516,0.0,0.0,.000,2.3,4.4,.519,.516,1.3,2.9,.447,1.1,2.7,3.8,0.7,0.4,0.4,0.7,1.3,5.9,2016
14232,195,J.J. Hickson,C,27,DEN,20,9,15.3,2.8,5.5,.505,0.0,0.0,,2.8,5.5,.505,.505,1.4,3.0,.458,1.1,3.3,4.4,0.8,0.5,0.6,0.8,1.8,6.9,2016
14233,195,J.J. Hickson,C,27,WAS,15,0,8.7,1.7,3.1,.543,0.0,0.1,.000,1.7,3.0,.556,.543,1.3,2.9,.432,1.1,1.9,3.0,0.5,0.3,0.1,0.6,0.8,4.6,2016
14234,196,Nenê,PF,33,WAS,57,11,19.2,3.7,6.7,.544,0.0,0.1,.000,3.7,6.7,.549,.544,1.9,3.2,.578,0.9,3.6,4.5,1.7,0.9,0.5,1.3,2.7,9.2,2016
14235,197,George Hill,PG,29,IND,74,73,34.1,4.4,10.0,.441,1.7,4.2,.408,2.7,5.7,.466,.528,1.5,2.0,.760,0.8,3.2,4.0,3.5,1.1,0.2,1.4,2.0,12.1,2016
14236,198,Jordan Hill,C,28,IND,73,11,20.7,3.8,7.5,.506,0.0,0.0,.000,3.8,7.5,.507,.506,1.2,1.7,.712,2.1,4.0,6.2,1.2,0.5,0.5,1.3,2.1,8.8,2016
14237,199,Solomon Hill,SF,24,IND,59,3,14.7,1.6,3.5,.447,0.4,1.3,.324,1.2,2.3,.515,.505,0.6,0.7,.857,0.7,2.2,2.8,1.0,0.6,0.2,0.6,1.2,4.2,2016
14238,200,Darrun Hilliard,SG,22,DET,38,2,10.1,1.4,3.4,.397,0.5,1.3,.380,0.9,2.1,.407,.469,0.8,1.1,.725,0.1,1.1,1.2,0.7,0.2,0.0,0.5,0.7,4.0,2016
14239,Rk,Player,Pos,Age,Tm,G,GS,MP,FG,FGA,FG%,3P,3PA,3P%,2P,2PA,2P%,eFG%,FT,FTA,FT%,ORB,DRB,TRB,AST,STL,BLK,TOV,PF,PTS,2016
14240,201,Kirk Hinrich,PG,35,TOT,46,7,13.7,1.1,2.8,.380,0.5,1.3,.387,0.5,1.5,.373,.473,0.3,0.3,.938,0.2,1.3,1.5,1.6,0.3,0.0,0.7,1.4,3.0,2016
14241,201,Kirk Hinrich,PG,35,CHI,35,7,15.9,1.3,3.4,.398,0.7,1.6,.411,0.7,1.8,.387,.496,0.4,0.5,.938,0.2,1.5,1.7,1.7,0.4,0.0,0.8,1.8,3.8,2016
14242,201,Kirk Hinrich,PG,35,ATL,11,0,6.9,0.2,1.0,.182,0.1,0.5,.167,0.1,0.5,.200,.227,0.0,0.0,,0.1,1.0,1.1,1.3,0.2,0.1,0.3,0.1,0.5,2016
14243,202,Jrue Holiday,PG,25,NOP,65,23,28.2,6.3,14.4,.439,1.3,4.0,.336,5.0,10.4,.478,.485,2.8,3.3,.843,0.4,2.6,3.0,6.0,1.4,0.3,2.6,2.3,16.8,2016
14244,203,Justin Holiday,SG,26,TOT,53,5,14.6,1.7,4.3,.386,0.7,2.0,.343,1.0,2.3,.423,.465,0.5,0.7,.730,0.2,1.5,1.7,1.1,0.6,0.4,0.7,1.2,4.5,2016
14245,203,Justin Holiday,SG,26,ATL,26,1,10.1,0.9,2.8,.329,0.4,1.7,.222,0.5,1.1,.500,.397,0.2,0.4,.500,0.2,0.9,1.0,0.4,0.5,0.2,0.5,0.8,2.4,2016
14246,203,Justin Holiday,SG,26,CHI,27,4,18.9,2.4,5.7,.413,1.0,2.2,.433,1.4,3.5,.400,.497,0.8,1.0,.815,0.3,2.0,2.3,1.7,0.7,0.6,1.0,1.5,6.5,2016
14247,204,Ryan Hollins,C,31,TOT,37,12,12.4,1.3,2.1,.620,0.0,0.0,,1.3,2.1,.620,.620,0.7,1.1,.619,1.3,1.4,2.6,0.3,0.2,0.6,0.6,1.7,3.4,2016
14248,204,Ryan Hollins,C,31,WAS,5,3,9.6,0.8,1.4,.571,0.0,0.0,,0.8,1.4,.571,.571,0.0,0.0,,1.4,0.8,2.2,0.0,0.0,0.2,0.6,0.8,1.6,2016
14249,204,Ryan Hollins,C,31,MEM,32,9,12.9,1.4,2.3,.625,0.0,0.0,,1.4,2.3,.625,.625,0.8,1.3,.619,1.3,1.5,2.7,0.3,0.2,0.6,0.7,1.8,3.6,2016
14250,205,Rondae Hollis-Jefferson,SF,21,BRK,29,17,21.2,2.2,4.8,.457,0.1,0.5,.286,2.0,4.3,.476,.471,1.3,1.8,.712,1.3,4.0,5.3,1.5,1.3,0.6,0.9,2.1,5.8,2016
14251,206,Richaun Holmes,PF,22,PHI,51,1,13.8,2.2,4.4,.514,0.2,0.9,.182,2.1,3.5,.596,.532,1.0,1.5,.689,1.2,1.4,2.6,0.6,0.4,0.8,0.6,1.8,5.6,2016
14252,207,Rodney Hood,SG,23,UTA,79,79,32.2,5.2,12.3,.420,2.0,5.7,.359,3.1,6.6,.472,.503,2.2,2.5,.860,0.5,2.9,3.4,2.7,0.9,0.2,1.6,2.6,14.5,2016
14253,208,Al Horford,C,29,ATL,82,82,32.1,6.5,12.8,.505,1.1,3.1,.344,5.4,9.7,.557,.547,1.3,1.6,.798,1.8,5.5,7.3,3.2,0.8,1.5,1.3,2.0,15.2,2016
14254,209,Dwight Howard,C,30,HOU,71,71,32.1,5.2,8.5,.620,0.0,0.1,.000,5.2,8.4,.626,.620,3.3,6.7,.489,3.4,8.4,11.8,1.4,1.0,1.6,2.3,3.1,13.7,2016
14255,210,Marcelo Huertas,PG,32,LAL,53,0,16.4,1.8,4.3,.422,0.3,1.2,.262,1.5,3.2,.479,.457,0.5,0.5,.931,0.3,1.4,1.7,3.4,0.5,0.1,1.5,1.4,4.5,2016
14256,211,Josh Huestis,PF,24,OKC,5,0,11.0,1.0,2.4,.417,0.8,1.2,.667,0.2,1.2,.167,.583,0.0,0.8,.000,0.4,1.6,2.0,0.0,0.2,0.4,0.6,0.6,2.8,2016
14257,212,Kris Humphries,PF,30,TOT,53,17,15.8,2.3,5.6,.410,0.6,2.0,.315,1.6,3.5,.465,.468,1.3,1.6,.798,1.1,3.0,4.1,0.7,0.3,0.4,0.7,1.8,6.5,2016
14258,212,Kris Humphries,PF,30,WAS,28,14,16.6,2.3,5.6,.405,0.8,2.4,.343,1.5,3.3,.451,.478,1.0,1.1,.935,0.9,3.2,4.1,0.6,0.1,0.5,0.7,1.5,6.4,2016
14259,212,Kris Humphries,PF,30,PHO,4,3,18.5,2.5,9.0,.278,0.8,2.5,.300,1.8,6.5,.269,.319,1.5,2.0,.750,2.8,5.3,8.0,1.8,0.8,0.5,1.0,2.0,7.3,2016
14260,212,Kris Humphries,PF,30,ATL,21,0,14.0,2.2,4.8,.465,0.4,1.5,.258,1.9,3.3,.557,.505,1.5,2.1,.711,1.0,2.4,3.4,0.6,0.5,0.3,0.7,2.1,6.4,2016
14261,213,R.J. Hunter,SG,22,BOS,36,0,8.8,1.0,2.7,.367,0.5,1.8,.302,0.5,1.0,.486,.464,0.2,0.2,.857,0.1,1.0,1.0,0.4,0.4,0.1,0.3,0.8,2.7,2016
14262,214,Serge Ibaka,PF,26,OKC,78,78,32.1,5.3,11.1,.479,0.8,2.4,.326,4.6,8.8,.520,.513,1.2,1.6,.752,1.8,5.0,6.8,0.8,0.5,1.9,1.4,2.7,12.6,2016
14263,215,Andre Iguodala,SF,32,GSW,65,1,26.6,2.7,5.7,.478,0.8,2.4,.351,1.9,3.3,.570,.552,0.8,1.3,.614,0.8,3.2,4.0,3.4,1.1,0.3,1.2,1.6,7.0,2016
14264,216,Ersan İlyasova,PF,28,TOT,74,56,25.4,3.8,8.9,.424,1.3,3.5,.371,2.5,5.4,.458,.496,1.5,2.1,.721,1.9,3.5,5.4,0.9,0.7,0.4,1.0,2.3,10.4,2016
14265,216,Ersan İlyasova,PF,28,DET,52,52,27.6,4.2,9.8,.425,1.5,4.1,.363,2.7,5.6,.471,.502,1.5,2.1,.725,1.9,3.5,5.4,1.1,0.7,0.5,1.1,2.3,11.3,2016
14266,216,Ersan İlyasova,PF,28,ORL,22,4,20.3,2.9,7.0,.418,0.8,2.0,.409,2.1,5.0,.422,.477,1.5,2.0,.711,2.0,3.5,5.5,0.5,0.6,0.3,0.5,2.3,8.1,2016
14267,217,Joe Ingles,SF,28,UTA,81,2,15.3,1.5,3.6,.426,1.0,2.6,.386,0.5,1.0,.531,.565,0.2,0.2,.722,0.2,1.6,1.9,1.2,0.7,0.0,0.8,1.2,4.2,2016
14268,218,Damien Inglis,SF,20,MIL,20,1,7.8,0.7,1.9,.351,0.2,0.7,.231,0.5,1.2,.417,.392,0.4,0.4,.875,0.1,1.5,1.6,0.5,0.3,0.2,0.6,0.6,1.8,2016
14269,219,Kyrie Irving,PG,23,CLE,53,53,31.5,7.4,16.6,.448,1.6,4.9,.321,5.8,11.6,.502,.496,3.2,3.6,.885,0.8,2.1,3.0,4.7,1.1,0.3,2.3,2.0,19.6,2016
14270,220,Jarrett Jack,PG,32,BRK,32,32,32.1,4.4,11.2,.391,1.0,3.2,.304,3.4,8.0,.426,.434,3.1,3.5,.893,0.3,4.0,4.3,7.4,1.1,0.2,2.9,2.4,12.8,2016
14271,Rk,Player,Pos,Age,Tm,G,GS,MP,FG,FGA,FG%,3P,3PA,3P%,2P,2PA,2P%,eFG%,FT,FTA,FT%,ORB,DRB,TRB,AST,STL,BLK,TOV,PF,PTS,2016
14272,221,Reggie Jackson,PG,25,DET,79,79,30.7,6.8,15.7,.434,1.5,4.2,.353,5.3,11.5,.464,.482,3.7,4.3,.864,0.7,2.5,3.2,6.2,0.7,0.1,2.8,2.4,18.8,2016
14273,222,LeBron James,SF,31,CLE,76,76,35.6,9.7,18.6,.520,1.1,3.7,.309,8.6,14.9,.573,.551,4.7,6.5,.731,1.5,6.0,7.4,6.8,1.4,0.6,3.3,1.9,25.3,2016
14274,223,Al Jefferson,C,31,CHO,47,18,23.3,5.2,10.7,.485,0.0,0.0,,5.2,10.7,.485,.485,1.5,2.4,.649,1.2,5.2,6.4,1.5,0.6,0.9,0.7,2.5,12.0,2016
14275,224,Cory Jefferson,PF,25,PHO,8,0,6.3,1.1,2.8,.409,0.0,0.1,.000,1.1,2.6,.429,.409,0.5,0.8,.667,0.8,1.3,2.0,0.0,0.0,0.1,0.0,1.0,2.8,2016
14276,225,Richard Jefferson,SF,35,CLE,74,5,17.9,1.9,4.2,.458,0.9,2.3,.382,1.0,1.9,.554,.564,0.8,1.2,.667,0.2,1.5,1.7,0.8,0.4,0.2,0.6,1.7,5.5,2016
14277,226,John Jenkins,SG,24,TOT,43,3,11.2,1.7,3.7,.444,0.4,1.2,.314,1.3,2.5,.505,.494,0.5,0.6,.833,0.2,1.1,1.3,0.8,0.2,0.0,0.6,0.5,4.1,2016
14278,226,John Jenkins,SG,24,DAL,21,1,9.2,1.4,3.3,.414,0.1,0.9,.158,1.2,2.4,.510,.436,0.4,0.4,.889,0.2,0.9,1.0,0.4,0.1,0.0,0.5,0.5,3.3,2016
14279,226,John Jenkins,SG,24,PHO,22,2,13.0,1.9,4.1,.467,0.6,1.5,.406,1.3,2.6,.500,.539,0.5,0.7,.800,0.2,1.4,1.6,1.2,0.2,0.0,0.7,0.5,5.0,2016
14280,227,Brandon Jennings,PG,26,TOT,48,7,18.1,2.3,6.3,.368,1.1,3.2,.329,1.3,3.1,.409,.452,1.2,1.6,.731,0.3,1.7,2.0,3.5,0.6,0.1,1.2,1.2,6.9,2016
14281,227,Brandon Jennings,PG,26,DET,23,1,18.1,2.3,6.2,.371,1.0,3.3,.312,1.3,2.9,.439,.455,1.2,1.7,.711,0.2,1.8,2.0,3.0,0.5,0.1,1.0,1.0,6.8,2016
14282,227,Brandon Jennings,PG,26,ORL,25,6,18.1,2.4,6.4,.366,1.1,3.1,.346,1.3,3.3,.386,.450,1.2,1.6,.750,0.4,1.6,2.0,4.0,0.7,0.2,1.4,1.3,7.0,2016
14283,228,Jonas Jerebko,PF,28,BOS,78,0,15.1,1.5,3.7,.413,0.6,1.4,.398,1.0,2.3,.421,.488,0.8,1.0,.782,1.0,2.7,3.7,0.8,0.3,0.3,0.7,1.8,4.4,2016
14284,229,Amir Johnson,PF,28,BOS,79,76,22.8,3.2,5.4,.585,0.1,0.5,.233,3.0,4.8,.624,.596,0.9,1.5,.570,2.3,4.1,6.4,1.7,0.7,1.1,1.2,2.7,7.3,2016
14285,230,Chris Johnson,SF,25,UTA,70,2,12.2,1.0,2.8,.371,0.4,1.4,.273,0.6,1.4,.474,.441,0.5,0.6,.810,0.4,1.5,1.9,0.6,0.5,0.3,0.6,1.4,2.9,2016
14286,231,James Johnson,PF,28,TOR,57,32,16.2,2.0,4.2,.475,0.4,1.2,.303,1.6,3.1,.540,.517,0.7,1.2,.574,0.5,1.7,2.2,1.2,0.5,0.6,0.9,1.5,5.0,2016
14287,232,Joe Johnson,SF,34,TOT,81,81,33.4,4.7,10.6,.439,1.5,3.9,.383,3.2,6.7,.471,.509,1.5,1.8,.831,0.6,3.0,3.6,3.9,0.8,0.0,2.0,1.8,12.2,2016
14288,232,Joe Johnson,SF,34,BRK,57,57,33.9,4.3,10.7,.406,1.5,4.0,.371,2.8,6.6,.427,.476,1.6,1.9,.852,0.6,3.3,3.9,4.1,0.7,0.0,2.0,1.8,11.8,2016
14289,232,Joe Johnson,SF,34,MIA,24,24,32.0,5.4,10.5,.518,1.5,3.5,.417,4.0,7.0,.569,.588,1.1,1.4,.765,0.6,2.2,2.8,3.6,0.9,0.1,1.8,1.9,13.4,2016
14290,233,Orlando Johnson,SG,26,TOT,7,1,14.4,1.3,4.9,.265,0.3,1.4,.200,1.0,3.4,.292,.294,0.9,1.1,.750,0.6,1.6,2.1,0.3,0.4,0.4,0.6,1.3,3.7,2016
14291,233,Orlando Johnson,SG,26,PHO,2,0,23.5,2.5,8.5,.294,0.5,2.5,.200,2.0,6.0,.333,.324,2.5,3.0,.833,1.5,3.0,4.5,0.0,1.0,1.5,0.5,2.5,8.0,2016
14292,233,Orlando Johnson,SG,26,NOP,5,1,10.8,0.8,3.4,.235,0.2,1.0,.200,0.6,2.4,.250,.265,0.2,0.4,.500,0.2,1.0,1.2,0.4,0.2,0.0,0.6,0.8,2.0,2016
14293,234,Stanley Johnson,SF,19,DET,73,6,23.1,3.1,8.2,.375,0.9,2.8,.307,2.2,5.4,.410,.428,1.1,1.4,.784,0.8,3.4,4.2,1.6,0.8,0.2,1.6,2.4,8.1,2016
14294,235,Tyler Johnson,SG,23,MIA,36,5,24.0,3.3,6.8,.486,0.8,2.0,.380,2.5,4.8,.529,.541,1.4,1.8,.797,0.8,2.3,3.0,2.2,0.7,0.4,1.3,1.8,8.7,2016
14295,236,Wesley Johnson,SF,28,LAC,80,9,20.8,2.6,6.4,.404,1.3,3.9,.333,1.3,2.6,.510,.504,0.4,0.6,.652,0.5,2.6,3.1,0.6,1.1,0.7,0.7,2.2,6.9,2016
14296,237,Nikola Jokić,C,20,DEN,80,55,21.7,3.8,7.5,.512,0.4,1.1,.333,3.5,6.5,.541,.535,1.9,2.4,.811,2.3,4.7,7.0,2.4,1.0,0.6,1.3,2.6,10.0,2016
14297,238,Dahntay Jones,SF,35,CLE,1,0,42.0,6.0,14.0,.429,1.0,2.0,.500,5.0,12.0,.417,.464,0.0,0.0,,1.0,4.0,5.0,2.0,1.0,2.0,0.0,6.0,13.0,2016
14298,239,James Jones,SF,35,CLE,48,0,9.6,1.2,3.0,.408,0.9,2.2,.394,0.4,0.8,.447,.553,0.4,0.5,.808,0.2,0.9,1.0,0.3,0.2,0.2,0.3,1.0,3.7,2016
14299,240,Terrence Jones,PF,24,HOU,50,11,20.9,3.3,7.3,.452,0.5,1.6,.316,2.8,5.8,.490,.486,1.5,2.3,.664,1.2,3.0,4.2,0.8,0.5,0.8,1.0,1.7,8.7,2016
14300,Rk,Player,Pos,Age,Tm,G,GS,MP,FG,FGA,FG%,3P,3PA,3P%,2P,2PA,2P%,eFG%,FT,FTA,FT%,ORB,DRB,TRB,AST,STL,BLK,TOV,PF,PTS,2016
14301,241,Tyus Jones,PG,19,MIN,37,0,15.5,1.5,4.2,.359,0.4,1.4,.302,1.1,2.8,.388,.410,0.8,1.1,.718,0.2,1.1,1.3,2.9,0.8,0.1,0.9,0.9,4.2,2016
14302,242,DeAndre Jordan,C,27,LAC,77,77,33.7,4.6,6.6,.703,0.0,0.0,.000,4.6,6.6,.704,.703,3.5,8.0,.430,3.5,10.3,13.8,1.2,0.7,2.3,1.4,2.7,12.7,2016
14303,243,Cory Joseph,SG,24,TOR,80,4,25.6,3.2,7.3,.439,0.4,1.4,.273,2.8,5.9,.478,.465,1.7,2.2,.764,0.5,2.1,2.6,3.1,0.8,0.3,1.3,1.6,8.5,2016
14304,244,Chris Kaman,C,33,POR,16,2,7.0,1.3,2.7,.465,0.1,0.3,.250,1.2,2.4,.487,.477,0.2,0.2,1.000,0.4,1.1,1.5,0.7,0.1,0.1,0.5,0.9,2.8,2016
14305,245,Frank Kaminsky,C,22,CHO,81,3,21.1,2.7,6.5,.410,0.8,2.5,.337,1.8,4.0,.455,.474,1.3,1.8,.730,0.9,3.3,4.1,1.2,0.5,0.5,0.7,1.6,7.5,2016
14306,246,Sergey Karasev,SF,22,BRK,40,5,10.0,0.8,1.9,.405,0.3,0.9,.297,0.5,0.9,.514,.480,0.7,0.7,.929,0.2,1.3,1.5,0.9,0.2,0.1,0.6,0.7,2.4,2016
14307,247,Sasha Kaun,C,30,CLE,25,0,3.8,0.4,0.7,.529,0.0,0.0,,0.4,0.7,.529,.529,0.2,0.4,.455,0.5,0.6,1.0,0.1,0.2,0.2,0.3,0.4,0.9,2016
14308,248,Ryan Kelly,PF,24,LAL,36,0,13.1,1.5,4.1,.369,0.1,1.0,.135,1.4,3.1,.446,.386,1.0,1.5,.685,0.6,2.8,3.4,0.6,0.4,0.3,0.5,1.1,4.2,2016
14309,249,Michael Kidd-Gilchrist,SF,22,CHO,7,7,29.3,4.7,8.7,.541,0.4,1.0,.429,4.3,7.7,.556,.566,2.9,4.1,.690,1.7,4.7,6.4,1.3,0.4,0.4,1.1,1.3,12.7,2016
14310,250,Sean Kilpatrick,SG,26,TOT,31,0,19.9,4.0,8.7,.456,1.3,3.7,.342,2.7,5.0,.538,.528,1.9,2.2,.896,0.4,1.4,1.8,0.9,0.4,0.1,1.0,1.2,11.1,2016
14311,250,Sean Kilpatrick,SG,26,DEN,8,0,10.3,1.0,2.6,.381,0.5,2.1,.235,0.5,0.5,1.000,.476,0.9,1.0,.875,0.3,0.5,0.8,0.4,0.3,0.0,0.5,0.9,3.4,2016
14312,250,Sean Kilpatrick,SG,26,BRK,23,0,23.2,5.0,10.8,.462,1.5,4.2,.361,3.5,6.6,.526,.532,2.3,2.6,.898,0.4,1.7,2.2,1.1,0.4,0.1,1.2,1.3,13.8,2016
14313,251,Brandon Knight,SG,24,PHO,52,50,36.0,7.1,17.2,.415,2.3,6.8,.342,4.8,10.5,.461,.482,3.0,3.5,.852,0.7,3.2,3.9,5.1,1.2,0.4,3.4,2.4,19.6,2016
14314,252,Kyle Korver,SG,34,ATL,80,80,30.0,3.4,7.7,.435,2.0,5.0,.398,1.4,2.7,.502,.563,0.6,0.7,.833,0.2,3.1,3.3,2.1,0.8,0.4,1.2,2.0,9.2,2016
14315,253,Kosta Koufos,C,26,SAC,78,14,19.0,3.0,5.7,.532,0.0,0.0,,3.0,5.7,.532,.532,0.7,1.3,.548,2.2,3.3,5.4,0.4,0.5,0.9,0.6,2.4,6.8,2016
14316,254,Jeremy Lamb,SG,23,CHO,66,0,18.6,3.5,7.7,.451,0.8,2.7,.309,2.6,5.0,.529,.506,1.0,1.3,.727,0.7,3.2,3.8,1.2,0.6,0.5,0.8,1.6,8.8,2016
14317,255,Carl Landry,PF,32,PHI,36,12,15.8,3.9,6.9,.556,0.2,0.4,.462,3.7,6.6,.561,.568,1.9,2.5,.736,1.4,2.7,4.1,0.9,0.3,0.3,0.6,1.9,9.8,2016
14318,256,Shane Larkin,PG,23,BRK,78,17,22.4,2.8,6.4,.442,0.5,1.4,.361,2.3,5.1,.464,.481,1.1,1.4,.776,0.4,1.9,2.3,4.4,1.2,0.2,1.9,1.6,7.3,2016
14319,257,Joffrey Lauvergne,C,24,DEN,59,15,17.6,3.3,6.4,.513,0.2,0.9,.245,3.1,5.5,.557,.530,1.1,1.2,.899,1.3,3.6,4.9,0.9,0.2,0.3,0.9,1.9,7.9,2016
14320,258,Zach LaVine,SG,20,MIN,82,33,28.0,5.3,11.7,.452,1.5,3.9,.389,3.8,7.8,.482,.516,2.0,2.5,.793,0.3,2.5,2.8,3.1,0.8,0.2,1.9,2.4,14.0,2016
14321,259,Ty Lawson,PG,28,TOT,66,13,21.4,2.1,5.4,.393,0.5,1.6,.333,1.6,3.7,.419,.444,0.9,1.3,.686,0.4,1.4,1.8,3.6,0.8,0.1,1.4,1.3,5.7,2016
14322,259,Ty Lawson,PG,28,HOU,53,12,22.2,2.1,5.4,.387,0.6,1.8,.330,1.5,3.6,.415,.441,1.1,1.5,.700,0.4,1.3,1.7,3.4,0.8,0.1,1.5,1.3,5.8,2016
14323,259,Ty Lawson,PG,28,IND,13,1,18.1,2.2,5.2,.418,0.4,1.1,.357,1.8,4.1,.434,.455,0.2,0.5,.500,0.5,1.9,2.4,4.4,0.8,0.1,1.0,1.2,4.9,2016
14324,260,Courtney Lee,SG,30,TOT,79,65,29.5,3.7,8.1,.454,1.0,2.7,.378,2.6,5.3,.493,.518,1.3,1.5,.839,0.4,2.2,2.6,1.7,1.1,0.4,0.9,1.7,9.6,2016
14325,260,Courtney Lee,SG,30,MEM,51,37,29.2,3.8,8.2,.458,1.0,2.7,.370,2.8,5.5,.502,.519,1.5,1.8,.826,0.4,1.9,2.3,1.5,1.0,0.3,1.0,1.5,10.0,2016
14326,260,Courtney Lee,SG,30,CHO,28,28,30.2,3.5,7.9,.445,1.1,2.8,.392,2.4,5.0,.475,.516,0.8,0.9,.885,0.4,2.8,3.1,2.1,1.2,0.4,0.8,2.0,8.9,2016
14327,Rk,Player,Pos,Age,Tm,G,GS,MP,FG,FGA,FG%,3P,3PA,3P%,2P,2PA,2P%,eFG%,FT,FTA,FT%,ORB,DRB,TRB,AST,STL,BLK,TOV,PF,PTS,2016
14328,261,David Lee,PF,32,TOT,55,5,16.4,3.2,6.1,.531,0.0,0.0,.000,3.2,6.1,.533,.531,1.3,1.7,.763,1.8,3.7,5.5,1.5,0.4,0.5,1.2,2.1,7.8,2016
14329,261,David Lee,PF,32,BOS,30,4,15.7,2.9,6.4,.453,0.0,0.0,.000,2.9,6.4,.455,.453,1.3,1.7,.784,1.4,3.0,4.3,1.8,0.4,0.4,1.3,1.7,7.1,2016
14330,261,David Lee,PF,32,DAL,25,1,17.3,3.6,5.7,.636,0.0,0.0,,3.6,5.7,.636,.636,1.2,1.7,.738,2.4,4.6,7.0,1.2,0.4,0.6,1.1,2.5,8.5,2016
14331,262,Alex Len,C,22,PHO,78,46,23.3,3.4,8.0,.423,0.0,0.1,.143,3.4,7.9,.426,.424,2.2,3.1,.728,2.3,5.3,7.6,1.2,0.5,0.8,1.9,2.9,9.0,2016
14332,263,Kawhi Leonard,SF,24,SAS,72,72,33.1,7.7,15.1,.506,1.8,4.0,.443,5.9,11.1,.528,.565,4.1,4.6,.874,1.3,5.5,6.8,2.6,1.8,1.0,1.5,1.8,21.2,2016
14333,264,Meyers Leonard,PF,23,POR,61,10,21.9,3.2,7.1,.448,1.4,3.7,.377,1.8,3.4,.527,.547,0.6,0.8,.761,0.8,4.3,5.1,1.5,0.1,0.3,1.3,3.0,8.4,2016
14334,265,Jon Leuer,PF,26,PHO,67,27,18.7,3.3,7.0,.481,0.6,1.6,.382,2.7,5.3,.511,.526,1.1,1.5,.762,1.1,4.4,5.6,1.1,0.6,0.4,1.1,1.9,8.5,2016
14335,266,Damian Lillard,PG,25,POR,75,75,35.7,8.2,19.7,.419,3.1,8.1,.375,5.2,11.5,.450,.497,5.5,6.2,.892,0.6,3.4,4.0,6.8,0.9,0.4,3.2,2.2,25.1,2016
14336,267,Jeremy Lin,SG,27,CHO,78,13,26.3,3.8,9.3,.412,1.0,2.9,.336,2.9,6.4,.446,.464,3.1,3.7,.815,0.5,2.7,3.2,3.0,0.7,0.5,1.9,2.1,11.7,2016
14337,268,Shaun Livingston,PG,30,GSW,78,3,19.5,2.6,4.9,.536,0.0,0.2,.167,2.6,4.7,.548,.538,1.0,1.2,.860,0.5,1.6,2.2,3.0,0.7,0.3,1.0,1.8,6.3,2016
14338,269,Kevon Looney,PF,19,GSW,5,0,4.2,0.8,1.4,.571,0.2,0.4,.500,0.6,1.0,.600,.643,0.0,0.0,,0.8,1.2,2.0,0.0,0.0,0.0,0.2,0.4,1.8,2016
14339,270,Brook Lopez,C,27,BRK,73,73,33.7,8.1,15.8,.511,0.0,0.2,.143,8.1,15.7,.515,.512,4.3,5.5,.787,2.8,5.1,7.8,2.0,0.8,1.7,2.4,2.9,20.6,2016
14340,271,Robin Lopez,C,27,NYK,82,82,27.1,4.4,8.1,.539,0.0,0.0,.000,4.4,8.1,.540,.539,1.6,2.0,.795,3.3,4.1,7.3,1.4,0.2,1.6,1.6,2.2,10.3,2016
14341,272,Kevin Love,PF,27,CLE,77,77,31.5,5.3,12.7,.419,2.1,5.7,.360,3.3,7.0,.467,.499,3.4,4.1,.822,1.9,8.0,9.9,2.4,0.8,0.5,1.8,2.1,16.0,2016
14342,273,Kyle Lowry,PG,29,TOR,77,77,37.0,6.6,15.6,.427,2.8,7.1,.388,3.9,8.5,.461,.516,5.2,6.4,.811,0.7,4.0,4.7,6.4,2.1,0.4,2.9,2.7,21.2,2016
14343,274,Trey Lyles,PF,20,UTA,80,33,17.3,2.4,5.5,.438,0.6,1.6,.383,1.8,3.9,.461,.494,0.7,1.0,.695,0.7,3.0,3.7,0.7,0.3,0.2,0.8,1.4,6.1,2016
14344,275,Shelvin Mack,PG,25,TOT,52,27,20.3,3.5,8.0,.439,0.8,2.4,.312,2.8,5.6,.493,.486,0.9,1.2,.738,0.3,2.2,2.5,3.6,0.7,0.1,1.8,1.4,8.6,2016
14345,275,Shelvin Mack,PG,25,ATL,24,0,7.5,1.7,4.0,.421,0.2,1.1,.148,1.5,2.8,.529,.442,0.4,0.5,.750,0.1,0.8,0.9,1.6,0.3,0.0,0.6,0.3,3.9,2016
14346,275,Shelvin Mack,PG,25,UTA,28,27,31.4,5.1,11.4,.444,1.3,3.5,.357,3.8,7.9,.482,.498,1.3,1.8,.735,0.4,3.4,3.8,5.3,0.9,0.1,2.9,2.3,12.7,2016
14347,276,Ian Mahinmi,C,29,IND,71,71,25.6,3.7,6.3,.589,0.0,0.0,,3.7,6.3,.589,.589,1.9,3.2,.587,1.9,5.2,7.1,1.5,0.9,1.1,1.4,3.1,9.3,2016
14348,277,Devyn Marble,SG,23,ORL,28,0,8.9,0.8,2.5,.296,0.3,1.1,.250,0.5,1.4,.333,.352,0.4,0.9,.417,0.2,1.1,1.4,0.4,0.5,0.0,0.3,0.9,2.1,2016
14349,278,Boban Marjanović,C,27,SAS,54,4,9.4,1.9,3.2,.603,0.0,0.0,,1.9,3.2,.603,.603,1.6,2.1,.763,1.4,2.2,3.6,0.4,0.2,0.4,0.5,1.0,5.5,2016
14350,279,Kendall Marshall,PG,24,PHI,30,6,13.3,1.4,3.9,.364,0.5,1.6,.327,0.9,2.3,.391,.432,0.3,0.4,.692,0.1,0.9,0.9,2.4,0.5,0.1,1.4,1.0,3.7,2016
14351,280,Jarell Martin,PF,21,MEM,27,0,14.1,2.0,4.3,.466,0.0,0.1,.000,2.0,4.2,.474,.466,1.7,2.3,.726,1.4,1.7,3.2,0.6,0.3,0.3,0.7,2.1,5.7,2016
14352,Rk,Player,Pos,Age,Tm,G,GS,MP,FG,FGA,FG%,3P,3PA,3P%,2P,2PA,2P%,eFG%,FT,FTA,FT%,ORB,DRB,TRB,AST,STL,BLK,TOV,PF,PTS,2016
14353,281,Kevin Martin,SG,32,TOT,55,13,19.9,2.8,7.6,.372,0.9,2.5,.360,1.9,5.1,.378,.431,2.8,3.1,.890,0.3,1.7,2.0,1.1,0.5,0.1,1.0,1.5,9.3,2016
14354,281,Kevin Martin,SG,32,MIN,39,12,21.4,3.2,8.6,.377,1.0,2.6,.369,2.3,5.9,.381,.434,3.2,3.6,.880,0.3,1.8,2.1,1.2,0.4,0.0,1.1,1.7,10.6,2016
14355,281,Kevin Martin,SG,32,SAS,16,1,16.3,1.9,5.3,.353,0.7,2.1,.333,1.2,3.3,.365,.418,1.8,1.9,.933,0.3,1.6,1.8,0.8,0.6,0.1,0.8,0.9,6.2,2016
14356,282,Wesley Matthews,SF,29,DAL,78,78,33.9,4.2,10.9,.388,2.4,6.7,.360,1.8,4.2,.432,.498,1.6,1.9,.863,0.3,2.7,3.1,1.9,1.0,0.2,1.0,2.3,12.5,2016
14357,283,O.J. Mayo,SG,28,MIL,41,24,26.6,2.9,7.8,.371,1.3,4.0,.321,1.6,3.9,.421,.452,0.8,1.0,.775,0.3,2.2,2.6,2.9,1.2,0.2,1.8,3.1,7.8,2016
14358,284,Luc Mbah a Moute,PF,29,LAC,75,61,17.0,1.3,2.8,.454,0.2,0.5,.325,1.1,2.2,.485,.486,0.4,0.8,.526,0.8,1.5,2.3,0.4,0.6,0.3,0.5,1.3,3.1,2016
14359,285,James Michael McAdoo,PF,23,GSW,41,1,6.4,1.1,2.0,.536,0.0,0.0,.500,1.1,2.0,.537,.542,0.6,1.2,.531,0.7,0.7,1.4,0.4,0.2,0.2,0.4,1.0,2.9,2016
14360,286,Ray McCallum,PG,24,TOT,41,6,11.6,1.3,3.6,.377,0.4,1.0,.357,1.0,2.5,.385,.428,0.3,0.4,.800,0.2,1.0,1.1,1.5,0.3,0.2,0.6,0.7,3.3,2016
14361,286,Ray McCallum,PG,24,SAS,31,3,8.3,0.9,2.2,.403,0.2,0.5,.313,0.7,1.6,.431,.440,0.3,0.3,.900,0.2,0.8,1.0,1.1,0.2,0.1,0.4,0.5,2.2,2016
14362,286,Ray McCallum,PG,24,MEM,10,3,21.9,2.8,7.9,.354,1.0,2.6,.385,1.8,5.3,.340,.418,0.3,0.5,.600,0.2,1.4,1.6,2.7,0.7,0.3,1.3,1.5,6.9,2016
14363,287,CJ McCollum,SG,24,POR,80,80,34.8,8.0,17.9,.448,2.5,5.9,.417,5.6,12.0,.463,.517,2.3,2.8,.827,0.6,2.7,3.2,4.3,1.2,0.3,2.5,2.3,20.8,2016
14364,288,T.J. McConnell,PG,23,PHI,81,17,19.8,2.7,5.7,.470,0.4,1.1,.348,2.3,4.6,.499,.503,0.3,0.5,.634,0.5,2.6,3.1,4.5,1.2,0.1,1.7,1.4,6.1,2016
14365,289,Chris McCullough,PF,20,BRK,24,4,15.1,1.8,4.5,.404,0.5,1.4,.382,1.3,3.1,.413,.463,0.5,1.0,.478,1.0,1.8,2.8,0.4,1.2,0.5,0.6,1.6,4.7,2016
14366,290,K.J. McDaniels,SF,22,HOU,37,1,6.4,0.8,1.9,.403,0.2,0.7,.280,0.6,1.3,.468,.451,0.6,0.8,.800,0.4,0.7,1.1,0.3,0.2,0.2,0.5,0.8,2.4,2016
14367,291,Doug McDermott,SF,24,CHI,81,4,23.0,3.6,8.0,.452,1.4,3.2,.425,2.2,4.8,.470,.537,0.9,1.0,.857,0.5,2.0,2.4,0.7,0.2,0.1,0.7,1.6,9.4,2016
14368,292,Mitch McGary,PF,23,OKC,20,0,3.6,0.6,1.2,.478,0.0,0.2,.000,0.6,1.0,.579,.478,0.2,0.5,.400,0.2,0.7,0.9,0.2,0.1,0.1,0.4,0.5,1.3,2016
14369,293,JaVale McGee,C,28,DAL,34,2,10.9,2.3,3.9,.575,0.0,0.0,.000,2.3,3.9,.579,.575,0.5,1.1,.500,1.6,2.4,3.9,0.1,0.1,0.8,0.6,1.4,5.1,2016
14370,294,Ben McLemore,SG,22,SAC,68,53,21.2,2.9,6.7,.429,1.0,2.7,.362,1.9,4.0,.474,.502,1.1,1.5,.718,0.5,1.7,2.2,1.2,0.8,0.1,1.5,2.1,7.8,2016
14371,295,Jordan McRae,PG,24,TOT,22,1,8.9,1.5,3.5,.436,0.5,1.0,.455,1.1,2.5,.429,.500,1.0,1.3,.750,0.2,0.7,0.9,1.1,0.1,0.0,0.7,0.8,4.5,2016
14372,295,Jordan McRae,PG,24,PHO,7,0,11.7,1.6,3.7,.423,0.4,1.6,.273,1.1,2.1,.533,.481,1.7,2.1,.800,0.3,0.9,1.1,1.4,0.4,0.0,0.9,1.0,5.3,2016
14373,295,Jordan McRae,PG,24,CLE,15,1,7.5,1.5,3.5,.442,0.5,0.7,.636,1.1,2.7,.390,.510,0.6,0.9,.692,0.1,0.7,0.8,1.0,0.0,0.1,0.6,0.7,4.1,2016
14374,296,Josh McRoberts,PF,28,MIA,42,1,14.2,1.3,3.5,.372,0.3,1.2,.245,1.0,2.4,.434,.412,0.7,1.0,.700,0.5,2.0,2.5,1.9,0.4,0.2,0.7,1.6,3.6,2016
14375,297,Jodie Meeks,SG,28,DET,3,0,14.3,2.3,6.7,.350,1.3,3.0,.444,1.0,3.7,.273,.450,1.3,1.3,1.000,0.3,1.3,1.7,1.0,0.0,0.0,0.3,0.7,7.3,2016
14376,298,Salah Mejri,C,29,DAL,34,6,11.7,1.4,2.3,.628,0.0,0.0,.000,1.4,2.3,.636,.628,0.8,1.4,.587,1.2,2.4,3.6,0.3,0.2,1.1,0.7,1.6,3.7,2016
14377,299,Jordan Mickey,PF,21,BOS,16,0,3.6,0.5,1.4,.364,0.0,0.0,,0.5,1.4,.364,.364,0.3,0.6,.500,0.4,0.4,0.8,0.1,0.0,0.7,0.1,0.3,1.3,2016
14378,300,Khris Middleton,SG,24,MIL,79,79,36.1,6.4,14.5,.444,1.8,4.6,.396,4.6,9.9,.466,.507,3.5,3.9,.888,0.6,3.3,3.8,4.2,1.7,0.2,2.3,2.6,18.2,2016
14379,Rk,Player,Pos,Age,Tm,G,GS,MP,FG,FGA,FG%,3P,3PA,3P%,2P,2PA,2P%,eFG%,FT,FTA,FT%,ORB,DRB,TRB,AST,STL,BLK,TOV,PF,PTS,2016
14380,301,C.J. Miles,SF,28,IND,64,24,22.9,4.0,9.9,.409,2.2,6.0,.367,1.8,3.9,.474,.521,1.5,1.9,.750,0.4,2.3,2.7,1.0,0.8,0.5,1.1,2.2,11.8,2016
14381,302,Andre Miller,PG,39,TOT,39,4,11.8,1.5,2.7,.557,0.1,0.2,.250,1.5,2.5,.582,.566,0.6,0.8,.750,0.3,1.0,1.3,2.2,0.4,0.0,0.9,1.2,3.7,2016
14382,302,Andre Miller,PG,39,MIN,26,0,10.8,1.4,2.2,.621,0.0,0.2,.250,1.3,2.1,.648,.629,0.6,0.7,.789,0.2,0.7,0.9,2.2,0.3,0.0,1.0,1.2,3.4,2016
14383,302,Andre Miller,PG,39,SAS,13,4,13.9,1.8,3.7,.479,0.1,0.3,.250,1.7,3.4,.500,.490,0.7,1.0,.692,0.5,1.6,2.1,2.2,0.5,0.0,0.9,1.1,4.3,2016
14384,303,Mike Miller,SF,35,DEN,47,2,7.9,0.5,1.3,.355,0.4,1.1,.365,0.1,0.2,.300,.508,0.0,0.0,,0.1,1.0,1.1,0.9,0.3,0.1,0.4,1.1,1.3,2016
14385,304,Patty Mills,PG,27,SAS,81,3,20.5,3.2,7.6,.425,1.5,4.0,.384,1.7,3.6,.469,.525,0.6,0.7,.810,0.3,1.6,2.0,2.8,0.7,0.1,0.9,1.3,8.5,2016
14386,305,Elijah Millsap,SG,28,UTA,20,0,8.7,0.6,2.0,.282,0.1,0.6,.083,0.5,1.4,.370,.295,0.7,0.9,.722,0.3,1.5,1.8,1.0,0.4,0.2,0.5,1.7,1.8,2016
14387,306,Paul Millsap,PF,30,ATL,81,81,32.7,6.2,13.2,.470,0.9,2.9,.319,5.3,10.3,.512,.505,3.8,5.0,.757,2.4,6.6,9.0,3.3,1.8,1.7,2.4,2.9,17.1,2016
14388,307,Nikola Mirotić,PF,24,CHI,66,38,24.9,3.8,9.2,.407,2.0,5.2,.390,1.7,4.0,.430,.518,2.2,2.7,.807,0.9,4.6,5.5,1.5,0.9,0.7,1.5,2.3,11.8,2016
14389,308,Nazr Mohammed,C,38,OKC,5,0,3.8,0.6,1.0,.600,0.0,0.0,,0.6,1.0,.600,.600,0.4,0.4,1.000,0.2,0.6,0.8,0.0,0.0,0.0,0.6,0.8,1.6,2016
14390,309,Greg Monroe,C,25,MIL,79,67,29.3,6.2,11.9,.522,0.0,0.0,.000,6.2,11.9,.522,.522,2.9,3.9,.740,2.8,6.1,8.8,2.3,0.9,0.8,1.6,2.1,15.3,2016
14391,310,Luis Montero,SG,22,POR,12,0,3.5,0.4,1.6,.263,0.1,0.8,.111,0.3,0.8,.400,.289,0.3,0.3,.750,0.0,0.3,0.3,0.1,0.0,0.0,0.3,0.1,1.2,2016
14392,311,E'Twaun Moore,SG,26,CHI,59,22,21.4,3.2,6.6,.481,0.8,1.8,.452,2.4,4.8,.491,.541,0.4,0.6,.629,0.3,1.9,2.3,1.7,0.6,0.3,0.9,1.7,7.5,2016
14393,312,Eric Moreland,PF,24,SAC,8,0,6.0,0.4,0.8,.500,0.0,0.0,,0.4,0.8,.500,.500,0.3,0.5,.500,0.4,1.0,1.4,0.1,0.0,0.5,0.4,0.5,1.0,2016
14394,313,Marcus Morris,SF,26,DET,80,80,35.7,5.1,11.8,.434,1.4,3.7,.362,3.8,8.1,.467,.491,2.5,3.4,.749,1.1,3.9,5.1,2.5,0.8,0.3,1.8,2.1,14.1,2016
14395,314,Markieff Morris,PF,26,TOT,64,45,25.5,4.8,11.2,.425,0.7,2.4,.303,4.0,8.8,.458,.458,1.7,2.3,.735,1.1,4.4,5.5,1.9,0.9,0.5,2.1,2.9,12.0,2016
14396,314,Markieff Morris,PF,26,PHO,37,24,24.8,4.6,11.6,.397,0.6,2.1,.289,4.0,9.6,.420,.422,1.8,2.5,.717,1.2,4.1,5.2,2.4,0.9,0.5,2.4,2.8,11.6,2016
14397,314,Markieff Morris,PF,26,WAS,27,21,26.4,5.0,10.6,.467,0.9,2.9,.316,4.0,7.7,.524,.510,1.6,2.0,.764,1.1,4.7,5.9,1.4,0.9,0.6,1.7,3.0,12.4,2016
14398,315,Anthony Morrow,SG,30,OKC,68,6,13.6,2.0,4.9,.408,1.2,3.0,.387,0.8,1.9,.442,.527,0.4,0.6,.744,0.1,0.8,0.9,0.4,0.3,0.1,0.3,0.9,5.6,2016
14399,316,Donatas Motiejūnas,PF,25,HOU,37,22,14.8,2.4,5.5,.439,0.4,1.5,.281,2.0,4.0,.500,.478,0.9,1.4,.642,1.0,1.9,2.9,1.1,0.5,0.1,1.2,1.9,6.2,2016
14400,317,Timofey Mozgov,C,29,CLE,76,48,17.4,2.7,4.7,.565,0.0,0.1,.143,2.7,4.6,.574,.567,0.9,1.3,.716,1.4,3.0,4.4,0.4,0.3,0.8,0.9,2.1,6.3,2016
14401,318,Emmanuel Mudiay,PG,19,DEN,68,66,30.4,4.8,13.3,.364,1.1,3.4,.319,3.8,9.9,.379,.404,2.1,3.1,.670,0.5,2.9,3.4,5.5,1.0,0.5,3.2,2.1,12.8,2016
14402,319,Shabazz Muhammad,SF,23,MIN,82,0,20.5,3.9,8.3,.465,0.5,1.9,.289,3.3,6.5,.516,.498,2.3,3.0,.764,1.2,2.0,3.3,0.6,0.3,0.1,0.9,1.1,10.5,2016
14403,320,Xavier Munford,SG,23,MEM,14,0,17.4,2.3,5.5,.416,0.6,1.6,.391,1.6,3.9,.426,.474,0.5,1.0,.500,0.2,2.0,2.2,1.6,0.9,0.2,1.1,1.8,5.7,2016
14404,Rk,Player,Pos,Age,Tm,G,GS,MP,FG,FGA,FG%,3P,3PA,3P%,2P,2PA,2P%,eFG%,FT,FTA,FT%,ORB,DRB,TRB,AST,STL,BLK,TOV,PF,PTS,2016
14405,321,Mike Muscala,C,24,ATL,60,0,9.4,1.3,2.5,.500,0.2,0.7,.308,1.1,1.9,.566,.539,0.5,0.7,.795,0.6,1.3,2.0,0.6,0.2,0.5,0.5,1.2,3.3,2016
14406,322,Larry Nance Jr.,PF,23,LAL,63,22,20.1,2.5,4.8,.527,0.0,0.2,.100,2.5,4.6,.541,.528,0.5,0.7,.681,1.6,3.3,5.0,0.7,0.9,0.4,0.7,2.0,5.5,2016
14407,323,Shabazz Napier,PG,24,ORL,55,0,10.9,1.2,3.7,.338,0.6,1.9,.327,0.6,1.8,.351,.423,0.6,0.8,.733,0.2,0.8,1.0,1.8,0.4,0.0,0.8,0.7,3.7,2016
14408,324,Gary Neal,SG,31,WAS,40,2,20.2,3.8,8.1,.465,1.0,2.5,.410,2.8,5.6,.489,.528,1.2,1.4,.855,0.3,1.8,2.1,1.2,0.5,0.0,0.7,1.4,9.8,2016
14409,325,Jameer Nelson,PG,33,DEN,39,15,26.6,2.9,7.9,.368,1.1,3.7,.299,1.8,4.2,.429,.438,0.8,0.9,.857,0.5,2.5,2.9,4.9,0.6,0.1,1.7,2.6,7.7,2016
14410,326,Raul Neto,PG,23,UTA,81,53,18.5,2.2,5.2,.431,0.8,2.0,.395,1.4,3.2,.453,.507,0.6,0.9,.743,0.2,1.3,1.5,2.1,0.8,0.0,1.3,1.5,5.9,2016
14411,327,Andrew Nicholson,PF,26,ORL,56,0,14.7,2.6,5.5,.471,0.7,2.0,.360,1.9,3.5,.536,.537,0.9,1.2,.785,0.6,3.0,3.6,0.4,0.2,0.4,0.7,1.2,6.9,2016
14412,328,Joakim Noah,C,30,CHI,29,2,21.9,1.8,4.6,.383,0.0,0.0,.000,1.8,4.6,.386,.383,0.8,1.6,.489,3.0,5.8,8.8,3.8,0.6,1.0,1.8,2.7,4.3,2016
14413,329,Nerlens Noel,C,21,PHI,67,62,29.3,4.6,8.8,.521,0.0,0.0,.500,4.6,8.7,.521,.522,2.0,3.4,.590,2.3,5.8,8.1,1.8,1.8,1.5,2.4,2.9,11.1,2016
14414,330,Lucas Nogueira,C,23,TOR,29,1,7.8,1.0,1.5,.636,0.0,0.1,.333,0.9,1.4,.659,.648,0.3,0.5,.533,0.6,1.0,1.6,0.2,0.4,0.4,0.4,1.0,2.2,2016
14415,331,Steve Novak,PF,32,TOT,10,0,4.4,0.8,1.8,.444,0.7,1.5,.467,0.1,0.3,.333,.639,0.1,0.1,1.000,0.0,0.5,0.5,0.0,0.0,0.0,0.1,0.3,2.4,2016
14416,331,Steve Novak,PF,32,OKC,7,0,3.4,0.9,1.7,.500,0.7,1.3,.556,0.1,0.4,.333,.708,0.0,0.0,,0.0,0.6,0.6,0.0,0.0,0.0,0.1,0.1,2.4,2016
14417,331,Steve Novak,PF,32,MIL,3,0,6.7,0.7,2.0,.333,0.7,2.0,.333,0.0,0.0,,.500,0.3,0.3,1.000,0.0,0.3,0.3,0.0,0.0,0.0,0.0,0.7,2.3,2016
14418,332,Dirk Nowitzki,PF,37,DAL,75,75,31.5,6.6,14.8,.448,1.7,4.6,.368,5.0,10.3,.483,.504,3.3,3.7,.893,0.7,5.8,6.5,1.8,0.7,0.7,1.1,2.1,18.3,2016
14419,333,Jusuf Nurkić,C,21,DEN,32,3,17.1,3.2,7.6,.417,0.0,0.1,.000,3.2,7.5,.423,.417,1.9,3.1,.616,2.0,3.4,5.5,1.3,0.8,1.4,1.7,2.8,8.2,2016
14420,334,J.J. O'Brien,SF,23,UTA,2,0,3.0,0.0,0.5,.000,0.0,0.0,,0.0,0.5,.000,.000,0.0,0.0,,0.0,0.5,0.5,0.0,0.5,0.0,0.0,0.5,0.0,2016
14421,335,Johnny O'Bryant,PF,22,MIL,66,4,13.0,1.3,3.2,.411,0.0,0.0,1.000,1.3,3.2,.409,.414,0.4,0.6,.675,1.0,1.7,2.7,0.5,0.3,0.1,0.5,1.5,3.0,2016
14422,336,Kyle O'Quinn,PF,25,NYK,65,1,11.8,2.0,4.2,.476,0.1,0.3,.227,1.9,3.8,.498,.485,0.7,0.9,.767,1.2,2.7,3.8,1.1,0.3,0.8,0.9,1.6,4.8,2016
14423,337,Jahlil Okafor,C,20,PHI,53,48,30.0,7.5,14.7,.508,0.0,0.1,.167,7.5,14.6,.511,.509,2.5,3.7,.686,2.3,4.7,7.0,1.2,0.4,1.2,2.3,2.6,17.5,2016
14424,338,Victor Oladipo,SG,23,ORL,72,52,33.0,5.9,13.5,.438,1.4,3.9,.348,4.5,9.6,.475,.489,2.8,3.4,.830,0.7,4.1,4.8,3.9,1.6,0.8,2.1,2.4,16.0,2016
14425,339,Kelly Olynyk,C,24,BOS,69,8,20.2,3.7,8.1,.455,1.2,3.0,.405,2.4,5.0,.486,.531,1.4,1.9,.750,1.0,3.0,4.1,1.5,0.8,0.5,1.1,2.4,10.0,2016
14426,340,Kelly Oubre Jr.,SF,20,WAS,63,9,10.7,1.4,3.3,.427,0.4,1.3,.316,1.0,2.1,.492,.486,0.5,0.8,.633,0.4,1.7,2.1,0.2,0.3,0.1,0.5,1.6,3.7,2016
14427,Rk,Player,Pos,Age,Tm,G,GS,MP,FG,FGA,FG%,3P,3PA,3P%,2P,2PA,2P%,eFG%,FT,FTA,FT%,ORB,DRB,TRB,AST,STL,BLK,TOV,PF,PTS,2016
14428,341,Zaza Pachulia,C,31,DAL,76,69,26.4,2.9,6.2,.466,0.0,0.0,.000,2.9,6.1,.469,.466,2.8,3.6,.768,3.3,6.2,9.4,1.7,0.8,0.3,1.6,2.4,8.6,2016
14429,342,Kostas Papanikolaou,SF,25,DEN,26,6,11.3,0.9,2.5,.364,0.4,1.2,.313,0.5,1.3,.412,.439,0.3,0.5,.643,0.3,1.2,1.5,0.6,0.5,0.2,0.8,0.9,2.6,2016
14430,343,Jabari Parker,PF,20,MIL,76,72,31.7,5.8,11.8,.493,0.1,0.5,.257,5.7,11.4,.502,.498,2.3,3.0,.768,1.6,3.6,5.2,1.7,0.9,0.4,1.5,2.0,14.1,2016
14431,344,Tony Parker,PG,33,SAS,72,72,27.5,4.9,9.9,.493,0.4,0.9,.415,4.5,9.0,.501,.512,1.8,2.4,.760,0.2,2.2,2.4,5.3,0.8,0.2,1.8,1.6,11.9,2016
14432,345,Chandler Parsons,SF,27,DAL,61,51,29.5,5.2,10.7,.492,1.7,4.1,.414,3.5,6.6,.540,.571,1.5,2.2,.684,0.5,4.2,4.7,2.8,0.8,0.3,1.6,1.9,13.7,2016
14433,346,Lamar Patterson,SG,24,ATL,35,0,11.3,0.8,2.3,.350,0.3,1.4,.245,0.5,0.9,.516,.425,0.5,0.6,.727,0.1,1.3,1.4,1.1,0.3,0.1,0.7,1.3,2.4,2016
14434,347,Patrick Patterson,PF,26,TOR,79,0,25.6,2.6,6.2,.414,1.3,3.7,.362,1.2,2.5,.490,.521,0.4,0.4,.853,1.0,3.4,4.3,1.2,0.7,0.4,0.8,1.6,6.9,2016
14435,348,Chris Paul,PG,30,LAC,74,74,32.7,7.0,15.1,.462,1.6,4.4,.371,5.3,10.6,.501,.517,4.0,4.4,.896,0.5,3.7,4.2,10.0,2.1,0.2,2.6,2.5,19.5,2016
14436,349,Adreian Payne,PF,24,MIN,52,2,9.3,1.0,2.8,.366,0.2,0.6,.281,0.8,2.2,.389,.397,0.3,0.5,.654,0.4,1.8,2.1,0.6,0.3,0.2,0.7,1.5,2.5,2016
14437,350,Cameron Payne,PG,21,OKC,57,1,12.2,2.0,4.9,.410,0.6,1.9,.324,1.4,2.9,.467,.475,0.3,0.4,.792,0.2,1.3,1.5,1.9,0.6,0.1,0.8,1.4,5.0,2016
14438,351,Elfrid Payton,PG,21,ORL,73,69,29.4,4.4,10.0,.436,0.4,1.3,.326,3.9,8.7,.451,.456,1.5,2.6,.589,1.1,2.5,3.6,6.4,1.2,0.3,2.4,2.2,10.7,2016
14439,352,Nikola Peković,C,30,MIN,12,3,13.0,1.6,4.2,.380,0.0,0.0,,1.6,4.2,.380,.380,1.3,1.7,.800,0.6,1.2,1.8,0.9,0.1,0.0,0.8,1.8,4.5,2016
14440,353,Kendrick Perkins,C,31,NOP,37,5,14.6,1.1,2.0,.533,0.0,0.0,,1.1,2.0,.533,.533,0.3,0.7,.440,0.7,2.8,3.5,0.8,0.3,0.3,1.1,1.7,2.5,2016
14441,354,Paul Pierce*,SF,38,LAC,68,38,18.1,2.1,5.8,.363,1.1,3.6,.310,1.0,2.3,.445,.457,0.8,1.0,.818,0.2,2.6,2.7,1.0,0.5,0.3,0.9,1.9,6.1,2016
14442,355,Tibor Pleiß,C,26,UTA,12,0,6.8,0.9,2.1,.440,0.0,0.2,.000,0.9,1.9,.478,.440,0.2,0.2,1.000,0.5,0.8,1.3,0.2,0.1,0.2,0.7,1.6,2.0,2016
14443,356,Mason Plumlee,C,25,POR,82,82,25.4,3.3,6.3,.516,0.0,0.0,.000,3.3,6.3,.520,.516,2.6,4.1,.642,2.5,5.2,7.7,2.8,0.8,1.0,1.9,3.1,9.1,2016
14444,357,Miles Plumlee,C,27,MIL,61,14,14.3,2.3,3.8,.601,0.0,0.0,,2.3,3.8,.601,.601,0.6,1.0,.576,1.5,2.3,3.8,0.3,0.3,0.8,0.7,1.2,5.1,2016
14445,358,Otto Porter Jr.,SF,22,WAS,75,73,30.3,4.5,9.6,.473,1.3,3.6,.367,3.2,6.0,.536,.541,1.3,1.7,.754,1.3,3.9,5.2,1.6,1.4,0.4,0.9,2.2,11.6,2016
14446,359,Bobby Portis,PF,20,CHI,62,4,17.8,3.0,7.0,.427,0.3,0.8,.308,2.7,6.2,.443,.445,0.8,1.1,.727,2.0,3.5,5.4,0.8,0.4,0.4,0.9,1.6,7.0,2016
14447,360,Kristaps Porziņģis,PF,20,NYK,72,72,28.4,5.2,12.3,.421,1.1,3.4,.333,4.1,8.9,.454,.467,2.8,3.3,.838,1.8,5.5,7.3,1.3,0.7,1.9,1.7,2.8,14.3,2016
14448,Rk,Player,Pos,Age,Tm,G,GS,MP,FG,FGA,FG%,3P,3PA,3P%,2P,2PA,2P%,eFG%,FT,FTA,FT%,ORB,DRB,TRB,AST,STL,BLK,TOV,PF,PTS,2016
14449,361,Dwight Powell,PF,24,DAL,69,2,14.4,2.1,4.3,.493,0.0,0.2,.125,2.1,4.1,.514,.497,1.5,2.1,.739,1.2,2.7,4.0,0.6,0.5,0.3,0.6,1.7,5.8,2016
14450,362,Norman Powell,SG,22,TOR,49,24,14.8,2.0,4.7,.424,0.7,1.8,.404,1.2,2.9,.436,.502,0.9,1.1,.811,0.3,1.9,2.3,1.0,0.6,0.2,0.7,1.2,5.6,2016
14451,363,Phil Pressey,PG,24,TOT,23,0,12.3,1.3,3.4,.385,0.2,0.8,.222,1.1,2.6,.433,.410,0.6,1.1,.520,0.1,1.2,1.3,3.3,0.8,0.2,1.4,1.2,3.3,2016
14452,363,Phil Pressey,PG,24,PHI,14,0,12.1,1.5,3.9,.382,0.3,0.9,.308,1.2,3.0,.405,.418,0.6,1.3,.500,0.0,1.6,1.6,3.3,0.8,0.1,1.4,1.0,3.9,2016
14453,363,Phil Pressey,PG,24,PHO,9,0,12.6,1.0,2.6,.391,0.0,0.6,.000,1.0,2.0,.500,.391,0.4,0.8,.571,0.3,0.6,0.9,3.2,0.8,0.3,1.6,1.6,2.4,2016
14454,364,Ronnie Price,PG,32,PHO,62,18,19.5,1.9,4.9,.384,1.1,3.2,.347,0.8,1.7,.453,.497,0.5,0.7,.756,0.4,1.2,1.6,2.4,1.2,0.2,1.1,2.6,5.3,2016
14455,365,Pablo Prigioni,PG,38,LAC,59,3,13.9,0.9,2.5,.374,0.5,1.6,.295,0.5,0.9,.519,.469,0.1,0.1,.875,0.6,1.3,1.9,2.2,0.9,0.0,0.8,1.4,2.5,2016
14456,366,Tayshaun Prince,SF,35,MIN,77,44,19.0,1.3,3.0,.445,0.1,0.3,.174,1.3,2.7,.476,.454,0.2,0.2,.684,0.4,1.5,1.9,0.9,0.5,0.2,0.4,0.8,2.9,2016
14457,367,Julius Randle,PF,21,LAL,81,60,28.2,4.4,10.3,.429,0.1,0.4,.278,4.3,9.9,.436,.435,2.4,3.3,.715,2.1,8.1,10.2,1.8,0.7,0.4,1.8,3.0,11.3,2016
14458,368,Zach Randolph,PF,34,MEM,68,53,29.6,6.3,13.3,.475,0.1,0.4,.231,6.3,13.0,.482,.479,2.5,3.2,.796,2.6,5.1,7.8,2.1,0.6,0.2,1.5,2.1,15.3,2016
14459,369,J.J. Redick,SG,31,LAC,75,75,28.0,5.6,11.7,.480,2.7,5.6,.475,3.0,6.1,.484,.593,2.4,2.7,.888,0.1,1.7,1.9,1.4,0.6,0.1,1.0,1.8,16.3,2016
14460,370,Willie Reed,C,25,BRK,39,2,10.9,1.9,3.4,.571,0.0,0.0,,1.9,3.4,.571,.571,0.8,1.4,.545,1.3,1.9,3.1,0.3,0.2,0.8,0.4,1.2,4.7,2016
14461,371,Josh Richardson,SG,22,MIA,52,2,21.3,2.4,5.2,.452,1.0,2.2,.461,1.3,3.0,.446,.550,0.8,1.2,.667,0.4,1.7,2.1,1.4,0.7,0.5,0.7,2.1,6.6,2016
14462,372,Austin Rivers,SG,23,LAC,67,7,21.9,3.4,7.7,.438,0.9,2.8,.335,2.4,4.9,.495,.498,1.2,1.7,.681,0.3,1.6,1.9,1.5,0.7,0.1,0.9,2.0,8.9,2016
14463,373,Andre Roberson,SG,24,OKC,70,70,22.2,1.9,3.9,.496,0.5,1.5,.311,1.5,2.4,.608,.555,0.5,0.8,.611,1.1,2.5,3.6,0.7,0.8,0.6,0.5,1.9,4.8,2016
14464,374,Brian Roberts,PG,30,TOT,51,0,9.2,1.5,3.2,.448,0.3,0.8,.357,1.2,2.4,.480,.494,0.8,0.9,.894,0.1,0.7,0.8,1.1,0.2,0.0,0.5,0.7,4.0,2016
14465,374,Brian Roberts,PG,30,CHO,30,0,11.1,1.7,3.8,.443,0.3,0.9,.333,1.4,2.9,.477,.483,1.1,1.2,.919,0.1,0.8,1.0,1.3,0.2,0.0,0.5,0.8,4.8,2016
14466,374,Brian Roberts,PG,30,POR,21,0,6.5,1.1,2.4,.460,0.3,0.7,.400,0.8,1.7,.486,.520,0.4,0.5,.800,0.1,0.5,0.6,0.8,0.1,0.0,0.3,0.6,2.9,2016
14467,375,Glenn Robinson III,SF,22,IND,45,4,11.3,1.4,3.4,.430,0.3,0.8,.378,1.1,2.5,.447,.477,0.6,0.9,.692,0.3,1.2,1.5,0.6,0.4,0.2,0.4,0.5,3.8,2016
14468,376,Nate Robinson,PG,31,NOP,2,1,11.5,0.0,0.5,.000,0.0,0.5,.000,0.0,0.0,,.000,0.0,0.0,,0.0,0.0,0.0,2.0,0.5,0.0,0.0,2.5,0.0,2016
14469,377,Thomas Robinson,PF,24,BRK,71,7,12.9,1.8,4.1,.447,0.0,0.0,.000,1.8,4.1,.448,.447,0.7,1.5,.431,1.9,3.1,5.1,0.6,0.5,0.5,1.0,1.6,4.3,2016
14470,378,Rajon Rondo,PG,29,SAC,72,72,35.2,4.9,10.9,.454,0.9,2.4,.365,4.1,8.5,.479,.494,1.2,2.1,.580,1.1,5.0,6.0,11.7,2.0,0.1,3.9,2.4,11.9,2016
14471,379,Derrick Rose,PG,27,CHI,66,66,31.8,6.8,15.9,.427,0.7,2.3,.293,6.1,13.6,.449,.448,2.2,2.7,.793,0.7,2.7,3.4,4.7,0.7,0.2,2.7,1.3,16.4,2016
14472,380,Terrence Ross,SF,24,TOR,73,7,23.9,3.7,8.6,.431,1.8,4.6,.386,1.9,3.9,.484,.536,0.7,0.8,.790,0.3,2.2,2.5,0.8,0.7,0.3,0.6,1.6,9.9,2016
14473,Rk,Player,Pos,Age,Tm,G,GS,MP,FG,FGA,FG%,3P,3PA,3P%,2P,2PA,2P%,eFG%,FT,FTA,FT%,ORB,DRB,TRB,AST,STL,BLK,TOV,PF,PTS,2016
14474,381,Terry Rozier,PG,21,BOS,39,0,8.0,0.7,2.7,.274,0.2,0.7,.222,0.6,2.0,.291,.302,0.2,0.3,.800,0.6,1.0,1.6,0.9,0.2,0.0,0.5,0.6,1.8,2016
14475,382,Ricky Rubio,PG,25,MIN,76,76,30.6,2.9,7.7,.374,0.8,2.5,.326,2.1,5.2,.396,.427,3.5,4.1,.847,0.5,3.8,4.3,8.7,2.1,0.1,2.5,2.6,10.1,2016
14476,383,Damjan Rudež,SF,29,MIN,33,0,8.4,0.8,1.9,.403,0.5,1.5,.340,0.2,0.4,.667,.540,0.2,0.2,1.000,0.2,0.5,0.6,0.3,0.1,0.0,0.4,1.0,2.3,2016
14477,384,Brandon Rush,SG,30,GSW,72,25,14.7,1.5,3.6,.427,0.9,2.2,.414,0.6,1.4,.447,.552,0.3,0.4,.643,0.3,2.2,2.5,0.8,0.3,0.3,0.5,0.8,4.2,2016
14478,385,D'Angelo Russell,PG,19,LAL,80,48,28.2,4.9,12.0,.410,1.6,4.6,.351,3.3,7.3,.447,.478,1.8,2.4,.737,0.6,2.8,3.4,3.3,1.2,0.2,2.5,1.8,13.2,2016
14479,386,Robert Sacre,C,26,LAL,25,1,12.8,1.2,3.0,.413,0.0,0.0,,1.2,3.0,.413,.413,1.0,1.5,.658,1.3,1.6,2.9,0.6,0.2,0.4,0.5,1.7,3.5,2016
14480,387,JaKarr Sampson,SF,22,TOT,73,40,15.9,1.9,4.3,.442,0.2,0.9,.222,1.7,3.5,.496,.464,1.1,1.7,.656,0.6,2.0,2.6,0.6,0.3,0.5,1.0,1.9,5.1,2016
14481,387,JaKarr Sampson,SF,22,PHI,47,18,14.7,1.8,4.3,.426,0.1,0.7,.176,1.7,3.6,.476,.441,1.3,2.1,.639,0.6,2.1,2.7,0.6,0.2,0.3,1.1,1.9,5.1,2016
14482,387,JaKarr Sampson,SF,22,DEN,26,22,18.0,2.1,4.4,.470,0.3,1.1,.276,1.8,3.3,.535,.504,0.7,1.0,.720,0.6,1.7,2.3,0.6,0.5,0.7,0.7,2.0,5.2,2016
14483,388,Dennis Schröder,PG,22,ATL,80,6,20.3,4.1,9.8,.421,1.0,3.0,.322,3.2,6.8,.465,.471,1.8,2.3,.791,0.3,2.2,2.6,4.4,0.9,0.1,2.3,1.7,11.0,2016
14484,389,Luis Scola,PF,35,TOR,76,76,21.5,3.5,7.9,.450,0.9,2.1,.404,2.7,5.8,.467,.504,0.8,1.1,.726,1.1,3.6,4.7,0.9,0.6,0.4,0.9,2.3,8.7,2016
14485,390,Mike Scott,PF,27,ATL,75,0,15.3,2.3,5.0,.468,0.8,2.1,.392,1.5,2.9,.523,.551,0.7,0.8,.794,0.7,2.0,2.7,1.0,0.3,0.2,0.6,1.4,6.2,2016
14486,391,Thabo Sefolosha,SF,31,ATL,75,11,23.4,2.5,5.0,.505,0.6,1.7,.339,1.9,3.3,.589,.562,0.8,1.3,.626,0.7,3.8,4.5,1.4,1.1,0.5,0.9,1.5,6.4,2016
14487,392,Kevin Séraphin,C,26,NYK,48,0,11.0,1.8,4.3,.410,0.0,0.0,.000,1.8,4.2,.414,.410,0.4,0.5,.826,0.6,2.0,2.6,1.0,0.2,0.8,0.9,1.4,3.9,2016
14488,393,Ramon Sessions,PG,29,WAS,82,5,20.3,3.4,7.2,.473,0.4,1.4,.324,3.0,5.9,.507,.503,2.6,3.5,.756,0.3,2.2,2.5,2.9,0.6,0.1,1.4,1.2,9.9,2016
14489,394,Iman Shumpert,SG,25,CLE,54,5,24.4,2.1,5.6,.374,0.8,2.7,.295,1.3,2.9,.447,.444,0.7,0.9,.784,0.6,3.2,3.8,1.7,1.0,0.4,1.1,2.2,5.8,2016
14490,395,Jonathon Simmons,SG,26,SAS,55,2,14.8,2.2,4.4,.504,0.3,0.9,.383,1.9,3.5,.533,.541,1.3,1.7,.750,0.3,1.5,1.7,1.1,0.4,0.1,1.0,1.9,6.0,2016
14491,396,Henry Sims,C,25,BRK,14,4,18.8,2.4,5.5,.429,0.0,0.0,,2.4,5.5,.429,.429,1.8,2.1,.833,1.5,3.6,5.1,0.6,0.6,1.0,0.9,2.6,6.5,2016
14492,397,Kyle Singler,SF,27,OKC,68,2,14.4,1.3,3.3,.389,0.4,1.4,.309,0.8,1.8,.452,.457,0.4,0.6,.659,0.7,1.3,2.1,0.4,0.4,0.1,0.5,1.8,3.4,2016
14493,398,Donald Sloan,PG,28,BRK,61,33,21.6,2.5,5.7,.440,0.6,1.6,.384,1.9,4.1,.462,.494,1.3,1.7,.750,0.3,2.6,2.8,4.4,0.5,0.1,1.3,1.2,7.0,2016
14494,399,Marcus Smart,PG,21,BOS,61,10,27.3,3.0,8.7,.348,1.0,4.0,.253,2.0,4.7,.427,.405,2.1,2.7,.777,1.2,2.9,4.2,3.0,1.5,0.3,1.3,3.0,9.1,2016
14495,400,Greg Smith,PF,25,MIN,18,0,10.7,1.0,1.8,.563,0.0,0.0,,1.0,1.8,.563,.563,0.4,0.9,.412,0.7,1.7,2.3,0.3,0.2,0.1,0.4,1.6,2.4,2016
14496,Rk,Player,Pos,Age,Tm,G,GS,MP,FG,FGA,FG%,3P,3PA,3P%,2P,2PA,2P%,eFG%,FT,FTA,FT%,ORB,DRB,TRB,AST,STL,BLK,TOV,PF,PTS,2016
14497,401,Ish Smith,PG,27,TOT,77,53,29.1,5.2,12.6,.411,0.7,2.2,.329,4.4,10.4,.428,.440,1.6,2.3,.693,0.6,3.4,4.0,6.5,1.1,0.3,2.3,1.7,12.6,2016
14498,401,Ish Smith,PG,27,NOP,27,3,22.9,3.6,8.4,.430,0.4,1.2,.303,3.3,7.2,.451,.452,1.2,1.6,.767,0.5,2.9,3.4,5.7,0.9,0.2,1.7,1.4,8.9,2016
14499,401,Ish Smith,PG,27,PHI,50,50,32.4,6.0,14.8,.405,0.9,2.7,.336,5.1,12.0,.420,.436,1.8,2.7,.669,0.6,3.7,4.3,7.0,1.3,0.4,2.6,1.9,14.7,2016
14500,402,J.R. Smith,SG,30,CLE,77,77,30.7,4.6,11.0,.415,2.6,6.6,.400,1.9,4.4,.438,.535,0.6,0.9,.634,0.6,2.3,2.8,1.7,1.1,0.3,0.8,2.6,12.4,2016
14501,403,Jason Smith,C,29,ORL,76,2,15.5,3.2,6.6,.485,0.1,0.2,.250,3.2,6.4,.493,.489,0.7,0.9,.806,0.7,2.2,2.9,0.8,0.4,0.9,0.8,2.1,7.2,2016
14502,404,Josh Smith,PF,30,TOT,55,7,16.0,2.3,6.3,.364,0.7,2.6,.287,1.6,3.7,.417,.423,0.7,1.2,.552,0.9,2.6,3.5,1.6,0.6,0.9,1.4,2.1,6.0,2016
14503,404,Josh Smith,PF,30,LAC,32,1,14.3,2.2,5.6,.383,0.6,1.8,.310,1.6,3.8,.418,.433,0.8,1.3,.595,1.0,2.9,3.9,1.3,0.6,1.1,1.3,1.9,5.7,2016
14504,404,Josh Smith,PF,30,HOU,23,6,18.3,2.5,7.3,.343,1.0,3.7,.271,1.5,3.7,.417,.411,0.5,1.1,.480,0.8,2.1,2.9,2.1,0.7,0.6,1.6,2.4,6.6,2016
14505,405,Russ Smith,PG,24,MEM,15,0,4.4,0.5,1.5,.318,0.1,0.3,.200,0.4,1.1,.353,.341,0.5,0.9,.615,0.1,0.5,0.6,0.7,0.3,0.1,0.5,0.3,1.5,2016
14506,406,Tony Snell,SF,24,CHI,64,33,20.3,2.0,5.3,.372,0.9,2.4,.361,1.1,2.9,.380,.454,0.5,0.5,.909,0.3,2.8,3.1,1.0,0.3,0.3,0.8,1.6,5.3,2016
14507,407,Marreese Speights,C,28,GSW,72,0,11.6,2.7,6.3,.432,0.3,0.9,.387,2.4,5.5,.439,.458,1.3,1.6,.825,1.1,2.3,3.3,0.8,0.3,0.5,0.9,1.6,7.1,2016
14508,408,Tiago Splitter,C,31,ATL,36,2,16.1,2.3,4.3,.523,0.0,0.1,.000,2.3,4.3,.529,.523,1.1,1.3,.813,1.3,2.1,3.3,0.8,0.6,0.3,0.7,2.0,5.6,2016
14509,409,Nik Stauskas,SG,22,PHI,73,35,24.8,2.9,7.5,.385,1.5,4.5,.326,1.4,3.0,.473,.483,1.2,1.6,.771,0.3,2.2,2.5,1.9,0.6,0.3,1.3,1.6,8.5,2016
14510,410,Lance Stephenson,SF,25,TOT,69,13,19.9,3.3,6.9,.481,0.4,1.1,.385,2.9,5.7,.500,.513,1.3,1.6,.784,0.6,2.7,3.2,1.9,0.6,0.1,1.4,2.0,8.3,2016
14511,410,Lance Stephenson,SF,25,LAC,43,10,15.8,1.9,3.9,.494,0.4,1.1,.404,1.5,2.8,.529,.551,0.5,0.7,.700,0.4,2.1,2.5,1.4,0.6,0.1,1.1,1.8,4.7,2016
14512,410,Lance Stephenson,SF,25,MEM,26,3,26.6,5.6,11.8,.474,0.4,1.2,.355,5.2,10.7,.487,.492,2.5,3.1,.815,0.8,3.6,4.4,2.8,0.7,0.2,1.8,2.2,14.2,2016
14513,411,Alex Stepheson,PF,28,TOT,8,0,9.1,1.1,3.4,.333,0.0,0.0,,1.1,3.4,.333,.333,0.5,1.5,.333,2.4,1.1,3.5,0.3,0.1,0.6,0.0,1.5,2.8,2016
14514,411,Alex Stepheson,PF,28,LAC,4,0,3.0,0.3,0.3,1.000,0.0,0.0,,0.3,0.3,1.000,1.000,0.0,0.5,.000,0.3,0.3,0.5,0.0,0.0,0.5,0.0,1.0,0.5,2016
14515,411,Alex Stepheson,PF,28,MEM,4,0,15.3,2.0,6.5,.308,0.0,0.0,,2.0,6.5,.308,.308,1.0,2.5,.400,4.5,2.0,6.5,0.5,0.3,0.8,0.0,2.0,5.0,2016
14516,412,Jarnell Stokes,C,22,TOT,7,0,2.6,0.4,0.7,.600,0.0,0.0,,0.4,0.7,.600,.600,0.1,0.3,.500,0.1,0.4,0.6,0.1,0.1,0.0,0.0,0.1,1.0,2016
14517,412,Jarnell Stokes,C,22,MEM,2,0,2.0,0.0,0.0,,0.0,0.0,,0.0,0.0,,,0.0,0.0,,0.5,0.5,1.0,0.0,0.0,0.0,0.0,0.0,0.0,2016
14518,412,Jarnell Stokes,C,22,MIA,5,0,2.8,0.6,1.0,.600,0.0,0.0,,0.6,1.0,.600,.600,0.2,0.4,.500,0.0,0.4,0.4,0.2,0.2,0.0,0.0,0.2,1.4,2016
14519,413,Amar'e Stoudemire,C,33,MIA,52,36,14.7,2.4,4.3,.566,0.0,0.0,,2.4,4.3,.566,.566,1.0,1.3,.746,1.3,3.0,4.3,0.5,0.3,0.8,0.9,1.8,5.8,2016
14520,414,Rodney Stuckey,PG,29,IND,58,1,22.0,3.2,7.6,.413,0.3,1.4,.241,2.8,6.2,.453,.436,2.3,2.7,.829,0.3,2.4,2.7,2.4,0.7,0.1,1.3,1.3,8.9,2016
14521,415,Jared Sullinger,PF,23,BOS,81,73,23.6,4.3,10.0,.435,0.4,1.3,.282,4.0,8.7,.458,.453,1.3,2.0,.640,2.4,5.9,8.3,2.3,0.9,0.6,1.3,2.6,10.3,2016
14522,416,Edy Tavares,C,23,ATL,11,0,6.6,1.0,1.7,.579,0.0,0.0,,1.0,1.7,.579,.579,0.3,0.7,.375,0.6,1.3,1.9,0.3,0.1,0.5,0.5,0.7,2.3,2016
14523,417,Jeff Teague,PG,27,ATL,79,78,28.5,5.5,12.5,.439,1.4,3.5,.400,4.1,9.0,.454,.495,3.3,3.9,.837,0.4,2.3,2.7,5.9,1.2,0.3,2.8,2.1,15.7,2016
14524,418,Mirza Teletović,PF,30,PHO,79,1,21.3,4.2,9.8,.427,2.3,5.8,.393,1.9,4.0,.476,.544,1.5,2.0,.774,0.7,3.1,3.8,1.1,0.4,0.3,1.1,2.0,12.2,2016
14525,419,Garrett Temple,SF,29,WAS,80,43,24.4,2.5,6.3,.398,1.1,3.2,.345,1.4,3.1,.453,.486,1.1,1.6,.728,0.5,2.2,2.7,1.8,0.9,0.2,0.8,2.4,7.3,2016
14526,420,Jason Terry,SG,38,HOU,72,7,17.5,2.1,5.2,.402,1.3,3.6,.356,0.8,1.6,.504,.525,0.4,0.5,.818,0.2,0.9,1.1,1.4,0.7,0.1,0.7,1.3,5.9,2016
14527,Rk,Player,Pos,Age,Tm,G,GS,MP,FG,FGA,FG%,3P,3PA,3P%,2P,2PA,2P%,eFG%,FT,FTA,FT%,ORB,DRB,TRB,AST,STL,BLK,TOV,PF,PTS,2016
14528,421,Isaiah Thomas,PG,26,BOS,82,79,32.2,7.2,16.9,.428,2.0,5.7,.359,5.2,11.2,.462,.488,5.8,6.6,.871,0.6,2.4,3.0,6.2,1.1,0.1,2.7,2.0,22.2,2016
14529,422,Lance Thomas,PF,27,NYK,59,5,22.3,2.9,6.5,.442,0.7,1.8,.404,2.1,4.6,.458,.500,1.7,2.0,.857,0.6,1.6,2.2,0.9,0.4,0.1,1.0,1.8,8.2,2016
14530,423,Hollis Thompson,SG,24,PHI,77,17,28.0,3.5,8.8,.397,1.9,5.1,.380,1.6,3.7,.420,.507,0.9,1.2,.719,0.7,2.8,3.5,1.3,0.5,0.3,1.0,2.4,9.8,2016
14531,424,Jason Thompson,C,29,TOT,47,7,10.0,1.1,2.3,.481,0.1,0.3,.333,1.0,2.0,.505,.505,0.8,1.1,.704,0.7,2.2,2.9,0.6,0.3,0.4,0.3,1.7,3.1,2016
14532,424,Jason Thompson,C,29,GSW,28,1,6.4,0.7,1.5,.476,0.0,0.0,,0.7,1.5,.476,.476,0.7,1.1,.625,0.4,1.6,1.9,0.7,0.1,0.3,0.3,1.4,2.1,2016
14533,424,Jason Thompson,C,29,TOR,19,6,15.4,1.7,3.5,.485,0.3,0.8,.333,1.4,2.7,.529,.523,0.9,1.2,.818,1.2,3.1,4.2,0.5,0.4,0.6,0.4,2.1,4.6,2016
14534,425,Klay Thompson,SG,25,GSW,80,80,33.3,8.1,17.3,.470,3.5,8.1,.425,4.7,9.2,.510,.569,2.4,2.8,.873,0.4,3.4,3.8,2.1,0.8,0.6,1.7,1.9,22.1,2016
14535,426,Tristan Thompson,PF,24,CLE,82,34,27.7,3.0,5.1,.588,0.0,0.0,,3.0,5.1,.588,.588,1.8,3.0,.616,3.3,5.7,9.0,0.8,0.5,0.6,0.7,2.5,7.8,2016
14536,427,Marcus Thornton,SG,28,TOT,61,8,18.2,3.5,8.9,.399,1.5,4.4,.337,2.0,4.5,.460,.482,1.1,1.3,.848,0.6,1.8,2.5,1.4,0.8,0.1,0.8,1.5,9.7,2016
14537,427,Marcus Thornton,SG,28,HOU,47,6,18.8,3.7,9.3,.400,1.6,4.6,.338,2.1,4.7,.461,.484,1.1,1.2,.879,0.7,1.8,2.4,1.4,0.7,0.1,0.9,1.6,10.0,2016
14538,427,Marcus Thornton,SG,28,WAS,14,2,16.0,3.0,7.6,.393,1.3,3.9,.333,1.7,3.8,.453,.477,1.1,1.5,.762,0.5,2.0,2.5,1.4,0.9,0.1,0.8,1.2,8.4,2016
14539,428,Anthony Tolliver,PF,30,DET,72,5,18.6,1.8,4.6,.386,1.4,3.8,.360,0.4,0.8,.500,.533,0.4,0.7,.617,0.5,2.6,3.2,0.7,0.4,0.2,0.4,1.2,5.3,2016
14540,429,Axel Toupane,SF,23,DEN,21,0,14.5,1.2,3.3,.357,0.6,1.9,.325,0.6,1.4,.400,.450,0.6,0.8,.765,0.4,1.1,1.5,0.7,0.3,0.3,0.3,1.9,3.6,2016
14541,430,Karl-Anthony Towns,C,20,MIN,82,82,32.0,7.6,14.1,.542,0.4,1.1,.341,7.3,13.0,.559,.555,2.7,3.4,.811,2.8,7.7,10.5,2.0,0.7,1.7,2.2,3.0,18.3,2016
14542,431,P.J. Tucker,SF,30,PHO,82,80,31.0,2.9,7.1,.411,0.8,2.5,.330,2.1,4.6,.455,.469,1.3,1.7,.746,2.0,4.2,6.2,2.2,1.3,0.2,1.4,2.5,8.0,2016
14543,432,Evan Turner,SG,27,BOS,81,12,28.0,4.2,9.3,.456,0.2,1.0,.241,4.0,8.3,.482,.469,1.8,2.2,.827,0.6,4.3,4.9,4.4,1.0,0.3,2.1,1.7,10.5,2016
14544,433,Myles Turner,C,19,IND,60,30,22.8,4.4,8.8,.498,0.1,0.2,.214,4.4,8.6,.506,.501,1.5,2.0,.727,1.1,4.4,5.5,0.7,0.4,1.4,1.1,2.6,10.3,2016
14545,434,Beno Udrih,PG,33,TOT,44,5,16.1,2.0,4.5,.434,0.3,1.0,.341,1.6,3.5,.461,.472,0.4,0.5,.900,0.2,1.5,1.6,2.6,0.3,0.0,1.2,1.2,4.7,2016
14546,434,Beno Udrih,PG,33,MEM,8,0,15.0,2.5,5.8,.435,0.5,1.4,.364,2.0,4.4,.457,.478,0.4,0.4,1.000,0.3,0.9,1.1,3.3,0.4,0.1,1.4,1.4,5.9,2016
14547,434,Beno Udrih,PG,33,MIA,36,5,16.3,1.8,4.2,.434,0.3,0.9,.333,1.5,3.3,.462,.470,0.4,0.5,.882,0.2,1.6,1.8,2.5,0.3,0.0,1.2,1.1,4.4,2016
14548,435,Jonas Valančiūnas,C,23,TOR,60,59,26.0,5.1,8.9,.565,0.0,0.0,,5.1,8.9,.565,.565,2.7,3.6,.761,3.1,6.1,9.1,0.7,0.4,1.3,1.4,2.6,12.8,2016
14549,436,Anderson Varejão,C,33,TOT,53,0,9.4,1.0,2.3,.427,0.0,0.0,.000,1.0,2.3,.431,.427,0.6,0.9,.640,0.7,2.0,2.7,0.7,0.3,0.2,0.4,1.3,2.6,2016
14550,436,Anderson Varejão,C,33,CLE,31,0,10.0,1.0,2.5,.421,0.0,0.0,.000,1.0,2.4,.427,.421,0.5,0.7,.762,0.8,2.2,2.9,0.6,0.4,0.2,0.5,1.1,2.6,2016
14551,436,Anderson Varejão,C,33,GSW,22,0,8.5,1.0,2.2,.438,0.0,0.0,,1.0,2.2,.438,.438,0.7,1.3,.552,0.6,1.7,2.3,0.7,0.2,0.2,0.3,1.6,2.6,2016
14552,437,Greivis Vásquez,PG,29,MIL,23,0,20.0,2.0,6.0,.326,0.8,3.2,.247,1.2,2.8,.415,.391,1.0,1.1,.846,0.2,1.8,2.0,4.0,0.4,0.0,1.7,1.8,5.7,2016
14553,438,Rashad Vaughn,SG,19,MIL,70,6,14.3,1.2,3.8,.305,0.6,2.1,.293,0.5,1.7,.319,.385,0.2,0.2,.800,0.2,1.1,1.3,0.6,0.4,0.2,0.4,1.0,3.1,2016
14554,439,Charlie Villanueva,PF,31,DAL,62,4,10.7,2.0,5.3,.382,0.8,2.8,.273,1.3,2.5,.503,.454,0.4,0.4,.917,0.4,2.1,2.5,0.4,0.3,0.2,0.5,1.1,5.1,2016
14555,440,Noah Vonleh,PF,20,POR,78,56,15.1,1.5,3.6,.421,0.1,0.6,.239,1.4,3.0,.457,.441,0.5,0.7,.745,1.2,2.7,3.9,0.4,0.3,0.3,0.6,1.9,3.6,2016
14556,Rk,Player,Pos,Age,Tm,G,GS,MP,FG,FGA,FG%,3P,3PA,3P%,2P,2PA,2P%,eFG%,FT,FTA,FT%,ORB,DRB,TRB,AST,STL,BLK,TOV,PF,PTS,2016
14557,441,Nikola Vučević,C,25,ORL,65,60,31.3,8.2,16.1,.510,0.0,0.1,.222,8.2,16.0,.512,.511,1.7,2.3,.753,2.7,6.2,8.9,2.8,0.8,1.1,1.9,2.7,18.2,2016
14558,442,Sasha Vujačić,SG,31,NYK,61,25,14.9,1.7,4.5,.383,0.9,2.3,.364,0.9,2.2,.403,.477,0.5,0.6,.821,0.4,2.0,2.4,1.4,0.6,0.1,0.7,1.4,4.9,2016
14559,443,Dwyane Wade,SG,34,MIA,74,73,30.5,7.3,16.0,.456,0.1,0.6,.159,7.2,15.4,.468,.459,4.4,5.5,.793,1.1,3.0,4.1,4.6,1.1,0.6,2.7,1.6,19.0,2016
14560,444,Dion Waiters,SG,24,OKC,78,15,27.6,3.6,9.1,.399,1.1,3.1,.358,2.5,6.0,.421,.460,1.4,2.0,.713,0.5,2.1,2.6,2.0,1.0,0.2,1.5,1.8,9.8,2016
14561,445,Kemba Walker,PG,25,CHO,81,81,35.6,7.0,16.4,.427,2.2,6.0,.371,4.8,10.4,.459,.495,4.6,5.4,.847,0.7,3.7,4.4,5.2,1.6,0.5,2.1,1.4,20.9,2016
14562,446,John Wall,PG,25,WAS,77,77,36.2,7.4,17.5,.424,1.5,4.3,.351,5.9,13.3,.448,.467,3.5,4.5,.791,0.5,4.4,4.9,10.2,1.9,0.8,4.1,2.1,19.9,2016
14563,447,T.J. Warren,SF,22,PHO,47,4,22.8,4.7,9.4,.501,0.6,1.5,.400,4.1,7.9,.520,.533,1.0,1.4,.703,1.2,1.9,3.1,0.9,0.8,0.3,0.7,2.0,11.0,2016
14564,448,C.J. Watson,PG,31,ORL,33,2,19.9,1.4,4.2,.343,0.4,1.5,.292,1.0,2.7,.371,.394,1.0,1.2,.872,0.3,1.7,2.0,2.7,0.6,0.2,0.8,1.5,4.3,2016
14565,449,Briante Weber,PG,23,TOT,7,4,24.1,2.0,5.6,.359,0.0,0.7,.000,2.0,4.9,.412,.359,0.4,0.6,.750,1.1,2.4,3.6,3.0,1.3,0.4,1.3,1.7,4.4,2016
14566,449,Briante Weber,PG,23,MEM,6,4,27.7,2.2,6.3,.342,0.0,0.8,.000,2.2,5.5,.394,.342,0.5,0.7,.750,1.3,2.7,4.0,3.3,1.5,0.5,1.5,1.8,4.8,2016
14567,449,Briante Weber,PG,23,MIA,1,0,3.0,1.0,1.0,1.000,0.0,0.0,,1.0,1.0,1.000,1.000,0.0,0.0,,0.0,1.0,1.0,1.0,0.0,0.0,0.0,1.0,2.0,2016
14568,450,Sonny Weems,SG-SF,29,TOT,43,0,11.6,1.0,2.6,.382,0.3,1.0,.366,0.6,1.6,.391,.450,0.2,0.3,.533,0.2,1.1,1.2,1.1,0.2,0.0,1.0,1.1,2.5,2016
14569,450,Sonny Weems,SG,29,PHO,36,0,11.7,1.0,2.5,.393,0.4,0.9,.406,0.6,1.6,.386,.466,0.2,0.4,.538,0.2,1.0,1.1,1.3,0.3,0.0,1.0,1.1,2.5,2016
14570,450,Sonny Weems,SF,29,PHI,7,0,11.1,1.0,3.0,.333,0.3,1.3,.222,0.7,1.7,.417,.381,0.1,0.3,.500,0.1,1.6,1.7,0.3,0.0,0.0,0.6,1.0,2.4,2016
14571,451,David West,PF,35,SAS,78,19,18.0,3.1,5.7,.545,0.0,0.1,.429,3.1,5.7,.546,.548,0.8,1.0,.788,0.9,3.0,4.0,1.8,0.6,0.7,0.9,1.8,7.1,2016
14572,452,Russell Westbrook,PG,27,OKC,80,80,34.4,8.2,18.1,.454,1.3,4.3,.296,6.9,13.8,.503,.489,5.8,7.2,.812,1.8,6.0,7.8,10.4,2.0,0.3,4.3,2.5,23.5,2016
14573,453,Hassan Whiteside,C,26,MIA,73,43,29.1,5.7,9.3,.606,0.0,0.0,,5.7,9.3,.606,.606,2.9,4.5,.650,3.3,8.6,11.8,0.4,0.6,3.7,1.9,2.8,14.2,2016
14574,454,Shayne Whittington,PF,24,IND,7,0,5.9,0.7,1.6,.455,0.0,0.3,.000,0.7,1.3,.556,.455,0.1,0.3,.500,0.7,1.0,1.7,0.4,0.1,0.1,0.7,1.0,1.6,2016
14575,455,Andrew Wiggins,SF,20,MIN,81,81,35.1,7.3,16.0,.459,0.7,2.3,.300,6.6,13.6,.486,.481,5.3,7.0,.761,1.3,2.3,3.6,2.0,1.0,0.6,2.2,2.0,20.7,2016
14576,456,C.J. Wilcox,SG,25,LAC,23,0,7.3,1.1,2.9,.394,0.4,1.0,.391,0.7,1.9,.395,.462,0.4,0.5,.750,0.0,0.5,0.5,0.4,0.4,0.1,0.1,0.7,3.0,2016
14577,457,Alan Williams,PF,23,PHO,10,0,6.8,1.0,2.4,.417,0.0,0.0,,1.0,2.4,.417,.417,0.9,1.4,.643,1.4,2.4,3.8,0.5,0.4,0.5,0.6,1.5,2.9,2016
14578,458,Deron Williams,PG,31,DAL,65,63,32.4,4.9,11.9,.414,1.5,4.3,.344,3.4,7.6,.454,.477,2.8,3.2,.869,0.3,2.6,2.9,5.8,0.9,0.2,2.3,2.4,14.1,2016
14579,459,Derrick Williams,SF,24,NYK,80,9,17.9,3.2,7.1,.450,0.6,1.9,.293,2.6,5.2,.506,.488,2.4,3.2,.758,0.6,3.1,3.7,0.9,0.4,0.1,0.8,0.9,9.3,2016
14580,460,Elliot Williams,PG,26,MEM,5,0,9.0,0.4,2.0,.200,0.2,0.8,.250,0.2,1.2,.167,.250,0.6,0.8,.750,0.2,0.6,0.8,0.8,0.0,0.0,0.2,0.4,1.6,2016
14581,Rk,Player,Pos,Age,Tm,G,GS,MP,FG,FGA,FG%,3P,3PA,3P%,2P,2PA,2P%,eFG%,FT,FTA,FT%,ORB,DRB,TRB,AST,STL,BLK,TOV,PF,PTS,2016
14582,461,Lou Williams,SG,29,LAL,67,35,28.5,4.2,10.3,.408,1.6,4.8,.344,2.6,5.6,.464,.488,5.3,6.3,.830,0.5,2.1,2.5,2.5,0.9,0.3,1.6,1.6,15.3,2016
14583,462,Marvin Williams,PF,29,CHO,81,81,28.9,4.2,9.2,.452,1.9,4.7,.402,2.3,4.6,.504,.554,1.5,1.8,.833,1.6,4.9,6.4,1.4,0.7,1.0,0.8,1.6,11.7,2016
14584,463,Mo Williams,PG,33,CLE,41,14,18.2,3.2,7.4,.437,0.9,2.5,.353,2.3,4.9,.480,.497,0.9,1.0,.905,0.1,1.6,1.8,2.4,0.3,0.1,1.4,1.5,8.2,2016
14585,464,Justise Winslow,SF,19,MIA,78,8,28.6,2.5,5.9,.422,0.4,1.5,.276,2.1,4.4,.471,.457,1.0,1.5,.684,1.0,4.1,5.2,1.5,0.9,0.3,1.2,2.4,6.4,2016
14586,465,Jeff Withey,C,25,UTA,51,10,12.9,1.7,3.2,.537,0.0,0.0,.000,1.7,3.1,.544,.537,0.8,1.2,.729,1.1,2.3,3.4,0.4,0.4,1.0,0.5,1.5,4.3,2016
14587,466,Christian Wood,PF,20,PHI,17,0,8.5,1.3,3.1,.415,0.2,0.6,.364,1.1,2.5,.429,.453,0.8,1.2,.619,0.8,1.5,2.2,0.2,0.3,0.4,0.1,0.6,3.6,2016
14588,467,Metta World Peace,SF,36,LAL,35,5,16.9,1.6,5.1,.311,0.7,2.4,.310,0.8,2.7,.312,.384,1.1,1.6,.702,0.5,2.0,2.5,0.8,0.6,0.3,0.4,1.9,5.0,2016
14589,468,Brandan Wright,PF,28,MEM,12,2,17.7,2.9,4.3,.673,0.0,0.0,,2.9,4.3,.673,.673,1.1,2.0,.542,1.2,2.4,3.6,0.5,0.4,1.3,0.8,1.8,6.9,2016
14590,469,Delon Wright,PG,23,TOR,27,1,8.5,1.3,3.0,.450,0.2,0.5,.385,1.1,2.5,.463,.481,1.0,1.3,.743,0.3,1.1,1.4,1.1,0.3,0.1,0.6,0.3,3.8,2016
14591,470,Tony Wroten,PG,22,PHI,8,3,18.0,2.8,8.1,.338,0.4,2.1,.176,2.4,6.0,.396,.362,2.5,4.6,.541,0.3,2.4,2.6,2.5,0.4,0.0,3.6,1.4,8.4,2016
14592,471,James Young,SG,20,BOS,29,0,6.9,0.4,1.2,.306,0.2,0.9,.231,0.2,0.3,.500,.389,0.0,0.1,.250,0.1,0.8,0.9,0.3,0.2,0.0,0.2,0.6,1.0,2016
14593,472,Joe Young,PG,23,IND,41,0,9.4,1.5,4.1,.367,0.2,1.1,.217,1.3,3.0,.423,.396,0.5,0.6,.800,0.1,1.1,1.2,1.6,0.4,0.0,0.8,0.7,3.8,2016
14594,473,Nick Young,SG,30,LAL,54,2,19.1,2.3,6.9,.339,1.4,4.4,.325,0.9,2.5,.363,.442,1.2,1.4,.829,0.3,1.5,1.8,0.6,0.4,0.1,0.6,0.9,7.3,2016
14595,474,Thaddeus Young,PF,27,BRK,73,73,33.0,6.8,13.2,.514,0.1,0.4,.233,6.7,12.8,.523,.518,1.4,2.2,.644,2.4,6.6,9.0,1.9,1.5,0.5,1.9,2.5,15.1,2016
14596,475,Cody Zeller,C,23,CHO,73,60,24.3,3.2,6.0,.529,0.0,0.1,.100,3.2,5.8,.539,.530,2.4,3.2,.754,1.9,4.3,6.2,1.0,0.8,0.9,0.9,2.8,8.7,2016
14597,476,Tyler Zeller,C,26,BOS,60,3,11.8,2.3,4.8,.476,0.0,0.0,,2.3,4.8,.476,.476,1.5,1.8,.815,1.0,1.9,3.0,0.5,0.2,0.4,0.8,1.6,6.1,2016
14598,1,Álex Abrines,SG,23,OKC,68,6,15.5,2.0,5.0,.393,1.4,3.6,.381,0.6,1.4,.426,.531,0.6,0.7,.898,0.3,1.0,1.3,0.6,0.5,0.1,0.5,1.7,6.0,2017
14599,2,Quincy Acy,PF,26,TOT,38,1,14.7,1.8,4.5,.412,1.0,2.4,.411,0.9,2.1,.413,.521,1.2,1.6,.750,0.5,2.5,3.0,0.5,0.4,0.4,0.6,1.8,5.8,2017
14600,2,Quincy Acy,PF,26,DAL,6,0,8.0,0.8,2.8,.294,0.2,1.2,.143,0.7,1.7,.400,.324,0.3,0.5,.667,0.3,1.0,1.3,0.0,0.0,0.0,0.3,1.5,2.2,2017
14601,2,Quincy Acy,PF,26,BRK,32,1,15.9,2.0,4.8,.425,1.1,2.6,.434,0.9,2.2,.414,.542,1.3,1.8,.754,0.6,2.8,3.3,0.6,0.4,0.5,0.6,1.8,6.5,2017
14602,3,Steven Adams,C,23,OKC,80,80,29.9,4.7,8.2,.571,0.0,0.0,.000,4.7,8.2,.572,.571,2.0,3.2,.611,3.5,4.2,7.7,1.1,1.1,1.0,1.8,2.4,11.3,2017
14603,4,Arron Afflalo,SG,31,SAC,61,45,25.9,3.0,6.9,.440,1.0,2.5,.411,2.0,4.4,.457,.514,1.4,1.5,.892,0.1,1.9,2.0,1.3,0.3,0.1,0.7,1.7,8.4,2017
14604,5,Alexis Ajinça,C,28,NOP,39,15,15.0,2.3,4.6,.500,0.0,0.1,.000,2.3,4.5,.511,.500,0.7,1.0,.725,1.2,3.4,4.5,0.3,0.5,0.6,0.8,2.0,5.3,2017
14605,6,Cole Aldrich,C,28,MIN,62,0,8.6,0.7,1.4,.523,0.0,0.0,,0.7,1.4,.523,.523,0.2,0.4,.682,0.8,1.7,2.5,0.4,0.4,0.4,0.3,1.4,1.7,2017
14606,7,LaMarcus Aldridge,PF,31,SAS,72,72,32.4,6.9,14.6,.477,0.3,0.8,.411,6.6,13.8,.480,.488,3.1,3.8,.812,2.4,4.9,7.3,1.9,0.6,1.2,1.4,2.2,17.3,2017
14607,8,Lavoy Allen,PF,27,IND,61,5,14.3,1.3,2.8,.458,0.0,0.0,.000,1.3,2.7,.461,.458,0.4,0.5,.697,1.7,1.9,3.6,0.9,0.3,0.4,0.5,1.3,2.9,2017
14608,9,Tony Allen,SG,35,MEM,71,66,27.0,3.9,8.4,.461,0.2,0.8,.278,3.6,7.6,.479,.473,1.1,1.8,.615,2.3,3.2,5.5,1.4,1.6,0.4,1.4,2.5,9.1,2017
14609,10,Al-Farouq Aminu,PF,26,POR,61,25,29.1,3.0,7.6,.393,1.1,3.5,.330,1.9,4.2,.445,.468,1.6,2.2,.706,1.3,6.1,7.4,1.6,1.0,0.7,1.5,1.7,8.7,2017
14610,11,Chris Andersen,C,38,CLE,12,0,9.5,0.8,1.8,.409,0.0,0.3,.000,0.8,1.6,.474,.409,0.8,1.2,.714,0.8,1.8,2.6,0.4,0.4,0.6,0.4,1.7,2.3,2017
14611,12,Alan Anderson,SF,34,LAC,30,0,10.3,1.0,2.7,.375,0.5,1.5,.318,0.5,1.2,.444,.463,0.4,0.5,.750,0.1,0.7,0.8,0.4,0.1,0.0,0.2,1.2,2.9,2017
14612,13,Justin Anderson,SF,23,TOT,75,10,16.4,2.5,5.9,.424,0.8,2.6,.299,1.7,3.3,.522,.490,1.4,1.7,.791,0.9,2.3,3.3,0.9,0.5,0.3,0.9,1.5,7.1,2017
14613,13,Justin Anderson,SF,23,DAL,51,2,13.9,2.2,5.4,.401,0.7,2.4,.303,1.5,3.0,.477,.468,1.4,1.7,.795,0.8,2.2,2.9,0.6,0.5,0.3,0.8,1.3,6.5,2017
14614,13,Justin Anderson,SF,23,PHI,24,8,21.6,3.1,6.8,.463,0.9,3.0,.292,2.3,3.8,.600,.528,1.3,1.7,.780,1.3,2.8,4.0,1.4,0.5,0.3,1.1,1.9,8.5,2017
14615,14,Kyle Anderson,SF,23,SAS,72,14,14.2,1.3,2.9,.445,0.2,0.6,.375,1.1,2.3,.462,.481,0.6,0.8,.789,0.5,2.4,2.9,1.3,0.7,0.4,0.5,0.9,3.4,2017
14616,15,Ryan Anderson,PF,28,HOU,72,72,29.4,4.5,10.7,.418,2.8,7.0,.403,1.7,3.7,.446,.550,1.8,2.1,.860,1.6,3.0,4.6,0.9,0.4,0.2,0.8,2.0,13.6,2017
14617,16,Giannis Antetokounmpo,SF,22,MIL,80,80,35.6,8.2,15.7,.521,0.6,2.3,.272,7.6,13.5,.563,.541,5.9,7.7,.770,1.8,7.0,8.8,5.4,1.6,1.9,2.9,3.1,22.9,2017
14618,17,Carmelo Anthony,SF,32,NYK,74,74,34.3,8.1,18.8,.433,2.0,5.7,.359,6.1,13.1,.466,.488,4.1,4.9,.833,0.8,5.1,5.9,2.9,0.8,0.5,2.1,2.7,22.4,2017
14619,18,Joel Anthony,C,34,SAS,19,0,6.4,0.5,0.8,.625,0.0,0.0,,0.5,0.8,.625,.625,0.3,0.4,.625,0.4,1.2,1.6,0.2,0.1,0.3,0.2,0.6,1.3,2017
14620,19,Trevor Ariza,SF,31,HOU,80,80,34.7,4.1,10.0,.409,2.4,6.9,.344,1.7,3.0,.556,.528,1.2,1.6,.738,0.7,5.1,5.7,2.2,1.8,0.3,0.9,1.7,11.7,2017
14621,20,Darrell Arthur,PF,28,DEN,41,7,15.6,2.3,5.2,.442,1.3,2.9,.453,1.0,2.4,.429,.565,0.5,0.5,.864,0.6,2.1,2.7,1.0,0.5,0.5,0.9,1.9,6.4,2017
14622,21,Ömer Aşık,C,30,NOP,31,19,15.5,1.0,2.1,.477,0.0,0.0,,1.0,2.1,.477,.477,0.7,1.3,.590,1.5,3.7,5.3,0.5,0.2,0.3,0.5,1.6,2.7,2017
14623,22,D.J. Augustin,PG,29,ORL,78,20,19.7,2.5,6.6,.377,1.2,3.5,.347,1.3,3.1,.412,.469,1.7,2.1,.814,0.2,1.3,1.5,2.7,0.4,0.0,1.2,1.3,7.9,2017
14624,23,Luke Babbitt,SF,27,MIA,68,55,15.7,1.7,4.1,.402,1.3,3.1,.414,0.4,1.0,.366,.557,0.2,0.2,.733,0.2,1.9,2.1,0.5,0.3,0.2,0.4,1.7,4.8,2017
14625,24,Ron Baker,SG,23,NYK,52,13,16.5,1.6,4.2,.378,0.4,1.7,.267,1.1,2.5,.450,.431,0.5,0.8,.651,0.2,1.7,1.9,2.1,0.7,0.2,1.1,1.4,4.1,2017
14626,25,Wade Baldwin,PG,20,MEM,33,1,12.3,1.1,3.5,.313,0.1,0.7,.136,1.0,2.8,.355,.326,0.9,1.1,.838,0.3,1.1,1.4,1.8,0.5,0.2,1.2,1.2,3.2,2017
14627,26,Leandro Barbosa,SG,34,PHO,67,0,14.4,2.6,5.9,.439,0.5,1.5,.357,2.0,4.4,.466,.483,0.6,0.7,.889,0.2,1.3,1.6,1.2,0.5,0.1,0.7,1.2,6.3,2017
14628,27,J.J. Barea,PG,32,DAL,35,6,22.0,4.1,9.8,.414,1.5,4.2,.358,2.5,5.6,.456,.491,1.3,1.5,.863,0.3,2.1,2.4,5.5,0.4,0.0,1.8,0.9,10.9,2017
14629,28,Harrison Barnes,PF,24,DAL,79,79,35.5,7.6,16.2,.468,1.0,2.8,.351,6.6,13.4,.492,.498,3.1,3.6,.861,1.2,3.8,5.0,1.5,0.8,0.2,1.3,1.6,19.2,2017
14630,29,Matt Barnes,SF,36,TOT,74,18,24.0,2.5,6.4,.391,1.2,3.6,.331,1.3,2.8,.467,.483,0.9,1.2,.787,0.9,4.2,5.2,2.6,0.6,0.4,1.4,2.5,7.1,2017
14631,29,Matt Barnes,SF,36,SAC,54,13,25.3,2.7,7.1,.384,1.3,3.9,.327,1.4,3.2,.453,.474,0.9,1.2,.758,1.0,4.4,5.4,2.8,0.7,0.3,1.5,2.6,7.6,2017
14632,29,Matt Barnes,SF,36,GSW,20,5,20.5,1.9,4.5,.422,0.9,2.6,.346,1.0,1.9,.526,.522,1.0,1.2,.870,0.8,3.8,4.6,2.3,0.6,0.5,1.2,2.4,5.7,2017
14633,30,Will Barton,SG,26,DEN,60,19,28.4,4.9,11.1,.443,1.5,3.9,.370,3.5,7.2,.483,.508,2.4,3.2,.753,1.0,3.4,4.3,3.4,0.8,0.5,1.6,1.8,13.7,2017
14634,31,Brandon Bass,PF,31,LAC,52,0,11.1,2.1,3.6,.575,0.0,0.1,.333,2.0,3.5,.579,.578,1.5,1.7,.875,0.8,1.7,2.5,0.4,0.3,0.2,0.6,0.9,5.6,2017
14635,32,Nicolas Batum,SG,28,CHO,77,77,34.0,5.1,12.7,.403,1.8,5.3,.333,3.4,7.4,.453,.472,3.2,3.7,.856,0.6,5.6,6.2,5.9,1.1,0.4,2.5,1.4,15.1,2017
14636,33,Jerryd Bayless,PG,28,PHI,3,1,23.7,3.7,10.7,.344,0.7,1.7,.400,3.0,9.0,.333,.375,3.0,3.3,.900,1.0,3.0,4.0,4.3,0.0,0.0,3.0,1.3,11.0,2017
14637,34,Aron Baynes,C,30,DET,75,2,15.5,1.9,3.7,.513,0.0,0.0,,1.9,3.7,.513,.513,1.1,1.3,.840,1.5,3.0,4.4,0.4,0.2,0.5,0.7,2.2,4.9,2017
14638,35,Kent Bazemore,SF,27,ATL,73,64,26.9,4.0,9.9,.409,1.3,3.6,.346,2.8,6.2,.446,.473,1.6,2.3,.708,0.6,2.5,3.2,2.4,1.2,0.7,1.7,2.3,11.0,2017
14639,36,Bradley Beal,SG,23,WAS,77,77,34.9,8.3,17.2,.482,2.9,7.2,.404,5.4,10.0,.538,.566,3.7,4.4,.825,0.7,2.4,3.1,3.5,1.1,0.3,2.0,2.2,23.1,2017
14640,37,Malik Beasley,SG,20,DEN,22,1,7.5,1.5,3.3,.452,0.4,1.3,.321,1.1,2.0,.533,.514,0.4,0.5,.800,0.2,0.5,0.8,0.5,0.3,0.0,0.4,0.5,3.8,2017
14641,38,Michael Beasley,PF,28,MIL,56,6,16.7,3.9,7.3,.532,0.3,0.8,.419,3.5,6.5,.545,.554,1.4,1.9,.743,0.7,2.7,3.4,0.9,0.5,0.5,1.2,1.6,9.4,2017
14642,39,Marco Belinelli,SG,30,CHO,74,0,24.0,3.6,8.3,.429,1.4,3.8,.360,2.2,4.5,.488,.512,2.0,2.3,.893,0.2,2.2,2.4,2.0,0.6,0.1,0.9,1.2,10.5,2017
14643,40,DeAndre' Bembry,SF,22,ATL,38,1,9.8,1.2,2.6,.480,0.0,0.5,.056,1.2,2.1,.575,.485,0.2,0.4,.375,0.4,1.2,1.6,0.7,0.2,0.1,0.4,0.6,2.7,2017
14644,Rk,Player,Pos,Age,Tm,G,GS,MP,FG,FGA,FG%,3P,3PA,3P%,2P,2PA,2P%,eFG%,FT,FTA,FT%,ORB,DRB,TRB,AST,STL,BLK,TOV,PF,PTS,2017
14645,41,Dragan Bender,PF,19,PHO,43,0,13.3,1.3,3.7,.354,0.7,2.3,.277,0.7,1.4,.483,.441,0.1,0.3,.364,0.5,1.9,2.4,0.5,0.2,0.5,0.7,1.7,3.4,2017
14646,42,Anthony Bennett,PF,23,BRK,23,1,11.5,1.7,4.0,.413,0.6,2.1,.271,1.1,1.9,.568,.484,1.1,1.6,.722,1.1,2.3,3.4,0.5,0.2,0.1,0.5,0.8,5.0,2017
14647,43,Ben Bentil,PF,21,DAL,3,0,3.3,0.0,1.0,.000,0.0,0.3,.000,0.0,0.7,.000,.000,0.0,0.0,,0.0,0.7,0.7,0.0,0.0,0.0,0.3,0.3,0.0,2017
14648,44,Dāvis Bertāns,PF,24,SAS,67,6,12.1,1.5,3.5,.440,1.0,2.6,.399,0.5,0.9,.557,.588,0.4,0.5,.824,0.3,1.1,1.5,0.7,0.3,0.4,0.5,1.1,4.5,2017
14649,45,Patrick Beverley,SG,28,HOU,67,67,30.7,3.4,8.1,.420,1.6,4.3,.382,1.8,3.8,.463,.521,1.1,1.4,.768,1.4,4.4,5.9,4.2,1.5,0.4,1.5,3.3,9.5,2017
14650,46,Bismack Biyombo,C,24,ORL,81,27,22.1,2.2,4.2,.528,0.0,0.0,,2.2,4.2,.528,.528,1.5,2.9,.534,1.9,5.1,7.0,0.9,0.3,1.1,1.2,2.5,6.0,2017
14651,47,Nemanja Bjelica,PF,28,MIN,65,1,18.3,2.3,5.5,.424,0.9,2.7,.316,1.5,2.8,.531,.503,0.7,0.9,.738,0.9,2.9,3.8,1.2,0.6,0.3,0.9,2.4,6.2,2017
14652,48,Tarik Black,C,25,LAL,67,16,16.3,2.2,4.4,.510,0.0,0.0,.500,2.2,4.4,.510,.512,1.2,1.6,.752,2.1,3.0,5.1,0.6,0.4,0.7,0.9,2.6,5.7,2017
14653,49,Eric Bledsoe,PG,27,PHO,66,66,33.0,6.8,15.7,.434,1.6,4.7,.335,5.2,11.0,.477,.485,5.9,6.9,.847,0.8,4.1,4.8,6.3,1.4,0.5,3.4,2.5,21.1,2017
14654,50,Bojan Bogdanović,SF,27,TOT,81,54,25.7,4.6,10.4,.445,1.8,4.8,.367,2.9,5.6,.512,.530,2.7,3.0,.893,0.5,3.0,3.4,1.4,0.4,0.1,1.6,1.8,13.7,2017
14655,50,Bojan Bogdanović,SF,27,BRK,55,54,26.9,4.9,11.1,.440,1.8,5.0,.357,3.1,6.1,.509,.521,2.7,3.0,.874,0.4,3.2,3.6,1.6,0.4,0.1,1.7,1.8,14.2,2017
14656,50,Bojan Bogdanović,SF,27,WAS,26,0,23.1,4.1,9.0,.457,1.7,4.4,.391,2.4,4.6,.521,.553,2.7,2.9,.934,0.5,2.5,3.1,0.8,0.4,0.2,1.5,1.8,12.7,2017
14657,51,Andrew Bogut,C,32,TOT,27,21,21.6,1.4,3.0,.469,0.0,0.0,.000,1.4,3.0,.475,.469,0.1,0.4,.273,2.1,6.0,8.1,1.8,0.5,0.9,1.6,3.2,2.9,2017
14658,51,Andrew Bogut,C,32,DAL,26,21,22.4,1.5,3.1,.469,0.0,0.0,.000,1.5,3.1,.475,.469,0.1,0.4,.273,2.2,6.2,8.4,1.9,0.5,1.0,1.7,3.2,3.0,2017
14659,51,Andrew Bogut,C,32,CLE,1,0,1.0,0.0,0.0,,0.0,0.0,,0.0,0.0,,,0.0,0.0,,0.0,0.0,0.0,0.0,0.0,0.0,0.0,2.0,0.0,2017
14660,52,Joel Bolomboy,PF,23,UTA,12,0,4.4,0.8,1.3,.563,0.1,0.3,.250,0.7,1.0,.667,.594,0.3,0.5,.500,0.3,1.1,1.4,0.2,0.1,0.2,0.2,0.1,1.8,2017
14661,53,Devin Booker,SG,20,PHO,78,78,35.0,7.8,18.3,.423,1.9,5.2,.363,5.9,13.2,.447,.475,4.7,5.7,.832,0.6,2.6,3.2,3.4,0.9,0.3,3.1,3.1,22.1,2017
14662,54,Trevor Booker,PF,29,BRK,71,43,24.7,4.3,8.3,.516,0.4,1.1,.321,3.9,7.2,.546,.537,1.0,1.5,.673,2.0,6.0,8.0,1.9,1.1,0.4,1.8,2.1,10.0,2017
14663,55,Avery Bradley,SG,26,BOS,55,55,33.4,6.5,14.1,.463,2.0,5.0,.390,4.6,9.1,.504,.533,1.2,1.7,.731,1.2,4.9,6.1,2.2,1.2,0.2,1.6,2.6,16.3,2017
14664,56,Corey Brewer,SF,30,TOT,82,11,15.6,1.8,4.2,.422,0.3,1.4,.229,1.5,2.8,.522,.461,0.6,0.8,.735,0.4,1.6,2.0,1.2,0.7,0.2,0.7,1.6,4.5,2017
14665,56,Corey Brewer,SF,30,HOU,58,8,15.9,1.6,3.9,.414,0.4,1.6,.234,1.2,2.3,.541,.463,0.6,0.8,.727,0.4,1.6,2.0,1.1,0.6,0.2,0.6,1.8,4.2,2017
14666,56,Corey Brewer,SF,30,LAL,24,3,14.9,2.2,5.0,.438,0.2,1.0,.208,2.0,4.0,.495,.459,0.8,1.0,.750,0.5,1.7,2.2,1.5,1.0,0.3,0.8,1.2,5.4,2017
14667,57,Malcolm Brogdon,SG,24,MIL,75,28,26.4,3.9,8.5,.457,1.0,2.6,.404,2.8,5.9,.480,.518,1.5,1.7,.865,0.6,2.2,2.8,4.2,1.1,0.2,1.5,1.9,10.2,2017
14668,58,Aaron Brooks,PG,32,IND,65,0,13.8,1.9,4.6,.403,0.7,2.0,.375,1.1,2.6,.424,.483,0.5,0.6,.800,0.3,0.8,1.1,1.9,0.4,0.1,1.0,1.4,5.0,2017
14669,59,Anthony Brown,SF,24,TOT,11,0,14.5,1.6,4.5,.360,0.6,2.5,.259,1.0,2.1,.478,.430,0.0,0.0,,0.7,2.3,3.0,0.7,0.5,0.1,0.5,1.4,3.9,2017
14670,59,Anthony Brown,SF,24,NOP,9,0,15.9,1.6,4.6,.341,0.7,2.7,.250,0.9,1.9,.471,.415,0.0,0.0,,0.7,2.2,2.9,0.7,0.6,0.1,0.6,1.4,3.8,2017
14671,59,Anthony Brown,SF,24,ORL,2,0,8.0,2.0,4.5,.444,0.5,1.5,.333,1.5,3.0,.500,.500,0.0,0.0,,1.0,2.5,3.5,1.0,0.0,0.0,0.5,1.0,4.5,2017
14672,60,Bobby Brown,PG,32,HOU,25,0,4.9,0.9,2.4,.383,0.6,1.4,.400,0.4,1.0,.360,.500,0.1,0.1,1.000,0.0,0.2,0.2,0.6,0.0,0.0,0.2,0.2,2.5,2017
14673,Rk,Player,Pos,Age,Tm,G,GS,MP,FG,FGA,FG%,3P,3PA,3P%,2P,2PA,2P%,eFG%,FT,FTA,FT%,ORB,DRB,TRB,AST,STL,BLK,TOV,PF,PTS,2017
14674,61,Jaylen Brown,SF,20,BOS,78,20,17.2,2.5,5.4,.454,0.6,1.7,.341,1.9,3.7,.507,.508,1.1,1.6,.685,0.6,2.2,2.8,0.8,0.4,0.2,0.9,1.8,6.6,2017
14675,62,Nicolás Brussino,SG,23,DAL,54,2,9.6,1.0,2.6,.369,0.5,1.8,.305,0.4,0.9,.500,.472,0.3,0.4,.773,0.5,1.3,1.8,0.9,0.3,0.1,0.5,0.8,2.8,2017
14676,63,Reggie Bullock,SF,25,DET,31,5,15.1,1.7,4.1,.422,0.9,2.4,.384,0.8,1.8,.473,.531,0.2,0.2,.714,0.4,1.6,2.1,0.9,0.6,0.1,0.3,0.7,4.5,2017
14677,64,Trey Burke,PG,24,WAS,57,0,12.3,2.0,4.5,.455,0.5,1.2,.443,1.5,3.2,.459,.516,0.4,0.5,.759,0.1,0.7,0.8,1.8,0.2,0.1,0.8,0.9,5.0,2017
14678,65,Alec Burks,SG,25,UTA,42,0,15.5,2.4,5.9,.399,0.6,1.8,.329,1.8,4.1,.430,.450,1.4,1.9,.769,0.4,2.5,2.9,0.7,0.4,0.1,0.8,1.2,6.7,2017
14679,66,Jimmy Butler,SF,27,CHI,76,75,37.0,7.5,16.5,.455,1.2,3.3,.367,6.3,13.2,.477,.492,7.7,8.9,.865,1.7,4.5,6.2,5.5,1.9,0.4,2.1,1.5,23.9,2017
14680,67,Bruno Caboclo,SF,21,TOR,9,0,4.4,0.7,1.8,.375,0.2,0.7,.333,0.4,1.1,.400,.438,0.0,0.0,,0.6,0.6,1.1,0.4,0.2,0.1,0.2,0.4,1.6,2017
14681,68,José Calderón,PG,35,TOT,41,13,13.1,1.3,3.3,.410,0.5,1.6,.313,0.9,1.7,.500,.485,0.3,0.3,.917,0.4,1.4,1.8,2.1,0.3,0.0,1.0,0.9,3.4,2017
14682,68,José Calderón,PG,35,LAL,24,11,12.2,1.3,3.2,.416,0.5,1.4,.353,0.8,1.8,.465,.494,0.2,0.2,1.000,0.3,1.4,1.8,2.1,0.3,0.0,1.1,0.9,3.3,2017
14683,68,José Calderón,PG,35,ATL,17,2,14.5,1.4,3.4,.404,0.5,1.8,.267,0.9,1.6,.556,.474,0.4,0.5,.875,0.4,1.5,1.9,2.2,0.2,0.0,0.9,0.8,3.6,2017
14684,69,Kentavious Caldwell-Pope,SG,23,DET,76,75,33.3,4.9,12.2,.399,2.0,5.8,.350,2.9,6.5,.442,.481,2.0,2.4,.832,0.7,2.5,3.3,2.5,1.2,0.2,1.1,1.6,13.8,2017
14685,70,Isaiah Canaan,SG,25,CHI,39,0,15.2,1.6,4.4,.364,0.6,2.4,.266,1.0,2.0,.481,.436,0.8,0.8,.909,0.2,1.1,1.3,0.9,0.6,0.0,0.5,0.9,4.6,2017
14686,71,Clint Capela,C,22,HOU,65,59,23.9,5.6,8.7,.643,0.0,0.0,,5.6,8.7,.643,.643,1.4,2.7,.531,2.7,5.4,8.1,1.0,0.5,1.2,1.3,2.8,12.6,2017
14687,72,DeMarre Carroll,SF,30,TOR,72,72,26.1,3.1,7.6,.400,1.5,4.4,.341,1.5,3.2,.483,.499,1.2,1.6,.761,0.9,2.9,3.8,1.0,1.1,0.4,0.8,2.0,8.9,2017
14688,73,Vince Carter,SF,40,MEM,73,15,24.6,2.6,6.7,.394,1.5,4.1,.378,1.1,2.7,.418,.508,1.2,1.6,.765,0.5,2.6,3.1,1.8,0.8,0.5,0.7,2.2,8.0,2017
14689,74,Michael Carter-Williams,PG,25,CHI,45,19,18.8,2.5,6.8,.366,0.3,1.4,.234,2.2,5.4,.401,.391,1.3,1.7,.753,0.5,2.9,3.4,2.5,0.8,0.5,1.5,2.3,6.6,2017
14690,75,Omri Casspi,PF,28,TOT,36,2,17.9,2.1,4.6,.470,0.4,1.2,.349,1.7,3.4,.512,.515,0.5,0.8,.586,0.8,2.4,3.1,1.0,0.6,0.1,0.8,1.4,5.2,2017
14691,75,Omri Casspi,PF,28,SAC,22,2,18.0,2.4,5.3,.453,0.5,1.3,.379,1.9,4.0,.477,.500,0.5,1.0,.571,0.9,3.2,4.1,1.2,0.5,0.0,0.8,1.0,5.9,2017
14692,75,Omri Casspi,PF,28,NOP,1,0,24.0,5.0,9.0,.556,2.0,4.0,.500,3.0,5.0,.600,.667,0.0,0.0,,1.0,1.0,2.0,0.0,0.0,0.0,2.0,3.0,12.0,2017
14693,75,Omri Casspi,PF,28,MIN,13,0,17.1,1.5,2.9,.500,0.2,0.8,.200,1.3,2.2,.607,.526,0.4,0.6,.625,0.5,1.1,1.5,0.8,1.0,0.2,0.8,1.8,3.5,2017
14694,76,Willie Cauley-Stein,C,23,SAC,75,21,18.9,3.4,6.4,.530,0.0,0.0,.000,3.4,6.4,.532,.530,1.3,2.0,.669,1.1,3.4,4.5,1.1,0.7,0.6,0.9,2.0,8.1,2017
14695,77,Tyson Chandler,C,34,PHO,47,46,27.6,3.3,4.9,.671,0.0,0.0,,3.3,4.9,.671,.671,1.9,2.6,.734,3.3,8.2,11.5,0.6,0.7,0.5,1.4,2.7,8.4,2017
14696,78,Wilson Chandler,SF,29,DEN,71,33,30.9,6.1,13.2,.461,1.5,4.6,.337,4.5,8.6,.527,.520,2.0,2.7,.727,1.5,5.0,6.5,2.0,0.7,0.4,1.6,2.4,15.7,2017
14697,79,Marquese Chriss,PF,19,PHO,82,75,21.3,3.5,7.7,.449,0.9,2.7,.321,2.6,5.0,.520,.506,1.4,2.2,.624,1.2,3.1,4.2,0.7,0.8,0.9,1.3,3.2,9.2,2017
14698,80,Rakeem Christmas,PF,25,IND,29,0,7.6,0.7,1.5,.442,0.0,0.0,,0.7,1.5,.442,.442,0.7,1.0,.724,0.9,1.0,1.9,0.1,0.1,0.2,0.3,1.3,2.0,2017
14699,Rk,Player,Pos,Age,Tm,G,GS,MP,FG,FGA,FG%,3P,3PA,3P%,2P,2PA,2P%,eFG%,FT,FTA,FT%,ORB,DRB,TRB,AST,STL,BLK,TOV,PF,PTS,2017
14700,81,Semaj Christon,PG,24,OKC,64,1,15.2,1.2,3.5,.345,0.2,1.0,.190,1.0,2.5,.406,.372,0.3,0.5,.548,0.3,1.1,1.4,2.0,0.4,0.1,0.7,1.2,2.9,2017
14701,82,Ian Clark,SG,25,GSW,77,0,14.8,2.7,5.6,.487,0.8,2.1,.374,1.9,3.5,.556,.558,0.6,0.8,.759,0.3,1.3,1.6,1.2,0.5,0.1,0.7,1.0,6.8,2017
14702,83,Jordan Clarkson,SG,24,LAL,82,19,29.2,5.8,13.1,.445,1.4,4.3,.329,4.4,8.7,.503,.500,1.6,2.0,.798,0.6,2.4,3.0,2.6,1.1,0.1,2.0,1.8,14.7,2017
14703,84,Norris Cole,PG,28,OKC,13,0,9.6,1.2,4.0,.308,0.2,1.0,.231,1.0,3.0,.333,.337,0.6,0.8,.800,0.0,0.8,0.8,1.1,0.6,0.0,0.5,1.4,3.3,2017
14704,85,Darren Collison,PG,29,SAC,68,64,30.3,5.0,10.5,.476,1.1,2.6,.417,3.9,7.9,.495,.527,2.2,2.5,.860,0.3,1.9,2.2,4.6,1.0,0.1,1.7,1.8,13.2,2017
14705,86,Nick Collison,PF,36,OKC,20,0,6.4,0.7,1.2,.609,0.0,0.1,.000,0.7,1.1,.636,.609,0.3,0.4,.625,0.5,1.1,1.6,0.6,0.1,0.1,0.2,0.9,1.7,2017
14706,87,Mike Conley,PG,29,MEM,69,68,33.2,6.7,14.6,.460,2.5,6.1,.408,4.2,8.6,.497,.545,4.6,5.3,.859,0.4,3.0,3.5,6.3,1.3,0.3,2.3,1.8,20.5,2017
14707,88,Pat Connaughton,SG,24,POR,39,1,8.1,0.9,1.8,.514,0.4,0.8,.515,0.5,1.0,.513,.632,0.2,0.2,.778,0.3,1.1,1.3,0.7,0.2,0.1,0.4,0.6,2.5,2017
14708,89,Quinn Cook,PG,23,TOT,14,0,13.4,2.4,4.7,.500,0.8,1.9,.423,1.6,2.9,.550,.583,0.1,0.4,.400,0.1,0.4,0.5,1.9,0.3,0.0,0.9,0.9,5.6,2017
14709,89,Quinn Cook,PG,23,DAL,5,0,15.4,2.2,5.0,.440,1.0,2.8,.357,1.2,2.2,.545,.540,0.0,0.4,.000,0.0,0.6,0.6,2.4,0.2,0.0,1.6,1.2,5.4,2017
14710,89,Quinn Cook,PG,23,NOP,9,0,12.3,2.4,4.6,.537,0.7,1.3,.500,1.8,3.2,.552,.610,0.2,0.3,.667,0.1,0.3,0.4,1.6,0.3,0.0,0.6,0.8,5.8,2017
14711,90,DeMarcus Cousins,C,26,TOT,72,72,34.2,9.0,19.9,.452,1.8,5.0,.361,7.2,14.8,.483,.498,7.2,9.3,.772,2.1,8.9,11.0,4.6,1.4,1.3,3.7,3.9,27.0,2017
14712,90,DeMarcus Cousins,C,26,SAC,55,55,34.4,9.2,20.3,.452,1.7,4.9,.356,7.5,15.5,.482,.494,7.7,10.0,.770,2.1,8.5,10.6,4.8,1.4,1.3,3.8,3.7,27.8,2017
14713,90,DeMarcus Cousins,C,26,NOP,17,17,33.8,8.4,18.5,.452,2.1,5.6,.375,6.2,12.8,.486,.510,5.5,7.1,.777,2.2,10.2,12.4,3.9,1.5,1.1,3.6,4.4,24.4,2017
14714,91,Robert Covington,SF,26,PHI,67,67,31.6,4.4,10.9,.399,2.0,6.1,.333,2.3,4.8,.484,.492,2.1,2.6,.822,1.4,5.1,6.5,1.5,1.9,1.0,2.0,3.0,12.9,2017
14715,92,Allen Crabbe,SG,24,POR,79,7,28.5,3.8,8.2,.468,1.7,3.8,.444,2.1,4.4,.490,.572,1.3,1.6,.847,0.2,2.6,2.9,1.2,0.7,0.3,0.8,2.2,10.7,2017
14716,93,Jamal Crawford,SG,36,LAC,82,1,26.3,4.4,10.6,.413,1.4,3.9,.360,3.0,6.7,.443,.479,2.1,2.5,.857,0.2,1.4,1.6,2.6,0.7,0.2,1.6,1.4,12.3,2017
14717,94,Jordan Crawford,SG,28,NOP,19,0,23.3,5.5,11.5,.482,1.9,5.0,.389,3.6,6.5,.553,.567,1.1,1.4,.769,0.2,1.6,1.8,3.0,0.6,0.1,1.3,1.6,14.1,2017
14718,95,Jae Crowder,SF,26,BOS,72,72,32.4,4.6,10.0,.463,2.2,5.5,.398,2.4,4.5,.540,.572,2.4,3.0,.811,0.7,5.1,5.8,2.2,1.0,0.3,1.1,2.2,13.9,2017
14719,96,Dante Cunningham,PF,29,NOP,66,35,25.0,2.6,5.4,.485,1.1,2.7,.392,1.6,2.7,.579,.584,0.2,0.4,.593,0.8,3.3,4.2,0.6,0.6,0.4,0.4,1.5,6.6,2017
14720,97,Seth Curry,PG,26,DAL,70,42,29.0,4.8,10.0,.481,2.0,4.6,.425,2.9,5.4,.528,.578,1.2,1.4,.850,0.4,2.2,2.6,2.7,1.1,0.1,1.3,1.8,12.8,2017
14721,98,Stephen Curry,PG,28,GSW,79,79,33.4,8.5,18.3,.468,4.1,10.0,.411,4.4,8.3,.537,.580,4.1,4.6,.898,0.8,3.7,4.5,6.6,1.8,0.2,3.0,2.3,25.3,2017
14722,99,Troy Daniels,SG,25,MEM,67,3,17.7,2.8,7.4,.374,2.1,5.3,.389,0.7,2.1,.336,.513,0.6,0.8,.796,0.3,1.2,1.5,0.7,0.3,0.1,0.7,1.3,8.2,2017
14723,100,Anthony Davis,C,23,NOP,75,75,36.1,10.3,20.3,.505,0.5,1.8,.299,9.7,18.6,.524,.518,6.9,8.6,.802,2.3,9.5,11.8,2.1,1.3,2.2,2.4,2.2,28.0,2017
14724,Rk,Player,Pos,Age,Tm,G,GS,MP,FG,FGA,FG%,3P,3PA,3P%,2P,2PA,2P%,eFG%,FT,FTA,FT%,ORB,DRB,TRB,AST,STL,BLK,TOV,PF,PTS,2017
14725,101,Deyonta Davis,C,20,MEM,36,0,6.6,0.7,1.3,.511,0.0,0.0,,0.7,1.3,.511,.511,0.3,0.5,.556,0.6,1.1,1.7,0.1,0.1,0.5,0.2,1.1,1.6,2017
14726,102,Ed Davis,PF,27,POR,46,12,17.2,1.6,3.1,.528,0.0,0.0,,1.6,3.1,.528,.528,1.1,1.8,.617,2.1,3.2,5.3,0.6,0.3,0.5,0.8,3.0,4.3,2017
14727,103,Dewayne Dedmon,C,27,SAS,76,37,17.5,2.1,3.4,.622,0.0,0.0,,2.1,3.4,.622,.622,0.9,1.2,.699,1.7,4.8,6.5,0.6,0.5,0.8,0.8,2.4,5.1,2017
14728,104,Sam Dekker,PF,22,HOU,77,2,18.4,2.6,5.6,.473,0.8,2.4,.321,1.9,3.1,.591,.543,0.5,0.9,.559,1.2,2.5,3.7,1.0,0.5,0.3,0.5,1.1,6.5,2017
14729,105,Malcolm Delaney,PG,27,ATL,73,2,17.1,2.0,5.3,.374,0.4,1.5,.236,1.6,3.8,.428,.407,1.0,1.3,.806,0.1,1.5,1.7,2.6,0.5,0.0,1.3,1.5,5.4,2017
14730,106,Matthew Dellavedova,PG,26,MIL,76,54,26.1,2.7,7.0,.390,1.0,2.8,.367,1.7,4.2,.404,.463,1.1,1.3,.854,0.3,1.6,1.9,4.7,0.7,0.0,1.8,2.0,7.6,2017
14731,107,Luol Deng,SF,31,LAL,56,49,26.5,2.9,7.6,.387,0.9,2.9,.309,2.0,4.6,.436,.447,0.8,1.1,.730,1.1,4.1,5.3,1.3,0.9,0.4,0.8,1.1,7.6,2017
14732,108,DeMar DeRozan,SG,27,TOR,74,74,35.4,9.7,20.9,.467,0.4,1.7,.266,9.3,19.2,.484,.477,7.4,8.7,.842,0.9,4.3,5.2,3.9,1.1,0.2,2.4,1.8,27.3,2017
14733,109,Cheick Diallo,PF,20,NOP,17,0,11.7,2.1,4.5,.474,0.0,0.0,,2.1,4.5,.474,.474,0.9,1.2,.714,1.4,2.9,4.3,0.2,0.2,0.4,0.4,1.0,5.1,2017
14734,110,Boris Diaw,PF,34,UTA,73,33,17.6,2.0,4.5,.446,0.3,1.1,.247,1.7,3.4,.512,.477,0.4,0.5,.743,0.6,1.5,2.2,2.3,0.2,0.1,1.2,1.1,4.6,2017
14735,111,Gorgui Dieng,PF,27,MIN,82,82,32.4,4.0,8.1,.502,0.2,0.5,.372,3.9,7.5,.511,.514,1.7,2.0,.814,2.3,5.6,7.9,1.9,1.1,1.2,1.3,3.1,10.0,2017
14736,112,Spencer Dinwiddie,PG,23,BRK,59,18,22.6,2.3,5.1,.444,0.6,1.7,.376,1.6,3.4,.478,.507,2.1,2.7,.792,0.5,2.3,2.8,3.1,0.7,0.4,1.1,2.0,7.3,2017
14737,113,Toney Douglas,PG,30,MEM,24,0,16.4,1.8,4.9,.368,0.3,1.8,.167,1.5,3.1,.480,.397,1.0,1.2,.828,0.5,2.0,2.5,2.3,0.8,0.2,0.9,2.1,4.9,2017
14738,114,Goran Dragić,PG,30,MIA,73,73,33.7,7.3,15.4,.475,1.6,4.0,.405,5.7,11.4,.499,.527,4.1,5.2,.790,0.8,3.0,3.8,5.8,1.2,0.2,2.9,2.7,20.3,2017
14739,115,Andre Drummond,C,23,DET,81,81,29.7,6.0,11.2,.530,0.0,0.1,.286,5.9,11.2,.532,.531,1.7,4.4,.386,4.3,9.5,13.8,1.1,1.5,1.1,1.9,2.9,13.6,2017
14740,116,Jared Dudley,PF,31,PHO,64,7,21.3,2.5,5.4,.454,1.2,3.2,.379,1.3,2.2,.559,.565,0.7,1.0,.662,0.5,3.0,3.5,1.9,0.7,0.3,1.1,2.4,6.8,2017
14741,117,Mike Dunleavy,SF,36,TOT,53,2,15.9,1.8,4.2,.423,1.0,2.5,.396,0.8,1.6,.465,.543,0.7,0.8,.800,0.3,1.8,2.2,0.9,0.3,0.1,0.5,1.3,5.2,2017
14742,117,Mike Dunleavy,SF,36,CLE,23,2,15.9,1.6,3.9,.400,0.9,2.5,.351,0.7,1.4,.485,.511,0.6,0.8,.737,0.2,1.8,2.0,0.9,0.3,0.1,0.6,1.4,4.6,2017
14743,117,Mike Dunleavy,SF,36,ATL,30,0,15.8,1.9,4.3,.438,1.1,2.6,.429,0.8,1.8,.453,.565,0.7,0.9,.846,0.4,1.8,2.3,1.0,0.3,0.2,0.5,1.2,5.6,2017
14744,118,Kris Dunn,PG,22,MIN,78,7,17.1,1.5,4.0,.377,0.3,0.9,.288,1.2,3.1,.404,.411,0.5,0.8,.610,0.3,1.8,2.1,2.4,1.0,0.5,1.1,2.3,3.8,2017
14745,119,Kevin Durant,PF,28,GSW,62,62,33.4,8.9,16.5,.537,1.9,5.0,.375,7.0,11.5,.608,.594,5.4,6.2,.875,0.6,7.6,8.3,4.8,1.1,1.6,2.2,1.9,25.1,2017
14746,120,Jarell Eddie,SF,25,PHO,5,0,12.4,1.2,3.8,.316,0.8,3.2,.250,0.4,0.6,.667,.421,1.6,1.8,.889,0.2,1.2,1.4,0.0,0.2,0.0,0.2,0.2,4.8,2017
14747,Rk,Player,Pos,Age,Tm,G,GS,MP,FG,FGA,FG%,3P,3PA,3P%,2P,2PA,2P%,eFG%,FT,FTA,FT%,ORB,DRB,TRB,AST,STL,BLK,TOV,PF,PTS,2017
14748,121,Henry Ellenson,PF,20,DET,19,2,7.7,1.2,3.4,.359,0.5,1.8,.286,0.7,1.5,.448,.438,0.2,0.4,.500,0.4,1.7,2.2,0.4,0.1,0.1,0.7,0.3,3.2,2017
14749,122,Wayne Ellington,SG,29,MIA,62,13,24.2,3.7,9.0,.416,2.4,6.4,.378,1.3,2.6,.509,.550,0.6,0.7,.860,0.3,1.8,2.1,1.1,0.6,0.1,0.5,1.1,10.5,2017
14750,123,Monta Ellis,SG,31,IND,74,33,27.0,3.3,7.5,.443,0.6,1.8,.319,2.8,5.7,.483,.482,1.3,1.7,.727,0.3,2.5,2.8,3.2,1.1,0.4,1.8,2.0,8.5,2017
14751,124,Joel Embiid,C,22,PHI,31,31,25.4,6.5,13.8,.466,1.2,3.2,.367,5.3,10.7,.495,.508,6.2,7.9,.783,2.0,5.9,7.8,2.1,0.9,2.5,3.8,3.6,20.2,2017
14752,125,James Ennis III,SF,26,MEM,64,28,23.5,2.3,5.0,.455,0.8,2.1,.372,1.5,2.9,.516,.534,1.3,1.7,.782,1.1,3.0,4.0,1.0,0.7,0.3,0.9,2.6,6.7,2017
14753,126,Tyler Ennis,PG,22,TOT,53,2,11.1,1.7,3.9,.433,0.5,1.3,.386,1.2,2.6,.457,.498,0.4,0.5,.840,0.2,0.7,0.8,1.6,0.5,0.0,0.8,1.1,4.3,2017
14754,126,Tyler Ennis,PG,22,HOU,31,0,6.3,0.8,2.1,.391,0.2,0.5,.375,0.6,1.5,.396,.438,0.1,0.1,.667,0.1,0.5,0.6,1.1,0.2,0.0,0.8,0.9,1.9,2017
14755,126,Tyler Ennis,PG,22,LAL,22,2,17.8,3.0,6.5,.451,1.0,2.5,.389,2.0,4.1,.489,.524,0.9,1.0,.864,0.2,1.0,1.2,2.4,0.9,0.1,1.0,1.3,7.7,2017
14756,127,Tyreke Evans,SF,27,TOT,40,6,19.7,3.8,9.3,.405,1.1,3.0,.356,2.7,6.3,.429,.462,1.7,2.3,.750,0.3,3.1,3.4,3.1,0.9,0.2,1.5,1.5,10.3,2017
14757,127,Tyreke Evans,SF,27,NOP,26,0,18.2,3.5,8.7,.401,0.8,2.7,.300,2.7,6.0,.446,.447,1.7,2.2,.776,0.2,3.1,3.3,3.5,0.9,0.2,1.5,1.6,9.5,2017
14758,127,Tyreke Evans,SF,27,SAC,14,6,22.4,4.2,10.2,.413,1.5,3.4,.438,2.7,6.8,.400,.486,1.7,2.4,.706,0.5,3.1,3.6,2.4,0.9,0.4,1.6,1.4,11.6,2017
14759,128,Dante Exum,PG,21,UTA,66,26,18.6,2.3,5.5,.427,0.7,2.3,.295,1.7,3.2,.519,.488,0.9,1.1,.795,0.5,1.5,2.0,1.7,0.3,0.2,1.2,2.2,6.2,2017
14760,129,Kenneth Faried,PF,27,DEN,61,34,21.2,3.7,6.8,.548,0.0,0.1,.000,3.7,6.7,.556,.548,2.1,3.1,.693,3.0,4.6,7.6,0.9,0.7,0.7,1.0,2.0,9.6,2017
14761,130,Jordan Farmar,PG,30,SAC,2,0,17.5,2.0,6.0,.333,2.0,4.5,.444,0.0,1.5,.000,.500,0.0,0.0,,0.5,1.0,1.5,4.5,1.0,0.0,1.5,0.5,6.0,2017
14762,131,Derrick Favors,PF,25,UTA,50,39,23.7,4.1,8.3,.487,0.1,0.2,.300,4.0,8.1,.491,.490,1.3,2.2,.615,1.8,4.3,6.1,1.1,0.9,0.8,1.2,2.1,9.5,2017
14763,132,Kay Felder,PG,21,CLE,42,0,9.2,1.5,3.8,.392,0.2,0.5,.318,1.3,3.2,.404,.415,0.8,1.2,.714,0.1,0.9,1.0,1.4,0.4,0.2,0.7,0.9,4.0,2017
14764,133,Cristiano Felício,C,24,CHI,66,0,15.8,1.9,3.3,.579,0.0,0.0,,1.9,3.3,.579,.579,0.9,1.4,.645,1.9,2.8,4.7,0.6,0.4,0.3,0.5,1.7,4.8,2017
14765,134,Raymond Felton,PG,32,LAC,80,11,21.3,2.8,6.4,.430,0.6,1.8,.319,2.2,4.6,.473,.475,0.6,0.8,.781,0.4,2.3,2.7,2.4,0.8,0.3,1.0,1.6,6.7,2017
14766,135,Yogi Ferrell,PG,23,TOT,46,29,26.0,3.5,8.6,.406,1.5,3.8,.386,2.0,4.7,.422,.492,1.6,1.9,.831,0.4,2.0,2.4,3.7,0.9,0.2,1.5,2.0,10.0,2017
14767,135,Yogi Ferrell,PG,23,BRK,10,0,15.1,1.8,4.9,.367,0.8,2.7,.296,1.0,2.2,.455,.449,1.0,1.6,.625,0.4,0.8,1.2,1.7,0.2,0.2,1.4,1.1,5.4,2017
14768,135,Yogi Ferrell,PG,23,DAL,36,29,29.1,3.9,9.6,.412,1.7,4.1,.403,2.3,5.4,.418,.499,1.8,2.0,.877,0.4,2.3,2.8,4.3,1.1,0.2,1.6,2.2,11.3,2017
14769,136,Dorian Finney-Smith,PF,23,DAL,81,35,20.3,1.5,4.1,.372,0.7,2.4,.293,0.8,1.8,.479,.456,0.6,0.8,.754,0.7,2.1,2.7,0.8,0.6,0.3,0.6,1.5,4.3,2017
14770,137,Bryn Forbes,SG,23,SAS,36,0,7.9,1.0,2.8,.364,0.5,1.5,.321,0.5,1.3,.413,.449,0.1,0.2,.833,0.1,0.6,0.6,0.6,0.0,0.0,0.3,0.6,2.6,2017
14771,138,Evan Fournier,SG,24,ORL,68,66,32.9,6.0,13.7,.439,1.9,5.3,.356,4.1,8.4,.491,.508,3.3,4.1,.805,0.6,2.4,3.1,3.0,1.0,0.1,2.1,2.6,17.2,2017
14772,139,Randy Foye,SG,33,BRK,69,40,18.6,1.7,4.7,.363,1.0,2.9,.330,0.7,1.8,.418,.466,0.8,0.9,.857,0.1,2.1,2.2,2.0,0.5,0.1,1.2,1.4,5.2,2017
14773,140,Tim Frazier,PG,26,NOP,65,35,23.5,2.5,6.2,.403,0.6,2.0,.313,1.9,4.2,.446,.453,1.5,2.0,.760,0.5,2.1,2.7,5.2,0.9,0.1,1.6,2.0,7.1,2017
14774,Rk,Player,Pos,Age,Tm,G,GS,MP,FG,FGA,FG%,3P,3PA,3P%,2P,2PA,2P%,eFG%,FT,FTA,FT%,ORB,DRB,TRB,AST,STL,BLK,TOV,PF,PTS,2017
14775,141,Enes Freedom,C,24,OKC,72,0,21.3,5.6,10.2,.545,0.1,0.5,.132,5.5,9.7,.568,.549,3.1,4.0,.786,2.7,4.0,6.7,0.9,0.4,0.5,1.7,2.1,14.3,2017
14776,142,Channing Frye,C,33,CLE,74,15,18.9,3.2,7.0,.458,1.9,4.5,.409,1.4,2.5,.546,.589,0.9,1.0,.851,0.5,3.4,3.9,0.6,0.4,0.5,0.7,1.9,9.1,2017
14777,143,Danilo Gallinari,SF,28,DEN,63,63,33.9,5.3,11.9,.447,2.0,5.1,.389,3.3,6.8,.491,.531,5.5,6.1,.902,0.6,4.5,5.2,2.1,0.6,0.2,1.3,1.5,18.2,2017
14778,144,Langston Galloway,PG,25,TOT,74,2,20.2,2.8,7.4,.380,1.6,4.2,.390,1.2,3.2,.367,.490,0.7,0.9,.797,0.4,1.7,2.1,1.3,0.6,0.1,0.6,1.3,7.9,2017
14779,144,Langston Galloway,PG,25,NOP,55,0,20.4,3.0,8.0,.374,1.8,4.9,.377,1.2,3.1,.370,.489,0.7,0.9,.769,0.4,1.8,2.2,1.2,0.7,0.1,0.5,1.4,8.6,2017
14780,144,Langston Galloway,PG,25,SAC,19,2,19.7,2.2,5.5,.404,1.0,2.1,.475,1.2,3.4,.359,.495,0.6,0.6,.917,0.4,1.5,1.8,1.5,0.3,0.1,0.9,1.1,6.0,2017
14781,145,Patricio Garino,SG,23,ORL,5,0,8.6,0.0,1.4,.000,0.0,1.0,.000,0.0,0.4,.000,.000,0.0,0.0,,0.2,1.2,1.4,0.0,0.0,0.0,0.6,0.8,0.0,2017
14782,146,Marc Gasol,C,32,MEM,74,74,34.2,7.2,15.7,.459,1.4,3.6,.388,5.8,12.1,.480,.503,3.8,4.5,.837,0.8,5.5,6.3,4.6,0.9,1.3,2.2,2.3,19.5,2017
14783,147,Pau Gasol,C,36,SAS,64,39,25.4,4.7,9.4,.502,0.9,1.6,.538,3.9,7.8,.494,.548,2.0,2.9,.707,1.7,6.2,7.8,2.3,0.4,1.1,1.3,1.7,12.4,2017
14784,148,Rudy Gay,SF,30,SAC,30,30,33.8,6.7,14.7,.455,1.4,3.8,.372,5.3,11.0,.483,.502,3.9,4.6,.855,1.2,5.2,6.3,2.8,1.5,0.9,2.5,2.6,18.7,2017
14785,149,Michael Gbinije,SG,24,DET,9,0,3.6,0.1,1.1,.100,0.0,0.4,.000,0.1,0.7,.167,.100,0.2,0.2,1.000,0.2,0.1,0.3,0.2,0.0,0.0,0.0,0.2,0.4,2017
14786,150,Alonzo Gee,SF,29,DEN,13,0,6.8,0.2,1.1,.214,0.0,0.2,.000,0.2,0.8,.273,.214,0.4,0.7,.556,0.3,0.8,1.2,0.5,0.4,0.1,0.3,1.1,0.8,2017
14787,151,Paul George,SF,26,IND,75,75,35.9,8.3,18.0,.461,2.6,6.6,.393,5.7,11.4,.501,.534,4.5,5.0,.898,0.8,5.8,6.6,3.3,1.6,0.4,2.9,2.7,23.7,2017
14788,152,Marcus Georges-Hunt,SG,22,ORL,5,0,9.6,0.4,1.4,.286,0.2,0.4,.500,0.2,1.0,.200,.357,1.8,2.0,.900,0.2,1.6,1.8,0.6,0.2,0.0,0.4,1.0,2.8,2017
14789,153,Jonathan Gibson,PG,29,DAL,17,0,13.6,2.1,5.6,.368,0.9,2.6,.333,1.2,2.9,.400,.447,1.2,1.7,.724,0.1,1.2,1.3,1.5,0.5,0.0,1.2,1.2,6.2,2017
14790,154,Taj Gibson,PF,31,TOT,78,71,25.5,4.7,9.1,.515,0.0,0.2,.231,4.6,8.9,.520,.517,1.4,2.0,.715,2.0,4.2,6.2,0.9,0.5,0.8,1.3,2.1,10.8,2017
14791,154,Taj Gibson,PF,31,CHI,55,55,27.3,5.0,9.6,.521,0.0,0.2,.167,5.0,9.4,.529,.523,1.5,2.2,.714,2.2,4.8,6.9,1.1,0.5,0.9,1.4,2.2,11.6,2017
14792,154,Taj Gibson,PF,31,OKC,23,16,21.2,3.9,7.8,.497,0.0,0.0,1.000,3.8,7.7,.494,.500,1.2,1.7,.718,1.7,2.8,4.5,0.6,0.6,0.7,1.2,1.7,9.0,2017
14793,155,Manu Ginóbili*,SG,39,SAS,69,0,18.7,2.5,6.4,.390,1.3,3.3,.392,1.2,3.1,.387,.491,1.2,1.6,.804,0.4,1.9,2.3,2.7,1.2,0.2,1.4,1.7,7.5,2017
14794,156,Rudy Gobert,C,24,UTA,81,81,33.9,5.1,7.7,.661,0.0,0.0,.000,5.1,7.7,.662,.661,3.8,5.9,.653,3.9,8.9,12.8,1.2,0.6,2.6,1.8,3.0,14.0,2017
14795,157,Archie Goodwin,SG,22,TOT,15,0,14.3,2.4,4.4,.545,0.3,1.0,.333,2.1,3.4,.608,.583,2.2,2.8,.786,0.5,1.4,1.9,1.6,0.3,0.3,0.9,0.5,7.3,2017
14796,157,Archie Goodwin,SG,22,NOP,3,0,10.0,0.7,1.7,.400,0.3,0.7,.500,0.3,1.0,.333,.500,3.3,3.3,1.000,0.0,0.0,0.0,0.3,0.0,0.3,0.0,0.3,5.0,2017
14797,157,Archie Goodwin,SG,22,BRK,12,0,15.3,2.8,5.1,.557,0.3,1.1,.308,2.5,4.0,.625,.590,1.9,2.7,.719,0.6,1.8,2.3,1.9,0.3,0.3,1.2,0.6,7.9,2017
14798,158,Aaron Gordon,SF,21,ORL,80,72,28.7,4.9,10.8,.454,1.0,3.3,.288,4.0,7.5,.528,.499,2.0,2.7,.719,1.5,3.6,5.1,1.9,0.8,0.5,1.1,2.2,12.7,2017
14799,159,Eric Gordon,SG,28,HOU,75,15,31.0,5.5,13.5,.406,3.3,8.8,.372,2.2,4.7,.468,.527,2.0,2.3,.840,0.4,2.3,2.7,2.5,0.6,0.5,1.6,2.0,16.2,2017
14800,160,Marcin Gortat,C,32,WAS,82,82,31.2,4.8,8.2,.579,0.0,0.0,.000,4.8,8.2,.580,.579,1.3,1.9,.648,2.9,7.5,10.4,1.5,0.5,0.7,1.5,2.6,10.8,2017
14801,Rk,Player,Pos,Age,Tm,G,GS,MP,FG,FGA,FG%,3P,3PA,3P%,2P,2PA,2P%,eFG%,FT,FTA,FT%,ORB,DRB,TRB,AST,STL,BLK,TOV,PF,PTS,2017
14802,161,Treveon Graham,SG,23,CHO,27,1,7.0,0.7,1.5,.475,0.3,0.6,.600,0.4,0.9,.400,.588,0.4,0.6,.667,0.2,0.6,0.8,0.2,0.2,0.0,0.1,0.7,2.1,2017
14803,162,Jerami Grant,PF,22,TOT,80,4,19.1,1.9,4.1,.463,0.5,1.5,.371,1.4,2.7,.514,.529,1.1,1.8,.612,0.5,2.1,2.6,0.6,0.4,1.0,0.6,1.9,5.5,2017
14804,162,Jerami Grant,PF,22,PHI,2,0,20.5,3.0,8.5,.353,0.0,1.0,.000,3.0,7.5,.400,.353,2.0,4.0,.500,0.0,3.0,3.0,0.0,0.0,2.0,1.5,2.5,8.0,2017
14805,162,Jerami Grant,PF,22,OKC,78,4,19.1,1.9,4.0,.469,0.6,1.5,.377,1.3,2.5,.523,.539,1.1,1.8,.619,0.5,2.1,2.6,0.6,0.4,1.0,0.5,1.8,5.4,2017
14806,163,Jerian Grant,PG,24,CHI,63,28,16.3,2.0,4.8,.425,0.8,2.1,.366,1.3,2.7,.473,.507,1.0,1.2,.890,0.3,1.5,1.8,1.9,0.7,0.1,0.7,1.5,5.9,2017
14807,164,Danny Green,SG,29,SAS,68,68,26.6,2.6,6.6,.392,1.7,4.6,.379,0.9,2.0,.420,.523,0.4,0.5,.844,0.5,2.8,3.3,1.8,1.0,0.8,1.1,1.8,7.3,2017
14808,165,Draymond Green,PF,26,GSW,76,76,32.5,3.6,8.6,.418,1.1,3.5,.308,2.5,5.1,.494,.481,2.0,2.8,.709,1.3,6.6,7.9,7.0,2.0,1.4,2.4,2.9,10.2,2017
14809,166,Gerald Green,SF,31,BOS,47,0,11.4,2.0,4.9,.409,0.8,2.4,.351,1.2,2.6,.463,.494,0.7,0.9,.805,0.3,1.4,1.8,0.7,0.2,0.1,0.5,1.0,5.6,2017
14810,167,JaMychal Green,PF,26,MEM,77,75,27.3,3.2,6.5,.500,0.7,1.9,.379,2.5,4.6,.549,.555,1.7,2.2,.802,2.2,4.9,7.1,1.1,0.6,0.4,1.2,3.2,8.9,2017
14811,168,Jeff Green,PF,30,ORL,69,11,22.2,3.2,8.1,.394,0.8,2.8,.275,2.4,5.3,.458,.442,2.1,2.4,.863,0.6,2.5,3.1,1.2,0.5,0.2,1.1,1.5,9.2,2017
14812,169,Blake Griffin,PF,27,LAC,61,61,34.0,7.9,15.9,.493,0.6,1.9,.336,7.2,14.1,.514,.513,5.2,6.9,.760,1.8,6.3,8.1,4.9,0.9,0.4,2.3,2.6,21.6,2017
14813,170,Justin Hamilton,C,26,BRK,64,7,18.4,2.7,5.9,.459,0.9,2.8,.306,1.9,3.1,.598,.532,0.6,0.8,.750,1.1,3.0,4.1,0.9,0.5,0.7,0.7,1.4,6.9,2017
14814,171,A.J. Hammons,C,24,DAL,22,0,7.4,0.8,1.9,.405,0.2,0.5,.500,0.5,1.5,.375,.464,0.4,0.9,.450,0.4,1.3,1.6,0.2,0.0,0.6,0.5,1.0,2.2,2017
14815,172,Tim Hardaway Jr.,SG,24,ATL,79,30,27.3,5.3,11.5,.455,1.9,5.3,.357,3.4,6.3,.537,.537,2.1,2.7,.766,0.4,2.4,2.8,2.3,0.7,0.2,1.3,1.3,14.5,2017
14816,173,James Harden,PG,27,HOU,81,81,36.4,8.3,18.9,.440,3.2,9.3,.347,5.1,9.6,.530,.525,9.2,10.9,.847,1.2,7.0,8.1,11.2,1.5,0.5,5.7,2.7,29.1,2017
14817,174,Maurice Harkless,SF,23,POR,77,69,28.9,4.1,8.1,.503,0.9,2.5,.351,3.2,5.6,.572,.558,1.0,1.6,.621,1.6,2.8,4.4,1.1,1.1,0.9,1.1,2.8,10.0,2017
14818,175,Justin Harper,PF,27,PHI,3,0,10.3,1.7,4.0,.417,0.7,2.3,.286,1.0,1.7,.600,.500,0.0,0.0,,0.7,1.0,1.7,0.7,0.0,0.0,1.3,0.7,4.0,2017
14819,176,Montrezl Harrell,C,23,HOU,58,14,18.3,3.9,5.9,.652,0.0,0.1,.143,3.9,5.8,.663,.654,1.3,2.1,.628,1.4,2.4,3.8,1.1,0.3,0.7,0.8,2.2,9.1,2017
14820,177,Devin Harris,PG,33,DAL,65,0,16.7,2.1,5.2,.399,0.9,2.7,.328,1.2,2.5,.476,.484,1.6,2.0,.829,0.2,1.8,2.0,2.1,0.7,0.1,0.9,1.6,6.7,2017
14821,178,Gary Harris,SG,22,DEN,57,56,31.3,5.6,11.2,.502,1.9,4.5,.420,3.7,6.7,.558,.586,1.8,2.4,.776,0.8,2.3,3.1,2.9,1.2,0.1,1.3,1.6,14.9,2017
14822,179,Joe Harris,SG,25,BRK,52,11,21.9,3.0,7.0,.425,1.6,4.3,.385,1.3,2.7,.489,.543,0.7,0.9,.714,0.3,2.5,2.8,1.0,0.6,0.2,1.1,2.3,8.2,2017
14823,180,Manny Harris,SG,27,DAL,4,0,6.3,0.8,3.8,.200,0.0,0.5,.000,0.8,3.3,.231,.200,0.5,1.0,.500,0.8,1.5,2.3,0.5,0.0,0.0,0.5,0.3,2.0,2017
14824,Rk,Player,Pos,Age,Tm,G,GS,MP,FG,FGA,FG%,3P,3PA,3P%,2P,2PA,2P%,eFG%,FT,FTA,FT%,ORB,DRB,TRB,AST,STL,BLK,TOV,PF,PTS,2017
14825,181,Tobias Harris,PF,24,DET,82,48,31.3,6.2,13.0,.481,1.3,3.8,.347,4.9,9.1,.537,.532,2.3,2.8,.841,0.8,4.3,5.1,1.7,0.7,0.5,1.2,1.6,16.1,2017
14826,182,Aaron Harrison,SG,22,CHO,5,0,3.4,0.0,0.8,.000,0.0,0.4,.000,0.0,0.4,.000,.000,0.2,0.4,.500,0.0,0.6,0.6,0.6,0.0,0.0,0.0,0.4,0.2,2017
14827,183,Andrew Harrison,PG,22,MEM,72,18,20.5,1.6,5.0,.325,0.6,2.2,.276,1.0,2.8,.363,.385,2.1,2.7,.763,0.3,1.6,1.9,2.8,0.7,0.3,1.2,2.7,5.9,2017
14828,184,Udonis Haslem,C,36,MIA,16,0,8.1,0.7,1.4,.478,0.0,0.2,.000,0.7,1.3,.550,.478,0.6,0.9,.600,0.5,1.8,2.3,0.4,0.4,0.1,0.5,1.4,1.9,2017
14829,185,Spencer Hawes,PF,28,TOT,54,1,14.8,2.5,5.1,.484,0.5,1.5,.309,2.0,3.6,.556,.529,0.8,1.0,.846,0.7,2.8,3.5,1.5,0.3,0.6,0.9,1.4,6.2,2017
14830,185,Spencer Hawes,PF,28,CHO,35,1,17.9,3.0,6.2,.477,0.5,1.6,.291,2.5,4.7,.540,.514,0.9,1.0,.882,0.9,3.3,4.2,1.8,0.4,0.7,1.1,1.7,7.3,2017
14831,185,Spencer Hawes,PF,28,MIL,19,0,9.0,1.6,3.1,.508,0.5,1.4,.346,1.1,1.7,.636,.585,0.7,0.9,.778,0.3,2.1,2.4,1.0,0.1,0.2,0.5,0.8,4.4,2017
14832,186,Gordon Hayward,SF,26,UTA,73,73,34.5,7.5,15.8,.471,2.0,5.1,.398,5.4,10.7,.506,.536,5.0,5.9,.844,0.7,4.7,5.4,3.5,1.0,0.3,1.9,1.6,21.9,2017
14833,187,Gerald Henderson,SG,29,PHI,72,41,23.2,3.3,7.7,.423,0.8,2.4,.353,2.4,5.3,.455,.478,1.8,2.3,.806,0.5,2.1,2.6,1.6,0.6,0.2,0.9,1.8,9.2,2017
14834,188,John Henson,C,26,MIL,58,39,19.4,2.7,5.3,.515,0.0,0.0,.000,2.7,5.3,.516,.515,1.3,1.8,.692,1.6,3.5,5.1,1.0,0.5,1.3,0.9,2.6,6.8,2017
14835,189,Juancho Hernangómez,PF,21,DEN,62,9,13.6,1.6,3.6,.451,0.7,1.8,.407,0.9,1.8,.495,.554,0.9,1.2,.750,0.7,2.3,3.0,0.5,0.5,0.2,0.5,1.0,4.9,2017
14836,190,Willy Hernangómez,C,22,NYK,72,22,18.4,3.4,6.5,.529,0.1,0.2,.267,3.4,6.3,.538,.533,1.3,1.7,.728,2.4,4.6,7.0,1.3,0.6,0.5,1.4,2.1,8.2,2017
14837,191,Mario Hezonja,SF,21,ORL,65,2,14.8,1.8,5.1,.355,0.7,2.2,.299,1.1,2.9,.398,.420,0.6,0.8,.800,0.3,1.9,2.2,1.0,0.5,0.2,0.9,1.1,4.9,2017
14838,192,Roy Hibbert,C,30,TOT,48,13,14.2,1.7,3.1,.544,0.0,0.0,,1.7,3.1,.544,.544,1.3,1.6,.813,1.1,2.0,3.2,0.4,0.2,1.0,0.7,2.1,4.6,2017
14839,192,Roy Hibbert,C,30,CHO,42,13,16.0,1.9,3.4,.542,0.0,0.0,,1.9,3.4,.542,.542,1.5,1.8,.813,1.3,2.3,3.6,0.5,0.2,1.0,0.7,2.3,5.2,2017
14840,192,Roy Hibbert,C,30,DEN,6,0,1.8,0.3,0.5,.667,0.0,0.0,,0.3,0.5,.667,.667,0.0,0.0,,0.2,0.2,0.3,0.2,0.0,0.3,0.2,0.5,0.7,2017
14841,193,Buddy Hield,SG,24,TOT,82,55,23.0,4.0,9.4,.426,1.8,4.6,.391,2.2,4.7,.461,.523,0.8,0.9,.842,0.4,2.9,3.3,1.5,0.5,0.1,1.2,1.4,10.6,2017
14842,193,Buddy Hield,SG,24,NOP,57,37,20.4,3.2,8.3,.393,1.6,4.2,.369,1.7,4.0,.417,.487,0.5,0.6,.879,0.3,2.6,2.9,1.4,0.3,0.1,0.8,1.4,8.6,2017
14843,193,Buddy Hield,SG,24,SAC,25,18,29.1,5.7,11.8,.480,2.4,5.5,.428,3.3,6.3,.525,.579,1.4,1.7,.814,0.6,3.5,4.1,1.8,0.8,0.1,2.1,1.4,15.1,2017
14844,194,Nenê,C,34,HOU,67,8,17.9,3.7,5.9,.617,0.0,0.1,.333,3.6,5.8,.624,.621,1.7,2.9,.589,1.4,2.8,4.2,1.0,0.8,0.6,1.1,2.4,9.1,2017
14845,195,George Hill,PG,30,UTA,49,49,31.5,5.9,12.4,.477,1.9,4.8,.403,4.0,7.6,.523,.554,3.2,4.0,.801,0.5,2.9,3.4,4.2,1.0,0.2,1.7,2.3,16.9,2017
14846,196,Jordan Hill,C,29,MIN,7,0,6.7,0.7,1.9,.385,0.0,0.0,,0.7,1.9,.385,.385,0.3,0.3,1.000,1.1,0.9,2.0,0.0,0.1,0.0,0.6,1.3,1.7,2017
14847,197,Solomon Hill,SF,25,NOP,80,71,29.7,2.3,6.0,.383,1.2,3.4,.348,1.1,2.6,.428,.481,1.3,1.6,.805,0.6,3.2,3.8,1.8,0.9,0.4,1.0,2.3,7.0,2017
14848,198,Darrun Hilliard,SG,23,DET,39,1,9.8,1.2,3.2,.373,0.3,1.2,.261,0.9,2.1,.438,.421,0.5,0.7,.750,0.1,0.8,0.8,0.8,0.3,0.1,0.7,1.0,3.3,2017
14849,199,Jrue Holiday,PG,26,NOP,67,61,32.7,6.0,13.3,.454,1.5,4.2,.356,4.6,9.1,.498,.510,1.8,2.5,.708,0.7,3.3,3.9,7.3,1.5,0.7,2.9,2.0,15.4,2017
14850,200,Justin Holiday,SG,27,NYK,82,4,20.0,2.8,6.6,.433,1.2,3.3,.355,1.7,3.2,.513,.523,0.8,1.0,.825,0.3,2.4,2.7,1.2,0.8,0.4,0.8,1.3,7.7,2017
14851,Rk,Player,Pos,Age,Tm,G,GS,MP,FG,FGA,FG%,3P,3PA,3P%,2P,2PA,2P%,eFG%,FT,FTA,FT%,ORB,DRB,TRB,AST,STL,BLK,TOV,PF,PTS,2017
14852,201,Rondae Hollis-Jefferson,SF,22,BRK,78,50,22.6,3.0,6.9,.434,0.2,0.9,.224,2.8,6.1,.463,.447,2.4,3.2,.751,1.2,4.6,5.8,2.0,1.1,0.6,1.5,2.3,8.7,2017
14853,202,Richaun Holmes,C,23,PHI,57,17,20.9,4.0,7.2,.558,0.5,1.4,.351,3.6,5.9,.606,.591,1.3,1.8,.699,1.6,3.8,5.5,1.0,0.7,1.0,1.0,2.4,9.8,2017
14854,203,Rodney Hood,SG,24,UTA,59,55,27.0,4.6,11.3,.408,1.9,5.2,.371,2.7,6.1,.440,.494,1.5,1.9,.783,0.3,3.2,3.4,1.6,0.6,0.2,1.1,2.2,12.7,2017
14855,204,Al Horford,C,30,BOS,68,68,32.3,5.6,11.8,.473,1.3,3.6,.355,4.3,8.2,.524,.527,1.6,2.0,.800,1.4,5.4,6.8,5.0,0.8,1.3,1.7,2.0,14.0,2017
14856,205,Danuel House Jr.,SG,23,WAS,1,0,1.0,0.0,0.0,,0.0,0.0,,0.0,0.0,,,0.0,0.0,,0.0,1.0,1.0,0.0,0.0,0.0,0.0,0.0,0.0,2017
14857,206,Dwight Howard,C,31,ATL,74,74,29.7,5.2,8.3,.633,0.0,0.0,.000,5.2,8.3,.635,.633,3.1,5.7,.533,4.0,8.7,12.7,1.4,0.9,1.2,2.3,2.7,13.5,2017
14858,207,Marcelo Huertas,PG,33,LAL,23,1,10.3,1.1,3.0,.368,0.2,0.8,.211,0.9,2.1,.429,.397,0.4,0.7,.529,0.1,1.0,1.0,2.3,0.4,0.1,0.8,0.7,2.7,2017
14859,208,Josh Huestis,PF,25,OKC,2,0,15.5,3.0,5.5,.545,1.0,2.0,.500,2.0,3.5,.571,.636,0.0,0.5,.000,2.0,2.5,4.5,1.5,0.0,1.5,0.0,0.0,7.0,2017
14860,209,Kris Humphries,PF,31,ATL,56,4,12.3,1.6,3.8,.407,0.3,1.0,.352,1.2,2.9,.425,.451,1.1,1.5,.780,1.1,2.6,3.7,0.5,0.3,0.4,0.5,1.2,4.6,2017
14861,210,R.J. Hunter,SG,23,CHI,3,0,3.0,0.0,0.3,.000,0.0,0.3,.000,0.0,0.0,,.000,0.0,0.0,,0.0,0.3,0.3,0.0,0.0,0.0,0.0,0.0,0.0,2017
14862,211,Serge Ibaka,PF,27,TOT,79,79,30.7,6.0,12.4,.480,1.6,4.0,.391,4.4,8.4,.522,.543,1.4,1.6,.856,1.6,5.2,6.8,0.9,0.5,1.6,1.3,2.7,14.8,2017
14863,211,Serge Ibaka,PF,27,ORL,56,56,30.5,6.1,12.6,.488,1.5,3.8,.388,4.6,8.7,.532,.547,1.4,1.6,.846,1.8,5.0,6.8,1.1,0.6,1.6,1.2,2.5,15.1,2017
14864,211,Serge Ibaka,PF,27,TOR,23,23,31.0,5.6,12.1,.459,1.8,4.5,.398,3.8,7.7,.494,.532,1.3,1.5,.882,1.3,5.5,6.8,0.7,0.3,1.4,1.7,3.3,14.2,2017
14865,212,Andre Iguodala,SF,33,GSW,76,0,26.3,2.9,5.5,.528,0.8,2.3,.362,2.0,3.1,.651,.605,0.9,1.3,.706,0.7,3.3,4.0,3.4,1.0,0.5,0.8,1.3,7.6,2017
14866,213,Ersan İlyasova,PF,29,TOT,82,52,26.1,4.7,10.9,.431,1.7,4.9,.353,3.0,6.0,.496,.511,2.0,2.5,.778,1.4,4.5,5.9,1.7,0.7,0.3,1.4,2.6,13.1,2017
14867,213,Ersan İlyasova,PF,29,OKC,3,0,20.7,2.0,5.3,.375,1.0,4.0,.250,1.0,1.3,.750,.469,0.0,0.0,,0.7,4.7,5.3,0.3,1.0,0.3,1.3,1.7,5.0,2017
14868,213,Ersan İlyasova,PF,29,PHI,53,40,27.3,5.4,12.2,.440,2.0,5.6,.359,3.4,6.6,.509,.522,2.1,2.7,.768,1.3,4.6,5.9,1.8,0.6,0.3,1.5,2.5,14.8,2017
14869,213,Ersan İlyasova,PF,29,ATL,26,12,24.3,3.6,8.7,.412,1.2,3.5,.348,2.3,5.2,.455,.482,2.0,2.5,.800,1.6,4.2,5.8,1.7,0.8,0.3,1.3,2.8,10.4,2017
14870,214,Joe Ingles,SF,29,UTA,82,26,24.0,2.5,5.5,.452,1.5,3.4,.441,1.0,2.1,.471,.589,0.6,0.8,.735,0.3,2.9,3.2,2.7,1.2,0.1,1.3,2.0,7.1,2017
14871,215,Brandon Ingram,SF,19,LAL,79,40,28.8,3.5,8.7,.402,0.7,2.4,.294,2.8,6.3,.443,.442,1.7,2.7,.621,0.8,3.2,4.0,2.1,0.6,0.5,1.5,2.0,9.4,2017
14872,216,Kyrie Irving,PG,24,CLE,72,72,35.1,9.3,19.7,.473,2.5,6.1,.401,6.9,13.6,.505,.535,4.1,4.6,.905,0.7,2.5,3.2,5.8,1.2,0.3,2.5,2.2,25.2,2017
14873,217,Jarrett Jack,PG,33,NOP,2,0,16.5,1.0,1.5,.667,0.0,0.5,.000,1.0,1.0,1.000,.667,1.0,1.0,1.000,0.0,0.0,0.0,2.5,1.0,0.0,1.5,2.0,3.0,2017
14874,218,Demetrius Jackson,PG,22,BOS,5,0,3.4,0.6,0.8,.750,0.2,0.2,1.000,0.4,0.6,.667,.875,0.6,1.2,.500,0.4,0.4,0.8,0.6,0.0,0.0,0.0,0.0,2.0,2017
14875,219,Pierre Jackson,PG,25,DAL,8,1,10.5,1.6,4.9,.333,0.4,1.4,.273,1.3,3.5,.357,.372,0.8,0.9,.857,0.1,1.0,1.1,2.4,0.3,0.0,0.4,0.6,4.4,2017
14876,220,Reggie Jackson,PG,26,DET,52,50,27.4,5.5,13.0,.419,1.3,3.5,.359,4.2,9.5,.442,.468,2.3,2.6,.868,0.4,1.8,2.2,5.2,0.7,0.1,2.2,2.5,14.5,2017
14877,Rk,Player,Pos,Age,Tm,G,GS,MP,FG,FGA,FG%,3P,3PA,3P%,2P,2PA,2P%,eFG%,FT,FTA,FT%,ORB,DRB,TRB,AST,STL,BLK,TOV,PF,PTS,2017
14878,221,LeBron James,SF,32,CLE,74,74,37.8,9.9,18.2,.548,1.7,4.6,.363,8.3,13.5,.611,.594,4.8,7.2,.674,1.3,7.3,8.6,8.7,1.2,0.6,4.1,1.8,26.4,2017
14879,222,Al Jefferson,C,32,IND,66,1,14.1,3.6,7.1,.499,0.0,0.0,.000,3.6,7.1,.500,.499,1.0,1.3,.765,1.1,3.1,4.2,0.9,0.3,0.2,0.5,1.9,8.1,2017
14880,223,Richard Jefferson,SF,36,CLE,79,13,20.4,1.9,4.3,.446,0.8,2.4,.333,1.2,2.0,.580,.536,1.0,1.4,.741,0.4,2.2,2.6,1.0,0.3,0.1,0.7,1.9,5.7,2017
14881,224,John Jenkins,SG,25,PHO,4,0,3.3,0.5,1.3,.400,0.3,0.5,.500,0.3,0.8,.333,.500,0.5,0.5,1.000,0.0,0.3,0.3,0.3,0.0,0.0,0.0,0.0,1.8,2017
14882,225,Brandon Jennings,PG,27,TOT,81,13,22.2,2.4,6.6,.359,1.0,3.1,.313,1.4,3.5,.399,.433,1.4,1.9,.750,0.4,2.1,2.4,4.9,0.9,0.0,1.6,1.4,7.1,2017
14883,225,Brandon Jennings,PG,27,NYK,58,11,24.6,2.8,7.4,.380,1.2,3.4,.340,1.6,3.9,.415,.459,1.8,2.3,.756,0.4,2.3,2.6,4.9,0.9,0.1,1.8,1.4,8.6,2017
14884,225,Brandon Jennings,PG,27,WAS,23,2,16.3,1.3,4.6,.274,0.5,2.3,.212,0.8,2.3,.333,.325,0.5,0.7,.706,0.3,1.6,1.9,4.7,0.7,0.0,1.0,1.4,3.5,2017
14885,226,Jonas Jerebko,PF,29,BOS,78,6,15.8,1.5,3.4,.435,0.6,1.7,.346,0.9,1.7,.523,.521,0.3,0.5,.703,0.8,2.7,3.5,0.9,0.3,0.2,0.5,1.6,3.8,2017
14886,227,Amir Johnson,PF,29,BOS,80,77,20.1,2.7,4.6,.576,0.3,0.8,.409,2.3,3.8,.612,.612,0.8,1.3,.670,1.5,3.1,4.6,1.8,0.6,0.8,1.0,2.6,6.5,2017
14887,228,Brice Johnson,PF,22,LAC,3,0,3.0,0.7,2.3,.286,0.0,0.0,,0.7,2.3,.286,.286,0.0,0.0,,0.3,0.7,1.0,0.3,0.7,0.3,0.3,0.0,1.3,2017
14888,229,James Johnson,PF,29,MIA,76,5,27.4,4.8,10.1,.479,1.1,3.4,.340,3.7,6.8,.548,.535,2.0,2.8,.707,0.9,4.1,4.9,3.6,1.0,1.1,2.3,2.6,12.8,2017
14889,230,Joe Johnson,SF,35,UTA,78,14,23.6,3.5,8.0,.436,1.4,3.3,.411,2.1,4.7,.454,.521,0.8,1.0,.818,0.4,2.7,3.1,1.8,0.5,0.2,0.9,1.2,9.2,2017
14890,231,Stanley Johnson,SF,20,DET,77,1,17.8,1.7,4.7,.353,0.6,2.0,.292,1.1,2.7,.398,.415,0.5,0.7,.679,0.5,2.0,2.5,1.4,0.7,0.3,0.9,1.6,4.4,2017
14891,232,Tyler Johnson,PG,24,MIA,73,0,29.8,4.9,11.3,.433,1.3,3.4,.372,3.6,7.9,.460,.490,2.7,3.5,.768,0.7,3.3,4.0,3.2,1.2,0.6,1.2,2.4,13.7,2017
14892,233,Wesley Johnson,SF,29,LAC,68,3,11.9,1.1,2.9,.365,0.4,1.7,.246,0.6,1.2,.537,.438,0.2,0.3,.647,0.4,2.3,2.7,0.3,0.4,0.4,0.3,1.2,2.7,2017
14893,234,Nikola Jokić,C,21,DEN,73,59,27.9,6.8,11.7,.578,0.6,1.9,.324,6.2,9.8,.628,.605,2.6,3.1,.825,2.9,6.9,9.8,4.9,0.8,0.8,2.3,2.9,16.7,2017
14894,235,Dahntay Jones,SF,36,CLE,1,0,12.0,3.0,8.0,.375,0.0,2.0,.000,3.0,6.0,.500,.375,3.0,4.0,.750,1.0,1.0,2.0,1.0,0.0,0.0,1.0,1.0,9.0,2017
14895,236,Damian Jones,C,21,GSW,10,0,8.5,0.8,1.6,.500,0.0,0.0,,0.8,1.6,.500,.500,0.3,1.0,.300,0.9,1.4,2.3,0.0,0.1,0.4,0.6,1.5,1.9,2017
14896,237,Derrick Jones Jr.,SF,19,PHO,32,8,17.0,2.1,3.8,.562,0.1,0.3,.273,2.0,3.4,.591,.574,0.9,1.3,.707,1.2,1.3,2.5,0.4,0.4,0.4,0.4,2.0,5.3,2017
14897,238,James Jones,SF,36,CLE,48,2,7.9,0.9,1.9,.478,0.6,1.4,.470,0.3,0.5,.500,.647,0.3,0.4,.650,0.1,0.7,0.8,0.3,0.1,0.2,0.2,0.8,2.8,2017
14898,239,Terrence Jones,PF,25,TOT,54,12,23.5,4.3,9.1,.470,0.4,1.4,.253,3.9,7.7,.508,.489,1.9,3.1,.606,1.2,4.5,5.7,1.1,0.7,1.0,0.9,1.2,10.8,2017
14899,239,Terrence Jones,PF,25,NOP,51,12,24.8,4.5,9.6,.472,0.4,1.5,.253,4.2,8.1,.512,.492,2.0,3.3,.606,1.3,4.7,5.9,1.2,0.8,1.0,0.9,1.3,11.5,2017
14900,239,Terrence Jones,PF,25,MIL,3,0,2.0,0.0,1.0,.000,0.0,0.0,,0.0,1.0,.000,.000,0.0,0.0,,0.0,1.0,1.0,0.0,0.3,0.3,0.0,0.0,0.0,2017
14901,240,Tyus Jones,PG,20,MIN,60,0,12.9,1.3,3.0,.414,0.4,1.2,.356,0.8,1.8,.454,.486,0.6,0.7,.767,0.2,1.0,1.1,2.6,0.8,0.1,0.6,0.8,3.5,2017
14902,Rk,Player,Pos,Age,Tm,G,GS,MP,FG,FGA,FG%,3P,3PA,3P%,2P,2PA,2P%,eFG%,FT,FTA,FT%,ORB,DRB,TRB,AST,STL,BLK,TOV,PF,PTS,2017
14903,241,DeAndre Jordan,C,28,LAC,81,81,31.7,5.1,7.1,.714,0.0,0.0,.000,5.1,7.1,.717,.714,2.5,5.2,.482,3.7,10.1,13.8,1.2,0.6,1.7,1.4,2.6,12.7,2017
14904,242,Cory Joseph,PG,25,TOR,80,22,25.0,3.7,8.3,.452,0.6,1.7,.356,3.1,6.6,.477,.489,1.2,1.5,.770,0.6,2.3,2.9,3.3,0.8,0.2,1.4,1.8,9.3,2017
14905,243,Frank Kaminsky,C,23,CHO,75,16,26.1,4.3,10.7,.399,1.5,4.7,.328,2.7,6.0,.455,.471,1.6,2.1,.756,0.8,3.7,4.5,2.2,0.6,0.5,1.0,1.9,11.7,2017
14906,244,Ryan Kelly,PF,25,ATL,16,0,6.9,0.5,1.8,.286,0.3,0.6,.400,0.3,1.1,.222,.357,0.3,0.4,.833,0.1,1.1,1.1,0.5,0.3,0.3,0.3,0.3,1.6,2017
14907,245,Michael Kidd-Gilchrist,SF,23,CHO,81,81,29.0,3.6,7.6,.477,0.0,0.1,.111,3.6,7.5,.483,.478,1.9,2.4,.784,1.9,5.0,7.0,1.4,1.0,1.0,0.7,2.3,9.2,2017
14908,246,Sean Kilpatrick,SG,27,BRK,70,24,25.1,4.4,10.5,.415,1.5,4.4,.341,2.9,6.1,.468,.486,2.9,3.5,.843,0.3,3.7,4.0,2.2,0.6,0.1,1.9,1.7,13.1,2017
14909,247,Brandon Knight,SG,25,PHO,54,5,21.1,3.9,9.7,.398,0.8,2.6,.324,3.0,7.1,.425,.441,2.4,2.9,.857,0.5,1.7,2.2,2.4,0.5,0.1,1.6,1.6,11.0,2017
14910,248,Kyle Korver,SG,35,TOT,67,22,26.2,3.6,7.7,.464,2.4,5.4,.451,1.1,2.3,.494,.621,0.6,0.6,.905,0.1,2.7,2.8,1.6,0.5,0.3,1.0,1.6,10.1,2017
14911,248,Kyle Korver,SG,35,ATL,32,21,27.9,3.4,7.7,.439,2.0,5.0,.409,1.3,2.7,.494,.571,0.8,0.8,.889,0.0,2.8,2.8,2.3,0.7,0.4,1.3,1.5,9.5,2017
14912,248,Kyle Korver,SG,35,CLE,35,1,24.5,3.7,7.7,.487,2.8,5.7,.485,1.0,2.0,.493,.667,0.4,0.4,.933,0.2,2.6,2.8,1.0,0.3,0.2,0.8,1.7,10.7,2017
14913,249,Kosta Koufos,C,27,SAC,71,62,20.0,3.0,5.5,.551,0.0,0.0,.000,3.0,5.5,.552,.551,0.5,0.9,.613,1.7,4.0,5.7,0.7,0.5,0.7,0.9,2.4,6.6,2017
14914,250,Mindaugas Kuzminskas,SF,27,NYK,68,5,14.9,2.3,5.4,.428,0.8,2.5,.321,1.5,3.0,.517,.501,0.8,1.0,.809,0.7,1.2,1.9,1.0,0.4,0.2,0.8,1.2,6.3,2017
14915,251,Skal Labissière,PF,20,SAC,33,12,18.5,3.5,6.6,.537,0.1,0.2,.375,3.5,6.4,.543,.544,1.6,2.2,.703,1.5,3.4,4.9,0.8,0.5,0.4,1.1,1.9,8.8,2017
14916,252,Jeremy Lamb,SG,24,CHO,62,5,18.4,3.6,7.9,.460,0.7,2.4,.281,3.0,5.6,.536,.502,1.8,2.1,.853,0.5,3.8,4.3,1.2,0.4,0.4,0.6,1.6,9.7,2017
14917,253,Nicolás Laprovíttola,PG,27,SAS,18,3,9.7,1.1,2.6,.426,0.6,1.5,.370,0.6,1.1,.500,.532,0.5,0.5,1.000,0.1,0.5,0.6,1.6,0.2,0.1,1.1,1.1,3.3,2017
14918,254,Joffrey Lauvergne,PF-C,25,TOT,70,1,14.0,2.1,4.8,.440,0.5,1.4,.337,1.6,3.4,.483,.490,0.7,1.0,.630,1.0,2.6,3.6,1.0,0.4,0.1,0.8,1.2,5.4,2017
14919,254,Joffrey Lauvergne,PF,25,OKC,50,0,14.8,2.2,4.9,.455,0.5,1.6,.346,1.7,3.3,.506,.510,0.7,1.2,.638,1.0,2.6,3.7,1.0,0.4,0.1,0.8,1.4,5.7,2017
14920,254,Joffrey Lauvergne,C,25,CHI,20,1,12.1,1.9,4.6,.402,0.3,1.0,.300,1.6,3.6,.431,.435,0.5,0.8,.600,1.1,2.4,3.4,1.0,0.4,0.0,0.8,0.6,4.5,2017
14921,255,Zach LaVine,SG,21,MIN,47,47,37.2,6.9,15.1,.459,2.6,6.6,.387,4.4,8.5,.515,.544,2.5,3.0,.836,0.4,3.0,3.4,3.0,0.9,0.2,1.8,2.2,18.9,2017
14922,256,Ty Lawson,PG,29,SAC,69,24,25.1,3.4,7.6,.454,0.5,1.7,.288,2.9,5.9,.502,.487,2.5,3.1,.797,0.6,2.0,2.6,4.8,1.1,0.1,1.9,1.7,9.9,2017
14923,257,Jake Layman,SF,22,POR,35,1,7.1,0.7,2.5,.292,0.4,1.5,.255,0.4,1.1,.342,.365,0.4,0.5,.765,0.2,0.5,0.7,0.3,0.3,0.1,0.3,0.6,2.2,2017
14924,258,Courtney Lee,SG,31,NYK,77,74,31.9,4.2,9.1,.456,1.4,3.5,.401,2.8,5.6,.490,.533,1.1,1.3,.867,0.7,2.7,3.4,2.3,1.1,0.3,0.9,1.8,10.8,2017
14925,259,David Lee,PF,33,SAS,79,10,18.7,3.1,5.3,.590,0.0,0.0,,3.1,5.3,.590,.590,1.0,1.4,.708,1.9,3.7,5.6,1.6,0.4,0.5,1.0,1.6,7.3,2017
14926,260,Alex Len,C,23,PHO,77,34,20.3,3.0,6.0,.497,0.0,0.2,.250,2.9,5.9,.503,.500,1.9,2.7,.721,2.0,4.6,6.6,0.6,0.5,1.3,1.3,3.1,8.0,2017
14927,Rk,Player,Pos,Age,Tm,G,GS,MP,FG,FGA,FG%,3P,3PA,3P%,2P,2PA,2P%,eFG%,FT,FTA,FT%,ORB,DRB,TRB,AST,STL,BLK,TOV,PF,PTS,2017
14928,261,Kawhi Leonard,SF,25,SAS,74,74,33.4,8.6,17.7,.485,2.0,5.2,.380,6.6,12.5,.529,.541,6.3,7.2,.880,1.1,4.7,5.8,3.5,1.8,0.7,2.1,1.6,25.5,2017
14929,262,Meyers Leonard,PF,24,POR,74,12,16.5,2.0,5.1,.386,1.0,2.9,.347,1.0,2.2,.436,.484,0.5,0.5,.875,0.4,2.8,3.2,1.0,0.2,0.4,0.5,2.3,5.4,2017
14930,263,Jon Leuer,PF,27,DET,75,34,25.9,4.1,8.6,.480,0.7,2.2,.293,3.5,6.4,.545,.518,1.3,1.5,.867,1.4,4.0,5.4,1.5,0.4,0.3,0.9,1.9,10.2,2017
14931,264,Caris LeVert,SF,22,BRK,57,26,21.7,3.0,6.7,.450,1.0,3.2,.321,2.0,3.4,.571,.528,1.2,1.6,.720,0.4,2.9,3.3,1.9,0.9,0.1,1.0,1.6,8.2,2017
14932,265,DeAndre Liggins,SG,28,TOT,62,19,12.5,0.9,2.3,.387,0.3,0.7,.370,0.6,1.5,.396,.447,0.4,0.6,.625,0.3,1.4,1.7,0.9,0.8,0.2,0.7,1.3,2.5,2017
14933,265,DeAndre Liggins,SG,28,CLE,61,19,12.3,0.9,2.2,.382,0.3,0.7,.378,0.6,1.5,.385,.445,0.4,0.6,.622,0.3,1.4,1.7,0.9,0.7,0.2,0.7,1.3,2.4,2017
14934,265,DeAndre Liggins,SG,28,DAL,1,0,25.0,3.0,6.0,.500,0.0,1.0,.000,3.0,5.0,.600,.500,2.0,3.0,.667,3.0,4.0,7.0,0.0,2.0,0.0,0.0,3.0,8.0,2017
14935,266,Damian Lillard,PG,26,POR,75,75,35.9,8.8,19.8,.444,2.9,7.7,.370,6.0,12.1,.492,.516,6.5,7.3,.895,0.6,4.3,4.9,5.9,0.9,0.3,2.6,2.0,27.0,2017
14936,267,Jeremy Lin,PG,28,BRK,36,33,24.5,4.9,11.1,.438,1.6,4.3,.372,3.3,6.8,.480,.510,3.2,3.9,.816,0.3,3.4,3.8,5.1,1.2,0.4,2.4,2.2,14.5,2017
14937,268,Shaun Livingston,PG,31,GSW,76,3,17.7,2.3,4.2,.547,0.0,0.0,.333,2.3,4.1,.550,.549,0.6,0.8,.700,0.4,1.6,2.0,1.8,0.5,0.3,0.8,1.6,5.1,2017
14938,269,Shawn Long,C,24,PHI,18,0,13.0,3.4,6.1,.560,0.4,1.1,.368,3.0,5.0,.600,.592,1.1,1.9,.543,2.3,2.4,4.7,0.7,0.5,0.5,0.7,2.7,8.2,2017
14939,270,Kevon Looney,C,20,GSW,53,4,8.4,1.1,2.0,.523,0.0,0.2,.222,1.0,1.8,.551,.533,0.4,0.6,.618,0.8,1.5,2.3,0.5,0.3,0.3,0.3,1.2,2.5,2017
14940,271,Brook Lopez,C,28,BRK,75,75,29.6,7.4,15.6,.474,1.8,5.2,.346,5.6,10.5,.536,.531,3.9,4.9,.810,1.6,3.8,5.4,2.3,0.5,1.7,2.5,2.6,20.5,2017
14941,272,Robin Lopez,C,28,CHI,81,81,28.0,4.7,9.6,.493,0.0,0.0,.000,4.7,9.5,.494,.493,0.9,1.3,.721,3.0,3.4,6.4,1.0,0.2,1.4,1.1,1.9,10.4,2017
14942,273,Kevin Love,PF,28,CLE,60,60,31.4,6.2,14.5,.427,2.4,6.5,.373,3.8,8.0,.471,.510,4.3,4.9,.871,2.5,8.6,11.1,1.9,0.9,0.4,2.0,2.1,19.0,2017
14943,274,Kyle Lowry,PG,30,TOR,60,60,37.4,7.1,15.3,.464,3.2,7.8,.412,3.9,7.5,.518,.569,5.0,6.1,.819,0.8,4.0,4.8,7.0,1.5,0.3,2.9,2.8,22.4,2017
14944,275,John Lucas III,PG,34,MIN,5,0,2.2,0.2,0.8,.250,0.0,0.2,.000,0.2,0.6,.333,.250,0.0,0.0,,0.0,0.0,0.0,0.2,0.4,0.0,0.0,0.0,0.4,2017
14945,276,Timothé Luwawu-Cabarrot,SF,21,PHI,69,19,17.2,2.1,5.2,.402,0.7,2.3,.311,1.4,2.9,.475,.471,1.5,1.8,.854,0.4,1.8,2.2,1.1,0.5,0.1,1.1,2.2,6.4,2017
14946,277,Trey Lyles,PF,21,UTA,71,4,16.3,2.2,6.2,.362,0.9,2.9,.319,1.3,3.3,.400,.436,0.8,1.1,.722,0.7,2.6,3.3,1.0,0.4,0.3,0.9,1.4,6.2,2017
14947,278,Sheldon Mac,SG,24,WAS,30,3,9.6,1.0,2.5,.400,0.2,1.0,.233,0.8,1.5,.511,.447,0.8,0.9,.852,0.1,1.0,1.1,0.5,0.3,0.1,0.2,0.6,3.0,2017
14948,279,Shelvin Mack,PG,26,UTA,55,9,21.9,3.1,6.9,.446,0.7,2.2,.308,2.4,4.7,.510,.495,1.0,1.4,.688,0.4,1.9,2.3,2.8,0.8,0.1,1.6,1.8,7.8,2017
14949,280,Ian Mahinmi,C,30,WAS,31,0,17.9,2.1,3.6,.586,0.0,0.0,,2.1,3.6,.586,.586,1.4,2.4,.573,1.5,3.3,4.8,0.6,1.1,0.8,1.1,2.9,5.6,2017
14950,Rk,Player,Pos,Age,Tm,G,GS,MP,FG,FGA,FG%,3P,3PA,3P%,2P,2PA,2P%,eFG%,FT,FTA,FT%,ORB,DRB,TRB,AST,STL,BLK,TOV,PF,PTS,2017
14951,281,Thon Maker,C,19,MIL,57,34,9.9,1.5,3.2,.459,0.5,1.3,.378,1.0,1.9,.514,.536,0.6,0.9,.653,0.7,1.3,2.0,0.4,0.2,0.5,0.3,1.5,4.0,2017
14952,282,Boban Marjanović,C,28,DET,35,0,8.4,2.1,3.8,.545,0.0,0.0,,2.1,3.8,.545,.545,1.3,1.7,.810,1.3,2.4,3.7,0.3,0.2,0.3,0.3,0.7,5.5,2017
14953,283,Jarell Martin,PF,22,MEM,42,3,13.3,1.4,3.6,.384,0.2,0.6,.360,1.2,3.0,.389,.414,1.0,1.2,.800,1.0,2.9,3.9,0.2,0.4,0.2,0.7,2.2,3.9,2017
14954,284,Wesley Matthews,SG,30,DAL,73,73,34.2,4.6,11.6,.393,2.4,6.6,.363,2.2,5.0,.432,.496,2.0,2.5,.816,0.2,3.3,3.5,2.9,1.1,0.2,1.4,2.2,13.5,2017
14955,285,Luc Mbah a Moute,SF,30,LAC,80,76,22.3,2.4,4.7,.505,0.5,1.4,.391,1.9,3.4,.552,.562,0.7,1.1,.678,0.6,1.6,2.1,0.5,1.0,0.4,0.6,1.5,6.1,2017
14956,286,James Michael McAdoo,PF,24,GSW,52,2,8.8,1.2,2.3,.530,0.0,0.2,.250,1.2,2.1,.550,.538,0.4,0.8,.500,0.7,1.1,1.8,0.3,0.3,0.6,0.4,0.9,2.8,2017
14957,287,Patrick McCaw,SG,21,GSW,71,20,15.1,1.5,3.5,.433,0.6,1.7,.333,0.9,1.7,.533,.516,0.4,0.5,.784,0.3,1.1,1.4,1.1,0.5,0.2,0.5,0.9,4.0,2017
14958,288,CJ McCollum,SG,25,POR,80,80,35.0,8.7,18.0,.480,2.3,5.5,.421,6.3,12.5,.506,.544,3.4,3.7,.912,0.8,2.9,3.6,3.6,0.9,0.5,2.2,2.5,23.0,2017
14959,289,T.J. McConnell,PG,24,PHI,81,51,26.3,2.9,6.3,.461,0.1,0.7,.200,2.8,5.6,.492,.472,0.9,1.1,.811,0.5,2.6,3.1,6.6,1.7,0.1,2.0,1.7,6.9,2017
14960,290,Chris McCullough,PF,21,TOT,16,0,5.0,1.0,2.0,.500,0.1,0.4,.143,0.9,1.6,.600,.516,0.2,0.3,.600,0.6,0.6,1.2,0.1,0.1,0.1,0.2,0.4,2.3,2017
14961,290,Chris McCullough,PF,21,BRK,14,0,5.1,1.1,2.2,.516,0.1,0.4,.167,1.1,1.8,.600,.532,0.1,0.2,.667,0.6,0.6,1.2,0.1,0.1,0.1,0.1,0.5,2.5,2017
14962,290,Chris McCullough,PF,21,WAS,2,0,4.0,0.0,0.5,.000,0.0,0.5,.000,0.0,0.0,,.000,0.5,1.0,.500,0.0,1.0,1.0,0.0,0.5,0.0,0.5,0.0,0.5,2017
14963,291,K.J. McDaniels,SF,23,TOT,49,0,10.3,1.6,3.4,.456,0.4,1.3,.303,1.2,2.1,.553,.515,0.7,0.8,.842,0.3,1.4,1.7,0.3,0.4,0.4,0.6,1.0,4.2,2017
14964,291,K.J. McDaniels,SF,23,HOU,29,0,7.3,1.1,2.3,.456,0.3,0.9,.333,0.8,1.4,.537,.522,0.3,0.3,.900,0.2,0.8,1.0,0.1,0.2,0.3,0.3,0.8,2.8,2017
14965,291,K.J. McDaniels,SF,23,BRK,20,0,14.7,2.3,5.1,.455,0.6,2.0,.282,1.8,3.1,.565,.510,1.2,1.4,.821,0.5,2.2,2.6,0.5,0.6,0.5,1.0,1.3,6.3,2017
14966,292,Doug McDermott,SF,25,TOT,66,5,22.8,3.4,7.5,.447,1.2,3.2,.370,2.2,4.4,.502,.524,1.1,1.3,.845,0.3,2.4,2.7,0.9,0.2,0.1,0.6,1.2,9.0,2017
14967,292,Doug McDermott,SF,25,CHI,44,4,24.5,3.8,8.5,.445,1.3,3.4,.373,2.5,5.1,.493,.520,1.3,1.5,.881,0.3,2.6,3.0,1.0,0.3,0.1,0.7,1.3,10.2,2017
14968,292,Doug McDermott,SF,25,OKC,22,1,19.5,2.5,5.6,.452,1.0,2.6,.362,1.6,3.0,.530,.536,0.5,0.8,.706,0.3,2.0,2.2,0.6,0.1,0.0,0.3,1.0,6.6,2017
14969,293,JaVale McGee,C,29,GSW,77,10,9.6,2.7,4.1,.652,0.0,0.0,.000,2.7,4.1,.658,.652,0.7,1.4,.505,1.3,1.9,3.2,0.2,0.2,0.9,0.5,1.4,6.1,2017
14970,294,Rodney McGruder,SG,25,MIA,78,65,25.2,2.4,5.9,.413,0.9,2.8,.332,1.5,3.1,.488,.492,0.6,0.9,.620,1.2,2.1,3.3,1.6,0.6,0.2,0.7,1.8,6.4,2017
14971,295,Ben McLemore,SG,23,SAC,61,26,19.3,3.0,6.9,.430,1.1,2.8,.382,1.9,4.1,.462,.507,1.1,1.5,.753,0.3,1.8,2.1,0.8,0.5,0.1,1.0,1.8,8.1,2017
14972,296,Jordan McRae,SG,25,CLE,37,4,10.4,1.6,4.1,.387,0.5,1.4,.353,1.1,2.7,.404,.447,0.7,0.9,.794,0.2,0.9,1.1,0.5,0.2,0.2,0.4,0.8,4.4,2017
14973,297,Josh McRoberts,PF,29,MIA,22,14,17.3,2.0,5.4,.373,0.6,1.4,.419,1.4,4.0,.356,.428,0.3,0.4,.667,1.0,2.3,3.4,2.3,0.5,0.2,1.0,1.4,4.9,2017
14974,298,Jodie Meeks,SG,29,ORL,36,10,20.5,2.9,7.1,.402,1.6,3.8,.409,1.3,3.3,.395,.512,1.8,2.1,.878,0.1,2.0,2.1,1.3,0.9,0.1,1.0,1.1,9.1,2017
14975,299,Salah Mejri,C,30,DAL,73,11,12.4,1.2,1.9,.642,0.0,0.0,.333,1.2,1.8,.649,.646,0.5,0.8,.590,1.3,2.9,4.2,0.2,0.4,0.8,0.5,2.1,2.9,2017
14976,300,Jordan Mickey,PF,22,BOS,25,1,5.6,0.6,1.4,.441,0.0,0.0,.000,0.6,1.3,.455,.441,0.3,0.6,.571,0.5,0.8,1.4,0.3,0.1,0.2,0.4,0.5,1.5,2017
14977,Rk,Player,Pos,Age,Tm,G,GS,MP,FG,FGA,FG%,3P,3PA,3P%,2P,2PA,2P%,eFG%,FT,FTA,FT%,ORB,DRB,TRB,AST,STL,BLK,TOV,PF,PTS,2017
14978,301,Khris Middleton,SF,25,MIL,29,23,30.7,5.2,11.5,.450,1.6,3.6,.433,3.6,7.9,.459,.518,2.8,3.2,.880,0.4,3.9,4.2,3.4,1.4,0.2,2.2,2.7,14.7,2017
14979,302,C.J. Miles,SF,29,IND,76,29,23.4,3.7,8.5,.434,2.2,5.4,.413,1.5,3.1,.471,.565,1.1,1.2,.903,0.4,2.6,3.0,0.6,0.6,0.3,0.5,2.0,10.7,2017
14980,303,Mike Miller,SF,36,DEN,20,0,7.6,0.5,1.2,.391,0.4,1.0,.400,0.1,0.2,.333,.565,0.1,0.1,1.000,0.1,1.8,1.9,1.1,0.1,0.0,0.7,0.5,1.4,2017
14981,304,Patty Mills,PG,28,SAS,80,8,21.9,3.4,7.8,.440,1.8,4.4,.414,1.6,3.3,.474,.558,0.8,1.0,.825,0.3,1.5,1.8,3.5,0.8,0.0,1.3,1.4,9.5,2017
14982,305,Elijah Millsap,SG,29,PHO,2,0,11.5,0.5,3.5,.143,0.0,1.0,.000,0.5,2.5,.200,.143,0.5,1.0,.500,1.5,1.5,3.0,0.5,0.0,0.0,1.0,1.0,1.5,2017
14983,306,Paul Millsap,PF,31,ATL,69,67,34.0,6.2,14.1,.442,1.1,3.5,.311,5.1,10.6,.486,.481,4.5,5.9,.768,1.6,6.1,7.7,3.7,1.3,0.9,2.3,2.7,18.1,2017
14984,307,Nikola Mirotić,PF,25,CHI,70,15,24.0,3.7,8.9,.413,1.8,5.4,.342,1.8,3.5,.520,.516,1.4,1.8,.773,0.9,4.6,5.5,1.1,0.8,0.8,1.1,1.8,10.6,2017
14985,308,Greg Monroe,C,26,MIL,81,0,22.5,4.8,9.0,.533,0.0,0.0,.000,4.8,8.9,.536,.533,2.2,3.0,.741,2.1,4.5,6.6,2.3,1.1,0.5,1.7,2.1,11.7,2017
14986,309,E'Twaun Moore,SG,27,NOP,73,22,24.9,3.9,8.5,.457,1.1,2.8,.370,2.8,5.6,.501,.519,0.8,1.0,.770,0.5,1.6,2.1,2.2,0.7,0.4,0.8,1.8,9.6,2017
14987,310,Marcus Morris,SF,27,DET,79,79,32.5,5.3,12.7,.418,1.5,4.5,.331,3.8,8.2,.466,.477,1.8,2.3,.784,1.0,3.7,4.6,2.0,0.7,0.3,1.1,2.1,14.0,2017
14988,311,Markieff Morris,PF,27,WAS,76,76,31.2,5.3,11.7,.457,0.9,2.6,.362,4.4,9.1,.483,.497,2.4,2.8,.837,1.4,5.1,6.5,1.7,1.1,0.6,1.7,3.3,14.0,2017
14989,312,Anthony Morrow,SG,31,TOT,49,7,14.6,2.0,5.1,.389,0.8,2.7,.308,1.2,2.4,.479,.470,0.7,0.8,.919,0.2,0.4,0.6,0.5,0.5,0.0,0.1,0.9,5.5,2017
14990,312,Anthony Morrow,SG,31,OKC,40,7,15.7,2.2,5.6,.386,0.9,3.0,.294,1.3,2.6,.490,.464,0.6,0.7,.885,0.3,0.5,0.7,0.5,0.6,0.1,0.2,1.0,5.8,2017
14991,312,Anthony Morrow,SG,31,CHI,9,0,9.7,1.3,3.2,.414,0.7,1.6,.429,0.7,1.7,.400,.517,1.2,1.2,1.000,0.1,0.1,0.2,0.7,0.2,0.0,0.0,0.4,4.6,2017
14992,313,Donatas Motiejūnas,PF,26,NOP,34,0,14.1,1.7,4.1,.413,0.3,1.4,.234,1.4,2.7,.505,.453,0.7,1.4,.510,0.8,2.2,3.0,0.9,0.5,0.3,0.9,1.6,4.4,2017
14993,314,Timofey Mozgov,C,30,LAL,54,52,20.4,3.1,6.1,.515,0.0,0.0,.000,3.1,6.1,.517,.515,1.2,1.4,.808,1.9,3.0,4.9,0.8,0.3,0.6,1.3,2.5,7.4,2017
14994,315,Emmanuel Mudiay,PG,20,DEN,55,41,25.6,3.8,10.0,.377,1.0,3.2,.315,2.8,6.8,.408,.428,2.4,3.0,.784,0.5,2.7,3.2,3.9,0.7,0.2,2.2,1.7,11.0,2017
14995,316,Shabazz Muhammad,SF,24,MIN,78,1,19.4,3.7,7.7,.482,0.6,1.9,.338,3.1,5.8,.528,.523,1.9,2.4,.774,1.1,1.7,2.8,0.4,0.3,0.1,0.7,1.1,9.9,2017
14996,317,Dejounte Murray,PG,20,SAS,38,8,8.5,1.3,3.1,.431,0.2,0.6,.391,1.1,2.4,.441,.470,0.6,0.8,.700,0.2,0.9,1.1,1.3,0.2,0.2,1.0,0.8,3.4,2017
14997,318,Jamal Murray,SG,19,DEN,82,10,21.5,3.6,8.9,.404,1.4,4.2,.334,2.2,4.7,.466,.483,1.3,1.5,.883,0.5,2.1,2.6,2.1,0.6,0.3,1.4,1.5,9.9,2017
14998,319,Mike Muscala,C,25,ATL,70,3,17.7,2.4,4.8,.504,0.7,1.6,.418,1.8,3.2,.546,.573,0.7,0.9,.766,1.1,2.3,3.4,1.4,0.4,0.6,0.8,1.4,6.2,2017
14999,320,Larry Nance Jr.,PF,24,LAL,63,7,22.9,3.0,5.7,.526,0.2,0.6,.278,2.9,5.2,.554,.540,0.9,1.3,.738,1.9,4.0,5.9,1.5,1.3,0.6,0.9,2.4,7.1,2017
15000,Rk,Player,Pos,Age,Tm,G,GS,MP,FG,FGA,FG%,3P,3PA,3P%,2P,2PA,2P%,eFG%,FT,FTA,FT%,ORB,DRB,TRB,AST,STL,BLK,TOV,PF,PTS,2017
15001,321,Shabazz Napier,PG,25,POR,53,2,9.7,1.4,3.5,.399,0.6,1.7,.370,0.7,1.7,.429,.492,0.7,0.9,.776,0.2,1.0,1.2,1.3,0.6,0.0,0.8,0.7,4.1,2017
15002,322,Maurice Ndour,PF,24,NYK,32,4,10.3,1.2,2.7,.453,0.0,0.2,.143,1.2,2.5,.481,.459,0.6,0.8,.731,0.7,1.3,2.0,0.3,0.5,0.3,0.4,0.9,3.1,2017
15003,323,Gary Neal,SG,32,ATL,2,0,9.0,0.0,3.5,.000,0.0,1.0,.000,0.0,2.5,.000,.000,2.0,2.0,1.000,0.0,0.5,0.5,0.5,0.0,0.0,0.0,0.5,2.0,2017
15004,324,Jameer Nelson,PG,34,DEN,75,39,27.3,3.6,8.1,.444,1.4,3.6,.388,2.2,4.4,.489,.531,0.6,0.8,.714,0.4,2.2,2.6,5.1,0.7,0.1,1.7,2.6,9.2,2017
15005,325,Raul Neto,PG,24,UTA,40,0,8.7,1.0,2.3,.451,0.3,0.8,.323,0.8,1.5,.517,.505,0.2,0.2,.889,0.1,0.7,0.8,0.9,0.5,0.1,0.4,1.2,2.5,2017
15006,326,Georges Niang,PF,23,IND,23,0,4.0,0.4,1.6,.250,0.0,0.5,.083,0.3,1.0,.333,.264,0.1,0.1,1.000,0.1,0.7,0.7,0.2,0.1,0.0,0.2,0.3,0.9,2017
15007,327,Andrew Nicholson,PF,27,TOT,38,0,9.0,1.1,2.9,.387,0.1,0.7,.185,1.0,2.2,.452,.410,0.2,0.4,.643,0.4,1.2,1.6,0.3,0.4,0.2,0.4,1.4,2.6,2017
15008,327,Andrew Nicholson,PF,27,WAS,28,0,8.3,1.1,2.8,.390,0.1,0.6,.188,1.0,2.2,.443,.409,0.3,0.4,.583,0.4,0.8,1.2,0.3,0.4,0.2,0.4,1.3,2.5,2017
15009,327,Andrew Nicholson,PF,27,BRK,10,0,11.1,1.3,3.4,.382,0.2,1.1,.182,1.1,2.3,.478,.412,0.2,0.2,1.000,0.4,2.3,2.7,0.3,0.5,0.0,0.6,1.8,3.0,2017
15010,328,Joakim Noah,C,31,NYK,46,46,22.1,2.2,4.4,.490,0.0,0.0,.000,2.2,4.4,.493,.490,0.7,1.7,.436,3.5,5.2,8.8,2.2,0.7,0.8,1.3,2.8,5.0,2017
15011,329,Nerlens Noel,C,22,TOT,51,19,20.5,3.6,6.1,.595,0.0,0.0,.000,3.6,6.0,.597,.595,1.5,2.2,.694,1.8,3.9,5.8,1.0,1.3,1.0,1.0,2.5,8.7,2017
15012,329,Nerlens Noel,C,22,PHI,29,7,19.4,3.7,6.0,.611,0.0,0.0,.000,3.7,6.0,.615,.611,1.5,2.2,.683,1.6,3.4,5.0,1.0,1.5,0.9,1.0,2.4,8.9,2017
15013,329,Nerlens Noel,C,22,DAL,22,12,22.0,3.5,6.1,.575,0.0,0.0,,3.5,6.1,.575,.575,1.5,2.2,.708,2.1,4.7,6.8,0.9,1.0,1.1,1.0,2.5,8.5,2017
15014,330,Lucas Nogueira,C,24,TOR,57,6,19.1,1.8,2.7,.660,0.1,0.2,.250,1.8,2.5,.694,.670,0.8,1.2,.657,1.4,2.8,4.3,0.7,0.9,1.6,0.8,2.4,4.4,2017
15015,331,Steve Novak,PF,33,MIL,8,0,2.8,0.3,0.9,.286,0.1,0.8,.167,0.1,0.1,1.000,.357,0.0,0.0,,0.0,0.4,0.4,0.0,0.0,0.0,0.0,0.1,0.6,2017
15016,332,Dirk Nowitzki,PF,38,DAL,54,54,26.4,5.5,12.6,.437,1.5,3.9,.378,4.0,8.7,.463,.495,1.8,2.1,.875,0.4,6.1,6.5,1.5,0.6,0.7,0.9,2.1,14.2,2017
15017,333,Jusuf Nurkić,C,22,TOT,65,48,21.4,4.2,8.2,.507,0.0,0.0,.000,4.2,8.2,.508,.507,1.8,3.2,.571,2.4,4.8,7.2,1.9,0.8,1.1,2.2,2.5,10.2,2017
15018,333,Jusuf Nurkić,C,22,DEN,45,29,17.9,3.4,6.6,.507,0.0,0.0,,3.4,6.6,.507,.507,1.2,2.5,.496,2.0,3.8,5.8,1.3,0.6,0.8,1.8,2.0,8.0,2017
15019,333,Jusuf Nurkić,C,22,POR,20,19,29.2,6.0,11.8,.508,0.0,0.1,.000,6.0,11.8,.511,.508,3.2,4.9,.660,3.3,7.1,10.4,3.2,1.3,1.9,3.1,3.7,15.2,2017
15020,334,David Nwaba,SG,24,LAL,20,2,19.9,2.4,4.1,.580,0.1,0.3,.200,2.3,3.8,.605,.586,1.3,2.0,.641,0.9,2.3,3.2,0.7,0.7,0.4,0.6,1.8,6.0,2017
15021,335,Johnny O'Bryant,PF,23,TOT,11,0,7.3,1.4,2.7,.500,0.3,0.5,.500,1.1,2.2,.500,.550,0.5,0.5,.833,0.8,0.9,1.7,0.5,0.0,0.1,0.5,0.9,3.5,2017
15022,335,Johnny O'Bryant,PF,23,DEN,7,0,6.6,1.0,2.1,.467,0.3,0.4,.667,0.7,1.7,.417,.533,0.6,0.6,1.000,0.7,0.9,1.6,0.3,0.0,0.1,0.4,0.6,2.9,2017
15023,335,Johnny O'Bryant,PF,23,CHO,4,0,8.5,2.0,3.8,.533,0.3,0.8,.333,1.8,3.0,.583,.567,0.3,0.5,.500,1.0,1.0,2.0,1.0,0.0,0.0,0.8,1.5,4.5,2017
15024,336,Kyle O'Quinn,C,26,NYK,79,8,15.6,2.7,5.2,.521,0.0,0.2,.118,2.7,5.0,.538,.523,0.8,1.1,.771,2.0,3.6,5.6,1.5,0.5,1.3,1.0,2.2,6.3,2017
15025,337,Daniel Ochefu,C,23,WAS,19,0,3.9,0.6,1.4,.444,0.0,0.0,,0.6,1.4,.444,.444,0.0,0.1,.000,0.3,0.9,1.2,0.2,0.1,0.0,0.2,0.9,1.3,2017
15026,338,Jahlil Okafor,C,21,PHI,50,33,22.7,4.8,9.4,.514,0.0,0.0,,4.8,9.4,.514,.514,2.1,3.2,.671,1.6,3.2,4.8,1.2,0.4,1.0,1.8,2.4,11.8,2017
15027,339,Victor Oladipo,SG,24,OKC,67,67,33.2,6.1,13.9,.442,1.9,5.3,.361,4.3,8.7,.491,.510,1.7,2.3,.753,0.6,3.8,4.3,2.6,1.2,0.3,1.8,2.3,15.9,2017
15028,340,Kelly Olynyk,C,25,BOS,75,6,20.5,3.5,6.8,.512,0.9,2.6,.354,2.6,4.2,.608,.579,1.2,1.6,.732,1.0,3.8,4.8,2.0,0.6,0.4,1.3,2.8,9.0,2017
15029,Rk,Player,Pos,Age,Tm,G,GS,MP,FG,FGA,FG%,3P,3PA,3P%,2P,2PA,2P%,eFG%,FT,FTA,FT%,ORB,DRB,TRB,AST,STL,BLK,TOV,PF,PTS,2017
15030,341,Arinze Onuaku,C,29,ORL,8,0,3.5,0.3,0.5,.500,0.0,0.0,,0.3,0.5,.500,.500,0.0,0.0,,0.3,0.5,0.8,0.3,0.0,0.1,0.3,0.4,0.5,2017
15031,342,Chinanu Onuaku,C,20,HOU,5,1,10.4,1.0,1.4,.714,0.0,0.0,,1.0,1.4,.714,.714,0.8,0.8,1.000,0.4,1.6,2.0,0.6,0.6,0.2,0.8,1.2,2.8,2017
15032,343,Kelly Oubre Jr.,SF,21,WAS,79,5,20.3,2.4,5.6,.421,0.7,2.4,.287,1.7,3.2,.520,.482,0.9,1.3,.758,0.8,2.5,3.3,0.6,0.7,0.2,0.6,2.5,6.3,2017
15033,344,Zaza Pachulia,C,32,GSW,70,70,18.1,2.3,4.4,.534,0.0,0.0,.000,2.3,4.4,.538,.534,1.4,1.8,.778,2.0,3.9,5.9,1.9,0.8,0.5,1.2,2.4,6.1,2017
15034,345,Georgios Papagiannis,C,19,SAC,22,0,16.1,2.5,4.6,.549,0.0,0.1,.000,2.5,4.5,.560,.549,0.5,0.6,.857,1.1,2.8,3.9,0.9,0.1,0.8,1.1,2.0,5.6,2017
15035,346,Jabari Parker,PF,21,MIL,51,50,33.9,7.8,16.0,.490,1.3,3.5,.365,6.5,12.5,.525,.530,3.2,4.3,.743,1.5,4.6,6.2,2.8,1.0,0.4,1.8,2.2,20.1,2017
15036,347,Tony Parker,PG,34,SAS,63,63,25.2,4.2,9.0,.466,0.4,1.1,.333,3.8,7.9,.484,.486,1.3,1.9,.726,0.1,1.7,1.8,4.5,0.5,0.0,1.4,1.5,10.1,2017
15037,348,Chandler Parsons,SF,28,MEM,34,34,19.9,2.2,6.5,.338,0.7,2.7,.269,1.5,3.8,.388,.394,1.0,1.3,.814,0.2,2.3,2.5,1.6,0.6,0.1,0.7,1.5,6.2,2017
15038,349,Lamar Patterson,SG,25,ATL,5,0,8.0,0.6,3.0,.200,0.2,1.2,.167,0.4,1.8,.222,.233,0.4,0.6,.667,0.2,1.2,1.4,1.2,0.2,0.0,0.8,1.2,1.8,2017
15039,350,Patrick Patterson,PF,27,TOR,65,8,24.6,2.4,5.9,.401,1.4,3.9,.372,0.9,2.0,.458,.523,0.7,0.9,.717,1.0,3.6,4.5,1.2,0.6,0.4,0.6,1.8,6.8,2017
15040,351,Chris Paul,PG,31,LAC,61,61,31.5,6.1,12.9,.476,2.0,5.0,.411,4.1,7.9,.518,.555,3.8,4.3,.892,0.7,4.3,5.0,9.2,2.0,0.1,2.4,2.4,18.1,2017
15041,352,Adreian Payne,PF,25,MIN,18,0,7.5,1.3,3.0,.426,0.2,0.8,.200,1.1,2.2,.513,.454,0.8,1.1,.737,0.5,1.3,1.8,0.4,0.4,0.4,0.4,1.8,3.5,2017
15042,353,Cameron Payne,PG,22,TOT,31,0,14.9,2.1,6.2,.332,0.9,2.8,.314,1.2,3.5,.346,.402,0.2,0.3,.625,0.1,1.5,1.5,1.8,0.5,0.1,0.9,1.7,5.2,2017
15043,353,Cameron Payne,PG,22,OKC,20,0,16.0,2.2,6.5,.331,0.8,2.6,.308,1.4,3.9,.346,.392,0.2,0.2,1.000,0.1,1.5,1.6,2.0,0.5,0.2,0.8,1.9,5.3,2017
15044,353,Cameron Payne,PG,22,CHI,11,0,12.9,1.9,5.7,.333,1.0,3.1,.324,0.9,2.6,.345,.421,0.1,0.4,.250,0.1,1.5,1.5,1.4,0.4,0.0,1.2,1.3,4.9,2017
15045,354,Elfrid Payton,PG,22,ORL,82,58,29.4,5.2,11.1,.471,0.5,1.8,.274,4.8,9.3,.509,.493,1.8,2.6,.692,1.1,3.6,4.7,6.5,1.1,0.5,2.2,2.2,12.8,2017
15046,355,Gary Payton II,PG,24,MIL,6,0,16.5,1.3,3.7,.364,0.2,1.5,.111,1.2,2.2,.538,.386,0.5,0.8,.600,0.0,2.0,2.0,2.2,0.5,0.7,1.7,1.5,3.3,2017
15047,356,Paul Pierce*,SF,39,LAC,25,7,11.1,1.1,2.8,.400,0.6,1.7,.349,0.5,1.1,.481,.507,0.4,0.5,.769,0.0,1.9,1.9,0.4,0.2,0.2,0.6,1.6,3.2,2017
15048,357,Marshall Plumlee,C,24,NYK,21,1,8.1,0.8,1.4,.533,0.0,0.0,,0.8,1.4,.533,.533,0.4,0.9,.421,1.1,1.3,2.4,0.5,0.2,0.2,0.6,1.1,1.9,2017
15049,358,Mason Plumlee,C,26,TOT,81,64,26.5,4.1,7.7,.536,0.0,0.1,.000,4.1,7.6,.541,.536,2.1,3.7,.580,2.1,5.4,7.5,3.5,0.9,1.1,1.7,2.8,10.4,2017
15050,358,Mason Plumlee,C,26,POR,54,54,28.1,4.4,8.2,.532,0.0,0.1,.000,4.4,8.1,.538,.532,2.4,4.1,.567,2.2,5.8,8.0,4.0,0.9,1.2,1.6,2.8,11.1,2017
15051,358,Mason Plumlee,C,26,DEN,27,10,23.4,3.7,6.7,.547,0.0,0.0,.000,3.7,6.7,.550,.547,1.7,2.8,.618,1.9,4.6,6.4,2.6,0.7,1.1,1.7,2.9,9.1,2017
15052,359,Miles Plumlee,C,28,TOT,45,12,10.8,1.0,2.0,.478,0.0,0.0,,1.0,2.0,.478,.478,0.6,0.9,.641,0.8,1.3,2.1,0.5,0.4,0.3,0.7,1.6,2.5,2017
15053,359,Miles Plumlee,C,28,MIL,32,12,9.7,0.9,2.1,.441,0.0,0.0,,0.9,2.1,.441,.441,0.7,1.1,.629,0.7,0.9,1.7,0.6,0.3,0.3,0.7,1.5,2.6,2017
15054,359,Miles Plumlee,C,28,CHO,13,0,13.4,1.1,1.8,.583,0.0,0.0,,1.1,1.8,.583,.583,0.2,0.3,.750,1.2,2.1,3.2,0.2,0.5,0.3,0.6,1.9,2.4,2017
15055,360,Jakob Poeltl,C,21,TOR,54,4,11.6,1.2,2.1,.583,0.0,0.0,,1.2,2.1,.583,.583,0.6,1.1,.544,1.4,1.6,3.1,0.2,0.3,0.4,0.5,2.1,3.1,2017
15056,Rk,Player,Pos,Age,Tm,G,GS,MP,FG,FGA,FG%,3P,3PA,3P%,2P,2PA,2P%,eFG%,FT,FTA,FT%,ORB,DRB,TRB,AST,STL,BLK,TOV,PF,PTS,2017
15057,361,Otto Porter Jr.,SF,23,WAS,80,80,32.6,5.2,10.0,.516,1.9,4.3,.434,3.3,5.8,.576,.608,1.2,1.5,.832,1.5,5.0,6.4,1.5,1.5,0.5,0.6,2.4,13.4,2017
15058,362,Bobby Portis,PF,21,CHI,64,13,15.6,2.9,5.9,.488,0.5,1.5,.333,2.4,4.4,.541,.531,0.6,0.9,.661,1.2,3.5,4.6,0.5,0.3,0.2,0.6,1.5,6.8,2017
15059,363,Kristaps Porziņģis,PF,21,NYK,66,65,32.8,6.7,14.9,.450,1.7,4.8,.357,5.0,10.2,.493,.507,3.0,3.8,.786,1.7,5.5,7.2,1.5,0.7,2.0,1.8,3.7,18.1,2017
15060,364,Dwight Powell,C,25,DAL,77,3,17.3,2.5,4.9,.515,0.3,1.0,.284,2.2,3.9,.571,.542,1.4,1.8,.759,1.2,2.8,4.0,0.6,0.8,0.5,0.4,1.8,6.7,2017
15061,365,Norman Powell,SG,23,TOR,76,18,18.0,3.0,6.7,.449,0.7,2.3,.324,2.3,4.4,.514,.504,1.7,2.1,.792,0.3,1.9,2.2,1.1,0.7,0.2,0.9,1.7,8.4,2017
15062,366,Alex Poythress,PF,23,PHI,6,1,26.2,4.2,9.0,.463,1.0,3.2,.316,3.2,5.8,.543,.519,1.3,1.7,.800,1.8,3.0,4.8,0.8,0.5,0.3,0.5,2.3,10.7,2017
15063,367,Ronnie Price,PG,33,PHO,14,0,9.6,0.3,1.7,.167,0.2,1.2,.176,0.1,0.5,.143,.229,0.2,0.3,.750,0.2,0.6,0.8,1.3,0.8,0.1,0.2,1.0,1.0,2017
15064,368,Taurean Prince,SF,22,ATL,59,10,16.6,1.9,4.8,.400,0.6,1.7,.324,1.4,3.1,.443,.458,1.3,1.6,.787,0.4,2.2,2.7,0.9,0.7,0.5,1.0,1.6,5.7,2017
15065,369,Tim Quarterman,SG,22,POR,16,0,5.0,0.8,1.8,.448,0.3,0.8,.385,0.5,1.0,.500,.534,0.0,0.2,.000,0.3,0.6,0.9,0.7,0.1,0.2,0.7,0.4,1.9,2017
15066,370,Chasson Randle,PG,23,TOT,26,0,11.5,1.5,3.8,.408,0.6,1.8,.340,0.9,2.0,.471,.490,1.6,1.7,.953,0.2,1.0,1.2,1.3,0.3,0.1,0.7,1.5,5.3,2017
15067,370,Chasson Randle,PG,23,PHI,8,0,9.3,1.5,3.3,.462,0.8,1.9,.400,0.8,1.4,.545,.577,1.5,1.5,1.000,0.0,0.6,0.6,0.8,0.4,0.1,0.4,1.4,5.3,2017
15068,370,Chasson Randle,PG,23,NYK,18,0,12.5,1.6,4.0,.389,0.6,1.8,.313,1.0,2.2,.450,.458,1.6,1.7,.935,0.3,1.2,1.5,1.6,0.3,0.1,0.9,1.6,5.3,2017
15069,371,Julius Randle,PF,22,LAL,74,73,28.8,5.1,10.4,.488,0.2,0.9,.270,4.9,9.6,.507,.499,2.8,3.8,.723,2.0,6.6,8.6,3.6,0.7,0.5,2.3,3.4,13.2,2017
15070,372,Zach Randolph,PF,35,MEM,73,5,24.5,5.9,13.2,.449,0.3,1.3,.223,5.6,11.9,.474,.460,1.9,2.6,.731,2.5,5.7,8.2,1.7,0.5,0.1,1.4,1.9,14.1,2017
15071,373,J.J. Redick,SG,32,LAC,78,78,28.2,5.1,11.4,.445,2.6,6.0,.429,2.5,5.4,.462,.558,2.3,2.6,.891,0.1,2.1,2.2,1.4,0.7,0.2,1.3,1.6,15.0,2017
15072,374,Willie Reed,C,26,MIA,71,5,14.5,2.3,4.0,.568,0.0,0.1,.250,2.3,4.0,.573,.570,0.7,1.2,.557,1.8,2.9,4.7,0.4,0.3,0.7,0.4,1.9,5.3,2017
15073,375,Josh Richardson,SG,23,MIA,53,34,30.5,3.8,9.7,.394,1.4,4.3,.330,2.4,5.4,.444,.467,1.1,1.5,.779,0.7,2.5,3.2,2.6,1.1,0.7,1.2,2.5,10.2,2017
15074,376,Malachi Richardson,SG,21,SAC,22,0,9.0,1.3,3.1,.412,0.4,1.3,.286,0.9,1.8,.500,.471,0.7,0.9,.789,0.1,0.9,1.0,0.5,0.2,0.0,0.4,1.0,3.6,2017
15075,377,Austin Rivers,SG,24,LAC,74,29,27.8,4.4,9.9,.442,1.5,4.0,.371,2.9,5.8,.491,.518,1.8,2.6,.691,0.3,1.9,2.2,2.8,0.6,0.1,1.6,2.5,12.0,2017
15076,378,Andre Roberson,SF,25,OKC,79,79,30.1,2.7,5.9,.464,0.6,2.3,.245,2.2,3.5,.609,.513,0.6,1.4,.423,1.2,3.9,5.1,1.0,1.2,1.0,0.6,2.6,6.6,2017
15077,379,Brian Roberts,PG,31,CHO,41,2,10.1,1.1,3.0,.377,0.4,1.1,.386,0.7,1.9,.372,.447,0.8,1.0,.846,0.1,0.8,1.0,1.3,0.2,0.0,0.6,0.4,3.5,2017
15078,380,Glenn Robinson III,SF,23,IND,69,27,20.7,2.3,4.9,.467,0.7,1.8,.392,1.6,3.1,.512,.540,0.8,1.1,.711,0.8,2.7,3.6,0.7,0.6,0.3,0.5,0.9,6.1,2017
15079,Rk,Player,Pos,Age,Tm,G,GS,MP,FG,FGA,FG%,3P,3PA,3P%,2P,2PA,2P%,eFG%,FT,FTA,FT%,ORB,DRB,TRB,AST,STL,BLK,TOV,PF,PTS,2017
15080,381,Thomas Robinson,PF,25,LAL,48,1,11.7,2.2,4.1,.536,0.0,0.0,.000,2.2,4.1,.538,.536,0.6,1.4,.470,1.8,2.9,4.6,0.6,0.5,0.2,1.0,1.6,5.0,2017
15081,382,Sergio Rodríguez,PG,30,PHI,68,30,22.3,3.1,7.9,.392,1.4,3.7,.365,1.7,4.2,.415,.478,0.3,0.4,.667,0.3,2.0,2.3,5.1,0.7,0.1,1.9,1.4,7.8,2017
15082,383,Rajon Rondo,PG,30,CHI,69,42,26.7,3.3,8.1,.408,0.7,1.9,.376,2.6,6.2,.418,.453,0.4,0.7,.600,1.1,4.1,5.1,6.7,1.4,0.2,2.4,2.1,7.8,2017
15083,384,Derrick Rose,PG,28,NYK,64,64,32.5,7.2,15.3,.471,0.2,0.9,.217,7.0,14.3,.487,.477,3.5,4.0,.874,1.0,2.8,3.8,4.4,0.7,0.3,2.3,1.3,18.0,2017
15084,385,Terrence Ross,SF,25,TOT,78,24,25.1,4.2,9.6,.437,1.8,5.0,.363,2.4,4.6,.518,.532,0.8,1.0,.831,0.2,2.4,2.6,1.1,1.1,0.4,0.9,1.8,11.0,2017
15085,385,Terrence Ross,SF,25,TOR,54,0,22.4,3.9,8.9,.441,1.8,4.7,.375,2.1,4.1,.516,.541,0.8,0.9,.820,0.3,2.3,2.6,0.8,1.0,0.4,0.6,1.5,10.4,2017
15086,385,Terrence Ross,SF,25,ORL,24,24,31.2,4.8,11.1,.431,1.9,5.6,.341,2.9,5.5,.523,.517,1.0,1.1,.852,0.2,2.7,2.8,1.8,1.4,0.5,1.5,2.5,12.5,2017
15087,386,Terry Rozier,PG,22,BOS,74,0,17.1,2.0,5.6,.367,0.8,2.4,.318,1.3,3.1,.405,.437,0.7,0.9,.773,0.5,2.5,3.1,1.8,0.6,0.1,0.6,0.9,5.5,2017
15088,387,Ricky Rubio,PG,26,MIN,75,75,32.9,3.5,8.7,.402,0.8,2.6,.306,2.7,6.1,.443,.448,3.4,3.8,.891,0.9,3.2,4.1,9.1,1.7,0.1,2.6,2.7,11.1,2017
15089,388,Damjan Rudež,SF,30,ORL,45,0,7.0,0.7,2.0,.352,0.4,1.4,.313,0.2,0.5,.458,.466,0.0,0.0,,0.1,0.4,0.6,0.4,0.3,0.0,0.2,0.7,1.8,2017
15090,389,Brandon Rush,SG,31,MIN,47,33,21.9,1.5,4.0,.374,0.9,2.4,.386,0.6,1.6,.356,.492,0.3,0.4,.722,0.3,1.8,2.1,1.0,0.5,0.5,0.6,0.9,4.2,2017
15091,390,D'Angelo Russell,PG,20,LAL,63,60,28.7,5.6,13.8,.405,2.1,6.1,.352,3.4,7.7,.447,.483,2.3,3.0,.782,0.5,3.0,3.5,4.8,1.4,0.3,2.8,2.1,15.6,2017
15092,391,Domantas Sabonis,PF,20,OKC,81,66,20.1,2.4,5.9,.399,0.6,2.0,.321,1.7,4.0,.438,.452,0.5,0.8,.657,0.6,3.0,3.6,1.0,0.5,0.4,1.0,2.5,5.9,2017
15093,392,Larry Sanders,C,28,CLE,5,0,2.6,0.2,0.8,.250,0.0,0.0,,0.2,0.8,.250,.250,0.4,0.4,1.000,0.6,0.2,0.8,0.0,0.2,0.2,0.4,1.0,0.8,2017
15094,393,Dario Šarić,PF,22,PHI,81,36,26.3,4.7,11.4,.411,1.3,4.2,.311,3.4,7.2,.469,.468,2.1,2.7,.782,1.4,5.0,6.3,2.2,0.7,0.4,2.3,2.0,12.8,2017
15095,394,Tomáš Satoranský,SG,25,WAS,57,3,12.6,1.1,2.6,.415,0.2,0.6,.243,0.9,1.9,.473,.446,0.4,0.6,.697,0.4,1.0,1.5,1.6,0.5,0.1,0.7,1.1,2.7,2017
15096,395,Dennis Schröder,PG,23,ATL,79,78,31.5,6.9,15.4,.451,1.3,3.7,.340,5.7,11.6,.487,.493,2.8,3.2,.855,0.5,2.6,3.1,6.3,0.9,0.2,3.3,1.9,17.9,2017
15097,396,Luis Scola,PF,36,BRK,36,1,12.8,2.0,4.2,.470,0.5,1.4,.340,1.5,2.8,.535,.526,0.7,1.0,.676,1.4,2.4,3.9,1.0,0.4,0.1,0.9,1.8,5.1,2017
15098,397,Mike Scott,PF,28,ATL,18,0,10.8,0.9,3.3,.288,0.2,1.5,.148,0.7,1.8,.406,.322,0.4,0.4,.875,0.6,1.5,2.1,0.9,0.2,0.2,0.4,0.7,2.5,2017
15099,398,Thabo Sefolosha,SF,32,ATL,62,42,25.7,2.8,6.4,.441,0.7,1.9,.342,2.1,4.4,.484,.492,0.9,1.2,.733,0.9,3.5,4.4,1.7,1.5,0.5,0.9,1.6,7.2,2017
15100,399,Wayne Selden,SG,22,TOT,14,5,16.9,1.8,4.1,.431,0.5,2.0,.250,1.3,2.1,.600,.491,1.0,1.6,.636,0.1,1.1,1.1,0.9,0.4,0.1,0.9,1.3,5.1,2017
15101,399,Wayne Selden,SG,22,NOP,3,3,15.7,1.7,2.7,.625,1.3,2.3,.571,0.3,0.3,1.000,.875,0.7,1.3,.500,0.0,1.7,1.7,0.3,0.7,0.0,1.0,2.0,5.3,2017
15102,399,Wayne Selden,SG,22,MEM,11,2,17.2,1.8,4.5,.400,0.3,1.9,.143,1.5,2.6,.586,.430,1.1,1.6,.667,0.1,0.9,1.0,1.1,0.4,0.1,0.8,1.1,5.0,2017
15103,400,Kevin Séraphin,PF,27,IND,49,3,11.4,2.2,4.0,.551,0.0,0.0,.000,2.2,4.0,.556,.551,0.3,0.4,.636,0.8,2.1,2.9,0.5,0.1,0.4,0.6,1.3,4.7,2017
15104,Rk,Player,Pos,Age,Tm,G,GS,MP,FG,FGA,FG%,3P,3PA,3P%,2P,2PA,2P%,eFG%,FT,FTA,FT%,ORB,DRB,TRB,AST,STL,BLK,TOV,PF,PTS,2017
15105,401,Ramon Sessions,PG,30,CHO,50,1,16.2,2.0,5.3,.380,0.4,1.2,.339,1.6,4.0,.393,.420,1.8,2.4,.771,0.2,1.2,1.5,2.6,0.5,0.1,0.9,0.9,6.2,2017
15106,402,Iman Shumpert,SG,26,CLE,76,31,25.5,2.6,6.4,.411,1.2,3.4,.360,1.4,3.0,.469,.507,0.9,1.2,.789,0.5,2.4,2.9,1.4,0.8,0.4,1.0,2.0,7.5,2017
15107,403,Pascal Siakam,PF,22,TOR,55,38,15.6,1.9,3.7,.502,0.0,0.1,.143,1.9,3.6,.515,.505,0.4,0.6,.688,1.2,2.2,3.4,0.3,0.5,0.8,0.6,2.0,4.2,2017
15108,404,Jonathon Simmons,SG,27,SAS,78,8,17.8,2.3,5.4,.420,0.4,1.3,.294,1.9,4.1,.461,.456,1.3,1.7,.750,0.3,1.8,2.1,1.6,0.6,0.3,1.0,1.9,6.2,2017
15109,405,Kyle Singler,SF,28,OKC,32,2,12.0,1.1,2.6,.410,0.2,1.2,.189,0.8,1.4,.587,.452,0.4,0.5,.765,0.3,1.3,1.5,0.3,0.2,0.2,0.3,0.9,2.8,2017
15110,406,Marcus Smart,SG,22,BOS,79,24,30.4,3.4,9.5,.359,1.2,4.2,.283,2.2,5.3,.420,.422,2.6,3.2,.812,1.0,2.9,3.9,4.6,1.6,0.4,2.0,2.4,10.6,2017
15111,407,Ish Smith,PG,28,DET,81,32,24.1,4.1,9.2,.439,0.3,1.3,.267,3.7,8.0,.467,.458,0.9,1.3,.706,0.3,2.6,2.9,5.2,0.8,0.4,1.4,1.6,9.4,2017
15112,408,J.R. Smith,SG,31,CLE,41,35,29.0,3.0,8.7,.346,2.3,6.6,.351,0.7,2.1,.329,.479,0.2,0.4,.667,0.4,2.3,2.8,1.5,1.0,0.3,0.6,1.9,8.6,2017
15113,409,Jason Smith,C,30,WAS,74,3,14.4,2.4,4.4,.529,0.5,1.1,.474,1.9,3.4,.546,.585,0.5,0.7,.686,0.9,2.6,3.5,0.5,0.3,0.7,0.8,2.3,5.7,2017
15114,410,Tony Snell,SG,25,MIL,80,80,29.2,3.1,6.8,.455,1.8,4.4,.406,1.3,2.3,.548,.588,0.6,0.7,.810,0.3,2.8,3.1,1.2,0.7,0.2,0.7,1.6,8.5,2017
15115,411,Marreese Speights,C,29,LAC,82,2,15.7,3.0,6.7,.445,1.3,3.4,.372,1.7,3.3,.520,.539,1.5,1.7,.876,1.1,3.5,4.5,0.8,0.3,0.5,0.8,2.8,8.7,2017
15116,412,Tiago Splitter,C,32,PHI,8,0,9.5,1.8,3.9,.452,0.3,0.8,.333,1.5,3.1,.480,.484,1.1,1.4,.818,1.0,1.8,2.8,0.5,0.1,0.1,0.8,1.0,4.9,2017
15117,413,Nik Stauskas,SG,23,PHI,80,27,27.4,3.1,7.9,.396,1.7,4.5,.368,1.5,3.4,.433,.500,1.5,1.9,.813,0.3,2.6,2.8,2.4,0.6,0.4,1.6,1.8,9.5,2017
15118,414,Lance Stephenson,SG,26,TOT,18,0,20.1,3.0,6.7,.450,0.3,1.1,.300,2.7,5.6,.480,.475,0.4,0.7,.615,0.2,2.7,2.9,3.3,0.3,0.2,1.4,1.8,6.8,2017
15119,414,Lance Stephenson,SG,26,NOP,6,0,27.0,4.3,9.2,.473,0.2,1.7,.100,4.2,7.5,.556,.482,0.8,1.3,.625,0.5,2.5,3.0,4.8,0.3,0.2,1.8,3.0,9.7,2017
15120,414,Lance Stephenson,SG,26,MIN,6,0,11.2,1.7,3.5,.476,0.0,0.3,.000,1.7,3.2,.526,.476,0.2,0.3,.500,0.0,1.7,1.7,0.8,0.0,0.0,0.7,0.3,3.5,2017
15121,414,Lance Stephenson,SG,26,IND,6,0,22.0,3.0,7.3,.409,0.8,1.3,.625,2.2,6.0,.361,.466,0.3,0.5,.667,0.2,3.8,4.0,4.2,0.5,0.3,1.8,2.0,7.2,2017
15122,415,Jarnell Stokes,C,23,DEN,2,0,3.5,0.5,0.5,1.000,0.0,0.0,,0.5,0.5,1.000,1.000,0.5,1.0,.500,0.5,0.5,1.0,1.0,0.5,0.0,0.0,1.5,1.5,2017
15123,416,Diamond Stone,C,19,LAC,7,0,3.4,0.4,1.9,.231,0.0,0.0,,0.4,1.9,.231,.231,0.6,0.6,1.000,0.1,0.7,0.9,0.0,0.0,0.1,0.3,0.7,1.4,2017
15124,417,Rodney Stuckey,PG,30,IND,39,0,17.8,2.3,6.3,.373,0.5,1.5,.317,1.8,4.7,.391,.412,2.1,2.7,.748,0.2,2.0,2.2,2.2,0.4,0.0,1.4,1.1,7.2,2017
15125,418,Jared Sullinger,PF,24,TOR,11,1,10.7,1.4,4.3,.319,0.3,1.6,.167,1.1,2.6,.414,.351,0.4,0.7,.500,0.9,1.5,2.5,0.3,0.4,0.1,0.4,1.5,3.4,2017
15126,419,Edy Tavares,C,24,TOT,2,0,14.0,2.0,2.5,.800,0.0,0.0,,2.0,2.5,.800,.800,0.0,1.5,.000,2.0,3.5,5.5,0.5,0.0,3.0,1.0,1.5,4.0,2017
15127,419,Edy Tavares,C,24,ATL,1,0,4.0,1.0,1.0,1.000,0.0,0.0,,1.0,1.0,1.000,1.000,0.0,2.0,.000,0.0,1.0,1.0,0.0,0.0,0.0,0.0,0.0,2.0,2017
15128,419,Edy Tavares,C,24,CLE,1,0,24.0,3.0,4.0,.750,0.0,0.0,,3.0,4.0,.750,.750,0.0,1.0,.000,4.0,6.0,10.0,1.0,0.0,6.0,2.0,3.0,6.0,2017
15129,420,Isaiah Taylor,PG,22,HOU,4,0,13.0,0.3,1.8,.143,0.0,0.5,.000,0.3,1.3,.200,.143,0.3,0.5,.500,0.3,0.5,0.8,0.8,0.3,0.3,0.0,1.5,0.8,2017
15130,Rk,Player,Pos,Age,Tm,G,GS,MP,FG,FGA,FG%,3P,3PA,3P%,2P,2PA,2P%,eFG%,FT,FTA,FT%,ORB,DRB,TRB,AST,STL,BLK,TOV,PF,PTS,2017
15131,421,Jeff Teague,PG,28,IND,82,82,32.4,4.9,11.1,.442,1.1,3.1,.357,3.8,8.0,.475,.492,4.4,5.1,.867,0.4,3.6,4.0,7.8,1.2,0.4,2.6,2.0,15.3,2017
15132,422,Mirza Teletović,PF,31,MIL,70,2,16.2,2.2,6.0,.373,1.5,4.4,.341,0.7,1.6,.460,.498,0.5,0.6,.778,0.2,2.2,2.3,0.7,0.2,0.2,0.5,1.6,6.4,2017
15133,423,Garrett Temple,SG,30,SAC,65,21,26.6,2.8,6.6,.424,1.3,3.4,.373,1.6,3.3,.476,.519,0.9,1.1,.784,0.5,2.3,2.8,2.6,1.3,0.4,1.2,2.2,7.8,2017
15134,424,Jason Terry,SG,39,MIL,74,0,18.4,1.4,3.3,.432,1.0,2.3,.427,0.4,1.0,.444,.582,0.3,0.4,.828,0.2,1.2,1.4,1.3,0.6,0.3,0.5,1.3,4.1,2017
15135,425,Isaiah Thomas,PG,27,BOS,76,76,33.8,9.0,19.4,.463,3.2,8.5,.379,5.8,10.9,.528,.546,7.8,8.5,.909,0.6,2.1,2.7,5.9,0.9,0.2,2.8,2.2,28.9,2017
15136,426,Lance Thomas,PF,28,NYK,46,15,21.0,2.1,5.3,.398,0.8,1.8,.447,1.3,3.5,.371,.475,0.9,1.1,.843,0.7,2.4,3.1,0.8,0.5,0.1,0.5,1.8,6.0,2017
15137,427,Hollis Thompson,SG,25,TOT,40,9,18.8,1.9,5.0,.385,0.8,2.4,.337,1.1,2.6,.429,.465,0.5,0.7,.655,0.5,2.3,2.8,0.9,0.5,0.2,0.3,1.7,5.1,2017
15138,427,Hollis Thompson,SG,25,PHI,31,1,18.1,2.1,5.1,.415,0.8,2.3,.366,1.3,2.8,.455,.497,0.4,0.6,.650,0.5,2.2,2.7,0.8,0.5,0.2,0.3,1.8,5.5,2017
15139,427,Hollis Thompson,SG,25,NOP,9,8,21.2,1.2,4.6,.268,0.7,2.7,.250,0.6,1.9,.294,.341,0.7,1.0,.667,0.4,2.7,3.1,1.0,0.7,0.0,0.2,1.6,3.8,2017
15140,428,Klay Thompson,SG,26,GSW,78,78,34.0,8.3,17.6,.468,3.4,8.3,.414,4.8,9.3,.516,.565,2.4,2.8,.853,0.6,3.0,3.7,2.1,0.8,0.5,1.6,1.8,22.3,2017
15141,429,Tristan Thompson,C,25,CLE,78,78,29.9,3.4,5.6,.600,0.0,0.0,.000,3.4,5.6,.604,.600,1.4,2.7,.498,3.7,5.5,9.2,1.0,0.5,1.1,0.8,2.3,8.1,2017
15142,430,Marcus Thornton,SG,29,WAS,33,1,17.4,2.5,6.4,.400,0.8,2.4,.350,1.7,3.9,.431,.467,0.7,0.8,.852,0.7,1.6,2.3,1.2,0.6,0.1,0.8,1.5,6.6,2017
15143,431,Mike Tobey,C,22,CHO,2,0,12.5,0.5,2.0,.250,0.0,0.0,,0.5,2.0,.250,.250,0.0,0.0,,1.0,0.5,1.5,0.5,0.0,0.0,0.5,1.0,1.0,2017
15144,432,Anthony Tolliver,PF,31,SAC,65,9,22.7,2.4,5.4,.442,1.4,3.5,.391,1.0,1.9,.537,.570,0.9,1.3,.744,0.8,2.9,3.6,1.2,0.5,0.3,0.9,1.7,7.1,2017
15145,433,Axel Toupane,SF,24,TOT,4,0,11.8,1.3,2.3,.556,0.3,1.0,.250,1.0,1.3,.800,.611,0.0,0.0,,0.0,0.3,0.3,0.0,0.3,0.3,0.0,1.5,2.8,2017
15146,433,Axel Toupane,SF,24,MIL,2,0,3.0,0.0,0.5,.000,0.0,0.5,.000,0.0,0.0,,.000,0.0,0.0,,0.0,0.0,0.0,0.0,0.0,0.0,0.0,0.5,0.0,2017
15147,433,Axel Toupane,SF,24,NOP,2,0,20.5,2.5,4.0,.625,0.5,1.5,.333,2.0,2.5,.800,.688,0.0,0.0,,0.0,0.5,0.5,0.0,0.5,0.5,0.0,2.5,5.5,2017
15148,434,Karl-Anthony Towns,C,21,MIN,82,82,37.0,9.8,18.0,.542,1.2,3.4,.367,8.5,14.7,.582,.576,4.3,5.2,.832,3.6,8.7,12.3,2.7,0.7,1.3,2.6,2.9,25.1,2017
15149,435,P.J. Tucker,SF,31,TOT,81,21,27.6,2.5,6.0,.413,0.9,2.4,.357,1.6,3.5,.451,.485,0.9,1.1,.774,1.4,4.4,5.8,1.2,1.4,0.2,0.8,2.4,6.7,2017
15150,435,P.J. Tucker,SF,31,PHO,57,17,28.5,2.6,6.2,.415,0.8,2.4,.338,1.8,3.8,.463,.480,1.1,1.4,.792,1.6,4.4,6.0,1.3,1.5,0.2,0.9,2.5,7.0,2017
15151,435,P.J. Tucker,SF,31,TOR,24,4,25.4,2.2,5.3,.406,1.0,2.5,.400,1.2,2.8,.412,.500,0.5,0.7,.688,1.0,4.4,5.4,1.1,1.3,0.2,0.6,2.2,5.8,2017
15152,436,Evan Turner,SF,28,POR,65,12,25.5,3.6,8.5,.426,0.5,1.8,.263,3.1,6.7,.470,.454,1.3,1.6,.825,0.6,3.2,3.8,3.2,0.8,0.4,1.5,1.9,9.0,2017
15153,437,Myles Turner,C,20,IND,81,81,31.4,5.5,10.7,.511,0.5,1.4,.348,5.0,9.3,.536,.534,3.0,3.7,.809,1.7,5.6,7.3,1.3,0.9,2.1,1.3,3.2,14.5,2017
15154,438,Beno Udrih,PG,34,DET,39,0,14.4,2.4,5.1,.467,0.3,0.8,.344,2.1,4.2,.491,.495,0.8,0.9,.941,0.2,1.3,1.5,3.4,0.3,0.0,0.9,0.7,5.8,2017
15155,439,Tyler Ulis,PG,21,PHO,61,15,18.4,3.0,7.2,.421,0.3,1.3,.266,2.7,5.9,.455,.445,0.9,1.2,.775,0.3,1.2,1.6,3.7,0.8,0.1,1.3,1.2,7.3,2017
15156,440,Jarrod Uthoff,PF,23,DAL,9,0,12.8,1.8,4.2,.421,0.3,1.0,.333,1.4,3.2,.448,.461,0.6,0.8,.714,0.9,1.6,2.4,1.0,0.2,0.4,0.3,0.9,4.4,2017
15157,Rk,Player,Pos,Age,Tm,G,GS,MP,FG,FGA,FG%,3P,3PA,3P%,2P,2PA,2P%,eFG%,FT,FTA,FT%,ORB,DRB,TRB,AST,STL,BLK,TOV,PF,PTS,2017
15158,441,Jonas Valančiūnas,C,24,TOR,80,80,25.8,4.9,8.8,.557,0.0,0.0,.500,4.9,8.8,.557,.558,2.2,2.7,.811,2.8,6.7,9.5,0.7,0.5,0.8,1.3,2.7,12.0,2017
15159,442,Denzel Valentine,SG,23,CHI,57,0,17.1,1.8,5.1,.354,1.3,3.6,.351,0.5,1.4,.363,.481,0.2,0.3,.778,0.2,2.5,2.6,1.1,0.5,0.1,0.9,1.5,5.1,2017
15160,443,Fred VanVleet,PG,22,TOR,37,0,7.9,1.1,3.0,.351,0.3,0.8,.379,0.8,2.2,.341,.401,0.5,0.6,.818,0.1,1.0,1.1,0.9,0.4,0.1,0.4,1.0,2.9,2017
15161,444,Anderson Varejão,C,34,GSW,14,1,6.6,0.4,1.0,.357,0.0,0.0,,0.4,1.0,.357,.357,0.6,0.8,.727,0.9,1.1,1.9,0.7,0.2,0.2,0.6,1.1,1.3,2017
15162,445,Greivis Vásquez,PG,30,BRK,3,0,13.0,0.7,2.7,.250,0.3,1.0,.333,0.3,1.7,.200,.313,0.7,1.0,.667,0.0,0.7,0.7,1.7,0.3,0.3,0.3,2.0,2.3,2017
15163,446,Rashad Vaughn,SG,20,MIL,41,2,11.2,1.4,3.8,.365,0.6,2.0,.321,0.8,1.8,.413,.449,0.0,0.1,.400,0.1,1.1,1.2,0.6,0.5,0.2,0.3,0.8,3.5,2017
15164,447,Noah Vonleh,PF,21,POR,74,41,17.1,1.8,3.6,.481,0.1,0.3,.350,1.7,3.4,.492,.494,0.8,1.3,.638,1.8,3.5,5.2,0.4,0.4,0.4,0.9,2.1,4.4,2017
15165,448,Nikola Vučević,C,26,ORL,75,55,28.8,6.4,13.7,.468,0.3,1.0,.307,6.1,12.7,.481,.480,1.4,2.1,.669,2.3,8.0,10.4,2.8,1.0,1.0,1.6,2.4,14.6,2017
15166,449,Sasha Vujačić,SG,32,NYK,42,4,9.7,1.0,3.2,.309,0.5,1.8,.311,0.5,1.5,.306,.393,0.4,0.6,.708,0.3,1.1,1.4,1.2,0.3,0.0,0.4,0.9,3.0,2017
15167,450,Dwyane Wade,SG,35,CHI,60,59,29.9,6.9,15.9,.434,0.8,2.4,.310,6.2,13.5,.456,.457,3.7,4.7,.794,1.1,3.5,4.5,3.8,1.4,0.7,2.3,1.9,18.3,2017
15168,451,Dion Waiters,SG,25,MIA,46,43,30.1,6.1,14.4,.424,1.8,4.7,.395,4.3,9.7,.438,.488,1.8,2.8,.646,0.4,2.9,3.3,4.3,0.9,0.4,2.2,2.1,15.8,2017
15169,452,Kemba Walker,PG,26,CHO,79,79,34.7,8.1,18.3,.444,3.0,7.6,.399,5.1,10.7,.476,.527,3.8,4.5,.847,0.6,3.3,3.9,5.5,1.1,0.3,2.1,1.5,23.2,2017
15170,453,John Wall,PG,26,WAS,78,78,36.4,8.3,18.4,.451,1.1,3.5,.327,7.2,14.9,.480,.482,5.4,6.8,.801,0.8,3.4,4.2,10.7,2.0,0.6,4.1,1.9,23.1,2017
15171,454,T.J. Warren,SF,23,PHO,66,59,31.0,6.1,12.3,.495,0.4,1.5,.265,5.7,10.8,.527,.511,1.8,2.3,.773,1.9,3.2,5.1,1.1,1.2,0.6,0.9,2.7,14.4,2017
15172,455,C.J. Watson,PG,32,ORL,62,9,16.3,1.5,4.0,.387,0.5,1.7,.305,1.0,2.3,.448,.452,0.9,1.1,.864,0.3,1.2,1.4,1.8,0.7,0.0,0.8,1.4,4.5,2017
15173,456,Briante Weber,PG,24,TOT,20,0,10.3,1.3,3.0,.417,0.1,0.5,.100,1.2,2.5,.480,.425,0.6,0.8,.688,0.4,0.9,1.3,1.1,0.6,0.1,0.4,0.8,3.1,2017
15174,456,Briante Weber,PG,24,GSW,7,0,6.6,0.7,2.0,.357,0.0,0.4,.000,0.7,1.6,.455,.357,0.3,0.4,.667,0.0,0.6,0.6,0.7,0.4,0.1,0.4,0.6,1.7,2017
15175,456,Briante Weber,PG,24,CHO,13,0,12.2,1.5,3.5,.435,0.1,0.5,.143,1.5,3.0,.487,.446,0.7,1.0,.692,0.6,1.1,1.7,1.2,0.7,0.0,0.4,0.9,3.8,2017
15176,457,David West,C,36,GSW,68,0,12.6,2.0,3.7,.536,0.0,0.1,.375,1.9,3.6,.541,.542,0.6,0.8,.768,0.7,2.3,3.0,2.2,0.6,0.7,1.1,1.5,4.6,2017
15177,458,Russell Westbrook,PG,28,OKC,81,81,34.6,10.2,24.0,.425,2.5,7.2,.343,7.7,16.8,.459,.476,8.8,10.4,.845,1.7,9.0,10.7,10.4,1.6,0.4,5.4,2.3,31.6,2017
15178,459,Okaro White,PF,24,MIA,35,0,13.5,0.9,2.5,.379,0.3,1.0,.353,0.6,1.5,.396,.448,0.6,0.6,.909,0.7,1.6,2.3,0.6,0.3,0.3,0.5,1.5,2.8,2017
15179,460,Isaiah Whitehead,PG,21,BRK,73,26,22.5,2.8,7.0,.402,0.6,2.0,.295,2.2,4.9,.446,.445,1.2,1.5,.805,0.4,2.1,2.5,2.6,0.6,0.5,1.9,2.4,7.4,2017
15180,Rk,Player,Pos,Age,Tm,G,GS,MP,FG,FGA,FG%,3P,3PA,3P%,2P,2PA,2P%,eFG%,FT,FTA,FT%,ORB,DRB,TRB,AST,STL,BLK,TOV,PF,PTS,2017
15181,461,Hassan Whiteside,C,27,MIA,77,77,32.6,7.0,12.6,.557,0.0,0.0,,7.0,12.6,.557,.557,2.9,4.6,.628,3.8,10.3,14.1,0.7,0.7,2.1,2.0,2.9,17.0,2017
15182,462,Andrew Wiggins,SF,21,MIN,82,82,37.2,8.6,19.1,.452,1.3,3.5,.356,7.4,15.6,.473,.484,5.0,6.6,.760,1.2,2.8,4.0,2.3,1.0,0.4,2.3,2.2,23.6,2017
15183,463,C.J. Wilcox,SG,26,ORL,22,0,4.9,0.4,1.4,.258,0.1,0.7,.200,0.2,0.7,.313,.306,0.1,0.1,1.000,0.2,0.4,0.5,0.5,0.1,0.0,0.3,0.4,1.0,2017
15184,464,Alan Williams,C,24,PHO,47,0,15.1,2.9,5.7,.517,0.0,0.0,.000,2.9,5.7,.519,.517,1.5,2.4,.625,2.0,4.2,6.2,0.5,0.6,0.7,0.8,2.7,7.4,2017
15185,465,Deron Williams,PG,32,TOT,64,44,25.9,4.1,9.4,.438,1.3,3.7,.363,2.8,5.7,.486,.509,1.4,1.7,.826,0.2,2.1,2.3,5.6,0.5,0.1,2.2,2.2,11.0,2017
15186,465,Deron Williams,PG,32,DAL,40,40,29.3,4.9,11.3,.430,1.6,4.5,.348,3.3,6.8,.485,.500,1.7,2.1,.821,0.3,2.2,2.6,6.9,0.6,0.1,2.5,2.4,13.1,2017
15187,465,Deron Williams,PG,32,CLE,24,4,20.3,2.8,6.1,.463,0.9,2.2,.415,1.9,3.9,.489,.537,0.9,1.0,.840,0.0,1.8,1.9,3.6,0.3,0.3,1.7,1.8,7.5,2017
15188,466,Derrick Williams,PF,25,TOT,50,11,16.1,2.2,4.9,.443,0.6,1.9,.309,1.6,2.9,.531,.504,1.2,1.8,.652,0.4,2.2,2.6,0.6,0.3,0.1,0.6,1.2,6.1,2017
15189,466,Derrick Williams,PF,25,MIA,25,11,15.1,2.2,5.5,.394,0.4,1.8,.200,1.8,3.7,.489,.427,1.2,2.0,.620,0.6,2.3,2.9,0.6,0.4,0.2,0.6,1.3,5.9,2017
15190,466,Derrick Williams,PF,25,CLE,25,0,17.1,2.2,4.3,.505,0.8,2.1,.404,1.3,2.2,.600,.603,1.1,1.6,.692,0.1,2.2,2.3,0.6,0.2,0.1,0.6,1.1,6.2,2017
15191,467,Lou Williams,SG,30,TOT,81,1,24.6,5.3,12.3,.429,2.0,5.5,.365,3.3,6.8,.480,.511,5.0,5.6,.880,0.3,2.2,2.5,3.0,1.0,0.2,2.0,1.1,17.5,2017
15192,467,Lou Williams,SG,30,LAL,58,1,24.2,5.6,12.7,.444,2.1,5.5,.385,3.5,7.2,.489,.527,5.2,5.9,.884,0.2,2.0,2.3,3.2,1.1,0.2,2.1,1.2,18.6,2017
15193,467,Lou Williams,SG,30,HOU,23,0,25.7,4.4,11.5,.386,1.8,5.6,.318,2.7,5.9,.452,.464,4.3,4.9,.867,0.5,2.5,3.0,2.4,0.7,0.4,1.7,1.1,14.9,2017
15194,468,Marvin Williams,PF,30,CHO,76,76,30.2,3.9,9.3,.422,1.6,4.7,.350,2.3,4.6,.494,.510,1.7,2.0,.873,1.2,5.4,6.6,1.4,0.8,0.7,0.8,1.8,11.2,2017
15195,469,Reggie Williams,SF,30,NOP,6,0,13.2,1.3,3.8,.348,0.8,1.8,.455,0.5,2.0,.250,.457,1.0,1.2,.857,0.3,0.7,1.0,0.7,0.5,0.0,0.0,0.3,4.5,2017
15196,470,Troy Williams,SF,22,TOT,30,16,18.6,2.4,5.6,.437,0.6,2.1,.290,1.8,3.5,.524,.491,0.7,1.1,.656,0.5,1.8,2.3,0.8,0.9,0.3,1.1,2.0,6.2,2017
15197,470,Troy Williams,SF,22,MEM,24,13,17.4,2.1,5.1,.415,0.4,1.7,.244,1.7,3.4,.500,.455,0.6,1.0,.600,0.3,1.6,1.9,0.8,1.0,0.4,1.1,1.8,5.3,2017
15198,470,Troy Williams,SF,22,HOU,6,3,23.2,3.7,7.3,.500,1.3,3.5,.381,2.3,3.8,.609,.591,1.0,1.2,.857,1.5,2.5,4.0,1.0,0.5,0.2,1.0,3.0,9.7,2017
15199,471,Kyle Wiltjer,PF,24,HOU,14,0,3.1,0.3,1.0,.286,0.3,0.9,.308,0.0,0.1,.000,.429,0.1,0.1,.500,0.3,0.4,0.7,0.1,0.2,0.1,0.4,0.3,0.9,2017
15200,472,Justise Winslow,SF,20,MIA,18,15,34.7,4.4,12.5,.356,0.4,1.9,.200,4.1,10.6,.384,.371,1.6,2.6,.617,1.3,3.9,5.2,3.7,1.4,0.3,1.8,2.9,10.9,2017
15201,473,Jeff Withey,C,26,UTA,51,1,8.5,1.1,2.0,.534,0.0,0.0,.000,1.1,2.0,.539,.534,0.7,0.9,.750,1.0,1.4,2.4,0.1,0.3,0.6,0.3,1.0,2.9,2017
15202,474,Christian Wood,PF,21,CHO,13,0,8.2,0.9,1.8,.522,0.0,0.4,.000,0.9,1.4,.667,.522,0.8,1.2,.733,1.1,1.2,2.2,0.2,0.2,0.5,0.5,0.8,2.7,2017
15203,475,Metta World Peace,SF,37,LAL,25,2,6.4,0.8,2.7,.279,0.4,1.5,.237,0.4,1.2,.333,.346,0.4,0.6,.625,0.2,0.6,0.8,0.4,0.4,0.1,0.3,0.7,2.3,2017
15204,476,Brandan Wright,PF,29,MEM,28,5,16.0,3.0,4.8,.615,0.0,0.0,.000,3.0,4.8,.619,.615,0.8,1.3,.657,1.1,1.7,2.8,0.5,0.4,0.7,0.4,1.5,6.8,2017
15205,477,Delon Wright,PG,24,TOR,27,0,16.5,1.8,4.3,.422,0.4,1.1,.333,1.4,3.2,.453,.466,1.6,2.0,.764,0.6,1.2,1.8,2.1,1.0,0.4,0.9,1.1,5.6,2017
15206,478,James Young,SG,21,BOS,29,0,7.6,0.9,2.0,.431,0.4,1.2,.343,0.4,0.8,.565,.534,0.2,0.3,.667,0.2,0.7,0.9,0.1,0.3,0.1,0.1,0.5,2.3,2017
15207,479,Joe Young,PG,24,IND,33,0,4.1,0.8,2.2,.361,0.2,0.7,.217,0.6,1.5,.429,.396,0.3,0.5,.733,0.0,0.5,0.5,0.5,0.1,0.0,0.2,0.2,2.1,2017
15208,480,Nick Young,SG,31,LAL,60,60,25.9,4.5,10.6,.430,2.8,7.0,.404,1.7,3.5,.481,.564,1.3,1.5,.856,0.4,1.9,2.3,1.0,0.6,0.2,0.6,2.3,13.2,2017
15209,Rk,Player,Pos,Age,Tm,G,GS,MP,FG,FGA,FG%,3P,3PA,3P%,2P,2PA,2P%,eFG%,FT,FTA,FT%,ORB,DRB,TRB,AST,STL,BLK,TOV,PF,PTS,2017
15210,481,Thaddeus Young,PF,28,IND,74,74,30.2,4.9,9.3,.527,0.6,1.6,.381,4.3,7.7,.557,.560,0.6,1.2,.523,1.8,4.3,6.1,1.6,1.5,0.4,1.3,1.8,11.0,2017
15211,482,Cody Zeller,C,24,CHO,62,58,27.8,4.1,7.1,.571,0.0,0.0,.000,4.1,7.1,.572,.571,2.1,3.2,.679,2.2,4.4,6.5,1.6,1.0,0.9,1.0,3.0,10.3,2017
15212,483,Tyler Zeller,C,27,BOS,51,5,10.3,1.5,3.1,.494,0.0,0.0,.000,1.5,3.1,.497,.494,0.4,0.8,.564,0.8,1.6,2.4,0.8,0.1,0.4,0.4,1.2,3.5,2017
15213,484,Stephen Zimmerman,C,20,ORL,19,0,5.7,0.5,1.6,.323,0.0,0.0,,0.5,1.6,.323,.323,0.2,0.3,.600,0.6,1.3,1.8,0.2,0.1,0.3,0.2,0.9,1.2,2017
15214,485,Paul Zipser,SF,22,CHI,44,18,19.2,2.0,5.0,.398,0.8,2.3,.333,1.3,2.8,.451,.473,0.7,0.9,.775,0.3,2.5,2.8,0.8,0.3,0.4,0.9,1.8,5.5,2017
15215,486,Ivica Zubac,C,19,LAL,38,11,16.0,3.3,6.3,.529,0.0,0.1,.000,3.3,6.2,.536,.529,0.8,1.3,.653,1.1,3.1,4.2,0.8,0.4,0.9,0.8,1.7,7.5,2017
15216,1,Álex Abrines,SG,24,OKC,75,8,15.1,1.5,3.9,.395,1.1,2.9,.380,0.4,0.9,.443,.540,0.5,0.6,.848,0.3,1.2,1.5,0.4,0.5,0.1,0.3,1.7,4.7,2018
15217,2,Quincy Acy,PF,27,BRK,70,8,19.4,1.9,5.2,.356,1.5,4.2,.349,0.4,1.0,.384,.496,0.7,0.9,.817,0.6,3.1,3.7,0.8,0.5,0.4,0.9,2.1,5.9,2018
15218,3,Steven Adams,C,24,OKC,76,76,32.7,5.9,9.4,.629,0.0,0.0,.000,5.9,9.3,.631,.629,2.1,3.8,.559,5.1,4.0,9.0,1.2,1.2,1.0,1.7,2.8,13.9,2018
15219,4,Bam Adebayo,C,20,MIA,69,19,19.8,2.5,4.9,.512,0.0,0.1,.000,2.5,4.8,.523,.512,1.9,2.6,.721,1.7,3.8,5.5,1.5,0.5,0.6,1.0,2.0,6.9,2018
15220,5,Arron Afflalo,SG,32,ORL,53,3,12.9,1.2,3.1,.401,0.5,1.3,.386,0.7,1.7,.413,.485,0.4,0.5,.846,0.1,1.2,1.2,0.6,0.1,0.2,0.4,1.1,3.4,2018
15221,6,Cole Aldrich,C,29,MIN,21,0,2.3,0.2,0.7,.333,0.0,0.0,,0.2,0.7,.333,.333,0.1,0.3,.333,0.1,0.6,0.7,0.1,0.1,0.0,0.0,0.5,0.6,2018
15222,7,LaMarcus Aldridge,C,32,SAS,75,75,33.5,9.2,18.0,.510,0.4,1.2,.293,8.8,16.7,.526,.520,4.5,5.3,.837,3.3,5.2,8.5,2.0,0.6,1.2,1.5,2.1,23.1,2018
15223,8,Jarrett Allen,C,19,BRK,72,31,20.0,3.3,5.5,.589,0.1,0.2,.333,3.2,5.3,.599,.596,1.6,2.0,.776,2.0,3.4,5.4,0.7,0.4,1.2,1.1,2.0,8.2,2018
15224,9,Kadeem Allen,PG,25,BOS,18,1,5.9,0.3,1.2,.273,0.0,0.6,.000,0.3,0.6,.545,.273,0.4,0.5,.778,0.2,0.4,0.6,0.7,0.2,0.1,0.5,0.8,1.1,2018
15225,10,Tony Allen,SF,36,NOP,22,0,12.4,2.0,4.1,.484,0.2,0.5,.333,1.8,3.6,.506,.505,0.5,1.0,.524,0.9,1.2,2.1,0.4,0.5,0.1,0.9,2.2,4.7,2018
15226,11,Al-Farouq Aminu,PF,27,POR,69,67,30.0,3.3,8.4,.395,1.8,4.9,.369,1.5,3.5,.432,.503,0.9,1.2,.738,1.4,6.2,7.6,1.2,1.1,0.6,1.1,2.0,9.3,2018
15227,12,Justin Anderson,SF,24,PHI,38,0,13.7,2.3,5.3,.431,0.9,2.7,.330,1.4,2.6,.535,.515,0.7,1.0,.737,0.7,1.8,2.4,0.7,0.4,0.2,0.4,1.4,6.2,2018
15228,13,Kyle Anderson,SF,24,SAS,74,67,26.7,3.1,5.9,.527,0.3,0.8,.333,2.9,5.1,.556,.549,1.4,2.0,.712,1.1,4.2,5.4,2.7,1.6,0.8,1.3,1.5,7.9,2018
15229,14,Ryan Anderson,PF,29,HOU,66,50,26.1,3.1,7.3,.431,2.0,5.1,.386,1.2,2.1,.539,.568,1.1,1.4,.774,1.4,3.6,5.0,0.9,0.4,0.3,0.6,1.9,9.3,2018
15230,15,Ike Anigbogu,C,19,IND,11,0,2.7,0.4,0.8,.444,0.0,0.0,,0.4,0.8,.444,.444,0.5,0.5,.833,0.5,0.4,0.8,0.0,0.1,0.3,0.2,0.1,1.2,2018
15231,16,Giannis Antetokounmpo,PF,23,MIL,75,75,36.7,9.9,18.7,.529,0.6,1.9,.307,9.3,16.8,.554,.545,6.5,8.5,.760,2.1,8.0,10.0,4.8,1.5,1.4,3.0,3.1,26.9,2018
15232,17,Carmelo Anthony,PF,33,OKC,78,78,32.1,6.1,15.0,.404,2.2,6.1,.357,3.9,8.9,.437,.476,1.9,2.5,.767,0.9,4.9,5.8,1.3,0.6,0.6,1.3,2.5,16.2,2018
15233,18,OG Anunoby,SF,20,TOR,74,62,20.0,2.2,4.7,.471,1.0,2.7,.371,1.2,2.0,.604,.577,0.5,0.8,.629,0.6,1.9,2.5,0.7,0.7,0.2,0.6,1.8,5.9,2018
15234,19,Ryan Arcidiacono,PG,23,CHI,24,0,12.7,0.7,1.7,.415,0.4,1.3,.290,0.3,0.4,.800,.524,0.2,0.3,.833,0.0,1.0,1.0,1.5,0.5,0.0,0.5,0.8,2.0,2018
15235,20,Trevor Ariza,SF,32,HOU,67,67,33.9,4.0,9.7,.412,2.5,6.9,.368,1.5,2.8,.519,.542,1.1,1.3,.854,0.5,3.9,4.4,1.6,1.5,0.2,0.8,2.0,11.7,2018
15236,21,Darrell Arthur,PF,29,DEN,19,1,7.4,1.2,2.5,.468,0.4,1.2,.348,0.7,1.3,.583,.553,0.1,0.2,.667,0.2,0.6,0.8,0.5,0.4,0.2,0.8,1.2,2.8,2018
15237,22,Jamel Artis,SG,25,ORL,15,1,18.6,2.1,5.3,.392,0.5,1.9,.276,1.5,3.3,.460,.443,0.5,0.8,.583,0.3,2.3,2.5,1.2,0.1,0.2,0.5,0.7,5.1,2018
15238,23,Ömer Aşık,C,31,TOT,18,0,10.1,0.5,1.2,.409,0.0,0.0,,0.5,1.2,.409,.409,0.2,0.7,.308,0.5,2.1,2.6,0.2,0.1,0.2,0.5,1.1,1.2,2018
15239,23,Ömer Aşık,C,31,NOP,14,0,8.6,0.5,1.1,.438,0.0,0.0,,0.5,1.1,.438,.438,0.3,0.9,.333,0.5,2.1,2.6,0.1,0.1,0.1,0.4,1.0,1.3,2018
15240,23,Ömer Aşık,C,31,CHI,4,0,15.3,0.5,1.5,.333,0.0,0.0,,0.5,1.5,.333,.333,0.0,0.3,.000,0.5,2.0,2.5,0.3,0.3,0.5,1.0,1.5,1.0,2018
15241,24,D.J. Augustin,PG,30,ORL,75,36,23.5,3.3,7.2,.452,1.5,3.6,.419,1.7,3.6,.485,.557,2.2,2.5,.868,0.4,1.7,2.1,3.8,0.7,0.0,1.6,1.3,10.2,2018
15242,25,Luke Babbitt,SF,28,TOT,50,14,14.3,1.8,4.3,.423,1.2,3.1,.385,0.6,1.2,.525,.563,0.3,0.4,.773,0.1,1.8,1.9,0.6,0.2,0.1,0.4,1.1,5.2,2018
15243,25,Luke Babbitt,SF,28,ATL,37,9,15.4,2.2,4.5,.476,1.3,3.0,.441,0.8,1.5,.544,.622,0.5,0.6,.773,0.1,2.1,2.2,0.7,0.2,0.1,0.4,1.3,6.1,2018
15244,25,Luke Babbitt,SF,28,MIA,13,5,11.2,0.8,3.6,.234,0.8,3.5,.244,0.0,0.2,.000,.351,0.0,0.0,,0.2,1.0,1.2,0.4,0.1,0.2,0.3,0.5,2.5,2018
15245,26,Dwayne Bacon,SG,22,CHO,53,6,13.5,1.4,3.6,.375,0.2,0.8,.256,1.2,2.8,.409,.404,0.4,0.5,.800,0.1,2.3,2.3,0.7,0.3,0.0,0.4,0.9,3.3,2018
15246,27,Ron Baker,SG,24,NYK,29,1,13.3,0.7,2.0,.339,0.4,1.1,.333,0.3,0.9,.346,.432,0.7,0.9,.769,0.2,0.9,1.0,1.6,0.9,0.2,0.6,1.1,2.4,2018
15247,28,Wade Baldwin,PG,21,POR,7,0,11.4,2.0,3.0,.667,0.6,0.7,.800,1.4,2.3,.625,.762,0.9,1.4,.600,0.1,1.0,1.1,0.7,0.3,0.1,0.6,1.7,5.4,2018
15248,29,Lonzo Ball,PG,20,LAL,52,50,34.2,3.9,10.8,.360,1.7,5.7,.305,2.2,5.2,.420,.440,0.6,1.4,.451,1.3,5.6,6.9,7.2,1.7,0.8,2.6,2.3,10.2,2018
15249,30,J.J. Barea,PG,33,DAL,69,10,23.2,4.4,10.0,.439,1.7,4.5,.367,2.7,5.5,.499,.522,1.2,1.5,.784,0.2,2.7,2.9,6.3,0.5,0.0,2.1,1.2,11.6,2018
15250,31,Harrison Barnes,PF,25,DAL,77,77,34.2,7.0,15.7,.445,1.5,4.3,.357,5.4,11.4,.478,.494,3.4,4.1,.827,1.0,5.1,6.1,2.0,0.6,0.2,1.5,1.2,18.9,2018
15251,32,Will Barton,SG,27,DEN,81,40,33.1,5.7,12.7,.452,1.9,5.2,.370,3.8,7.5,.510,.528,2.2,2.8,.805,0.9,4.2,5.0,4.1,1.0,0.6,1.8,2.1,15.7,2018
15252,33,Nicolas Batum,SG,29,CHO,64,64,31.0,4.2,10.2,.415,1.4,4.3,.336,2.8,5.9,.473,.486,1.7,2.0,.831,0.9,3.9,4.8,5.5,1.0,0.4,2.0,1.1,11.6,2018
15253,34,Jerryd Bayless,SG,29,PHI,39,11,23.7,2.8,6.7,.416,1.4,3.7,.370,1.4,3.0,.474,.519,0.9,1.1,.795,0.4,1.7,2.1,1.4,0.6,0.2,1.2,2.3,7.9,2018
15254,35,Aron Baynes,C,31,BOS,81,67,18.3,2.6,5.5,.471,0.0,0.3,.143,2.6,5.2,.487,.474,0.7,1.0,.756,1.6,3.8,5.4,1.1,0.3,0.6,1.0,2.5,6.0,2018
15255,36,Kent Bazemore,SG,28,ATL,65,65,27.5,4.4,10.4,.420,1.7,4.2,.394,2.7,6.2,.438,.500,2.5,3.1,.796,0.4,3.4,3.8,3.5,1.5,0.7,2.4,2.3,12.9,2018
15256,37,Bradley Beal,SG,24,WAS,82,82,36.3,8.3,18.1,.460,2.4,6.5,.375,5.9,11.6,.507,.527,3.6,4.5,.791,0.7,3.7,4.4,4.5,1.2,0.4,2.6,2.0,22.6,2018
15257,38,Malik Beasley,SG,21,DEN,62,0,9.4,1.2,2.9,.410,0.5,1.3,.341,0.7,1.5,.469,.489,0.4,0.5,.667,0.2,0.9,1.1,0.5,0.2,0.1,0.4,0.6,3.2,2018
15258,39,Michael Beasley,PF,29,NYK,74,30,22.3,5.5,10.9,.507,0.5,1.2,.395,5.1,9.7,.520,.528,1.7,2.1,.780,1.3,4.3,5.6,1.7,0.5,0.6,1.9,2.0,13.2,2018
15259,40,Marco Belinelli,SG,31,TOT,80,2,24.3,4.2,9.6,.441,1.9,4.9,.377,2.4,4.6,.509,.539,1.9,2.0,.908,0.3,1.6,1.9,1.9,0.8,0.2,1.2,1.1,12.1,2018
15260,40,Marco Belinelli,SG,31,ATL,52,1,23.3,3.8,9.3,.410,1.8,4.8,.372,2.1,4.6,.450,.505,1.9,2.1,.927,0.3,1.7,1.9,2.0,0.9,0.1,1.0,0.8,11.4,2018
15261,40,Marco Belinelli,SG,31,PHI,28,1,26.3,4.9,10.0,.495,2.0,5.3,.385,2.9,4.7,.618,.597,1.7,1.9,.870,0.2,1.6,1.8,1.6,0.7,0.3,1.4,1.8,13.6,2018
15262,Rk,Player,Pos,Age,Tm,G,GS,MP,FG,FGA,FG%,3P,3PA,3P%,2P,2PA,2P%,eFG%,FT,FTA,FT%,ORB,DRB,TRB,AST,STL,BLK,TOV,PF,PTS,2018
15263,41,Jordan Bell,C,23,GSW,57,13,14.2,2.0,3.2,.627,0.0,0.1,.000,2.0,3.2,.641,.627,0.5,0.8,.682,1.1,2.6,3.6,1.8,0.6,1.0,0.9,1.6,4.6,2018
15264,42,DeAndre' Bembry,SF,23,ATL,26,3,17.5,2.0,4.9,.414,0.4,1.2,.367,1.6,3.8,.429,.457,0.7,1.3,.576,0.3,2.5,2.8,1.9,0.8,0.5,1.8,1.5,5.2,2018
15265,43,Dragan Bender,PF,20,PHO,82,37,25.2,2.3,5.9,.386,1.4,3.9,.366,0.8,2.0,.426,.508,0.5,0.6,.765,0.5,3.9,4.4,1.6,0.3,0.6,1.4,2.0,6.5,2018
15266,44,Dāvis Bertāns,PF,25,SAS,77,10,14.1,2.1,4.8,.440,1.2,3.3,.373,0.9,1.5,.588,.568,0.5,0.6,.816,0.2,1.8,2.0,1.0,0.3,0.4,0.5,1.2,5.9,2018
15267,45,Patrick Beverley,SG,29,LAC,11,11,30.4,4.4,10.8,.403,2.2,5.5,.400,2.2,5.4,.407,.504,1.3,1.5,.824,1.5,2.6,4.1,2.9,1.7,0.5,2.3,3.1,12.2,2018
15268,46,Khem Birch,C,25,ORL,42,0,13.8,1.6,3.0,.540,0.0,0.0,,1.6,3.0,.540,.540,1.0,1.5,.689,1.7,2.6,4.3,0.8,0.4,0.5,0.5,1.3,4.2,2018
15269,47,Jabari Bird,SG,23,BOS,13,1,8.8,1.2,2.0,.577,0.2,0.5,.429,0.9,1.5,.632,.635,0.5,1.0,.462,0.5,1.0,1.5,0.6,0.2,0.1,0.6,0.5,3.0,2018
15270,48,Bismack Biyombo,C,25,ORL,82,25,18.2,2.2,4.3,.520,0.0,0.0,.000,2.2,4.3,.521,.520,1.2,1.9,.650,1.8,4.0,5.7,0.8,0.3,1.2,1.0,1.9,5.7,2018
15271,49,Nemanja Bjelica,PF,29,MIN,67,21,20.5,2.6,5.5,.461,1.1,2.7,.415,1.4,2.8,.505,.563,0.5,0.7,.800,0.8,3.3,4.1,1.3,0.7,0.2,0.8,2.1,6.8,2018
15272,50,Tarik Black,C,26,HOU,51,2,10.5,1.5,2.5,.591,0.0,0.2,.091,1.5,2.3,.638,.594,0.6,1.2,.460,1.2,2.0,3.2,0.3,0.4,0.6,0.7,2.1,3.5,2018
15273,51,Antonio Blakeney,SG,21,CHI,19,0,16.5,2.8,7.5,.371,0.8,2.7,.288,2.0,4.8,.418,.423,1.6,2.1,.769,0.2,1.5,1.7,1.1,0.4,0.1,0.6,1.0,7.9,2018
15274,52,Eric Bledsoe,PG,28,TOT,74,74,31.4,6.3,13.4,.473,1.7,4.9,.347,4.6,8.5,.545,.536,3.4,4.3,.795,0.7,3.1,3.8,5.0,2.0,0.6,2.9,2.5,17.7,2018
15275,52,Eric Bledsoe,PG,28,PHO,3,3,27.7,5.3,13.3,.400,1.3,4.3,.308,4.0,9.0,.444,.450,3.7,4.7,.786,1.0,1.3,2.3,3.0,1.3,0.7,3.3,2.0,15.7,2018
15276,52,Eric Bledsoe,PG,28,MIL,71,71,31.5,6.4,13.4,.476,1.7,4.9,.349,4.7,8.5,.550,.540,3.4,4.3,.795,0.7,3.2,3.9,5.1,2.0,0.6,2.9,2.5,17.8,2018
15277,53,Vander Blue,SG,25,LAL,5,0,9.0,0.2,1.0,.200,0.0,0.4,.000,0.2,0.6,.333,.200,0.2,0.4,.500,0.0,0.2,0.2,0.6,0.2,0.0,0.6,0.4,0.6,2018
15278,54,Bogdan Bogdanović,SG,25,SAC,78,53,27.9,4.4,9.9,.446,1.7,4.2,.392,2.8,5.7,.485,.529,1.3,1.5,.840,0.4,2.5,2.9,3.3,0.9,0.2,1.6,2.2,11.8,2018
15279,55,Bojan Bogdanović,SF,28,IND,80,80,30.8,5.1,10.7,.474,1.9,4.8,.402,3.1,5.8,.534,.565,2.2,2.6,.868,0.4,3.0,3.4,1.5,0.7,0.1,1.3,1.6,14.3,2018
15280,56,Andrew Bogut,C,33,LAL,24,5,9.0,0.7,1.0,.680,0.0,0.0,,0.7,1.0,.680,.680,0.1,0.1,1.000,1.1,2.2,3.3,0.6,0.2,0.5,0.8,1.7,1.5,2018
15281,57,Joel Bolomboy,PF,24,MIL,6,0,6.3,0.5,1.0,.500,0.0,0.2,.000,0.5,0.8,.600,.500,0.5,1.0,.500,1.0,0.7,1.7,0.0,0.3,0.0,0.3,0.5,1.5,2018
15282,58,Devin Booker,SG,21,PHO,54,54,34.5,8.4,19.5,.432,2.7,7.1,.383,5.7,12.4,.460,.501,5.4,6.1,.878,0.5,4.0,4.5,4.7,0.9,0.3,3.6,3.1,24.9,2018
15283,59,Trevor Booker,PF,30,TOT,68,7,17.0,2.6,5.0,.516,0.1,0.5,.242,2.5,4.6,.545,.528,1.0,1.4,.710,1.7,3.0,4.7,1.2,0.4,0.3,0.9,1.8,6.3,2018
15284,59,Trevor Booker,PF,30,BRK,18,6,21.9,4.3,8.3,.513,0.2,0.7,.250,4.1,7.7,.536,.523,1.3,2.4,.558,2.1,4.5,6.6,2.1,0.4,0.3,1.7,2.4,10.1,2018
15285,59,Trevor Booker,PF,30,PHI,33,0,15.0,1.8,3.3,.560,0.1,0.2,.286,1.8,3.1,.578,.569,1.0,1.2,.821,1.4,2.3,3.7,0.8,0.5,0.3,0.6,1.5,4.7,2018
15286,59,Trevor Booker,PF,30,IND,17,1,15.8,2.3,4.9,.464,0.2,0.8,.214,2.1,4.1,.514,.482,0.6,0.6,.909,1.9,2.6,4.5,1.0,0.2,0.3,0.5,1.5,5.4,2018
15287,60,Chris Boucher,PF,25,GSW,1,0,1.0,0.0,1.0,.000,0.0,1.0,.000,0.0,0.0,,.000,0.0,0.0,,0.0,1.0,1.0,0.0,0.0,0.0,0.0,0.0,0.0,2018
15288,Rk,Player,Pos,Age,Tm,G,GS,MP,FG,FGA,FG%,3P,3PA,3P%,2P,2PA,2P%,eFG%,FT,FTA,FT%,ORB,DRB,TRB,AST,STL,BLK,TOV,PF,PTS,2018
15289,61,Avery Bradley,SG,27,TOT,46,46,31.2,5.6,13.6,.414,1.6,4.4,.369,4.0,9.2,.436,.474,1.4,1.8,.768,0.5,2.0,2.5,2.0,1.1,0.2,2.2,2.0,14.3,2018
15290,61,Avery Bradley,SG,27,DET,40,40,31.7,5.8,14.3,.409,1.9,4.9,.381,4.0,9.4,.423,.474,1.5,2.0,.763,0.5,1.9,2.4,2.1,1.2,0.2,2.3,2.0,15.0,2018
15291,61,Avery Bradley,SG,27,LAC,6,6,27.5,4.3,9.2,.473,0.2,1.5,.111,4.2,7.7,.543,.482,0.3,0.3,1.000,0.5,3.2,3.7,1.8,0.8,0.2,1.3,2.0,9.2,2018
15292,62,Tony Bradley,C,20,UTA,9,0,3.2,0.3,1.2,.273,0.0,0.1,.000,0.3,1.1,.300,.273,0.2,0.2,1.000,0.4,0.8,1.2,0.1,0.0,0.0,0.0,0.1,0.9,2018
15293,63,Corey Brewer,SF-SG,31,TOT,72,18,16.8,2.0,4.4,.449,0.4,1.5,.282,1.5,2.9,.539,.498,0.9,1.3,.722,0.6,1.5,2.1,0.9,1.1,0.2,0.7,1.9,5.3,2018
15294,63,Corey Brewer,SF,31,LAL,54,2,12.9,1.4,3.2,.453,0.1,0.8,.186,1.3,2.4,.543,.477,0.6,0.9,.667,0.4,1.3,1.7,0.8,0.8,0.1,0.7,1.5,3.7,2018
15295,63,Corey Brewer,SG,31,OKC,18,16,28.6,3.6,8.0,.444,1.3,3.7,.343,2.3,4.3,.532,.524,1.7,2.2,.795,1.1,2.3,3.4,1.3,2.1,0.3,0.6,3.1,10.1,2018
15296,64,Malcolm Brogdon,PG,25,MIL,48,20,29.9,5.1,10.5,.485,1.3,3.4,.385,3.8,7.1,.532,.547,1.6,1.8,.882,0.5,2.8,3.3,3.2,0.9,0.3,1.4,2.7,13.0,2018
15297,65,Aaron Brooks,PG,33,MIN,32,1,5.9,0.9,2.2,.406,0.3,1.0,.355,0.5,1.2,.447,.486,0.3,0.3,.727,0.2,0.3,0.5,0.6,0.2,0.0,0.3,0.9,2.3,2018
15298,66,Dillon Brooks,SF,22,MEM,82,74,28.7,4.1,9.4,.440,1.1,3.2,.356,3.0,6.2,.484,.501,1.5,2.0,.747,0.6,2.5,3.1,1.6,0.9,0.2,1.5,2.8,11.0,2018
15299,67,MarShon Brooks,SG,29,MEM,7,1,27.6,7.3,14.6,.500,2.7,4.6,.594,4.6,10.0,.457,.593,2.9,3.3,.870,1.1,1.9,3.0,3.6,1.6,0.4,2.3,0.9,20.1,2018
15300,68,Anthony Brown,SF,25,MIN,1,0,4.0,1.0,1.0,1.000,1.0,1.0,1.000,0.0,0.0,,1.500,0.0,0.0,,0.0,0.0,0.0,1.0,0.0,0.0,0.0,0.0,3.0,2018
15301,69,Bobby Brown,PG,33,HOU,20,0,5.8,1.0,2.9,.328,0.6,2.0,.275,0.4,0.9,.444,.422,0.1,0.1,.500,0.0,0.4,0.4,0.6,0.2,0.0,0.5,0.3,2.5,2018
15302,70,Jaylen Brown,SG,21,BOS,70,70,30.7,5.3,11.5,.465,1.7,4.4,.395,3.6,7.1,.507,.540,2.1,3.3,.644,0.9,4.0,4.9,1.6,1.0,0.4,1.8,2.6,14.5,2018
15303,71,Lorenzo Brown,PG,27,TOR,14,0,9.9,1.0,2.4,.412,0.1,0.9,.167,0.9,1.6,.545,.441,0.1,0.1,1.000,0.1,1.0,1.1,0.9,0.4,0.0,0.2,0.5,2.3,2018
15304,72,Markel Brown,SG,26,HOU,4,0,7.8,0.5,1.8,.286,0.3,1.3,.200,0.3,0.5,.500,.357,0.0,0.0,,0.3,1.0,1.3,0.5,0.0,0.0,0.5,1.5,1.3,2018
15305,73,Sterling Brown,SG,22,MIL,54,4,14.4,1.5,3.8,.400,0.6,1.7,.352,0.9,2.1,.439,.478,0.4,0.4,.875,0.5,2.1,2.6,0.5,0.6,0.2,0.5,1.5,4.0,2018
15306,74,Nicolás Brussino,SF,24,ATL,4,0,2.5,0.0,0.5,.000,0.0,0.5,.000,0.0,0.0,,.000,0.0,0.0,,0.0,0.8,0.8,0.0,0.0,0.0,0.0,0.0,0.0,2018
15307,75,Thomas Bryant,C,20,LAL,15,0,4.8,0.5,1.4,.381,0.1,0.7,.100,0.5,0.7,.636,.405,0.3,0.6,.556,0.2,0.9,1.1,0.4,0.1,0.1,0.1,0.4,1.5,2018
15308,76,Reggie Bullock,SF,26,DET,62,52,27.9,4.3,8.8,.489,2.0,4.5,.445,2.3,4.3,.536,.603,0.6,0.8,.796,0.4,2.0,2.5,1.5,0.8,0.2,0.8,1.1,11.3,2018
15309,77,Trey Burke,PG,25,NYK,36,9,21.8,5.4,10.7,.503,1.1,2.9,.362,4.3,7.8,.556,.552,1.0,1.6,.649,0.4,1.6,2.0,4.7,0.7,0.1,1.2,1.2,12.8,2018
15310,78,Alec Burks,SG,26,UTA,64,1,16.5,2.7,6.5,.411,0.7,2.2,.331,1.9,4.3,.452,.467,1.7,1.9,.863,0.3,2.7,3.0,1.0,0.6,0.1,0.9,1.2,7.7,2018
15311,79,Jimmy Butler,SG,28,MIN,59,59,36.7,7.4,15.6,.474,1.2,3.4,.350,6.2,12.2,.509,.512,6.2,7.2,.854,1.3,4.0,5.3,4.9,2.0,0.4,1.8,1.3,22.2,2018
15312,80,Dwight Buycks,PG,28,DET,29,0,14.7,2.8,6.8,.414,0.5,1.6,.333,2.3,5.3,.438,.452,1.2,1.4,.878,0.4,1.0,1.4,2.0,0.7,0.1,1.3,1.3,7.4,2018
15313,Rk,Player,Pos,Age,Tm,G,GS,MP,FG,FGA,FG%,3P,3PA,3P%,2P,2PA,2P%,eFG%,FT,FTA,FT%,ORB,DRB,TRB,AST,STL,BLK,TOV,PF,PTS,2018
15314,81,Bruno Caboclo,SF,22,TOT,12,0,8.9,0.8,2.6,.290,0.3,1.4,.176,0.5,1.2,.429,.339,0.4,0.5,.833,0.6,1.3,1.8,0.3,0.3,0.3,0.3,0.7,2.2,2018
15315,81,Bruno Caboclo,SF,22,TOR,2,0,3.5,0.0,1.0,.000,0.0,1.0,.000,0.0,0.0,,.000,0.0,0.0,,0.0,0.5,0.5,0.5,0.5,0.0,0.0,0.5,0.0,2018
15316,81,Bruno Caboclo,SF,22,SAC,10,0,10.0,0.9,2.9,.310,0.3,1.5,.200,0.6,1.4,.429,.362,0.5,0.6,.833,0.7,1.4,2.1,0.3,0.2,0.4,0.4,0.7,2.6,2018
15317,82,José Calderón,PG,36,CLE,57,32,16.0,1.6,3.2,.503,0.8,1.7,.464,0.8,1.5,.545,.624,0.4,0.5,.800,0.2,1.2,1.5,2.1,0.5,0.0,0.7,1.4,4.5,2018
15318,83,Kentavious Caldwell-Pope,SG,24,LAL,74,74,33.2,4.6,10.8,.426,2.1,5.6,.383,2.4,5.2,.473,.526,2.1,2.6,.789,0.8,4.4,5.2,2.2,1.4,0.2,1.3,2.0,13.4,2018
15319,84,Isaiah Canaan,PG-SG,26,TOT,20,1,21.1,2.6,6.9,.380,1.1,3.3,.333,1.5,3.6,.423,.460,2.3,2.6,.902,0.3,2.0,2.3,3.8,0.8,0.1,1.5,1.8,8.6,2018
15320,84,Isaiah Canaan,SG,26,HOU,1,0,4.0,0.0,1.0,.000,0.0,0.0,,0.0,1.0,.000,.000,0.0,0.0,,0.0,1.0,1.0,0.0,0.0,0.0,0.0,0.0,0.0,2018
15321,84,Isaiah Canaan,PG,26,PHO,19,1,22.0,2.7,7.2,.382,1.2,3.5,.333,1.6,3.7,.429,.463,2.4,2.7,.902,0.3,2.0,2.3,4.0,0.8,0.1,1.5,1.9,9.1,2018
15322,85,Clint Capela,C,23,HOU,74,74,27.5,6.0,9.1,.652,0.0,0.0,.000,6.0,9.1,.653,.652,1.9,3.5,.560,3.3,7.6,10.8,0.9,0.8,1.9,1.4,2.5,13.9,2018
15323,86,DeMarre Carroll,PF,31,BRK,73,73,29.9,4.5,10.8,.414,2.0,5.4,.371,2.5,5.4,.457,.506,2.6,3.4,.764,1.4,5.1,6.6,2.0,0.8,0.4,1.4,2.3,13.5,2018
15324,87,Vince Carter,SF,41,SAC,58,5,17.7,2.0,4.9,.403,1.0,2.8,.345,1.0,2.0,.483,.504,0.5,0.6,.757,0.3,2.2,2.6,1.2,0.7,0.4,0.6,1.7,5.4,2018
15325,88,Michael Carter-Williams,PG,26,CHO,52,2,16.1,1.5,4.4,.332,0.3,1.1,.237,1.2,3.3,.365,.362,1.4,1.7,.820,0.7,1.9,2.7,2.2,0.8,0.4,1.0,1.9,4.6,2018
15326,89,Alex Caruso,PG,23,LAL,37,7,15.2,1.4,3.1,.431,0.4,1.2,.302,1.0,2.0,.507,.487,0.6,0.8,.700,0.4,1.4,1.8,2.0,0.6,0.3,1.1,1.4,3.6,2018
15327,90,Omri Casspi,SF,29,GSW,53,7,14.0,2.3,3.9,.580,0.2,0.4,.455,2.1,3.5,.595,.604,0.9,1.3,.725,0.6,3.2,3.8,1.0,0.3,0.4,0.7,1.3,5.7,2018
15328,91,Willie Cauley-Stein,C,24,SAC,73,58,28.0,5.3,10.6,.502,0.0,0.2,.250,5.3,10.4,.506,.504,2.1,3.4,.619,1.8,5.2,7.0,2.4,1.1,0.9,1.5,2.5,12.8,2018
15329,92,Tyler Cavanaugh,PF,23,ATL,39,1,13.3,1.7,3.9,.441,0.8,2.3,.360,0.9,1.6,.556,.546,0.4,0.5,.810,1.2,2.1,3.3,0.7,0.2,0.1,0.4,1.6,4.7,2018
15330,93,Mario Chalmers,PG,31,MEM,66,10,21.5,2.5,6.7,.379,0.8,2.9,.277,1.7,3.8,.456,.439,1.8,2.1,.855,0.2,2.2,2.4,3.0,1.2,0.2,1.8,2.7,7.7,2018
15331,94,Tyson Chandler,C,35,PHO,46,46,25.0,2.6,4.1,.647,0.0,0.0,,2.6,4.1,.647,.647,1.3,2.0,.624,2.9,6.2,9.1,1.2,0.3,0.6,1.3,2.3,6.5,2018
15332,95,Wilson Chandler,SF,30,DEN,74,71,31.7,3.8,8.5,.445,1.2,3.3,.358,2.6,5.2,.501,.515,1.2,1.5,.772,1.4,4.0,5.4,2.1,0.6,0.5,1.2,2.1,10.0,2018
15333,96,Marquese Chriss,PF,20,PHO,72,49,21.2,2.8,6.6,.423,0.8,2.6,.295,2.0,4.0,.509,.482,1.3,2.2,.608,1.1,4.4,5.5,1.2,0.7,1.0,1.5,2.8,7.7,2018
15334,97,Ian Clark,SG,26,NOP,74,2,19.7,3.0,6.7,.448,0.8,2.6,.318,2.2,4.1,.533,.511,0.6,0.8,.763,0.1,1.6,1.7,1.5,0.4,0.1,0.8,1.6,7.4,2018
15335,98,Jordan Clarkson,SG,25,TOT,81,2,23.3,5.3,11.8,.451,1.4,3.9,.352,3.9,7.9,.500,.509,1.9,2.3,.800,0.7,2.0,2.7,2.7,0.7,0.1,1.6,1.3,13.9,2018
15336,98,Jordan Clarkson,SG,25,LAL,53,2,23.7,5.6,12.6,.448,1.3,4.0,.324,4.4,8.6,.505,.499,2.0,2.5,.795,0.8,2.2,3.0,3.3,0.7,0.1,1.8,1.2,14.5,2018
15337,98,Jordan Clarkson,SG,25,CLE,28,0,22.6,4.7,10.3,.456,1.6,3.9,.407,3.1,6.4,.486,.533,1.7,2.1,.810,0.5,1.6,2.1,1.7,0.7,0.1,1.1,1.6,12.6,2018
15338,99,Gian Clavell,SG,24,DAL,7,0,9.1,0.9,2.6,.333,0.9,2.1,.400,0.0,0.4,.000,.500,0.3,0.3,1.000,0.1,0.9,1.0,0.4,0.3,0.0,0.3,1.1,2.9,2018
15339,100,Antonius Cleveland,SG,23,TOT,17,0,7.2,0.5,1.2,.381,0.2,0.2,.750,0.3,1.0,.294,.452,0.2,0.4,.667,0.2,0.6,0.8,0.1,0.4,0.3,0.4,1.4,1.4,2018
15340,100,Antonius Cleveland,SG,23,DAL,13,0,6.2,0.3,1.1,.286,0.0,0.1,.000,0.3,1.0,.308,.286,0.2,0.3,.500,0.2,0.6,0.8,0.2,0.5,0.3,0.2,0.8,0.8,2018
15341,100,Antonius Cleveland,SG,23,ATL,4,0,10.5,1.0,1.8,.571,0.8,0.8,1.000,0.3,1.0,.250,.786,0.5,0.5,1.000,0.3,0.8,1.0,0.0,0.3,0.3,1.3,3.0,3.3,2018
15342,Rk,Player,Pos,Age,Tm,G,GS,MP,FG,FGA,FG%,3P,3PA,3P%,2P,2PA,2P%,eFG%,FT,FTA,FT%,ORB,DRB,TRB,AST,STL,BLK,TOV,PF,PTS,2018
15343,101,John Collins,PF,20,ATL,74,26,24.1,4.2,7.4,.576,0.2,0.6,.340,4.0,6.7,.598,.591,1.8,2.5,.715,2.4,4.9,7.3,1.3,0.6,1.1,1.4,2.9,10.5,2018
15344,102,Zach Collins,C,20,POR,66,1,15.8,1.7,4.4,.398,0.5,1.7,.310,1.2,2.7,.455,.458,0.4,0.6,.643,0.7,2.7,3.3,0.8,0.3,0.5,0.9,2.0,4.4,2018
15345,103,Kyle Collinsworth,SF,26,DAL,32,2,15.0,1.2,3.1,.384,0.1,0.5,.235,1.1,2.6,.415,.404,0.7,1.3,.525,1.0,2.3,3.3,1.8,0.5,0.3,0.8,1.4,3.2,2018
15346,104,Darren Collison,PG,30,IND,69,64,29.2,4.6,9.2,.495,1.4,3.0,.468,3.2,6.3,.508,.571,1.8,2.1,.882,0.5,2.0,2.6,5.3,1.3,0.2,1.2,1.8,12.4,2018
15347,105,Nick Collison,PF,37,OKC,15,0,5.0,0.9,1.3,.684,0.0,0.0,,0.9,1.3,.684,.684,0.3,0.9,.385,0.5,0.9,1.3,0.3,0.0,0.0,0.5,0.5,2.1,2018
15348,106,Mike Conley,PG,30,MEM,12,12,31.1,5.3,14.0,.381,2.0,6.4,.312,3.3,7.6,.440,.452,4.4,5.5,.803,0.0,2.3,2.3,4.1,1.0,0.3,1.5,2.0,17.1,2018
15349,107,Pat Connaughton,SG,25,POR,82,5,18.1,2.0,4.8,.423,0.9,2.6,.352,1.1,2.2,.506,.518,0.5,0.5,.841,0.4,1.5,2.0,1.1,0.3,0.3,0.5,1.5,5.4,2018
15350,108,Quinn Cook,PG,24,GSW,33,18,22.4,3.7,7.6,.484,1.4,3.2,.442,2.3,4.5,.514,.575,0.7,0.8,.880,0.3,2.2,2.5,2.7,0.4,0.0,1.0,1.8,9.5,2018
15351,109,Charles Cooke,SG,23,NOP,13,0,2.9,0.2,1.1,.143,0.1,0.6,.125,0.1,0.5,.167,.179,0.1,0.2,.500,0.0,0.2,0.2,0.1,0.1,0.0,0.1,0.0,0.5,2018
15352,110,Jack Cooley,PF,26,SAC,7,0,12.4,1.9,3.9,.481,0.0,0.0,,1.9,3.9,.481,.481,2.0,2.7,.737,2.0,2.3,4.3,0.9,0.1,0.0,0.4,1.9,5.7,2018
15353,111,Matt Costello,C,24,SAS,4,0,8.0,0.5,1.0,.500,0.0,0.0,,0.5,1.0,.500,.500,0.0,0.0,,0.3,2.0,2.3,0.5,0.5,0.5,0.3,1.8,1.0,2018
15354,112,DeMarcus Cousins,C,27,NOP,48,48,36.2,8.5,18.0,.470,2.2,6.1,.354,6.3,11.9,.530,.530,6.1,8.2,.746,2.2,10.7,12.9,5.4,1.6,1.6,5.0,3.8,25.2,2018
15355,113,Robert Covington,SF,27,PHI,80,80,31.7,4.3,10.5,.413,2.5,6.9,.369,1.8,3.6,.497,.534,1.5,1.7,.853,0.7,4.7,5.4,2.0,1.7,0.9,1.6,3.0,12.6,2018
15356,114,Allen Crabbe,SG,25,BRK,75,68,29.3,4.5,11.0,.407,2.7,7.1,.378,1.8,3.9,.461,.529,1.5,1.8,.852,0.4,3.9,4.3,1.6,0.6,0.5,1.0,2.2,13.2,2018
15357,115,Torrey Craig,SF,27,DEN,39,5,16.1,1.6,3.5,.453,0.4,1.5,.293,1.2,2.0,.570,.515,0.6,0.9,.629,1.0,2.2,3.3,0.6,0.3,0.4,0.5,1.6,4.2,2018
15358,116,Jamal Crawford,SG,37,MIN,80,0,20.7,3.9,9.3,.415,1.3,3.9,.331,2.6,5.4,.477,.485,1.3,1.4,.903,0.3,1.0,1.2,2.3,0.5,0.1,1.2,1.1,10.3,2018
15359,117,Jordan Crawford,SG,29,NOP,5,0,10.6,2.4,5.4,.444,1.6,2.8,.571,0.8,2.6,.308,.593,0.2,0.2,1.000,0.4,0.4,0.8,2.6,0.2,0.2,1.0,1.4,6.6,2018
15360,118,Jae Crowder,SF,27,TOT,80,47,26.1,3.4,8.4,.404,1.4,4.3,.323,2.0,4.1,.488,.486,1.5,1.9,.818,0.7,2.7,3.4,1.2,0.8,0.3,0.9,2.3,9.7,2018
15361,118,Jae Crowder,SF,27,CLE,53,47,25.4,3.0,7.1,.418,1.2,3.6,.328,1.8,3.5,.508,.500,1.5,1.7,.848,0.8,2.5,3.3,1.1,0.8,0.2,0.8,2.3,8.6,2018
15362,118,Jae Crowder,SF,27,UTA,27,0,27.6,4.2,10.9,.386,1.8,5.6,.316,2.4,5.3,.462,.468,1.6,2.1,.768,0.7,3.1,3.8,1.5,0.9,0.3,1.2,2.3,11.8,2018
15363,119,Dante Cunningham,SF,30,TOT,73,25,21.4,2.2,5.0,.451,0.8,2.3,.345,1.5,2.7,.541,.530,0.4,0.7,.596,1.1,3.0,4.1,0.7,0.5,0.4,0.5,1.5,5.7,2018
15364,119,Dante Cunningham,SF,30,NOP,51,24,21.9,1.9,4.4,.440,0.7,2.1,.324,1.3,2.3,.547,.518,0.4,0.7,.556,1.0,2.8,3.8,0.5,0.5,0.3,0.3,1.5,5.0,2018
15365,119,Dante Cunningham,SF,30,BRK,22,1,20.3,3.0,6.3,.468,1.0,2.7,.383,1.9,3.6,.532,.550,0.5,0.7,.688,1.3,3.5,4.8,1.0,0.5,0.6,0.8,1.6,7.5,2018
15366,120,Stephen Curry,PG,29,GSW,51,51,32.0,8.4,16.9,.495,4.2,9.8,.423,4.2,7.1,.595,.618,5.5,5.9,.921,0.7,4.4,5.1,6.1,1.6,0.2,3.0,2.2,26.4,2018
15367,Rk,Player,Pos,Age,Tm,G,GS,MP,FG,FGA,FG%,3P,3PA,3P%,2P,2PA,2P%,eFG%,FT,FTA,FT%,ORB,DRB,TRB,AST,STL,BLK,TOV,PF,PTS,2018
15368,121,Troy Daniels,SG,26,PHO,79,15,20.5,2.9,7.3,.403,2.3,5.8,.400,0.6,1.5,.419,.563,0.7,0.8,.875,0.2,1.5,1.6,0.6,0.3,0.1,0.7,1.7,8.9,2018
15369,122,Anthony Davis,PF,24,NOP,75,75,36.4,10.4,19.5,.534,0.7,2.2,.340,9.7,17.3,.558,.552,6.6,8.0,.828,2.5,8.6,11.1,2.3,1.5,2.6,2.2,2.1,28.1,2018
15370,123,Deyonta Davis,C,21,MEM,62,6,15.2,2.6,4.3,.608,0.0,0.0,,2.6,4.3,.608,.608,0.6,0.9,.667,1.2,2.8,4.0,0.6,0.2,0.6,0.5,2.0,5.8,2018
15371,124,Ed Davis,C,28,POR,78,0,18.9,2.2,3.7,.582,0.0,0.0,.000,2.2,3.7,.584,.582,0.9,1.4,.667,2.3,5.0,7.4,0.5,0.4,0.7,0.8,2.4,5.3,2018
15372,125,Dewayne Dedmon,C,28,ATL,62,46,24.9,4.0,7.7,.524,0.8,2.3,.355,3.2,5.4,.595,.577,1.1,1.4,.779,1.6,6.3,7.9,1.5,0.6,0.8,1.4,2.6,10.0,2018
15373,126,Sam Dekker,PF,23,LAC,73,1,12.1,1.8,3.5,.494,0.1,0.8,.167,1.6,2.7,.593,.514,0.5,0.8,.661,0.6,1.8,2.4,0.5,0.3,0.1,0.5,1.0,4.2,2018
15374,127,Malcolm Delaney,PG,28,ATL,54,3,18.8,2.0,5.3,.382,0.9,2.3,.371,1.2,3.0,.391,.463,1.4,1.7,.804,0.2,1.7,1.9,3.0,0.6,0.1,1.2,1.5,6.3,2018
15375,128,Matthew Dellavedova,PG,27,MIL,38,3,18.7,1.4,4.0,.362,0.8,2.1,.372,0.7,1.9,.351,.457,0.7,0.7,.926,0.4,1.3,1.7,3.8,0.4,0.0,1.3,1.8,4.3,2018
15376,129,Luol Deng,SF,32,LAL,1,1,13.0,1.0,2.0,.500,0.0,0.0,,1.0,2.0,.500,.500,0.0,0.0,,0.0,0.0,0.0,1.0,1.0,0.0,1.0,0.0,2.0,2018
15377,130,DeMar DeRozan,SG,28,TOR,80,80,33.9,8.1,17.7,.456,1.1,3.6,.310,7.0,14.1,.494,.488,5.8,7.0,.825,0.7,3.2,3.9,5.2,1.1,0.3,2.2,1.9,23.0,2018
15378,131,Cheick Diallo,PF,21,NOP,52,0,11.2,2.0,3.4,.580,0.0,0.0,,2.0,3.4,.580,.580,1.0,1.3,.758,0.9,3.2,4.1,0.4,0.2,0.4,0.5,1.6,4.9,2018
15379,132,Gorgui Dieng,C,28,MIN,79,0,16.9,2.4,4.9,.479,0.2,0.8,.311,2.1,4.1,.511,.504,1.0,1.3,.775,1.3,3.2,4.6,0.9,0.6,0.5,0.7,1.9,5.9,2018
15380,133,Spencer Dinwiddie,PG,24,BRK,80,58,28.8,4.1,10.5,.387,1.8,5.4,.326,2.3,5.1,.452,.471,2.7,3.4,.813,0.5,2.7,3.2,6.6,0.9,0.3,1.6,2.3,12.6,2018
15381,134,Tyler Dorsey,SG,21,ATL,56,5,17.4,2.6,6.8,.377,1.3,3.6,.362,1.3,3.3,.393,.471,0.8,1.1,.714,0.3,2.0,2.3,1.4,0.3,0.1,0.7,1.1,7.2,2018
15382,135,Damyean Dotson,SG,23,NYK,44,2,10.8,1.6,3.7,.447,0.5,1.5,.324,1.1,2.1,.538,.516,0.4,0.5,.696,0.2,1.7,1.9,0.7,0.3,0.0,0.4,0.8,4.1,2018
15383,136,Milton Doyle,SG,24,BRK,10,0,12.5,1.3,4.7,.277,0.4,2.3,.174,0.9,2.4,.375,.319,0.4,0.8,.500,0.3,1.5,1.8,1.0,0.6,0.2,0.2,1.3,3.4,2018
15384,137,PJ Dozier,PG,21,OKC,2,0,1.5,0.5,1.0,.500,0.0,0.0,,0.5,1.0,.500,.500,0.0,0.0,,0.0,0.5,0.5,0.0,0.0,0.0,0.5,0.5,1.0,2018
15385,138,Goran Dragić,PG,31,MIA,75,75,31.7,6.5,14.3,.450,1.5,4.0,.370,5.0,10.3,.481,.502,2.9,3.6,.801,0.7,3.4,4.1,4.8,0.8,0.2,2.2,2.4,17.3,2018
15386,139,Larry Drew II,PG,27,TOT,10,0,7.0,0.7,2.4,.292,0.3,0.9,.333,0.4,1.5,.267,.354,0.0,0.0,,0.3,0.0,0.3,1.0,0.0,0.0,0.3,0.6,1.7,2018
15387,139,Larry Drew II,PG,27,PHI,3,0,5.0,0.3,2.3,.143,0.0,1.0,.000,0.3,1.3,.250,.143,0.0,0.0,,0.3,0.0,0.3,0.7,0.0,0.0,0.3,0.7,0.7,2018
15388,139,Larry Drew II,PG,27,NOP,7,0,7.9,0.9,2.4,.353,0.4,0.9,.500,0.4,1.6,.273,.441,0.0,0.0,,0.3,0.0,0.3,1.1,0.0,0.0,0.3,0.6,2.1,2018
15389,140,Andre Drummond,C,24,DET,78,78,33.7,6.0,11.3,.529,0.0,0.1,.000,6.0,11.2,.536,.529,3.1,5.1,.605,5.1,10.9,16.0,3.0,1.5,1.6,2.6,3.2,15.0,2018
15390,Rk,Player,Pos,Age,Tm,G,GS,MP,FG,FGA,FG%,3P,3PA,3P%,2P,2PA,2P%,eFG%,FT,FTA,FT%,ORB,DRB,TRB,AST,STL,BLK,TOV,PF,PTS,2018
15391,141,Jared Dudley,PF,32,PHO,48,0,14.3,1.0,2.5,.393,0.6,1.7,.363,0.4,0.9,.452,.512,0.6,0.7,.771,0.2,1.8,2.0,1.6,0.5,0.2,0.6,1.8,3.2,2018
15392,142,Kris Dunn,PG,23,CHI,52,43,29.3,5.5,12.8,.429,0.8,2.6,.321,4.7,10.2,.457,.462,1.6,2.2,.737,0.5,3.8,4.3,6.0,2.0,0.5,2.9,3.3,13.4,2018
15393,143,Kevin Durant,SF,29,GSW,68,68,34.2,9.3,18.0,.516,2.5,6.1,.419,6.7,11.9,.565,.586,5.3,5.9,.889,0.5,6.4,6.8,5.4,0.7,1.8,3.0,2.0,26.4,2018
15394,144,Jarell Eddie,SF,26,TOT,3,0,3.0,0.0,0.7,.000,0.0,0.7,.000,0.0,0.0,,.000,0.0,0.0,,0.0,0.3,0.3,0.0,0.3,0.0,0.0,0.0,0.0,2018
15395,144,Jarell Eddie,SF,26,BOS,2,0,3.0,0.0,0.5,.000,0.0,0.5,.000,0.0,0.0,,.000,0.0,0.0,,0.0,0.5,0.5,0.0,0.5,0.0,0.0,0.0,0.0,2018
15396,144,Jarell Eddie,SF,26,CHI,1,0,3.0,0.0,1.0,.000,0.0,1.0,.000,0.0,0.0,,.000,0.0,0.0,,0.0,0.0,0.0,0.0,0.0,0.0,0.0,0.0,0.0,2018
15397,145,Henry Ellenson,PF,21,DET,38,0,8.7,1.4,3.8,.363,0.5,1.6,.333,0.9,2.3,.384,.432,0.7,0.8,.862,0.3,1.9,2.1,0.5,0.1,0.0,0.5,0.6,4.0,2018
15398,146,Wayne Ellington,SG,30,MIA,77,2,26.5,3.7,9.1,.407,2.9,7.5,.392,0.8,1.6,.479,.569,0.9,1.0,.859,0.3,2.5,2.8,1.0,0.7,0.1,0.7,1.2,11.2,2018
15399,147,Joel Embiid,C,23,PHI,63,63,30.3,8.1,16.8,.483,1.0,3.4,.308,7.0,13.4,.527,.514,5.7,7.4,.769,2.3,8.7,11.0,3.2,0.6,1.8,3.7,3.3,22.9,2018
15400,148,James Ennis III,SF,27,TOT,72,22,22.3,2.5,5.3,.474,0.7,2.1,.333,1.8,3.2,.567,.540,1.3,1.6,.836,1.0,2.1,3.1,1.0,0.7,0.3,0.8,1.9,7.1,2018
15401,148,James Ennis III,SF,27,MEM,45,14,23.4,2.4,4.9,.486,0.7,1.9,.357,1.7,3.1,.565,.554,1.4,1.6,.877,1.2,2.3,3.5,1.1,0.7,0.3,0.8,1.8,6.9,2018
15402,148,James Ennis III,SF,27,DET,27,8,20.4,2.7,6.0,.457,0.8,2.6,.304,2.0,3.4,.570,.522,1.2,1.6,.767,0.7,1.7,2.5,0.8,0.6,0.2,0.7,2.0,7.5,2018
15403,149,Tyler Ennis,PG,23,LAL,54,11,12.6,1.7,4.1,.420,0.3,1.0,.250,1.5,3.1,.476,.451,0.4,0.5,.759,0.4,1.4,1.8,1.9,0.6,0.2,0.7,1.4,4.1,2018
15404,150,Jawun Evans,PG,21,LAC,48,4,16.2,1.9,5.3,.352,0.3,1.1,.278,1.5,4.1,.372,.381,0.8,1.0,.776,0.2,1.6,1.8,2.1,0.8,0.1,0.9,2.0,4.8,2018
15405,151,Jeremy Evans,SF,30,ATL,1,0,5.0,1.0,1.0,1.000,0.0,0.0,,1.0,1.0,1.000,1.000,0.0,0.0,,1.0,0.0,1.0,0.0,0.0,0.0,1.0,1.0,2.0,2018
15406,152,Tyreke Evans,PG,28,MEM,52,32,30.9,7.0,15.6,.452,2.2,5.5,.399,4.8,10.1,.482,.523,3.2,4.0,.785,0.8,4.3,5.1,5.2,1.1,0.3,2.3,1.8,19.4,2018
15407,153,Dante Exum,PG,22,UTA,14,0,16.8,3.0,6.2,.483,0.4,1.3,.278,2.6,4.9,.536,.511,1.8,2.2,.806,0.3,1.6,1.9,3.1,0.6,0.2,1.4,1.4,8.1,2018
15408,154,Kenneth Faried,PF,28,DEN,32,7,14.4,2.4,4.6,.514,0.0,0.0,.000,2.4,4.6,.517,.514,1.1,1.6,.706,2.1,2.7,4.8,0.6,0.4,0.4,0.7,1.6,5.9,2018
15409,155,Derrick Favors,C,26,UTA,77,77,28.0,5.1,9.1,.563,0.2,0.8,.222,4.9,8.3,.596,.573,1.8,2.8,.651,2.6,4.6,7.2,1.3,0.7,1.1,1.1,2.1,12.3,2018
15410,156,Kay Felder,PG,22,TOT,16,0,8.8,1.3,4.4,.300,0.3,1.2,.211,1.1,3.2,.333,.329,0.7,0.8,.917,0.2,0.9,1.1,1.3,0.2,0.1,1.0,0.7,3.6,2018
15411,156,Kay Felder,PG,22,CHI,14,0,9.6,1.4,4.7,.303,0.3,1.3,.222,1.1,3.4,.333,.333,0.8,0.9,.917,0.1,0.9,1.0,1.4,0.2,0.1,1.1,0.8,3.9,2018
15412,156,Kay Felder,PG,22,DET,2,0,3.0,0.5,2.0,.250,0.0,0.5,.000,0.5,1.5,.333,.250,0.0,0.0,,1.0,1.0,2.0,0.0,0.0,0.0,0.5,0.0,1.0,2018
15413,157,Cristiano Felício,C,25,CHI,55,16,17.8,2.3,3.9,.591,0.0,0.0,.000,2.3,3.9,.596,.591,1.0,1.5,.667,1.5,2.7,4.2,1.0,0.3,0.2,1.0,1.9,5.6,2018
15414,158,Raymond Felton,PG,33,OKC,82,2,16.6,2.7,6.7,.406,1.0,2.8,.352,1.7,3.9,.444,.479,0.4,0.5,.818,0.3,1.6,1.9,2.5,0.6,0.2,0.9,1.1,6.9,2018
15415,159,Terrance Ferguson,SG,19,OKC,61,12,12.5,1.1,2.8,.414,0.7,2.0,.333,0.5,0.8,.612,.533,0.1,0.2,.900,0.3,0.5,0.8,0.3,0.4,0.2,0.2,1.4,3.1,2018
15416,160,Yogi Ferrell,SG,24,DAL,82,21,27.8,3.8,8.9,.426,1.6,4.4,.373,2.2,4.5,.477,.518,1.0,1.3,.796,0.3,2.7,3.0,2.5,0.8,0.1,1.0,1.9,10.2,2018
15417,Rk,Player,Pos,Age,Tm,G,GS,MP,FG,FGA,FG%,3P,3PA,3P%,2P,2PA,2P%,eFG%,FT,FTA,FT%,ORB,DRB,TRB,AST,STL,BLK,TOV,PF,PTS,2018
15418,161,Dorian Finney-Smith,PF,24,DAL,21,13,21.3,2.2,5.8,.380,1.0,3.2,.299,1.2,2.6,.481,.463,0.5,0.7,.733,1.0,2.5,3.6,1.2,0.5,0.2,1.0,2.0,5.9,2018
15419,162,Bryn Forbes,SG,24,SAS,80,12,19.0,2.6,6.2,.421,1.1,2.9,.390,1.5,3.4,.446,.510,0.6,0.9,.667,0.2,1.2,1.4,1.0,0.4,0.0,0.5,1.4,6.9,2018
15420,163,Evan Fournier,SF,25,ORL,57,57,32.2,6.5,14.1,.459,2.2,5.9,.379,4.2,8.2,.516,.538,2.6,3.0,.867,0.4,2.8,3.2,2.9,0.8,0.3,1.7,2.4,17.8,2018
15421,164,De'Aaron Fox,PG,20,SAC,73,60,27.8,4.5,10.9,.412,0.6,2.1,.307,3.8,8.8,.436,.441,1.9,2.7,.723,0.5,2.3,2.8,4.4,1.0,0.3,2.4,2.2,11.6,2018
15422,165,Tim Frazier,PG,27,WAS,59,11,14.2,1.2,2.9,.395,0.3,0.9,.304,0.9,2.0,.440,.445,0.4,0.5,.767,0.3,1.6,1.9,3.3,0.8,0.1,1.0,1.6,3.0,2018
15423,166,Enes Freedom,C,25,NYK,71,71,25.8,5.9,10.0,.592,0.0,0.0,.000,5.9,10.0,.594,.592,2.2,2.6,.848,3.8,7.1,11.0,1.5,0.5,0.5,1.7,2.6,14.1,2018
15424,167,Channing Frye,C,34,TOT,53,1,13.1,2.0,4.0,.491,0.7,2.2,.339,1.2,1.8,.670,.583,0.3,0.4,.895,0.2,2.3,2.5,0.7,0.3,0.2,0.4,1.3,5.0,2018
15425,167,Channing Frye,C,34,CLE,44,1,12.4,1.9,3.8,.497,0.7,2.0,.333,1.2,1.8,.684,.586,0.3,0.3,.933,0.2,2.3,2.5,0.6,0.4,0.3,0.4,1.2,4.8,2018
15426,167,Channing Frye,C,34,LAL,9,0,16.7,2.2,4.8,.465,1.0,2.8,.360,1.2,2.0,.611,.570,0.3,0.4,.750,0.2,2.6,2.8,1.1,0.1,0.1,0.4,1.7,5.8,2018
15427,168,Markelle Fultz,SG,19,PHI,14,0,18.1,3.2,7.9,.405,0.0,0.1,.000,3.2,7.9,.409,.405,0.7,1.5,.476,0.8,2.3,3.1,3.8,0.9,0.3,1.2,1.6,7.1,2018
15428,169,Danilo Gallinari,SF,29,LAC,21,21,32.0,4.9,12.2,.398,1.7,5.3,.324,3.1,6.9,.455,.469,3.9,4.1,.931,0.4,4.4,4.8,2.0,0.6,0.5,1.2,1.4,15.3,2018
15429,170,Langston Galloway,SG,26,DET,58,2,14.9,2.2,5.9,.371,1.3,3.8,.344,0.9,2.1,.418,.481,0.6,0.7,.805,0.2,1.4,1.6,1.0,0.6,0.1,0.3,0.7,6.2,2018
15430,171,Marc Gasol,C,33,MEM,73,73,33.0,5.9,14.2,.420,1.5,4.4,.341,4.5,9.8,.456,.473,3.8,4.6,.834,1.1,7.0,8.1,4.2,0.7,1.4,2.7,2.5,17.2,2018
15431,172,Pau Gasol,C,37,SAS,77,63,23.5,3.7,8.1,.458,0.6,1.6,.358,3.2,6.6,.481,.492,2.1,2.7,.756,1.7,6.4,8.0,3.1,0.3,1.0,1.4,1.6,10.1,2018
15432,173,Rudy Gay,PF,31,SAS,57,6,21.6,4.4,9.4,.471,0.6,2.1,.314,3.8,7.4,.516,.506,2.0,2.5,.772,1.3,3.8,5.1,1.3,0.8,0.7,1.4,1.7,11.5,2018
15433,174,Paul George,SF,27,OKC,79,79,36.6,7.3,17.0,.430,3.1,7.7,.401,4.2,9.3,.454,.521,4.3,5.2,.822,0.9,4.7,5.7,3.3,2.0,0.5,2.7,2.9,21.9,2018
15434,175,Marcus Georges-Hunt,SG,23,MIN,42,0,5.3,0.5,1.1,.438,0.1,0.4,.267,0.4,0.8,.515,.479,0.3,0.5,.619,0.2,0.2,0.4,0.2,0.1,0.0,0.1,0.8,1.4,2018
15435,176,Jonathan Gibson,PG,30,BOS,4,0,10.0,3.5,5.8,.609,1.5,3.0,.500,2.0,2.8,.727,.739,0.0,0.0,,0.0,0.8,0.8,1.0,0.0,0.0,0.8,1.3,8.5,2018
15436,177,Taj Gibson,PF,32,MIN,82,82,33.2,5.2,9.0,.577,0.1,0.4,.200,5.1,8.6,.595,.581,1.7,2.3,.768,2.4,4.8,7.1,1.2,0.8,0.7,1.1,2.7,12.2,2018
15437,178,Manu Ginóbili*,SG,40,SAS,65,0,20.0,3.1,7.1,.434,1.0,3.0,.333,2.1,4.2,.506,.503,1.7,2.0,.840,0.3,1.9,2.2,2.5,0.7,0.2,1.6,1.9,8.9,2018
15438,179,Rudy Gobert,C,25,UTA,56,56,32.4,4.9,7.9,.622,0.0,0.0,,4.9,7.9,.622,.622,3.6,5.3,.682,2.9,7.8,10.7,1.4,0.8,2.3,1.9,2.7,13.5,2018
15439,180,Aaron Gordon,PF,22,ORL,58,57,32.9,6.5,14.9,.434,2.0,5.9,.336,4.5,9.0,.497,.500,2.7,3.9,.698,1.5,6.4,7.9,2.3,1.0,0.8,1.8,1.9,17.6,2018
15440,Rk,Player,Pos,Age,Tm,G,GS,MP,FG,FGA,FG%,3P,3PA,3P%,2P,2PA,2P%,eFG%,FT,FTA,FT%,ORB,DRB,TRB,AST,STL,BLK,TOV,PF,PTS,2018
15441,181,Eric Gordon,SG,29,HOU,69,30,31.2,6.0,14.1,.428,3.2,8.8,.359,2.9,5.2,.544,.540,2.8,3.5,.809,0.4,2.1,2.5,2.2,0.6,0.4,1.9,1.7,18.0,2018
15442,182,Marcin Gortat,C,33,WAS,82,82,25.3,3.5,6.8,.518,0.0,0.0,,3.5,6.8,.518,.518,1.3,2.0,.675,2.2,5.4,7.6,1.8,0.5,0.7,1.2,2.1,8.4,2018
15443,183,Treveon Graham,SG,24,CHO,63,2,16.7,1.5,3.5,.434,0.6,1.5,.412,0.9,2.0,.452,.525,0.7,0.9,.695,0.7,1.3,1.9,0.9,0.5,0.0,0.4,1.7,4.3,2018
15444,184,Jerami Grant,PF,23,OKC,81,1,20.3,3.0,5.6,.535,0.4,1.4,.291,2.6,4.3,.613,.570,2.0,3.0,.675,1.1,2.9,3.9,0.7,0.4,1.0,0.7,1.9,8.4,2018
15445,185,Jerian Grant,PG,25,CHI,74,26,22.8,2.8,6.8,.416,0.8,2.5,.326,2.0,4.3,.468,.476,1.9,2.5,.745,0.4,1.9,2.3,4.6,0.9,0.1,1.2,1.8,8.4,2018
15446,186,Josh Gray,PG,24,PHO,5,0,17.2,2.2,8.2,.268,0.6,2.6,.231,1.6,5.6,.286,.305,1.4,2.2,.636,0.4,1.6,2.0,2.4,1.6,0.4,1.4,1.6,6.4,2018
15447,187,Danny Green,SG,30,SAS,70,60,25.6,3.1,8.0,.387,1.7,4.6,.363,1.4,3.4,.419,.490,0.7,0.9,.769,0.6,3.0,3.6,1.6,0.9,1.1,1.1,1.7,8.6,2018
15448,188,Draymond Green,PF,27,GSW,70,70,32.7,4.0,8.8,.454,1.1,3.7,.301,2.9,5.2,.562,.516,1.9,2.5,.775,1.1,6.6,7.6,7.3,1.4,1.3,2.9,2.6,11.0,2018
15449,189,Gerald Green,SG,32,HOU,41,2,22.7,4.1,10.1,.407,2.7,7.3,.369,1.4,2.8,.504,.540,1.2,1.5,.850,0.4,2.9,3.2,0.6,0.6,0.4,0.8,2.1,12.1,2018
15450,190,JaMychal Green,PF,27,MEM,55,54,28.0,4.1,8.9,.457,0.8,2.3,.339,3.3,6.6,.499,.501,1.5,2.0,.721,2.7,5.8,8.4,1.4,0.6,0.5,1.4,2.8,10.3,2018
15451,191,Jeff Green,PF,31,CLE,78,13,23.4,3.8,7.9,.477,0.7,2.2,.312,3.1,5.7,.540,.520,2.6,3.0,.868,0.8,2.4,3.2,1.3,0.5,0.4,1.0,1.9,10.8,2018
15452,192,Blake Griffin,PF,28,TOT,58,58,34.0,7.5,17.2,.438,1.9,5.6,.345,5.6,11.6,.482,.493,4.5,5.7,.785,1.3,6.1,7.4,5.8,0.7,0.3,2.8,2.4,21.4,2018
15453,192,Blake Griffin,PF,28,LAC,33,33,34.5,7.7,17.5,.441,1.9,5.7,.342,5.8,11.8,.488,.497,5.2,6.6,.785,1.4,6.5,7.9,5.4,0.9,0.3,3.0,2.4,22.6,2018
15454,192,Blake Griffin,PF,28,DET,25,25,33.2,7.2,16.7,.433,1.9,5.4,.348,5.4,11.3,.473,.489,3.5,4.4,.784,1.1,5.6,6.6,6.2,0.4,0.4,2.6,2.4,19.8,2018
15455,193,Daniel Hamilton,SG,22,OKC,6,0,4.7,0.8,1.8,.455,0.3,0.8,.400,0.5,1.0,.500,.545,0.0,0.0,,0.0,0.8,0.8,1.3,0.2,0.0,0.3,0.3,2.0,2018
15456,194,Tim Hardaway Jr.,SG,25,NYK,57,54,33.1,6.3,15.0,.421,2.3,7.2,.317,4.0,7.8,.516,.496,2.6,3.1,.816,0.6,3.4,3.9,2.7,1.1,0.2,1.6,2.2,17.5,2018
15457,195,James Harden,SG,28,HOU,72,72,35.4,9.0,20.1,.449,3.7,10.0,.367,5.4,10.1,.531,.541,8.7,10.1,.858,0.6,4.8,5.4,8.8,1.8,0.7,4.4,2.3,30.4,2018
15458,196,Maurice Harkless,SF,24,POR,59,36,21.4,2.5,5.0,.495,0.8,2.0,.415,1.7,3.0,.547,.577,0.7,1.0,.712,0.8,2.0,2.7,0.9,0.8,0.7,0.7,1.7,6.5,2018
15459,197,Montrezl Harrell,C,24,LAC,76,3,17.0,4.6,7.2,.635,0.0,0.1,.143,4.6,7.1,.641,.636,1.8,2.9,.626,1.4,2.7,4.0,1.0,0.5,0.7,0.9,1.9,11.0,2018
15460,198,Devin Harris,PG,34,TOT,71,1,18.9,2.6,6.4,.412,1.1,3.2,.348,1.5,3.2,.476,.499,2.0,2.4,.835,0.2,1.6,1.8,2.1,0.7,0.2,1.1,2.2,8.4,2018
15461,198,Devin Harris,PG,34,DAL,44,1,18.3,2.7,6.5,.415,1.0,2.8,.352,1.7,3.6,.465,.493,2.1,2.5,.830,0.2,1.7,1.9,1.9,0.8,0.2,1.1,2.3,8.5,2018
15462,198,Devin Harris,PG,34,DEN,27,0,19.7,2.6,6.3,.406,1.3,3.8,.343,1.3,2.5,.500,.509,1.8,2.1,.845,0.1,1.4,1.6,2.5,0.5,0.1,1.0,2.0,8.2,2018
15463,199,Gary Harris,SG,23,DEN,67,65,34.4,6.6,13.6,.485,2.3,5.9,.396,4.2,7.7,.553,.570,2.0,2.4,.827,0.6,2.1,2.6,2.9,1.8,0.2,1.8,1.8,17.5,2018
15464,200,Joe Harris,SG,26,BRK,78,14,25.3,3.9,8.0,.491,1.9,4.6,.419,2.0,3.4,.589,.612,1.1,1.3,.827,0.7,2.7,3.3,1.6,0.4,0.3,1.2,2.0,10.8,2018
15465,Rk,Player,Pos,Age,Tm,G,GS,MP,FG,FGA,FG%,3P,3PA,3P%,2P,2PA,2P%,eFG%,FT,FTA,FT%,ORB,DRB,TRB,AST,STL,BLK,TOV,PF,PTS,2018
15466,201,Tobias Harris,PF,25,TOT,80,80,33.4,7.0,15.3,.460,2.3,5.6,.411,4.7,9.7,.488,.535,2.2,2.7,.829,0.7,4.7,5.5,2.4,0.9,0.4,1.3,2.1,18.6,2018
15467,201,Tobias Harris,PF,25,DET,48,48,32.6,6.7,14.8,.451,2.4,5.8,.409,4.3,9.0,.478,.531,2.4,2.8,.846,0.8,4.3,5.1,2.0,0.7,0.3,1.1,1.9,18.1,2018
15468,201,Tobias Harris,PF,25,LAC,32,32,34.5,7.6,16.0,.473,2.2,5.3,.414,5.4,10.7,.501,.541,2.0,2.5,.800,0.7,5.3,6.0,3.1,1.2,0.6,1.7,2.3,19.3,2018
15469,202,Aaron Harrison,SG,23,DAL,9,3,25.9,2.1,7.7,.275,1.0,4.8,.209,1.1,2.9,.385,.341,1.4,1.9,.765,0.4,2.2,2.7,1.2,1.0,0.2,0.3,3.0,6.7,2018
15470,203,Andrew Harrison,PG,23,MEM,56,46,23.7,3.2,7.7,.422,0.8,2.5,.331,2.4,5.1,.467,.477,2.2,2.8,.780,0.4,1.9,2.3,3.2,0.7,0.5,1.4,2.5,9.5,2018
15471,204,Shaquille Harrison,PG,24,PHO,23,2,16.7,2.6,5.4,.476,0.3,1.1,.231,2.3,4.3,.541,.500,1.2,1.7,.737,0.4,2.3,2.7,2.4,1.1,0.3,1.0,1.8,6.6,2018
15472,205,Josh Hart,SG,22,LAL,63,23,23.2,2.8,6.0,.469,1.2,3.1,.396,1.6,2.8,.551,.573,1.0,1.5,.702,0.7,3.5,4.2,1.3,0.7,0.3,0.7,1.7,7.9,2018
15473,206,Udonis Haslem,C,37,MIA,14,0,5.1,0.2,1.1,.200,0.1,0.6,.125,0.1,0.5,.286,.233,0.1,0.1,.500,0.2,0.5,0.7,0.4,0.0,0.1,0.1,0.2,0.6,2018
15474,207,Nigel Hayes,SF,23,TOT,9,0,13.6,1.2,3.7,.333,0.4,1.8,.250,0.8,1.9,.412,.394,0.1,0.3,.333,0.4,2.0,2.4,0.7,0.2,0.3,0.2,0.9,3.0,2018
15475,207,Nigel Hayes,SF,23,LAL,2,0,5.5,0.5,1.5,.333,0.0,1.0,.000,0.5,0.5,1.000,.333,0.5,0.5,1.000,0.0,0.0,0.0,1.0,0.0,0.0,0.0,0.0,1.5,2018
15476,207,Nigel Hayes,SF,23,TOR,2,0,3.0,1.0,1.0,1.000,1.0,1.0,1.000,0.0,0.0,,1.500,0.0,0.0,,0.0,0.0,0.0,0.0,0.0,0.0,0.5,0.0,3.0,2018
15477,207,Nigel Hayes,SF,23,SAC,5,0,21.0,1.6,5.6,.286,0.4,2.4,.167,1.2,3.2,.375,.321,0.0,0.4,.000,0.8,3.6,4.4,0.8,0.4,0.6,0.2,1.6,3.6,2018
15478,208,Gordon Hayward,SF,27,BOS,1,1,5.0,1.0,2.0,.500,0.0,1.0,.000,1.0,1.0,1.000,.500,0.0,0.0,,0.0,1.0,1.0,0.0,0.0,0.0,0.0,1.0,2.0,2018
15479,209,Reggie Hearn,SG,26,DET,3,0,2.3,0.3,0.7,.500,0.3,0.7,.500,0.0,0.0,,.750,0.0,0.0,,0.0,0.0,0.0,0.0,0.0,0.0,0.0,0.0,1.0,2018
15480,210,Myke Henry,SF,25,MEM,20,0,18.9,2.1,5.5,.376,1.0,2.9,.328,1.1,2.6,.431,.463,0.3,0.5,.600,0.5,1.4,1.9,1.1,1.6,0.3,1.0,1.4,5.4,2018
15481,211,John Henson,C,27,MIL,76,69,25.9,3.8,6.6,.572,0.0,0.1,.143,3.8,6.5,.578,.573,1.2,2.1,.570,2.0,4.8,6.8,1.5,0.6,1.4,1.1,2.7,8.8,2018
15482,212,Juancho Hernangómez,PF,22,DEN,25,3,11.1,1.2,3.0,.387,0.6,2.0,.280,0.6,1.0,.600,.480,0.4,0.5,.833,0.7,1.4,2.2,0.5,0.2,0.1,0.4,1.0,3.3,2018
15483,213,Willy Hernangómez,C,23,TOT,48,1,10.3,1.9,3.4,.555,0.1,0.3,.417,1.8,3.2,.566,.570,1.2,1.9,.656,1.3,2.5,3.8,0.7,0.4,0.3,0.7,1.3,5.1,2018
15484,213,Willy Hernangómez,C,23,NYK,26,0,9.0,1.9,3.1,.605,0.0,0.2,.200,1.8,2.9,.632,.611,0.5,1.1,.429,0.8,1.7,2.6,0.8,0.3,0.3,1.0,1.2,4.3,2018
15485,213,Willy Hernangómez,C,23,CHO,22,1,11.9,1.9,3.8,.506,0.2,0.3,.571,1.7,3.5,.500,.530,2.1,2.8,.758,1.8,3.5,5.3,0.5,0.5,0.4,0.4,1.5,6.1,2018
15486,214,Mario Hezonja,SF,22,ORL,75,30,22.1,3.6,8.2,.442,1.2,3.6,.337,2.4,4.7,.523,.515,1.1,1.4,.819,0.5,3.2,3.7,1.4,1.1,0.4,1.1,1.8,9.6,2018
15487,215,Isaiah Hicks,PF,23,NYK,18,0,13.3,1.8,4.0,.458,0.1,0.5,.222,1.7,3.5,.492,.472,0.7,1.0,.667,0.6,1.7,2.3,0.9,0.1,0.2,0.9,2.5,4.4,2018
15488,216,Buddy Hield,SG,25,SAC,80,12,25.3,5.2,11.7,.446,2.2,5.1,.431,3.0,6.6,.457,.540,0.9,1.0,.877,0.7,3.2,3.8,1.9,1.1,0.3,1.6,1.9,13.5,2018
15489,217,Nenê,C,35,HOU,52,4,14.6,2.6,4.6,.569,0.0,0.0,.000,2.6,4.6,.574,.569,1.3,2.1,.636,1.0,2.3,3.4,0.9,0.5,0.3,0.7,2.4,6.5,2018
15490,218,George Hill,PG,31,TOT,67,60,27.0,3.5,7.7,.460,1.3,3.1,.415,2.3,4.6,.490,.543,1.6,2.1,.786,0.6,2.1,2.7,2.8,0.9,0.4,1.3,1.9,10.0,2018
15491,218,George Hill,PG,31,SAC,43,36,26.6,3.6,7.6,.469,1.3,3.0,.453,2.2,4.6,.480,.558,1.8,2.3,.778,0.5,2.2,2.7,2.8,0.9,0.3,1.4,1.7,10.3,2018
15492,218,George Hill,PG,31,CLE,24,24,27.9,3.5,7.8,.444,1.1,3.2,.351,2.3,4.6,.509,.516,1.4,1.7,.805,0.8,1.8,2.7,2.8,0.9,0.6,1.2,2.2,9.4,2018
15493,219,Solomon Hill,SF,26,NOP,12,1,15.6,0.9,3.4,.268,0.3,1.8,.190,0.6,1.7,.350,.317,0.3,0.5,.500,0.8,2.3,3.0,1.8,0.6,0.1,0.8,1.8,2.4,2018
15494,220,Darrun Hilliard,SG,24,SAS,14,0,6.8,0.4,1.4,.263,0.0,0.4,.000,0.4,0.9,.385,.263,0.4,0.5,.857,0.0,0.5,0.5,0.8,0.1,0.0,0.3,0.5,1.1,2018
15495,Rk,Player,Pos,Age,Tm,G,GS,MP,FG,FGA,FG%,3P,3PA,3P%,2P,2PA,2P%,eFG%,FT,FTA,FT%,ORB,DRB,TRB,AST,STL,BLK,TOV,PF,PTS,2018
15496,221,Jrue Holiday,SG,27,NOP,81,81,36.1,7.6,15.4,.494,1.5,4.4,.337,6.1,11.0,.557,.543,2.3,2.9,.786,0.8,3.7,4.5,6.0,1.5,0.8,2.6,2.5,19.0,2018
15497,222,Justin Holiday,SG,28,CHI,72,72,31.5,4.0,10.9,.371,2.2,6.2,.359,1.8,4.6,.387,.474,1.9,2.3,.823,0.4,3.6,4.0,2.1,1.1,0.4,1.3,1.9,12.2,2018
15498,223,John Holland,SF,29,CLE,24,0,7.3,0.7,2.5,.288,0.5,1.5,.306,0.3,1.0,.261,.381,0.4,0.5,.692,0.3,0.8,1.0,0.2,0.3,0.1,0.3,0.4,2.3,2018
15499,224,Rondae Hollis-Jefferson,SF,23,BRK,68,59,28.2,5.0,10.6,.472,0.2,0.8,.241,4.8,9.9,.491,.481,3.7,4.6,.788,1.5,5.3,6.8,2.5,1.0,0.7,1.8,2.1,13.9,2018
15500,225,Richaun Holmes,C,24,PHI,48,2,15.5,2.8,5.0,.560,0.1,0.6,.129,2.7,4.4,.624,.568,0.8,1.2,.661,1.2,3.2,4.4,1.3,0.4,0.6,0.5,2.0,6.5,2018
15501,226,Rodney Hood,SG,25,TOT,60,23,26.9,5.4,12.5,.429,2.1,5.6,.381,3.3,7.0,.467,.513,1.9,2.2,.860,0.4,2.4,2.8,1.6,0.8,0.2,1.2,1.8,14.7,2018
15502,226,Rodney Hood,SG,25,UTA,39,12,27.8,6.0,14.2,.424,2.6,6.7,.389,3.4,7.4,.455,.516,2.2,2.5,.876,0.4,2.5,2.8,1.7,0.8,0.2,1.6,1.6,16.8,2018
15503,226,Rodney Hood,SG,25,CLE,21,11,25.3,4.2,9.5,.442,1.2,3.4,.352,3.0,6.1,.492,.505,1.2,1.5,.813,0.4,2.2,2.6,1.4,0.7,0.2,0.3,2.0,10.8,2018
15504,227,Scotty Hopson,SG,28,DAL,1,0,8.0,0.0,1.0,.000,0.0,0.0,,0.0,1.0,.000,.000,1.0,2.0,.500,0.0,0.0,0.0,1.0,0.0,0.0,1.0,0.0,1.0,2018
15505,228,Al Horford,C,31,BOS,72,72,31.6,5.1,10.5,.489,1.3,3.1,.429,3.8,7.3,.514,.553,1.3,1.7,.783,1.4,5.9,7.4,4.7,0.6,1.1,1.8,1.9,12.9,2018
15506,229,Danuel House Jr.,SG,24,PHO,23,3,17.5,2.4,5.6,.434,0.7,2.5,.259,1.8,3.1,.577,.492,1.1,1.3,.806,0.6,2.7,3.3,1.1,0.3,0.3,0.5,1.0,6.6,2018
15507,230,Dwight Howard,C,32,CHO,81,81,30.4,6.2,11.2,.555,0.0,0.1,.143,6.2,11.2,.559,.556,4.1,7.2,.574,3.1,9.3,12.5,1.3,0.6,1.6,2.6,3.1,16.6,2018
15508,231,Josh Huestis,PF,26,OKC,69,10,14.2,0.9,2.6,.330,0.5,1.7,.287,0.4,1.0,.403,.420,0.1,0.3,.300,0.6,1.7,2.3,0.3,0.2,0.6,0.4,1.2,2.3,2018
15509,232,R.J. Hunter,SG,24,HOU,5,1,9.0,1.4,4.0,.350,0.6,2.8,.214,0.8,1.2,.667,.425,0.4,0.4,1.000,0.0,1.0,1.0,0.6,0.6,0.0,0.4,1.4,3.8,2018
15510,233,Vince Hunter,PF,23,MEM,4,0,1.8,0.8,1.3,.600,0.0,0.0,,0.8,1.3,.600,.600,0.0,0.0,,0.5,0.3,0.8,0.0,0.0,0.3,0.3,0.0,1.5,2018
15511,234,Serge Ibaka,PF,28,TOR,76,76,27.5,5.0,10.3,.483,1.4,3.9,.360,3.6,6.4,.559,.552,1.2,1.6,.797,1.0,5.3,6.3,0.8,0.4,1.3,1.2,2.8,12.6,2018
15512,235,Andre Iguodala,SF,34,GSW,64,7,25.3,2.3,5.0,.463,0.5,1.8,.282,1.8,3.2,.567,.514,0.9,1.4,.632,0.8,3.1,3.8,3.3,0.8,0.6,1.0,1.5,6.0,2018
15513,236,Ersan İlyasova,PF,30,TOT,69,43,25.1,4.0,8.9,.452,1.3,3.7,.360,2.7,5.2,.517,.526,1.5,2.0,.778,1.7,4.2,5.9,1.3,0.9,0.4,1.0,2.3,10.9,2018
15514,236,Ersan İlyasova,PF,30,ATL,46,40,25.5,4.0,8.7,.459,1.3,3.7,.359,2.7,5.0,.532,.535,1.6,2.0,.800,1.6,3.8,5.5,1.1,1.0,0.4,0.9,2.0,10.9,2018
15515,236,Ersan İlyasova,PF,30,PHI,23,3,24.1,4.0,9.2,.439,1.3,3.6,.361,2.7,5.6,.488,.509,1.4,2.0,.733,1.9,4.8,6.7,1.7,0.7,0.4,1.3,2.8,10.8,2018
15516,237,Joe Ingles,SF,30,UTA,82,81,31.4,4.1,8.8,.467,2.5,5.7,.440,1.6,3.1,.516,.609,0.8,1.0,.795,0.3,3.9,4.2,4.8,1.1,0.2,1.9,2.2,11.5,2018
15517,238,Andre Ingram,SG,32,LAL,2,0,32.0,4.0,8.5,.471,2.5,4.5,.556,1.5,4.0,.375,.618,1.5,1.5,1.000,0.5,2.5,3.0,3.5,1.5,1.5,1.5,1.5,12.0,2018
15518,239,Brandon Ingram,SF,20,LAL,59,59,33.5,6.1,12.9,.470,0.7,1.8,.390,5.4,11.1,.483,.497,3.3,4.8,.681,1.0,4.4,5.3,3.9,0.8,0.7,2.5,2.8,16.1,2018
15519,240,Kyrie Irving,PG,25,BOS,60,60,32.2,8.9,18.1,.491,2.8,6.8,.408,6.1,11.3,.541,.568,3.9,4.4,.889,0.6,3.2,3.8,5.1,1.1,0.3,2.3,2.0,24.4,2018
15520,Rk,Player,Pos,Age,Tm,G,GS,MP,FG,FGA,FG%,3P,3PA,3P%,2P,2PA,2P%,eFG%,FT,FTA,FT%,ORB,DRB,TRB,AST,STL,BLK,TOV,PF,PTS,2018
15521,241,Jonathan Isaac,PF,20,ORL,27,10,19.9,2.0,5.4,.379,0.6,1.7,.348,1.4,3.7,.394,.434,0.7,0.9,.760,0.6,3.1,3.7,0.7,1.2,1.1,1.0,1.8,5.4,2018
15522,242,Wes Iwundu,SF,23,ORL,62,12,16.5,1.5,3.5,.427,0.1,0.7,.196,1.4,2.8,.488,.447,0.5,0.8,.723,0.6,1.6,2.2,0.9,0.5,0.2,0.5,1.3,3.7,2018
15523,243,Jarrett Jack,PG,34,NYK,62,56,25.0,3.0,7.1,.427,0.4,1.4,.291,2.6,5.8,.459,.455,1.0,1.2,.840,0.4,2.7,3.1,5.6,0.6,0.1,1.9,1.6,7.5,2018
15524,244,Aaron Jackson,PG,31,HOU,1,0,35.0,3.0,9.0,.333,1.0,4.0,.250,2.0,5.0,.400,.389,1.0,2.0,.500,2.0,1.0,3.0,1.0,0.0,0.0,1.0,4.0,8.0,2018
15525,245,Demetrius Jackson,PG,23,TOT,15,0,5.3,0.5,1.2,.389,0.1,0.5,.143,0.4,0.7,.545,.417,0.1,0.1,.500,0.3,0.5,0.8,0.6,0.3,0.1,0.7,0.5,1.1,2018
15526,245,Demetrius Jackson,PG,23,HOU,12,0,5.3,0.3,1.2,.286,0.0,0.5,.000,0.3,0.7,.500,.286,0.0,0.0,,0.3,0.6,0.9,0.4,0.3,0.1,0.8,0.5,0.7,2018
15527,245,Demetrius Jackson,PG,23,PHI,3,0,5.7,1.0,1.3,.750,0.3,0.3,1.000,0.7,1.0,.667,.875,0.3,0.7,.500,0.3,0.0,0.3,1.3,0.3,0.0,0.3,0.3,2.7,2018
15528,246,Josh Jackson,SF,20,PHO,77,35,25.4,5.1,12.1,.417,0.7,2.8,.263,4.3,9.3,.464,.448,2.3,3.6,.634,1.2,3.3,4.6,1.5,1.0,0.5,1.9,2.8,13.1,2018
15529,247,Justin Jackson,SF,22,SAC,68,41,22.1,2.7,6.2,.442,0.8,2.7,.308,1.9,3.4,.547,.510,0.4,0.5,.722,0.4,2.4,2.8,1.1,0.4,0.2,0.6,1.2,6.7,2018
15530,248,Reggie Jackson,PG,27,DET,45,45,26.7,5.5,12.8,.426,1.2,3.8,.308,4.3,9.1,.475,.471,2.5,3.0,.836,0.6,2.1,2.8,5.3,0.6,0.1,2.2,1.9,14.6,2018
15531,249,LeBron James,PF,33,CLE,82,82,36.9,10.5,19.3,.542,1.8,5.0,.367,8.6,14.3,.603,.590,4.7,6.5,.731,1.2,7.5,8.6,9.1,1.4,0.9,4.2,1.7,27.5,2018
15532,250,Mike James,PG,27,TOT,36,10,19.1,3.4,8.9,.383,0.7,2.7,.265,2.7,6.2,.435,.424,1.8,2.3,.762,0.4,2.1,2.5,3.5,0.8,0.2,1.4,1.3,9.3,2018
15533,250,Mike James,PG,27,PHO,32,10,20.9,3.8,9.8,.388,0.8,3.0,.268,3.0,6.7,.442,.429,2.0,2.6,.762,0.4,2.4,2.8,3.8,0.8,0.2,1.5,1.4,10.4,2018
15534,250,Mike James,PG,27,NOP,4,0,4.5,0.5,2.3,.222,0.0,0.3,.000,0.5,2.0,.250,.222,0.0,0.0,,0.3,0.0,0.3,1.5,0.3,0.0,0.3,0.8,1.0,2018
15535,251,Al Jefferson,C,33,IND,36,1,13.4,3.1,5.8,.534,0.0,0.1,.000,3.1,5.7,.541,.534,0.8,1.0,.833,0.8,3.1,4.0,0.8,0.4,0.6,0.6,1.8,7.0,2018
15536,252,Richard Jefferson,SF,37,DEN,20,0,8.2,0.6,1.4,.444,0.1,0.4,.286,0.5,1.0,.500,.481,0.2,0.4,.571,0.1,0.8,0.9,0.8,0.1,0.1,0.3,0.6,1.5,2018
15537,253,Brandon Jennings,PG,28,MIL,14,0,14.6,1.9,5.1,.375,0.6,2.4,.273,1.3,2.8,.462,.438,0.7,0.7,1.000,0.4,1.9,2.2,3.1,0.4,0.3,1.3,0.8,5.2,2018
15538,254,Jonas Jerebko,PF,30,UTA,74,19,15.3,2.1,4.6,.466,0.9,2.1,.414,1.3,2.5,.511,.562,0.6,0.8,.807,0.7,2.6,3.3,0.6,0.3,0.2,0.4,1.7,5.8,2018
15539,255,Amir Johnson,C,30,PHI,74,18,15.8,1.9,3.5,.538,0.1,0.4,.313,1.8,3.1,.570,.558,0.7,1.1,.612,1.7,2.8,4.5,1.6,0.6,0.6,0.7,2.6,4.6,2018
15540,256,Brice Johnson,PF,23,TOT,18,0,5.4,1.1,2.3,.476,0.0,0.1,.000,1.1,2.3,.488,.476,0.2,0.3,.600,0.5,1.2,1.7,0.1,0.5,0.3,0.3,0.7,2.4,2018
15541,256,Brice Johnson,PF,23,LAC,9,0,4.2,0.8,1.2,.636,0.0,0.1,.000,0.8,1.1,.700,.636,0.2,0.2,1.000,0.2,1.2,1.4,0.1,0.7,0.2,0.4,0.8,1.8,2018
15542,256,Brice Johnson,PF,23,MEM,9,0,6.7,1.4,3.4,.419,0.0,0.0,,1.4,3.4,.419,.419,0.1,0.3,.333,0.8,1.2,2.0,0.1,0.3,0.4,0.1,0.7,3.0,2018
15543,257,Dakari Johnson,C,22,OKC,31,6,5.2,0.7,1.3,.564,0.0,0.0,,0.7,1.3,.564,.564,0.4,0.6,.550,0.5,0.6,1.1,0.3,0.2,0.3,0.1,0.9,1.8,2018
15544,258,James Johnson,PF,30,MIA,73,41,26.6,4.2,8.4,.503,0.8,2.5,.308,3.5,5.9,.587,.550,1.5,2.2,.698,0.8,4.1,4.9,3.8,1.0,0.7,1.9,2.6,10.8,2018
15545,259,Joe Johnson,SF,36,TOT,55,4,21.9,2.7,6.5,.406,0.7,2.6,.276,1.9,3.9,.493,.461,0.7,0.8,.889,0.3,2.9,3.1,1.5,0.3,0.1,0.9,1.2,6.8,2018
15546,259,Joe Johnson,SF,36,UTA,32,3,21.9,3.0,7.1,.420,0.7,2.6,.274,2.3,4.4,.507,.471,0.6,0.8,.833,0.4,3.0,3.3,1.4,0.4,0.2,1.0,1.0,7.3,2018
15547,259,Joe Johnson,SF,36,HOU,23,1,22.0,2.2,5.8,.381,0.7,2.7,.279,1.5,3.2,.466,.444,0.9,0.9,.952,0.1,2.7,2.8,1.7,0.3,0.0,0.8,1.5,6.0,2018
15548,260,Omari Johnson,PF,28,MEM,4,0,18.8,2.3,5.3,.429,1.0,3.0,.333,1.3,2.3,.556,.524,0.0,0.0,,1.0,1.8,2.8,1.8,0.5,0.0,0.8,1.5,5.5,2018
15549,Rk,Player,Pos,Age,Tm,G,GS,MP,FG,FGA,FG%,3P,3PA,3P%,2P,2PA,2P%,eFG%,FT,FTA,FT%,ORB,DRB,TRB,AST,STL,BLK,TOV,PF,PTS,2018
15550,261,Stanley Johnson,SF,21,DET,69,50,27.4,3.0,8.1,.375,1.0,3.4,.286,2.1,4.7,.439,.435,1.6,2.1,.772,0.5,3.2,3.7,1.6,1.4,0.2,1.1,2.4,8.7,2018
15551,262,Tyler Johnson,PG,25,MIA,72,39,28.5,4.3,9.9,.435,1.7,4.5,.367,2.6,5.4,.491,.518,1.5,1.8,.822,0.5,3.0,3.4,2.3,0.8,0.5,1.1,2.1,11.7,2018
15552,263,Wesley Johnson,SF,30,LAC,74,40,20.1,2.0,5.0,.408,0.8,2.4,.339,1.2,2.6,.471,.489,0.6,0.8,.741,0.4,2.5,2.9,0.8,1.0,0.8,0.7,2.0,5.4,2018
15553,264,Nikola Jokić,C,22,DEN,75,73,32.6,6.7,13.5,.499,1.5,3.7,.396,5.2,9.7,.538,.554,3.5,4.2,.850,2.6,8.1,10.7,6.1,1.2,0.8,2.8,2.8,18.5,2018
15554,265,Damian Jones,C,22,GSW,15,0,5.9,0.7,1.5,.500,0.0,0.0,,0.7,1.5,.500,.500,0.2,0.3,.600,0.3,0.6,0.9,0.1,0.1,0.2,0.3,0.9,1.7,2018
15555,266,Derrick Jones Jr.,SF,20,TOT,20,8,12.3,1.1,2.7,.396,0.2,0.9,.167,0.9,1.8,.514,.425,0.8,1.2,.667,1.1,0.9,1.9,0.5,0.2,0.7,0.4,1.2,3.1,2018
15556,266,Derrick Jones Jr.,SF,20,PHO,6,0,5.5,0.3,0.7,.500,0.0,0.3,.000,0.3,0.3,1.000,.500,0.8,1.0,.833,0.3,0.3,0.7,0.5,0.2,0.7,0.2,0.3,1.5,2018
15557,266,Derrick Jones Jr.,SF,20,MIA,14,8,15.1,1.4,3.5,.388,0.2,1.1,.188,1.1,2.4,.485,.418,0.8,1.3,.611,1.4,1.1,2.4,0.4,0.2,0.6,0.4,1.6,3.7,2018
15558,267,Jalen Jones,SF,24,TOT,16,0,11.3,1.6,4.3,.382,0.6,1.6,.385,1.0,2.6,.381,.456,0.8,1.2,.632,0.8,1.6,2.4,0.3,0.3,0.1,0.4,1.4,4.6,2018
15559,267,Jalen Jones,SF,24,NOP,4,0,4.8,0.3,1.0,.250,0.3,0.3,1.000,0.0,0.8,.000,.375,0.5,0.5,1.000,0.0,0.8,0.8,0.0,0.0,0.0,0.0,0.5,1.3,2018
15560,267,Jalen Jones,SF,24,DAL,12,0,13.5,2.1,5.3,.391,0.8,2.1,.360,1.3,3.3,.410,.461,0.8,1.4,.588,1.1,1.8,2.9,0.3,0.4,0.1,0.6,1.7,5.8,2018
15561,268,Tyus Jones,PG,21,MIN,82,11,17.9,1.8,4.0,.457,0.5,1.6,.349,1.3,2.4,.528,.526,0.9,1.0,.877,0.2,1.4,1.6,2.8,1.2,0.1,0.7,1.3,5.1,2018
15562,269,DeAndre Jordan,C,29,LAC,77,77,31.5,4.8,7.5,.645,0.0,0.0,,4.8,7.5,.645,.645,2.4,4.1,.580,4.3,10.9,15.2,1.5,0.5,0.9,1.8,2.6,12.0,2018
15563,270,Cory Joseph,PG,26,IND,82,17,27.0,3.1,7.4,.424,0.8,2.3,.353,2.3,5.0,.457,.479,0.9,1.1,.745,0.5,2.7,3.2,3.2,1.0,0.2,1.1,1.7,7.9,2018
15564,271,Frank Kaminsky,PF,24,CHO,79,4,23.2,3.9,9.1,.429,1.3,3.5,.380,2.6,5.6,.459,.501,2.0,2.5,.799,0.6,3.1,3.6,1.6,0.5,0.2,0.8,1.2,11.1,2018
15565,272,Luke Kennard,SG,21,DET,73,9,20.0,2.8,6.4,.443,1.1,2.7,.415,1.7,3.7,.463,.530,0.9,1.0,.855,0.3,2.1,2.4,1.7,0.6,0.2,0.9,1.2,7.6,2018
15566,273,Michael Kidd-Gilchrist,SF,24,CHO,74,74,25.0,3.8,7.6,.504,0.0,0.0,.000,3.8,7.5,.505,.504,1.6,2.3,.684,1.1,2.9,4.1,1.0,0.7,0.4,0.7,1.9,9.2,2018
15567,274,Sean Kilpatrick,SG,28,TOT,52,1,12.3,2.1,5.7,.374,0.9,2.8,.319,1.2,2.9,.427,.452,1.2,1.4,.889,0.1,1.6,1.7,0.9,0.3,0.1,0.7,0.6,6.3,2018
15568,274,Sean Kilpatrick,SG,28,BRK,16,0,11.4,1.6,5.4,.287,0.7,2.7,.256,0.9,2.8,.318,.351,1.1,1.2,.947,0.1,2.1,2.2,0.9,0.1,0.1,1.0,0.5,4.9,2018
15569,274,Sean Kilpatrick,SG,28,MIL,23,0,8.9,1.3,3.6,.378,0.6,2.0,.283,0.8,1.6,.500,.457,0.8,0.8,.947,0.0,1.0,1.1,0.7,0.2,0.0,0.4,0.7,4.0,2018
15570,274,Sean Kilpatrick,SG,28,LAC,4,0,9.5,1.8,4.5,.389,0.8,1.8,.429,1.0,2.8,.364,.472,0.5,0.5,1.000,0.0,0.5,0.5,0.8,0.0,0.0,0.3,0.5,4.8,2018
15571,274,Sean Kilpatrick,SG,28,CHI,9,1,23.8,5.2,11.9,.439,2.1,5.3,.396,3.1,6.6,.475,.528,2.9,3.6,.813,0.3,2.4,2.8,1.4,0.7,0.3,1.3,0.9,15.4,2018
15572,275,Maxi Kleber,PF,26,DAL,72,36,16.8,2.1,4.3,.489,0.6,1.8,.313,1.5,2.5,.613,.553,0.6,0.8,.746,1.0,2.3,3.3,0.7,0.4,0.7,0.4,1.6,5.4,2018
15573,276,Furkan Korkmaz,SG,20,PHI,14,0,5.7,0.6,2.0,.286,0.4,1.2,.294,0.2,0.8,.273,.375,0.1,0.3,.500,0.1,0.6,0.8,0.3,0.1,0.1,0.1,0.9,1.6,2018
15574,277,Luke Kornet,C,22,NYK,20,1,16.3,2.5,6.3,.392,1.4,4.0,.354,1.1,2.3,.457,.504,0.4,0.6,.727,0.6,2.7,3.2,1.3,0.3,0.8,0.6,1.4,6.7,2018
15575,278,Kyle Korver,SG,36,CLE,73,4,21.6,3.0,6.6,.459,2.2,5.2,.436,0.8,1.5,.537,.628,0.9,1.0,.889,0.1,2.1,2.3,1.2,0.4,0.4,0.8,1.8,9.2,2018
15576,279,Kosta Koufos,C,28,SAC,71,13,19.6,3.1,5.5,.571,0.0,0.0,,3.1,5.5,.571,.571,0.5,1.0,.446,2.1,4.5,6.6,1.2,0.7,0.5,0.7,2.1,6.7,2018
15577,280,Kyle Kuzma,PF,22,LAL,77,37,31.2,6.1,13.5,.450,2.1,5.6,.366,4.0,7.9,.511,.527,1.9,2.7,.707,1.1,5.1,6.3,1.8,0.6,0.4,1.8,2.1,16.1,2018
15578,Rk,Player,Pos,Age,Tm,G,GS,MP,FG,FGA,FG%,3P,3PA,3P%,2P,2PA,2P%,eFG%,FT,FTA,FT%,ORB,DRB,TRB,AST,STL,BLK,TOV,PF,PTS,2018
15579,281,Mindaugas Kuzminskas,SF,28,NYK,1,0,2.0,0.0,2.0,.000,0.0,0.0,,0.0,2.0,.000,.000,0.0,0.0,,0.0,0.0,0.0,0.0,0.0,0.0,0.0,0.0,0.0,2018
15580,282,Skal Labissière,PF,21,SAC,60,28,20.7,3.4,7.6,.448,0.3,0.9,.353,3.1,6.8,.459,.467,1.6,2.0,.805,1.7,3.2,4.8,1.2,0.4,0.8,1.2,2.2,8.7,2018
15581,283,Jeremy Lamb,SG,25,CHO,80,18,24.6,4.8,10.4,.457,1.2,3.2,.370,3.6,7.2,.495,.513,2.2,2.6,.861,0.6,3.4,4.1,2.3,0.8,0.4,1.2,1.7,12.9,2018
15582,284,Shane Larkin,PG,25,BOS,54,2,14.4,1.6,4.1,.384,0.6,1.6,.360,1.0,2.5,.398,.454,0.6,0.7,.865,0.3,1.4,1.7,1.8,0.5,0.0,0.6,1.1,4.3,2018
15583,285,Joffrey Lauvergne,C,26,SAS,55,1,9.7,1.8,3.5,.516,0.0,0.1,.000,1.8,3.4,.530,.516,0.5,0.9,.638,1.1,2.0,3.1,0.7,0.2,0.1,0.6,0.8,4.1,2018
15584,286,Zach LaVine,SG,22,CHI,24,24,27.3,5.7,14.8,.383,1.8,5.1,.341,3.9,9.7,.405,.442,3.6,4.5,.813,0.4,3.5,3.9,3.0,1.0,0.2,1.8,2.3,16.7,2018
15585,287,Jake Layman,SF,23,POR,35,1,4.6,0.4,1.3,.298,0.1,0.6,.200,0.3,0.8,.370,.340,0.1,0.1,.667,0.1,0.3,0.5,0.3,0.2,0.1,0.1,0.4,1.0,2018
15586,288,T.J. Leaf,PF,20,IND,53,0,8.7,1.2,2.6,.471,0.3,0.8,.429,0.9,1.8,.489,.537,0.2,0.3,.625,0.5,1.0,1.5,0.2,0.1,0.1,0.2,0.8,2.9,2018
15587,289,Courtney Lee,SG,32,NYK,76,69,30.4,4.5,9.9,.454,1.5,3.7,.406,3.0,6.3,.482,.529,1.5,1.6,.919,0.4,2.6,2.9,2.4,1.1,0.2,1.1,1.4,12.0,2018
15588,290,Damion Lee,SG,25,ATL,15,11,26.9,4.1,10.1,.408,1.0,4.0,.250,3.1,6.1,.511,.457,1.5,1.9,.759,0.7,4.0,4.7,1.9,1.3,0.1,0.9,1.7,10.7,2018
15589,291,Walt Lemon Jr.,PG,25,NOP,5,0,7.0,1.4,3.2,.438,0.2,0.2,1.000,1.2,3.0,.400,.469,0.4,0.6,.667,0.0,0.4,0.4,1.0,0.0,0.2,0.8,1.0,3.4,2018
15590,292,Alex Len,C,24,PHO,69,13,20.2,3.1,5.5,.566,0.0,0.0,.333,3.1,5.4,.568,.567,2.3,3.3,.684,2.5,5.0,7.5,1.2,0.4,0.9,1.1,2.3,8.5,2018
15591,293,Kawhi Leonard,SF,26,SAS,9,9,23.3,5.8,12.3,.468,1.2,3.9,.314,4.6,8.4,.539,.518,3.4,4.2,.816,0.7,4.0,4.7,2.3,2.0,1.0,1.8,1.0,16.2,2018
15592,294,Meyers Leonard,C,25,POR,33,2,7.7,1.4,2.4,.590,0.3,0.8,.423,1.1,1.6,.673,.660,0.3,0.3,.818,0.4,1.8,2.1,0.5,0.2,0.0,0.3,1.1,3.4,2018
15593,295,Jon Leuer,PF,28,DET,8,0,17.0,1.9,4.5,.417,0.0,0.4,.000,1.9,4.1,.455,.417,1.6,1.9,.867,0.9,3.1,4.0,0.6,0.1,0.4,0.9,2.0,5.4,2018
15594,296,Caris LeVert,SF,23,BRK,71,10,26.3,4.5,10.4,.435,1.2,3.5,.347,3.3,6.9,.480,.493,1.9,2.6,.711,0.7,2.9,3.7,4.2,1.2,0.3,2.2,2.2,12.1,2018
15595,297,DeAndre Liggins,SG,29,TOT,58,4,12.5,0.7,1.8,.377,0.3,0.9,.358,0.4,0.9,.396,.467,0.0,0.1,.400,0.1,1.2,1.3,0.8,0.6,0.2,0.3,1.4,1.7,2018
15596,297,DeAndre Liggins,SG,29,MIL,31,1,15.5,0.7,2.1,.338,0.4,1.2,.306,0.4,0.9,.379,.423,0.1,0.2,.400,0.2,1.4,1.6,0.9,0.9,0.3,0.4,2.0,1.8,2018
15597,297,DeAndre Liggins,SG,29,NOP,27,3,9.0,0.7,1.5,.439,0.3,0.6,.471,0.4,0.9,.417,.537,0.0,0.0,,0.1,0.9,1.0,0.8,0.4,0.1,0.3,0.7,1.6,2018
15598,298,Damian Lillard,PG,27,POR,73,73,36.6,8.5,19.4,.439,3.1,8.6,.361,5.4,10.8,.501,.519,6.8,7.4,.916,0.8,3.6,4.5,6.6,1.1,0.4,2.8,1.6,26.9,2018
15599,299,Jeremy Lin,PG,29,BRK,1,1,25.0,5.0,12.0,.417,1.0,2.0,.500,4.0,10.0,.400,.458,7.0,7.0,1.000,0.0,0.0,0.0,4.0,0.0,0.0,3.0,3.0,18.0,2018
15600,300,Shaun Livingston,PG,32,GSW,71,7,15.9,2.4,4.8,.501,0.0,0.1,.000,2.4,4.8,.509,.501,0.7,0.9,.820,0.5,1.4,1.8,2.0,0.5,0.3,0.8,1.6,5.5,2018
15601,Rk,Player,Pos,Age,Tm,G,GS,MP,FG,FGA,FG%,3P,3PA,3P%,2P,2PA,2P%,eFG%,FT,FTA,FT%,ORB,DRB,TRB,AST,STL,BLK,TOV,PF,PTS,2018
15602,301,Kevon Looney,C,21,GSW,66,4,13.8,1.7,2.9,.580,0.0,0.1,.200,1.7,2.8,.590,.583,0.6,1.2,.545,1.3,2.0,3.3,0.6,0.5,0.8,0.5,1.6,4.0,2018
15603,302,Brook Lopez,C,29,LAL,74,72,23.4,5.0,10.7,.465,1.5,4.4,.345,3.5,6.3,.549,.536,1.5,2.1,.703,1.0,3.0,4.0,1.7,0.4,1.3,1.3,2.6,13.0,2018
15604,303,Robin Lopez,C,29,CHI,64,64,26.4,5.3,10.1,.530,0.1,0.2,.286,5.3,9.9,.536,.533,1.1,1.4,.756,2.1,2.4,4.5,1.9,0.2,0.8,1.7,1.7,11.8,2018
15605,304,Kevin Love,C,29,CLE,59,59,28.0,5.7,12.4,.458,2.3,5.6,.415,3.3,6.8,.494,.552,4.0,4.5,.880,1.7,7.5,9.3,1.7,0.7,0.4,1.5,2.0,17.6,2018
15606,305,Kyle Lowry,PG,31,TOR,78,78,32.2,5.2,12.1,.427,3.1,7.6,.399,2.1,4.5,.474,.553,2.9,3.3,.854,0.8,4.7,5.6,6.9,1.1,0.2,2.3,2.5,16.2,2018
15607,306,Timothé Luwawu-Cabarrot,SF,22,PHI,52,7,15.5,1.9,5.1,.375,1.0,3.0,.335,0.9,2.1,.431,.474,0.9,1.1,.793,0.3,1.1,1.4,1.0,0.2,0.1,0.7,1.9,5.8,2018
15608,307,Tyler Lydon,PF,21,DEN,1,0,2.0,0.0,0.0,,0.0,0.0,,0.0,0.0,,,0.0,0.0,,0.0,0.0,0.0,0.0,0.0,0.0,0.0,0.0,0.0,2018
15609,308,Trey Lyles,PF,22,DEN,73,2,19.1,3.7,7.5,.491,1.1,3.0,.381,2.6,4.5,.563,.566,1.4,2.0,.706,0.8,4.0,4.8,1.2,0.4,0.5,0.8,1.5,9.9,2018
15610,309,Shelvin Mack,PG,27,ORL,69,3,19.8,2.6,6.0,.430,0.7,2.0,.345,1.9,4.0,.473,.488,1.0,1.4,.711,0.3,2.1,2.4,3.9,0.8,0.1,1.3,1.3,6.9,2018
15611,310,Josh Magette,PG,28,ATL,18,0,12.0,0.8,2.6,.326,0.4,1.2,.364,0.4,1.3,.292,.413,0.4,0.4,1.000,0.1,0.9,1.1,3.2,0.4,0.1,0.5,0.9,2.6,2018
15612,311,Ian Mahinmi,C,31,WAS,77,0,14.9,1.8,3.2,.556,0.0,0.0,.000,1.8,3.2,.561,.556,1.2,1.7,.703,1.8,2.3,4.1,0.7,0.5,0.5,1.3,3.0,4.8,2018
15613,312,Thon Maker,C,20,MIL,74,12,16.7,1.8,4.3,.411,0.4,1.4,.298,1.3,2.9,.467,.460,0.9,1.3,.699,1.0,2.0,3.0,0.6,0.5,0.7,0.6,2.2,4.8,2018
15614,313,Boban Marjanović,C,29,TOT,39,1,8.6,2.0,3.8,.534,0.0,0.0,,2.0,3.8,.534,.534,2.0,2.5,.794,1.2,2.5,3.7,0.6,0.3,0.3,0.9,1.3,6.0,2018
15615,313,Boban Marjanović,C,29,DET,19,1,9.0,2.2,4.2,.519,0.0,0.0,,2.2,4.2,.519,.519,1.9,2.4,.800,0.8,2.2,3.0,0.7,0.2,0.3,1.2,1.5,6.2,2018
15616,313,Boban Marjanović,C,29,LAC,20,0,8.3,1.9,3.5,.551,0.0,0.0,,1.9,3.5,.551,.551,2.1,2.6,.788,1.7,2.7,4.4,0.4,0.3,0.3,0.7,1.2,5.9,2018
15617,314,Lauri Markkanen,PF,20,CHI,68,68,29.7,5.5,12.7,.434,2.1,5.9,.362,3.4,6.8,.497,.518,2.1,2.4,.843,1.2,6.3,7.5,1.2,0.6,0.6,1.2,1.5,15.2,2018
15618,315,Jarell Martin,PF,23,MEM,73,36,22.8,3.0,6.8,.446,0.5,1.3,.347,2.6,5.5,.470,.480,1.2,1.6,.767,1.3,3.0,4.4,1.0,0.5,0.7,1.2,2.9,7.7,2018
15619,316,Frank Mason III,PG,23,SAC,52,2,18.9,2.8,7.3,.379,0.6,1.7,.360,2.2,5.7,.384,.420,1.8,2.2,.817,0.6,1.9,2.5,2.8,0.7,0.2,1.3,1.4,7.9,2018
15620,317,Mangok Mathiang,C,25,CHO,4,0,5.0,1.0,1.8,.571,0.0,0.0,,1.0,1.8,.571,.571,0.0,0.3,.000,0.8,1.8,2.5,0.0,0.3,0.0,0.0,1.3,2.0,2018
15621,318,Wesley Matthews,SF,31,DAL,63,62,33.8,4.5,11.1,.406,2.4,6.4,.381,2.1,4.7,.441,.516,1.3,1.6,.822,0.4,2.7,3.1,2.7,1.2,0.3,1.3,2.2,12.7,2018
15622,319,Luc Mbah a Moute,PF,31,HOU,61,15,25.6,2.7,5.7,.481,1.0,2.8,.364,1.7,2.8,.599,.572,1.1,1.6,.684,0.4,2.7,3.0,0.9,1.2,0.4,1.1,1.6,7.5,2018
15623,320,James Michael McAdoo,PF,25,PHI,3,0,6.0,0.7,2.3,.286,0.7,2.3,.286,0.0,0.0,,.429,0.7,0.7,1.000,0.0,0.7,0.7,0.0,0.0,0.3,0.3,0.3,2.7,2018
15624,Rk,Player,Pos,Age,Tm,G,GS,MP,FG,FGA,FG%,3P,3PA,3P%,2P,2PA,2P%,eFG%,FT,FTA,FT%,ORB,DRB,TRB,AST,STL,BLK,TOV,PF,PTS,2018
15625,321,Patrick McCaw,SG,22,GSW,57,10,16.9,1.6,3.9,.409,0.3,1.4,.238,1.3,2.5,.503,.451,0.5,0.6,.765,0.3,1.2,1.4,1.4,0.8,0.2,0.7,1.2,4.0,2018
15626,322,CJ McCollum,SG,26,POR,81,81,36.1,8.2,18.6,.443,2.3,5.9,.397,5.9,12.7,.465,.506,2.6,3.1,.836,0.7,3.3,4.0,3.4,1.0,0.4,1.9,2.1,21.4,2018
15627,323,T.J. McConnell,PG,25,PHI,76,1,22.4,2.8,5.5,.499,0.4,0.8,.435,2.4,4.7,.510,.531,0.4,0.5,.795,0.5,2.5,3.0,4.0,1.2,0.2,1.5,1.6,6.3,2018
15628,324,Erik McCree,SF,24,UTA,4,0,2.0,0.0,0.5,.000,0.0,0.3,.000,0.0,0.3,.000,.000,0.0,0.0,,0.0,0.3,0.3,0.0,0.3,0.0,0.3,0.0,0.0,2018
15629,325,Chris McCullough,PF,22,WAS,19,0,4.7,0.9,2.2,.429,0.1,0.4,.125,0.9,1.8,.500,.440,0.5,0.7,.643,0.4,0.9,1.3,0.2,0.0,0.3,0.1,0.4,2.4,2018
15630,326,Doug McDermott,SF,26,TOT,81,4,21.8,2.9,6.3,.467,1.1,2.7,.426,1.8,3.6,.497,.557,0.8,1.0,.790,0.5,2.0,2.5,1.0,0.2,0.2,0.7,1.5,7.8,2018
15631,326,Doug McDermott,SF,26,NYK,55,1,21.3,2.7,6.0,.460,1.0,2.5,.387,1.8,3.5,.513,.541,0.7,1.0,.755,0.6,1.8,2.4,0.9,0.2,0.2,0.6,1.3,7.2,2018
15632,326,Doug McDermott,SF,26,DAL,26,3,22.9,3.3,6.9,.478,1.5,3.0,.494,1.8,3.9,.465,.586,0.9,1.1,.857,0.3,2.3,2.5,1.1,0.3,0.2,0.8,1.9,9.0,2018
15633,327,JaVale McGee,C,30,GSW,65,17,9.5,2.1,3.4,.621,0.0,0.1,.000,2.1,3.3,.638,.621,0.6,0.8,.731,0.9,1.7,2.6,0.5,0.3,0.9,0.4,1.4,4.8,2018
15634,328,Rodney McGruder,SG,26,MIA,18,2,16.6,2.0,4.1,.493,0.8,1.9,.429,1.2,2.1,.553,.596,0.2,0.4,.500,0.6,1.2,1.8,0.9,0.4,0.2,0.2,1.2,5.1,2018
15635,329,Trey McKinney-Jones,SG,27,IND,1,0,1.0,0.0,0.0,,0.0,0.0,,0.0,0.0,,,0.0,0.0,,0.0,0.0,0.0,0.0,0.0,0.0,0.0,0.0,0.0,2018
15636,330,Alfonzo McKinnie,SF,25,TOR,14,0,3.8,0.6,1.1,.533,0.2,0.6,.333,0.4,0.4,.833,.633,0.1,0.2,.667,0.1,0.4,0.5,0.1,0.1,0.1,0.2,0.6,1.5,2018
15637,331,Ben McLemore,SG,24,MEM,56,17,19.5,2.8,6.7,.421,1.0,2.8,.346,1.8,3.8,.477,.495,0.9,1.1,.828,0.6,1.9,2.5,0.9,0.7,0.3,1.1,2.5,7.5,2018
15638,332,Josh McRoberts,PF,30,DAL,2,0,3.0,0.0,0.5,.000,0.0,0.5,.000,0.0,0.0,,.000,0.0,0.0,,0.0,0.0,0.0,0.0,0.0,0.0,0.0,1.0,0.0,2018
15639,333,Jodie Meeks,SG,30,WAS,77,0,14.5,2.0,5.1,.399,0.9,2.7,.343,1.1,2.4,.464,.491,1.3,1.5,.863,0.2,1.4,1.6,0.9,0.4,0.1,0.5,0.7,6.3,2018
15640,334,Salah Mejri,C,31,DAL,61,1,12.0,1.4,2.2,.642,0.0,0.0,.000,1.4,2.2,.657,.642,0.6,1.1,.576,1.4,2.6,4.0,0.6,0.4,1.1,0.6,2.0,3.5,2018
15641,335,Jordan Mickey,PF,23,MIA,23,3,12.3,1.7,3.6,.476,0.1,0.7,.125,1.6,2.9,.561,.488,0.6,0.8,.684,0.8,2.7,3.5,0.4,0.3,0.4,0.8,1.6,4.0,2018
15642,336,Khris Middleton,SF,26,MIL,82,82,36.4,7.2,15.5,.466,1.8,5.0,.359,5.5,10.5,.517,.524,3.9,4.4,.884,0.5,4.7,5.2,4.0,1.5,0.3,2.3,3.3,20.1,2018
15643,337,C.J. Miles,SF,30,TOR,70,3,19.1,3.2,8.6,.379,2.3,6.5,.361,0.9,2.1,.434,.516,1.2,1.4,.835,0.3,1.9,2.2,0.8,0.5,0.3,0.6,1.9,10.0,2018
15644,338,Darius Miller,SF,27,NOP,82,3,23.7,2.6,5.9,.444,1.8,4.4,.411,0.8,1.6,.535,.594,0.7,0.8,.866,0.2,1.8,2.0,1.4,0.3,0.2,0.7,2.0,7.8,2018
15645,339,Malcolm Miller,SF,24,TOR,15,4,8.4,0.9,1.9,.464,0.5,1.4,.381,0.3,0.5,.714,.607,0.3,0.3,1.000,0.3,0.7,1.0,0.2,0.1,0.1,0.3,0.7,2.5,2018
15646,340,Patty Mills,PG,29,SAS,82,36,25.7,3.4,8.3,.411,1.9,5.0,.372,1.5,3.3,.470,.523,1.3,1.4,.890,0.3,1.6,1.9,2.8,0.7,0.1,1.3,1.6,10.0,2018
15647,Rk,Player,Pos,Age,Tm,G,GS,MP,FG,FGA,FG%,3P,3PA,3P%,2P,2PA,2P%,eFG%,FT,FTA,FT%,ORB,DRB,TRB,AST,STL,BLK,TOV,PF,PTS,2018
15648,341,Paul Millsap,PF,32,DEN,38,37,30.1,5.3,11.4,.464,1.0,3.0,.345,4.3,8.5,.506,.509,2.9,4.2,.696,1.7,4.7,6.4,2.8,1.0,1.2,1.9,2.6,14.6,2018
15649,342,Nikola Mirotić,PF,26,TOT,55,14,27.2,5.6,12.4,.447,2.5,6.5,.377,3.1,5.9,.525,.546,2.0,2.5,.818,1.1,6.3,7.4,1.5,0.8,0.7,1.1,2.0,15.6,2018
15650,342,Nikola Mirotić,PF,26,CHI,25,3,24.9,5.7,12.1,.474,2.8,6.4,.429,3.0,5.6,.525,.588,2.6,3.2,.823,0.7,5.6,6.4,1.6,0.6,0.5,1.2,1.8,16.8,2018
15651,342,Nikola Mirotić,PF,26,NOP,30,11,29.1,5.4,12.7,.427,2.2,6.6,.335,3.2,6.2,.524,.513,1.6,1.9,.810,1.4,6.8,8.2,1.4,1.0,0.9,1.0,2.1,14.6,2018
15652,343,Donovan Mitchell,SG,21,UTA,79,71,33.4,7.5,17.2,.437,2.4,7.0,.340,5.2,10.3,.502,.506,3.0,3.8,.805,0.7,3.1,3.7,3.7,1.5,0.3,2.7,2.7,20.5,2018
15653,344,Naz Mitrou-Long,SG,24,UTA,1,0,1.0,1.0,1.0,1.000,1.0,1.0,1.000,0.0,0.0,,1.500,0.0,0.0,,0.0,0.0,0.0,0.0,0.0,0.0,0.0,0.0,3.0,2018
15654,345,Malik Monk,SG,19,CHO,63,0,13.6,2.4,6.7,.360,1.3,3.9,.342,1.1,2.9,.385,.458,0.5,0.6,.842,0.1,0.9,1.0,1.4,0.3,0.1,0.8,1.0,6.7,2018
15655,346,Greg Monroe,C,27,TOT,51,14,20.4,4.3,7.6,.565,0.0,0.0,,4.3,7.6,.565,.565,1.7,2.3,.739,2.1,4.7,6.9,2.2,0.9,0.5,1.8,1.9,10.3,2018
15656,346,Greg Monroe,C,27,MIL,5,0,15.8,3.2,6.6,.485,0.0,0.0,,3.2,6.6,.485,.485,0.4,0.8,.500,1.2,3.8,5.0,1.0,0.0,0.0,1.2,1.4,6.8,2018
15657,346,Greg Monroe,C,27,PHO,20,14,23.3,4.9,7.8,.626,0.0,0.0,,4.9,7.8,.626,.626,1.6,2.3,.674,2.5,5.5,8.0,2.5,0.8,0.3,2.0,2.0,11.3,2018
15658,346,Greg Monroe,C,27,BOS,26,0,19.1,4.0,7.6,.530,0.0,0.0,,4.0,7.6,.530,.530,2.1,2.7,.797,2.0,4.3,6.3,2.3,1.1,0.7,1.8,1.8,10.2,2018
15659,347,Luis Montero,SG,24,DET,2,0,4.0,0.0,0.5,.000,0.0,0.0,,0.0,0.5,.000,.000,0.0,0.0,,0.0,1.0,1.0,0.0,0.0,0.0,1.0,0.0,0.0,2018
15660,348,Ben Moore,PF,22,IND,2,0,4.5,0.0,0.0,,0.0,0.0,,0.0,0.0,,,0.0,0.0,,0.0,0.5,0.5,0.5,0.0,0.0,0.0,2.0,0.0,2018
15661,349,E'Twaun Moore,SG,28,NOP,82,80,31.5,5.2,10.1,.508,1.6,3.7,.425,3.6,6.5,.556,.585,0.6,0.8,.706,0.7,2.2,2.9,2.3,1.0,0.1,1.2,2.2,12.5,2018
15662,350,Eric Moreland,PF,26,DET,67,3,12.0,1.0,1.8,.541,0.0,0.0,,1.0,1.8,.541,.541,0.2,0.4,.379,1.2,2.9,4.1,1.2,0.5,0.8,0.6,1.7,2.1,2018
15663,351,Jaylen Morris,SG,22,ATL,6,0,16.3,2.2,5.3,.406,0.3,1.7,.200,1.8,3.7,.500,.438,0.0,0.0,,0.3,2.3,2.7,1.2,0.3,0.2,1.0,0.3,4.7,2018
15664,352,Marcus Morris,PF,28,BOS,54,21,26.7,4.9,11.3,.429,1.6,4.3,.368,3.3,7.0,.467,.499,2.3,2.9,.805,0.8,4.6,5.4,1.3,0.6,0.2,1.2,1.9,13.6,2018
15665,353,Markieff Morris,PF,28,WAS,73,73,27.0,4.5,9.4,.480,1.0,2.8,.367,3.5,6.6,.529,.536,1.4,1.8,.820,1.0,4.6,5.6,1.9,0.8,0.5,1.7,3.0,11.5,2018
15666,354,Monte Morris,PG,22,DEN,3,0,8.3,1.3,2.0,.667,0.0,0.3,.000,1.3,1.7,.800,.667,0.7,0.7,1.000,0.0,0.7,0.7,2.3,1.0,0.0,0.3,0.3,3.3,2018
15667,355,Johnathan Motley,PF,22,DAL,11,4,16.0,3.6,6.8,.533,0.1,0.5,.167,3.5,6.3,.565,.540,1.4,2.5,.536,1.3,3.2,4.5,0.6,0.3,0.2,0.8,1.6,8.7,2018
15668,356,Timofey Mozgov,C,31,BRK,31,13,11.6,1.7,3.0,.559,0.1,0.6,.222,1.5,2.4,.640,.581,0.7,1.0,.767,1.0,2.1,3.2,0.4,0.2,0.4,1.1,1.3,4.2,2018
15669,357,Emmanuel Mudiay,PG,21,TOT,64,14,19.5,3.2,8.2,.388,0.7,2.3,.318,2.5,5.9,.415,.433,1.5,2.0,.760,0.4,2.0,2.4,3.2,0.6,0.2,1.8,1.3,8.6,2018
15670,357,Emmanuel Mudiay,PG,21,DEN,42,0,17.9,3.1,7.7,.401,0.9,2.4,.373,2.2,5.2,.414,.460,1.5,1.9,.808,0.4,1.9,2.2,2.9,0.5,0.1,1.7,1.1,8.5,2018
15671,357,Emmanuel Mudiay,PG,21,NYK,22,14,22.4,3.4,9.3,.368,0.4,2.1,.196,3.0,7.2,.418,.390,1.6,2.3,.686,0.5,2.2,2.6,3.9,0.9,0.3,1.9,1.5,8.8,2018
15672,358,Shabazz Muhammad,SF-SG,25,TOT,43,2,9.7,2.0,4.4,.447,0.2,0.6,.259,1.8,3.7,.478,.465,0.9,1.2,.780,0.5,1.2,1.8,0.3,0.2,0.1,0.1,0.7,5.0,2018
15673,358,Shabazz Muhammad,SF,25,MIN,32,2,9.4,1.5,3.8,.388,0.1,0.6,.211,1.3,3.2,.422,.405,0.7,1.0,.710,0.5,0.9,1.4,0.2,0.2,0.1,0.2,0.7,3.8,2018
15674,358,Shabazz Muhammad,SG,25,MIL,11,0,10.6,3.4,6.1,.552,0.3,0.7,.375,3.1,5.4,.576,.575,1.5,1.7,.895,0.7,2.1,2.8,0.6,0.4,0.1,0.1,0.6,8.5,2018
15675,359,Xavier Munford,SG,25,MIL,6,0,3.5,0.2,1.0,.167,0.0,0.3,.000,0.2,0.7,.250,.167,0.2,0.3,.500,0.2,0.0,0.2,0.7,0.2,0.0,0.3,0.7,0.5,2018
15676,360,Dejounte Murray,PG,21,SAS,81,48,21.5,3.3,7.5,.443,0.1,0.4,.265,3.2,7.1,.454,.451,1.3,1.8,.709,1.4,4.3,5.7,2.9,1.2,0.4,1.7,1.9,8.1,2018
15677,Rk,Player,Pos,Age,Tm,G,GS,MP,FG,FGA,FG%,3P,3PA,3P%,2P,2PA,2P%,eFG%,FT,FTA,FT%,ORB,DRB,TRB,AST,STL,BLK,TOV,PF,PTS,2018
15678,361,Jamal Murray,PG,20,DEN,81,80,31.7,5.9,13.1,.451,2.0,5.4,.378,3.9,7.7,.502,.529,2.8,3.1,.905,1.0,2.7,3.7,3.4,1.0,0.3,2.1,2.1,16.7,2018
15679,362,Mike Muscala,C,26,ATL,53,7,20.0,2.7,5.9,.458,1.2,3.2,.371,1.5,2.7,.559,.558,1.1,1.2,.919,1.1,3.3,4.3,1.0,0.6,0.5,0.8,1.5,7.6,2018
15680,363,Abdel Nader,SF,24,BOS,48,1,10.9,1.0,3.1,.336,0.5,1.4,.354,0.6,1.8,.321,.413,0.5,0.8,.590,0.3,1.2,1.5,0.5,0.3,0.2,0.7,0.9,3.0,2018
15681,364,Larry Nance Jr.,C,25,TOT,66,27,21.5,3.6,6.3,.581,0.0,0.2,.167,3.6,6.1,.594,.584,1.4,2.1,.664,2.4,4.4,6.8,1.2,1.3,0.6,0.8,2.6,8.7,2018
15682,364,Larry Nance Jr.,C,25,LAL,42,17,22.0,3.6,6.0,.601,0.0,0.1,.250,3.6,5.9,.606,.603,1.3,2.1,.632,2.6,4.2,6.8,1.4,1.4,0.5,1.0,2.7,8.6,2018
15683,364,Larry Nance Jr.,C,25,CLE,24,10,20.8,3.7,6.7,.550,0.0,0.3,.125,3.6,6.3,.572,.553,1.5,2.1,.720,2.2,4.8,7.0,1.0,1.2,0.8,0.4,2.5,8.9,2018
15684,365,Shabazz Napier,PG,26,POR,74,10,20.7,3.0,7.2,.420,1.1,2.9,.376,1.9,4.2,.450,.497,1.6,1.9,.841,0.4,1.9,2.3,2.0,1.1,0.2,1.2,1.1,8.7,2018
15685,366,Jameer Nelson,PG,35,TOT,50,0,20.3,1.9,4.9,.389,0.8,2.5,.331,1.1,2.4,.450,.473,0.3,0.4,.800,0.3,1.8,2.1,3.6,0.5,0.1,1.3,1.6,4.9,2018
15686,366,Jameer Nelson,PG,35,NOP,43,0,20.9,2.0,4.8,.410,0.9,2.6,.364,1.0,2.2,.463,.507,0.3,0.4,.765,0.3,2.0,2.2,3.6,0.5,0.1,1.3,1.6,5.1,2018
15687,366,Jameer Nelson,PG,35,DET,7,0,16.6,1.6,5.6,.282,0.1,2.0,.071,1.4,3.6,.400,.295,0.4,0.4,1.000,0.3,0.9,1.1,3.3,0.6,0.1,1.6,2.0,3.7,2018
15688,367,Raul Neto,PG,25,UTA,41,0,12.1,1.7,3.7,.457,0.5,1.1,.404,1.2,2.5,.481,.520,0.6,0.9,.743,0.2,1.0,1.2,1.8,0.3,0.1,0.9,0.9,4.5,2018
15689,368,Georges Niang,PF,24,UTA,9,0,3.6,0.4,1.2,.364,0.0,0.4,.000,0.4,0.8,.571,.364,0.1,0.2,.500,0.3,0.7,1.0,0.3,0.2,0.0,0.3,0.1,1.0,2018
15690,369,Joakim Noah,C,32,NYK,7,0,5.7,0.7,1.4,.500,0.0,0.0,,0.7,1.4,.500,.500,0.3,0.6,.500,0.9,1.1,2.0,0.6,0.3,0.3,0.6,0.7,1.7,2018
15691,370,Nerlens Noel,C,23,DAL,30,6,15.7,1.8,3.5,.524,0.0,0.0,.000,1.8,3.5,.529,.524,0.7,0.9,.750,1.6,4.0,5.6,0.7,1.0,0.7,0.9,2.0,4.4,2018
15692,371,Lucas Nogueira,C,25,TOR,49,3,8.5,1.0,1.6,.613,0.1,0.4,.263,0.9,1.2,.721,.644,0.4,0.6,.679,0.4,1.4,1.8,0.4,0.5,0.9,0.3,1.0,2.5,2018
15693,372,Dirk Nowitzki,C,39,DAL,77,77,24.7,4.5,9.8,.456,1.8,4.4,.409,2.7,5.5,.494,.547,1.3,1.4,.898,0.3,5.4,5.7,1.6,0.6,0.6,0.7,1.9,12.0,2018
15694,373,Frank Ntilikina,PG,19,NYK,78,9,21.9,2.3,6.4,.364,0.6,2.0,.318,1.7,4.4,.385,.414,0.6,0.9,.721,0.5,1.8,2.3,3.2,0.8,0.2,1.7,2.3,5.9,2018
15695,374,Jusuf Nurkić,C,23,POR,79,79,26.4,6.1,12.0,.505,0.0,0.1,.000,6.1,11.9,.508,.505,2.2,3.5,.630,2.4,6.6,9.0,1.8,0.8,1.4,2.3,3.1,14.3,2018
15696,375,David Nwaba,SG,25,CHI,70,21,23.5,2.9,6.0,.478,0.3,0.7,.346,2.6,5.3,.496,.499,1.9,2.9,.655,1.3,3.4,4.7,1.5,0.8,0.4,1.1,2.3,7.9,2018
15697,376,Johnny O'Bryant,PF,24,CHO,36,0,10.5,1.9,4.8,.398,0.4,1.2,.326,1.5,3.6,.422,.439,0.6,0.7,.840,0.8,1.8,2.6,0.4,0.3,0.2,0.4,1.3,4.8,2018
15698,377,Royce O'Neale,SF,24,UTA,69,4,16.7,1.7,4.1,.423,0.6,1.7,.356,1.1,2.4,.470,.496,0.9,1.1,.803,0.4,3.1,3.4,1.4,0.5,0.2,0.8,1.5,5.0,2018
15699,378,Kyle O'Quinn,C,27,NYK,77,10,18.0,2.9,5.0,.583,0.1,0.2,.235,2.9,4.8,.599,.589,1.3,1.6,.772,1.6,4.5,6.1,2.1,0.5,1.3,1.3,2.5,7.1,2018
15700,379,Semi Ojeleye,PF,23,BOS,73,0,15.8,0.9,2.6,.346,0.5,1.7,.320,0.3,0.9,.397,.452,0.3,0.6,.610,0.5,1.7,2.2,0.3,0.3,0.1,0.3,1.2,2.7,2018
15701,380,Emeka Okafor,C,35,NOP,26,19,13.6,1.8,3.7,.505,0.0,0.0,,1.8,3.7,.505,.505,0.7,0.8,.818,1.8,2.8,4.6,0.3,0.3,1.0,0.5,1.2,4.4,2018
15702,Rk,Player,Pos,Age,Tm,G,GS,MP,FG,FGA,FG%,3P,3PA,3P%,2P,2PA,2P%,eFG%,FT,FTA,FT%,ORB,DRB,TRB,AST,STL,BLK,TOV,PF,PTS,2018
15703,381,Jahlil Okafor,C,22,TOT,28,0,12.6,2.8,4.9,.558,0.0,0.1,.250,2.7,4.8,.567,.562,0.8,1.0,.724,0.8,2.3,3.0,0.4,0.1,0.6,0.8,1.8,6.3,2018
15704,381,Jahlil Okafor,C,22,PHI,2,0,12.5,2.0,4.5,.444,0.0,0.0,,2.0,4.5,.444,.444,1.0,2.0,.500,2.0,2.5,4.5,0.5,0.0,1.0,1.5,3.5,5.0,2018
15705,381,Jahlil Okafor,C,22,BRK,26,0,12.6,2.8,5.0,.566,0.0,0.2,.250,2.8,4.8,.576,.570,0.7,1.0,.760,0.7,2.3,2.9,0.4,0.1,0.6,0.7,1.7,6.4,2018
15706,382,Victor Oladipo,SG,25,IND,75,75,34.0,8.5,17.9,.477,2.1,5.8,.371,6.4,12.1,.528,.537,3.9,4.9,.799,0.6,4.6,5.2,4.3,2.4,0.8,2.9,2.3,23.1,2018
15707,383,Kelly Olynyk,PF,26,MIA,76,22,23.4,4.2,8.4,.497,1.4,3.7,.379,2.8,4.7,.590,.580,1.8,2.3,.770,1.2,4.5,5.7,2.7,0.8,0.5,1.9,2.9,11.5,2018
15708,384,Chinanu Onuaku,C,21,HOU,1,0,22.0,2.0,5.0,.400,0.0,0.0,,2.0,5.0,.400,.400,0.0,0.0,,1.0,3.0,4.0,1.0,0.0,0.0,3.0,4.0,4.0,2018
15709,385,Cedi Osman,SF,22,CLE,61,12,11.0,1.5,3.0,.484,0.5,1.4,.368,1.0,1.6,.586,.570,0.4,0.8,.565,0.3,1.7,2.0,0.7,0.4,0.0,0.5,1.3,3.9,2018
15710,386,Kelly Oubre Jr.,SF,22,WAS,81,11,27.5,3.9,9.8,.403,1.6,4.6,.341,2.4,5.2,.456,.482,2.4,2.9,.820,0.7,3.8,4.5,1.2,1.0,0.4,1.1,2.9,11.8,2018
15711,387,Zaza Pachulia,C,33,GSW,69,57,14.1,2.2,3.8,.564,0.0,0.0,.000,2.2,3.8,.567,.564,1.1,1.3,.806,1.3,3.4,4.7,1.6,0.6,0.2,1.0,1.8,5.4,2018
15712,388,Marcus Paige,PG,24,CHO,5,0,5.6,0.8,2.8,.286,0.4,1.6,.250,0.4,1.2,.333,.357,0.4,0.4,1.000,0.0,0.8,0.8,0.6,0.0,0.0,0.0,0.0,2.4,2018
15713,389,Georgios Papagiannis,C,20,TOT,17,0,7.2,1.1,2.5,.429,0.0,0.0,,1.1,2.5,.429,.429,0.0,0.0,,0.8,1.4,2.2,0.5,0.2,0.4,0.5,0.7,2.1,2018
15714,389,Georgios Papagiannis,C,20,SAC,16,0,7.4,1.1,2.6,.415,0.0,0.0,,1.1,2.6,.415,.415,0.0,0.0,,0.8,1.5,2.3,0.6,0.1,0.4,0.5,0.8,2.1,2018
15715,389,Georgios Papagiannis,C,20,POR,1,0,4.0,1.0,1.0,1.000,0.0,0.0,,1.0,1.0,1.000,1.000,0.0,0.0,,1.0,0.0,1.0,0.0,2.0,0.0,0.0,0.0,2.0,2018
15716,390,Jabari Parker,PF,22,MIL,31,3,24.0,5.2,10.7,.482,1.0,2.6,.383,4.2,8.1,.514,.529,1.3,1.7,.741,1.4,3.5,4.9,1.9,0.8,0.3,1.5,1.6,12.6,2018
15717,391,Tony Parker,PG,35,SAS,55,21,19.5,3.2,7.1,.459,0.2,0.7,.270,3.1,6.4,.479,.472,1.0,1.4,.705,0.1,1.6,1.7,3.5,0.5,0.0,1.2,0.9,7.7,2018
15718,392,Chandler Parsons,SF,29,MEM,36,8,19.2,3.0,6.5,.462,1.4,3.4,.421,1.6,3.1,.504,.571,0.5,0.8,.630,0.4,2.1,2.5,1.9,0.5,0.3,1.0,1.5,7.9,2018
15719,393,Patrick Patterson,PF,28,OKC,82,3,15.5,1.3,3.2,.398,0.8,2.1,.386,0.5,1.2,.421,.523,0.5,0.6,.870,0.4,2.0,2.4,0.7,0.6,0.3,0.4,1.1,3.9,2018
15720,394,Justin Patton,C,20,MIN,1,0,4.0,1.0,2.0,.500,0.0,0.0,,1.0,2.0,.500,.500,0.0,0.0,,0.0,0.0,0.0,0.0,1.0,0.0,0.0,1.0,2.0,2018
15721,395,Brandon Paul,SG,26,SAS,64,2,9.0,0.9,2.0,.433,0.2,0.8,.278,0.6,1.1,.548,.492,0.3,0.7,.512,0.1,1.0,1.1,0.6,0.4,0.1,0.5,0.9,2.3,2018
15722,396,Chris Paul,PG,32,HOU,58,58,31.8,6.3,13.8,.460,2.5,6.5,.380,3.8,7.2,.532,.550,3.5,3.8,.919,0.6,4.8,5.4,7.9,1.7,0.2,2.2,2.4,18.6,2018
15723,397,Adreian Payne,PF,26,ORL,5,0,8.6,1.4,2.0,.700,0.4,0.6,.667,1.0,1.4,.714,.800,1.0,1.2,.833,0.4,1.4,1.8,0.0,0.4,0.0,0.4,1.2,4.2,2018
15724,398,Cameron Payne,PG,23,CHI,25,14,23.3,3.5,8.6,.405,1.4,3.6,.385,2.1,5.0,.419,.486,0.5,0.6,.750,0.7,2.0,2.8,4.5,1.0,0.4,1.4,1.8,8.8,2018
15725,399,Elfrid Payton,PG,23,TOT,63,63,28.7,5.2,10.6,.493,0.5,1.5,.326,4.7,9.1,.520,.516,1.7,2.7,.649,1.0,3.3,4.3,6.2,1.3,0.3,2.7,2.3,12.7,2018
15726,399,Elfrid Payton,PG,23,ORL,44,44,28.6,5.4,10.4,.520,0.6,1.5,.373,4.8,8.9,.545,.547,1.6,2.6,.632,1.1,2.9,4.0,6.3,1.5,0.4,2.6,2.2,13.0,2018
15727,399,Elfrid Payton,PG,23,PHO,19,19,29.0,4.8,11.0,.435,0.3,1.3,.200,4.5,9.7,.467,.447,1.9,2.8,.685,0.9,4.4,5.3,6.2,1.0,0.3,2.8,2.6,11.8,2018
15728,400,Gary Payton II,PG,25,TOT,23,6,9.6,1.3,3.2,.405,0.3,1.1,.240,1.0,2.1,.490,.446,0.1,0.4,.333,0.6,1.3,1.9,0.9,0.3,0.1,0.3,1.3,3.0,2018
15729,400,Gary Payton II,PG,25,MIL,12,6,8.8,1.1,2.8,.394,0.2,1.0,.167,0.9,1.8,.524,.424,0.2,0.3,.667,0.3,1.1,1.4,0.8,0.3,0.1,0.3,1.4,2.5,2018
15730,400,Gary Payton II,PG,25,LAL,11,0,10.5,1.5,3.7,.415,0.4,1.2,.308,1.2,2.5,.464,.463,0.1,0.5,.167,0.8,1.6,2.5,1.1,0.4,0.2,0.4,1.2,3.5,2018
15731,Rk,Player,Pos,Age,Tm,G,GS,MP,FG,FGA,FG%,3P,3PA,3P%,2P,2PA,2P%,eFG%,FT,FTA,FT%,ORB,DRB,TRB,AST,STL,BLK,TOV,PF,PTS,2018
15732,401,Kendrick Perkins,C,33,CLE,1,0,15.0,1.0,2.0,.500,0.0,0.0,,1.0,2.0,.500,.500,1.0,2.0,.500,0.0,1.0,1.0,2.0,1.0,0.0,1.0,1.0,3.0,2018
15733,402,London Perrantes,PG,23,CLE,14,0,4.7,0.1,0.9,.154,0.0,0.2,.000,0.1,0.7,.200,.154,0.2,0.4,.600,0.1,0.2,0.3,0.4,0.1,0.1,0.1,0.4,0.5,2018
15734,403,Alec Peters,PF,22,PHO,20,0,11.3,1.4,3.7,.378,0.9,2.9,.310,0.5,0.8,.625,.500,0.4,0.5,.800,0.4,1.5,1.9,0.6,0.1,0.1,0.2,0.7,4.1,2018
15735,404,Marshall Plumlee,C,25,MIL,8,0,6.5,0.1,0.4,.333,0.0,0.0,,0.1,0.4,.333,.333,1.5,2.0,.750,0.5,1.6,2.1,0.3,0.0,0.1,0.4,1.3,1.8,2018
15736,405,Mason Plumlee,C,27,DEN,74,26,19.4,3.0,5.0,.601,0.0,0.0,.000,3.0,5.0,.602,.601,1.1,2.4,.458,1.8,3.6,5.4,1.9,0.7,1.1,1.4,2.5,7.1,2018
15737,406,Miles Plumlee,C,29,ATL,55,35,16.7,1.9,3.3,.583,0.0,0.0,,1.9,3.3,.583,.583,0.5,1.1,.450,1.4,2.7,4.1,0.8,0.3,0.5,1.1,1.4,4.3,2018
15738,407,Jakob Poeltl,C,22,TOR,82,0,18.6,3.1,4.7,.659,0.0,0.0,.500,3.1,4.7,.660,.660,0.7,1.2,.594,2.0,2.8,4.8,0.7,0.5,1.2,1.0,2.6,6.9,2018
15739,408,Quincy Pondexter,SF,29,CHI,23,1,8.5,0.6,2.1,.286,0.1,1.0,.136,0.5,1.2,.407,.316,0.6,0.7,.824,0.3,0.8,1.2,0.4,0.3,0.1,0.5,1.0,2.0,2018
15740,409,Otto Porter Jr.,SF,24,WAS,77,77,31.6,5.8,11.5,.503,1.8,4.1,.441,4.0,7.4,.537,.581,1.4,1.7,.828,1.3,5.1,6.4,2.0,1.5,0.5,1.0,2.0,14.7,2018
15741,410,Bobby Portis,PF,22,CHI,73,4,22.5,5.2,11.1,.471,1.1,3.1,.359,4.1,8.1,.514,.520,1.6,2.1,.769,2.2,4.6,6.8,1.7,0.7,0.3,1.4,1.8,13.2,2018
15742,411,Kristaps Porziņģis,PF,22,NYK,48,48,32.4,8.1,18.5,.439,1.9,4.8,.395,6.3,13.8,.454,.489,4.5,5.7,.793,1.3,5.3,6.6,1.2,0.8,2.4,1.9,2.9,22.7,2018
15743,412,Dwight Powell,C,26,DAL,79,25,21.2,3.2,5.4,.593,0.4,1.1,.333,2.9,4.4,.656,.626,1.7,2.3,.719,1.7,3.9,5.6,1.2,0.8,0.4,0.7,2.4,8.5,2018
15744,413,Norman Powell,SG,24,TOR,70,18,15.2,2.1,5.3,.401,0.8,2.7,.285,1.4,2.7,.516,.472,0.5,0.6,.821,0.2,1.5,1.7,1.3,0.5,0.2,0.9,1.6,5.5,2018
15745,414,Alex Poythress,PF,24,IND,25,0,4.2,0.4,1.0,.423,0.2,0.4,.364,0.3,0.6,.467,.500,0.0,0.0,,0.3,0.4,0.7,0.1,0.1,0.0,0.1,0.6,1.0,2018
15746,415,Taurean Prince,SF,23,ATL,82,82,30.0,5.1,11.9,.426,2.1,5.6,.385,2.9,6.3,.461,.516,1.9,2.2,.844,0.6,4.1,4.7,2.6,1.0,0.5,2.3,2.0,14.1,2018
15747,416,Jacob Pullen,PG,28,PHI,3,0,2.0,0.3,0.7,.500,0.0,0.3,.000,0.3,0.3,1.000,.500,0.0,0.0,,0.0,0.0,0.0,0.0,0.0,0.0,0.3,0.0,0.7,2018
15748,417,Rodney Purvis,SG,23,ORL,16,2,18.1,2.2,6.7,.327,0.8,3.3,.250,1.4,3.4,.400,.388,0.8,0.9,.867,0.1,1.6,1.7,1.1,0.2,0.2,0.6,1.6,6.0,2018
15749,418,Zhou Qi,C,22,HOU,18,0,6.9,0.3,1.8,.188,0.1,1.1,.105,0.2,0.7,.308,.219,0.4,0.7,.667,0.3,0.9,1.2,0.1,0.1,0.8,0.6,0.8,1.2,2018
15750,419,Tim Quarterman,SG,23,HOU,3,0,4.3,0.3,1.0,.333,0.0,0.7,.000,0.3,0.3,1.000,.333,0.7,0.7,1.000,0.0,1.0,1.0,0.3,0.0,0.0,0.7,0.3,1.3,2018
15751,420,Ivan Rabb,PF,20,MEM,36,5,14.3,2.4,4.2,.566,0.0,0.0,,2.4,4.2,.566,.566,0.8,1.0,.806,1.5,2.9,4.4,0.9,0.3,0.4,1.0,1.5,5.6,2018
15752,Rk,Player,Pos,Age,Tm,G,GS,MP,FG,FGA,FG%,3P,3PA,3P%,2P,2PA,2P%,eFG%,FT,FTA,FT%,ORB,DRB,TRB,AST,STL,BLK,TOV,PF,PTS,2018
15753,421,Julius Randle,C,23,LAL,82,49,26.7,6.1,11.0,.558,0.1,0.5,.222,6.0,10.5,.575,.563,3.7,5.2,.718,2.2,5.8,8.0,2.6,0.5,0.5,2.6,3.3,16.1,2018
15754,422,Zach Randolph,PF,36,SAC,59,57,25.6,6.1,12.9,.473,0.9,2.5,.347,5.3,10.4,.503,.507,1.4,1.8,.785,1.6,5.1,6.7,2.2,0.7,0.2,2.0,2.0,14.5,2018
15755,423,Xavier Rathan-Mayes,SG,23,MEM,5,0,23.6,2.4,8.4,.286,0.2,2.8,.071,2.2,5.6,.393,.298,0.8,1.8,.444,0.0,1.0,1.0,3.6,1.2,0.6,2.2,3.6,5.8,2018
15756,424,J.J. Redick,SG,33,PHI,70,70,30.2,5.8,12.6,.460,2.8,6.6,.420,3.0,6.0,.504,.569,2.8,3.1,.904,0.1,2.4,2.5,3.0,0.5,0.1,1.5,1.8,17.1,2018
15757,425,Davon Reed,SG,22,PHO,21,1,11.5,1.0,3.6,.289,0.5,1.8,.289,0.5,1.8,.289,.362,0.4,0.6,.667,0.1,1.8,1.9,0.6,0.5,0.1,0.5,0.8,3.0,2018
15758,426,Willie Reed,C,27,TOT,42,5,10.2,1.9,2.9,.669,0.0,0.0,.500,1.9,2.8,.672,.674,0.8,1.3,.582,0.8,2.0,2.9,0.2,0.2,0.5,0.5,1.3,4.6,2018
15759,426,Willie Reed,C,27,LAC,39,5,10.7,2.1,3.1,.667,0.0,0.1,.500,2.0,3.0,.669,.671,0.8,1.4,.582,0.9,2.2,3.1,0.2,0.2,0.6,0.5,1.4,4.9,2018
15760,426,Willie Reed,C,27,DET,3,0,3.0,0.3,0.3,1.000,0.0,0.0,,0.3,0.3,1.000,1.000,0.0,0.0,,0.0,0.3,0.3,0.3,0.0,0.0,0.0,1.0,0.7,2018
15761,427,Josh Richardson,SF,24,MIA,81,81,33.2,4.9,10.9,.451,1.6,4.1,.378,3.4,6.8,.495,.523,1.5,1.8,.845,0.9,2.7,3.5,2.9,1.5,0.9,1.7,2.5,12.9,2018
15762,428,Malachi Richardson,SG,22,TOT,26,4,12.5,1.2,3.5,.333,0.5,1.5,.300,0.7,1.9,.360,.400,0.7,0.8,.773,0.2,1.1,1.3,0.5,0.4,0.0,0.4,1.0,3.4,2018
15763,428,Malachi Richardson,SG,22,SAC,25,4,12.8,1.2,3.5,.330,0.5,1.6,.308,0.7,2.0,.347,.398,0.7,0.9,.773,0.2,1.1,1.3,0.5,0.4,0.0,0.4,1.1,3.5,2018
15764,428,Malachi Richardson,SG,22,TOR,1,0,5.0,1.0,2.0,.500,0.0,1.0,.000,1.0,1.0,1.000,.500,0.0,0.0,,0.0,1.0,1.0,0.0,0.0,0.0,0.0,0.0,2.0,2018
15765,429,Austin Rivers,SG,25,LAC,61,59,33.7,5.6,13.2,.424,2.2,5.9,.378,3.4,7.3,.461,.508,1.7,2.6,.642,0.4,1.9,2.4,4.0,1.2,0.3,1.8,2.5,15.1,2018
15766,430,Andre Roberson,SG,26,OKC,39,39,26.6,2.2,4.2,.537,0.2,0.9,.222,2.0,3.2,.627,.562,0.3,1.0,.316,1.9,2.8,4.7,1.2,1.2,0.9,0.8,2.3,5.0,2018
15767,431,Devin Robinson,SF,22,WAS,1,0,13.0,1.0,3.0,.333,0.0,0.0,,1.0,3.0,.333,.333,0.0,0.0,,2.0,3.0,5.0,0.0,1.0,0.0,0.0,2.0,2.0,2018
15768,432,Glenn Robinson III,SF,24,IND,23,1,14.7,1.6,3.7,.424,0.6,1.5,.412,1.0,2.2,.431,.506,0.4,0.5,.818,0.5,1.1,1.6,0.7,0.6,0.0,0.2,0.6,4.1,2018
15769,433,Rajon Rondo,PG,31,NOP,65,63,26.2,3.6,7.6,.468,0.8,2.3,.333,2.8,5.3,.526,.518,0.4,0.7,.543,0.5,3.6,4.0,8.2,1.1,0.2,2.3,1.8,8.3,2018
15770,434,Derrick Rose,PG,29,TOT,25,7,16.8,3.2,7.4,.435,0.3,1.2,.233,3.0,6.2,.474,.454,1.6,1.8,.870,0.5,0.9,1.4,1.5,0.3,0.2,1.4,0.6,8.4,2018
15771,434,Derrick Rose,PG,29,CLE,16,7,19.3,3.6,8.3,.439,0.4,1.5,.250,3.3,6.8,.481,.462,2.2,2.6,.854,0.6,1.2,1.8,1.6,0.2,0.3,1.8,0.9,9.8,2018
15772,434,Derrick Rose,PG,29,MIN,9,0,12.4,2.6,6.0,.426,0.1,0.7,.167,2.4,5.3,.458,.435,0.6,0.6,1.000,0.3,0.3,0.7,1.2,0.4,0.0,0.8,0.2,5.8,2018
15773,435,Terrence Ross,SG,26,ORL,24,20,25.0,3.2,8.0,.398,1.3,3.9,.323,1.9,4.1,.469,.476,1.1,1.5,.750,0.4,2.6,3.0,1.6,1.1,0.5,1.2,1.9,8.7,2018
15774,436,Terry Rozier,PG,23,BOS,80,16,25.9,4.0,10.0,.395,1.9,5.0,.381,2.0,5.0,.410,.491,1.4,1.9,.772,0.8,3.9,4.7,2.9,1.0,0.2,1.0,1.5,11.3,2018
15775,437,Ricky Rubio,PG,27,UTA,77,77,29.3,4.5,10.7,.418,1.2,3.5,.352,3.2,7.2,.451,.476,2.9,3.3,.866,0.6,4.0,4.6,5.3,1.6,0.1,2.7,2.7,13.1,2018
15776,438,D'Angelo Russell,PG,21,BRK,48,35,25.7,5.8,14.0,.414,1.9,5.8,.324,3.9,8.2,.477,.481,2.0,2.7,.740,0.6,3.3,3.9,5.2,0.8,0.4,3.1,1.9,15.5,2018
15777,439,Domantas Sabonis,C,21,IND,74,19,24.5,4.6,8.9,.514,0.2,0.5,.351,4.4,8.4,.524,.524,2.3,3.0,.750,2.2,5.5,7.7,2.0,0.5,0.4,1.9,3.0,11.6,2018
15778,440,JaKarr Sampson,SF,24,SAC,22,6,15.6,2.0,3.7,.543,0.2,0.5,.500,1.8,3.2,.549,.574,0.5,0.7,.625,1.0,2.6,3.5,0.4,0.4,1.0,0.4,2.2,4.7,2018
15779,Rk,Player,Pos,Age,Tm,G,GS,MP,FG,FGA,FG%,3P,3PA,3P%,2P,2PA,2P%,eFG%,FT,FTA,FT%,ORB,DRB,TRB,AST,STL,BLK,TOV,PF,PTS,2018
15780,441,Dario Šarić,PF,23,PHI,78,73,29.6,5.2,11.4,.453,2.0,5.1,.393,3.2,6.3,.501,.541,2.3,2.7,.860,2.0,4.7,6.7,2.6,0.7,0.3,1.9,2.1,14.6,2018
15781,442,Tomáš Satoranský,SG,26,WAS,73,30,22.5,2.8,5.3,.523,0.6,1.4,.465,2.1,3.9,.544,.585,1.0,1.3,.781,1.0,2.2,3.2,3.9,0.7,0.2,1.1,1.8,7.2,2018
15782,443,Dennis Schröder,PG,24,ATL,67,67,31.0,7.5,17.1,.436,1.1,3.9,.290,6.3,13.2,.480,.469,3.4,4.0,.849,0.7,2.4,3.1,6.2,1.1,0.1,2.7,2.2,19.4,2018
15783,444,Mike Scott,PF,29,WAS,76,1,18.5,3.6,6.9,.527,0.9,2.1,.405,2.8,4.8,.582,.590,0.7,1.0,.658,0.7,2.6,3.3,1.1,0.3,0.1,1.0,1.9,8.8,2018
15784,445,Thabo Sefolosha,SF,33,UTA,38,6,21.2,3.1,6.3,.492,0.8,2.2,.381,2.3,4.1,.551,.558,1.2,1.4,.815,0.8,3.5,4.2,0.9,1.4,0.3,0.8,1.6,8.2,2018
15785,446,Wayne Selden,SG,23,MEM,35,9,19.8,3.3,7.7,.431,1.4,3.5,.402,1.9,4.2,.456,.522,1.3,1.7,.746,0.5,1.1,1.6,1.9,0.5,0.1,1.5,1.7,9.3,2018
15786,447,Ramon Sessions,PG,31,TOT,28,3,14.0,1.5,4.2,.359,0.3,0.9,.308,1.2,3.3,.374,.393,1.6,2.0,.772,0.2,1.1,1.4,2.8,0.5,0.1,1.1,1.0,4.9,2018
15787,447,Ramon Sessions,PG,31,NYK,13,3,12.8,1.3,4.1,.321,0.2,0.8,.182,1.2,3.2,.357,.340,0.9,1.2,.800,0.1,1.3,1.4,2.1,0.5,0.1,1.2,1.1,3.7,2018
15788,447,Ramon Sessions,PG,31,WAS,15,0,15.0,1.7,4.3,.391,0.4,1.0,.400,1.3,3.3,.388,.438,2.1,2.8,.762,0.3,1.0,1.3,3.3,0.5,0.1,1.0,1.0,5.9,2018
15789,448,Iman Shumpert,SG,27,CLE,14,6,19.7,1.6,4.1,.379,0.5,1.9,.269,1.1,2.3,.469,.440,0.8,1.1,.733,0.5,2.4,2.9,1.2,0.6,0.3,1.1,1.6,4.4,2018
15790,449,Pascal Siakam,PF,23,TOR,81,5,20.7,3.1,6.1,.508,0.4,1.6,.220,2.8,4.5,.612,.537,0.7,1.1,.621,1.0,3.5,4.5,2.0,0.8,0.5,0.8,2.0,7.3,2018
15791,450,Xavier Silas,SG,30,BOS,2,0,3.5,0.0,1.5,.000,0.0,1.0,.000,0.0,0.5,.000,.000,0.0,0.0,,0.5,0.5,1.0,0.0,0.5,0.0,0.0,0.5,0.0,2018
15792,451,Ben Simmons,PG,21,PHI,81,81,33.7,6.7,12.3,.545,0.0,0.1,.000,6.7,12.2,.551,.545,2.4,4.2,.560,1.8,6.3,8.1,8.2,1.7,0.9,3.4,2.6,15.8,2018
15793,452,Jonathon Simmons,SG,28,ORL,69,50,29.4,5.1,11.0,.465,1.0,3.0,.338,4.1,8.1,.512,.511,2.7,3.5,.768,0.9,2.6,3.5,2.5,0.8,0.2,2.1,2.5,13.9,2018
15794,453,Kobi Simmons,PG,20,MEM,32,12,20.1,2.5,5.9,.423,0.3,1.2,.282,2.2,4.7,.460,.452,0.8,0.8,1.000,0.4,1.1,1.6,2.1,0.6,0.2,1.4,1.9,6.1,2018
15795,454,Kyle Singler,SF,29,OKC,12,0,4.9,0.6,1.8,.333,0.2,0.4,.400,0.4,1.3,.313,.381,0.6,1.1,.538,0.1,0.8,0.8,0.2,0.1,0.0,0.3,0.3,1.9,2018
15796,455,Marcus Smart,SG,23,BOS,54,11,29.9,3.5,9.5,.367,1.4,4.6,.301,2.1,4.9,.429,.440,1.8,2.5,.729,0.8,2.7,3.5,4.8,1.3,0.4,2.4,2.5,10.2,2018
15797,456,Dennis Smith Jr.,PG,20,DAL,69,69,29.7,5.9,14.8,.395,1.5,4.9,.313,4.3,9.9,.435,.446,1.9,2.8,.694,0.7,3.0,3.8,5.2,1.0,0.3,2.8,2.2,15.2,2018
15798,457,Ish Smith,PG,29,DET,82,35,24.9,4.7,9.8,.486,0.4,1.2,.347,4.3,8.5,.506,.507,1.0,1.4,.698,0.3,2.4,2.7,4.4,0.8,0.2,1.3,1.7,10.9,2018
15799,458,J.R. Smith,SG,32,CLE,80,61,28.1,3.0,7.4,.403,1.8,4.8,.375,1.2,2.7,.453,.524,0.5,0.7,.696,0.4,2.6,2.9,1.8,0.9,0.1,1.0,2.0,8.3,2018
15800,459,Jason Smith,C,31,WAS,33,2,8.6,1.4,3.5,.391,0.1,1.0,.125,1.2,2.5,.494,.409,0.6,0.6,.905,0.5,1.1,1.6,0.4,0.1,0.4,0.5,1.3,3.4,2018
15801,460,Josh Smith,PF,32,NOP,3,0,4.0,0.3,1.3,.250,0.0,0.0,,0.3,1.3,.250,.250,0.0,0.0,,1.0,0.3,1.3,0.0,0.0,0.0,0.0,1.0,0.7,2018
15802,Rk,Player,Pos,Age,Tm,G,GS,MP,FG,FGA,FG%,3P,3PA,3P%,2P,2PA,2P%,eFG%,FT,FTA,FT%,ORB,DRB,TRB,AST,STL,BLK,TOV,PF,PTS,2018
15803,461,Tony Snell,SG,26,MIL,75,59,27.4,2.5,5.7,.435,1.4,3.6,.403,1.0,2.1,.490,.562,0.5,0.6,.792,0.1,1.8,1.9,1.3,0.6,0.4,0.5,1.5,6.9,2018
15804,462,Marreese Speights,C,30,ORL,52,3,13.0,2.7,6.7,.395,1.7,4.5,.369,1.0,2.2,.448,.519,0.8,1.1,.727,0.4,2.2,2.6,0.8,0.2,0.4,0.8,2.0,7.7,2018
15805,463,Nik Stauskas,SG,24,TOT,41,0,12.8,1.5,3.8,.390,1.0,2.4,.400,0.5,1.3,.370,.519,0.5,0.7,.724,0.1,1.5,1.6,1.0,0.2,0.1,0.6,0.6,4.4,2018
15806,463,Nik Stauskas,SG,24,PHI,6,0,7.5,0.2,0.7,.250,0.0,0.2,.000,0.2,0.5,.333,.250,0.3,0.3,1.000,0.0,0.2,0.2,0.2,0.7,0.0,0.7,0.5,0.7,2018
15807,463,Nik Stauskas,SG,24,BRK,35,0,13.7,1.7,4.3,.393,1.1,2.8,.404,0.5,1.5,.373,.527,0.5,0.8,.704,0.1,1.7,1.8,1.1,0.1,0.1,0.6,0.6,5.1,2018
15808,464,Lance Stephenson,SG,27,IND,82,7,22.6,3.7,8.6,.427,0.8,2.8,.289,2.9,5.8,.495,.475,1.0,1.5,.661,0.8,4.4,5.2,2.9,0.6,0.2,1.6,2.2,9.2,2018
15809,465,David Stockton,PG,26,UTA,3,0,3.0,0.7,1.0,.667,0.7,1.0,.667,0.0,0.0,,1.000,1.3,1.3,1.000,0.0,0.0,0.0,0.0,0.0,0.0,0.3,1.0,3.3,2018
15810,466,Julyan Stone,SG,29,CHO,23,0,7.6,0.3,0.6,.462,0.3,0.6,.462,0.0,0.0,,.692,0.0,0.1,.500,0.0,1.2,1.3,1.1,0.2,0.1,0.3,0.9,0.8,2018
15811,467,Edmond Sumner,PG,22,IND,1,0,2.0,1.0,1.0,1.000,0.0,0.0,,1.0,1.0,1.000,1.000,0.0,0.0,,0.0,1.0,1.0,0.0,0.0,0.0,0.0,1.0,2.0,2018
15812,468,Caleb Swanigan,PF,20,POR,27,3,7.0,0.9,2.2,.400,0.0,0.3,.125,0.9,1.9,.442,.408,0.4,0.7,.667,0.6,1.4,2.0,0.5,0.2,0.1,0.7,1.4,2.3,2018
15813,469,Jayson Tatum,SF,19,BOS,80,80,30.5,5.0,10.4,.475,1.3,3.0,.434,3.7,7.4,.492,.538,2.7,3.2,.826,0.6,4.4,5.0,1.6,1.0,0.7,1.4,2.1,13.9,2018
15814,470,Isaiah Taylor,PG,23,ATL,67,9,17.4,2.4,5.8,.418,0.3,1.2,.250,2.1,4.6,.461,.444,1.5,2.1,.702,0.3,1.1,1.4,3.1,0.5,0.1,1.3,1.7,6.6,2018
15815,471,Jeff Teague,PG,29,MIN,70,70,33.0,5.1,11.3,.446,1.2,3.3,.368,3.9,8.1,.477,.499,2.9,3.4,.845,0.3,2.6,3.0,7.0,1.5,0.3,2.5,2.4,14.2,2018
15816,472,Marquis Teague,PG,24,MEM,3,0,24.7,1.3,5.3,.250,0.3,1.3,.250,1.0,4.0,.250,.281,0.7,1.7,.400,0.3,1.7,2.0,4.3,1.3,0.0,1.0,1.7,3.7,2018
15817,473,Mirza Teletović,PF,32,MIL,10,0,15.9,2.5,5.7,.439,2.1,4.5,.467,0.4,1.2,.333,.623,0.0,0.0,,0.3,2.0,2.3,1.0,0.4,0.1,0.7,1.4,7.1,2018
15818,474,Garrett Temple,SG,31,SAC,65,35,24.8,3.1,7.3,.418,1.4,3.5,.392,1.7,3.8,.442,.512,0.9,1.2,.769,0.3,2.0,2.3,1.9,0.9,0.4,1.2,2.1,8.4,2018
15819,475,Miloš Teodosić,PG,30,LAC,45,36,25.2,3.4,8.0,.419,2.0,5.2,.379,1.4,2.8,.492,.542,0.9,1.0,.848,0.4,2.4,2.8,4.6,0.5,0.1,2.2,2.3,9.5,2018
15820,476,Jason Terry,SG,40,MIL,51,4,16.0,1.2,3.0,.383,0.8,2.3,.348,0.4,0.8,.487,.513,0.2,0.2,.889,0.1,0.8,0.9,1.2,0.8,0.3,0.5,1.0,3.3,2018
15821,477,Daniel Theis,C,25,BOS,63,3,14.9,2.0,3.7,.541,0.3,0.9,.310,1.7,2.8,.617,.579,1.0,1.3,.753,1.4,2.9,4.3,0.9,0.5,0.8,0.9,2.5,5.3,2018
15822,478,Isaiah Thomas,PG,28,TOT,32,15,26.9,4.9,13.2,.373,1.7,5.9,.293,3.2,7.3,.438,.438,3.7,4.1,.893,0.5,1.6,2.1,4.8,0.5,0.1,3.0,1.8,15.2,2018
15823,478,Isaiah Thomas,PG,28,CLE,15,14,27.1,4.7,12.9,.361,1.5,5.8,.253,3.2,7.1,.449,.418,3.9,4.5,.868,0.5,1.6,2.1,4.5,0.6,0.1,2.7,1.7,14.7,2018
15824,478,Isaiah Thomas,PG,28,LAL,17,1,26.8,5.1,13.4,.383,1.9,5.9,.327,3.2,7.4,.429,.456,3.4,3.7,.921,0.6,1.5,2.1,5.0,0.4,0.1,3.2,1.9,15.6,2018
15825,479,Lance Thomas,PF,29,NYK,73,31,18.5,1.4,3.7,.382,0.7,1.7,.403,0.7,2.0,.364,.476,0.6,0.7,.830,0.6,1.8,2.4,0.6,0.4,0.2,0.5,1.8,4.1,2018
15826,480,Klay Thompson,SG,27,GSW,73,73,34.3,7.9,16.2,.488,3.1,7.1,.440,4.7,9.0,.526,.585,1.1,1.3,.837,0.4,3.4,3.8,2.5,0.8,0.5,1.8,1.6,20.0,2018
15827,Rk,Player,Pos,Age,Tm,G,GS,MP,FG,FGA,FG%,3P,3PA,3P%,2P,2PA,2P%,eFG%,FT,FTA,FT%,ORB,DRB,TRB,AST,STL,BLK,TOV,PF,PTS,2018
15828,481,Tristan Thompson,C,26,CLE,53,22,20.2,2.5,4.4,.562,0.0,0.0,,2.5,4.4,.562,.562,0.8,1.5,.544,2.4,4.3,6.6,0.6,0.3,0.3,0.7,1.9,5.8,2018
15829,482,Sindarius Thornwell,SG,23,LAC,73,17,15.8,1.4,3.2,.429,0.3,0.8,.377,1.1,2.4,.448,.479,0.8,1.2,.670,0.5,1.5,1.9,0.9,0.7,0.3,0.7,1.7,3.9,2018
15830,483,Anthony Tolliver,PF,32,DET,79,14,22.2,2.8,6.0,.464,2.0,4.6,.436,0.8,1.4,.561,.632,1.3,1.7,.797,0.6,2.4,3.1,1.1,0.4,0.3,0.7,1.8,8.9,2018
15831,484,Karl-Anthony Towns,C,22,MIN,82,82,35.6,7.8,14.3,.545,1.5,3.5,.421,6.3,10.8,.585,.596,4.2,4.9,.858,2.9,9.4,12.3,2.4,0.8,1.4,1.9,3.5,21.3,2018
15832,485,P.J. Tucker,PF,32,HOU,82,34,27.8,2.1,5.4,.390,1.4,3.8,.371,0.7,1.6,.435,.520,0.5,0.7,.717,1.1,4.4,5.6,0.9,1.0,0.3,0.9,2.5,6.1,2018
15833,486,Evan Turner,SF,29,POR,79,40,25.7,3.3,7.3,.447,0.5,1.7,.318,2.7,5.6,.485,.484,1.2,1.4,.850,0.4,2.7,3.1,2.2,0.6,0.4,1.3,2.1,8.2,2018
15834,487,Myles Turner,C,21,IND,65,62,28.2,4.7,9.8,.479,0.9,2.4,.357,3.8,7.4,.519,.523,2.5,3.2,.777,1.4,5.0,6.4,1.3,0.6,1.8,1.5,2.9,12.7,2018
15835,488,Ekpe Udoh,C,30,UTA,63,3,12.9,1.0,1.9,.500,0.0,0.0,.000,1.0,1.9,.504,.500,0.7,0.9,.750,1.1,1.3,2.4,0.8,0.7,1.2,0.3,1.7,2.6,2018
15836,489,Tyler Ulis,PG,22,PHO,71,43,23.4,3.0,7.8,.388,0.6,2.1,.288,2.4,5.7,.425,.426,1.2,1.4,.832,0.3,1.5,1.8,4.4,1.0,0.1,1.8,1.7,7.8,2018
15837,490,Jonas Valančiūnas,C,25,TOR,77,77,22.4,5.1,8.9,.568,0.4,1.0,.405,4.7,8.0,.587,.590,2.2,2.7,.806,2.4,6.2,8.6,1.1,0.4,0.9,1.5,2.5,12.7,2018
15838,491,Denzel Valentine,SG,24,CHI,77,37,27.2,3.9,9.4,.417,1.9,4.8,.386,2.1,4.6,.450,.517,0.5,0.7,.745,0.6,4.5,5.1,3.2,0.8,0.1,1.3,2.4,10.2,2018
15839,492,Fred VanVleet,PG,23,TOR,76,0,20.0,3.1,7.2,.426,1.4,3.4,.414,1.6,3.7,.437,.525,1.1,1.3,.832,0.3,2.1,2.4,3.2,0.9,0.3,1.0,1.7,8.6,2018
15840,493,Rashad Vaughn,SG,21,TOT,28,0,7.6,0.8,2.0,.411,0.5,1.3,.378,0.3,0.7,.474,.536,0.1,0.2,.667,0.1,0.6,0.8,0.5,0.2,0.1,0.2,0.5,2.3,2018
15841,493,Rashad Vaughn,SG,21,MIL,22,0,7.9,1.0,2.3,.420,0.6,1.6,.371,0.4,0.7,.533,.550,0.2,0.3,.667,0.1,0.7,0.8,0.5,0.2,0.1,0.2,0.5,2.7,2018
15842,493,Rashad Vaughn,SG,21,BRK,1,0,4.0,0.0,0.0,,0.0,0.0,,0.0,0.0,,,0.0,0.0,,0.0,0.0,0.0,1.0,0.0,0.0,0.0,1.0,0.0,2018
15843,493,Rashad Vaughn,SG,21,ORL,5,0,7.0,0.4,1.2,.333,0.2,0.4,.500,0.2,0.8,.250,.417,0.0,0.0,,0.2,0.6,0.8,0.0,0.2,0.0,0.4,0.4,1.0,2018
15844,494,Noah Vonleh,PF,22,TOT,54,16,16.2,1.9,4.3,.444,0.4,1.2,.303,1.6,3.1,.500,.487,0.7,1.1,.621,1.3,4.5,5.8,0.6,0.4,0.3,0.6,1.3,4.9,2018
15845,494,Noah Vonleh,PF,22,POR,33,12,14.4,1.4,2.9,.490,0.1,0.2,.333,1.4,2.7,.500,.500,0.7,0.9,.742,1.1,4.0,5.1,0.4,0.2,0.3,0.5,1.3,3.6,2018
15846,494,Noah Vonleh,PF,22,CHI,21,4,19.0,2.7,6.6,.413,0.9,2.9,.300,1.9,3.7,.500,.478,0.6,1.3,.481,1.7,5.2,6.9,1.0,0.6,0.3,0.8,1.2,6.9,2018
15847,495,Nikola Vučević,C,27,ORL,57,57,29.5,7.0,14.7,.475,1.1,3.6,.314,5.9,11.2,.527,.513,1.4,1.6,.819,1.8,7.4,9.2,3.4,1.0,1.1,1.9,2.5,16.5,2018
15848,496,Dwyane Wade,SG,36,TOT,67,3,22.9,4.5,10.2,.438,0.5,1.7,.288,4.0,8.5,.468,.462,2.0,2.8,.714,0.7,3.0,3.8,3.4,0.9,0.7,2.1,1.9,11.4,2018
15849,496,Dwyane Wade,SG,36,CLE,46,3,23.2,4.3,9.5,.455,0.5,1.5,.329,3.8,7.9,.479,.482,2.0,2.9,.701,0.8,3.1,3.9,3.5,0.9,0.7,2.0,1.8,11.2,2018
15850,496,Dwyane Wade,SG,36,MIA,21,0,22.2,4.8,11.8,.409,0.4,2.0,.220,4.4,9.8,.447,.427,2.0,2.6,.745,0.5,2.9,3.4,3.1,0.9,0.7,2.3,1.9,12.0,2018
15851,497,Dion Waiters,SG,26,MIA,30,30,30.6,5.4,13.7,.398,1.7,5.7,.306,3.7,8.0,.463,.461,1.7,2.3,.739,0.3,2.3,2.6,3.8,0.8,0.3,2.3,2.0,14.3,2018
15852,498,Kemba Walker,PG,27,CHO,80,80,34.2,7.4,17.0,.431,2.9,7.5,.384,4.5,9.5,.469,.516,4.5,5.3,.864,0.4,2.7,3.1,5.6,1.1,0.3,2.2,1.2,22.1,2018
15853,499,John Wall,PG,27,WAS,41,41,34.4,6.8,16.3,.420,1.5,4.1,.371,5.3,12.2,.436,.466,4.3,5.9,.726,0.5,3.1,3.7,9.6,1.4,1.1,3.9,2.0,19.4,2018
15854,500,Tyrone Wallace,PG,23,LAC,30,19,28.4,3.7,8.2,.445,0.3,1.3,.250,3.3,6.9,.483,.466,2.0,2.6,.782,0.7,2.8,3.5,2.4,0.9,0.4,1.5,2.8,9.7,2018
15855,Rk,Player,Pos,Age,Tm,G,GS,MP,FG,FGA,FG%,3P,3PA,3P%,2P,2PA,2P%,eFG%,FT,FTA,FT%,ORB,DRB,TRB,AST,STL,BLK,TOV,PF,PTS,2018
15856,501,Derrick Walton,PG,22,MIA,16,0,9.2,0.5,1.6,.320,0.4,1.1,.412,0.1,0.5,.125,.460,0.4,0.4,1.000,0.1,0.9,1.0,1.0,0.4,0.2,0.1,0.4,1.8,2018
15857,502,Jameel Warney,PF,24,DAL,3,0,9.0,2.3,4.0,.583,0.0,0.0,,2.3,4.0,.583,.583,1.0,1.7,.600,1.3,1.7,3.0,0.0,0.0,0.0,0.3,0.7,5.7,2018
15858,503,T.J. Warren,SF,24,PHO,65,65,33.0,8.1,16.4,.498,0.3,1.4,.222,7.8,15.0,.523,.507,3.0,3.9,.757,1.9,3.2,5.1,1.3,1.0,0.6,1.3,2.3,19.6,2018
15859,504,Travis Wear,SF,27,LAL,17,0,13.4,1.5,4.2,.347,1.0,2.8,.362,0.5,1.5,.320,.465,0.5,0.5,1.000,0.0,2.2,2.2,0.4,0.2,0.3,0.4,1.8,4.4,2018
15860,505,James Webb III,SF,24,BRK,10,0,12.0,0.6,2.4,.250,0.4,1.9,.211,0.2,0.5,.400,.333,0.0,0.0,,0.8,1.6,2.4,0.4,0.1,0.0,0.4,1.0,1.6,2018
15861,506,Briante Weber,PG,25,TOT,18,0,13.2,1.1,2.4,.442,0.2,0.6,.364,0.8,1.8,.469,.488,0.4,0.6,.800,0.4,1.5,1.9,1.2,1.0,0.3,0.8,1.6,2.8,2018
15862,506,Briante Weber,PG,25,HOU,13,0,9.1,0.7,1.7,.409,0.3,0.7,.444,0.4,1.0,.385,.500,0.3,0.3,1.000,0.2,1.2,1.4,1.0,0.8,0.2,0.5,1.4,2.0,2018
15863,506,Briante Weber,PG,25,MEM,5,0,23.8,2.0,4.2,.476,0.0,0.4,.000,2.0,3.8,.526,.476,0.8,1.2,.667,1.0,2.4,3.4,1.8,1.6,0.4,1.6,2.0,4.8,2018
15864,507,David West,C,37,GSW,73,0,13.7,3.0,5.2,.571,0.0,0.1,.375,2.9,5.1,.576,.575,0.8,1.1,.759,0.9,2.4,3.3,1.9,0.6,1.0,1.1,1.6,6.8,2018
15865,508,Russell Westbrook,PG,29,OKC,80,80,36.4,9.5,21.1,.449,1.2,4.1,.298,8.3,17.0,.485,.477,5.2,7.1,.737,1.9,8.2,10.1,10.3,1.8,0.3,4.8,2.5,25.4,2018
15866,509,Andrew White,SF,24,ATL,15,0,13.9,1.7,4.9,.342,1.2,3.3,.367,0.5,1.6,.292,.466,0.1,0.3,.250,0.3,2.0,2.3,0.4,0.2,0.1,0.5,0.8,4.6,2018
15867,510,Derrick White,PG,23,SAS,17,0,8.2,0.9,1.9,.485,0.5,0.8,.615,0.5,1.2,.400,.606,0.8,1.2,.700,0.3,1.2,1.5,0.5,0.2,0.2,0.4,0.5,3.2,2018
15868,511,Okaro White,PF,25,MIA,6,4,13.3,1.2,2.7,.438,0.7,1.8,.364,0.5,0.8,.600,.563,0.3,0.5,.667,0.5,1.3,1.8,0.3,0.2,0.2,0.2,1.0,3.3,2018
15869,512,Isaiah Whitehead,PG,22,BRK,16,0,11.3,2.5,5.4,.465,0.4,1.1,.389,2.1,4.3,.485,.506,0.8,1.2,.684,0.3,1.4,1.6,1.3,0.5,0.1,1.5,1.4,6.3,2018
15870,513,Hassan Whiteside,C,28,MIA,54,54,25.3,5.8,10.7,.540,0.0,0.0,1.000,5.7,10.7,.538,.542,2.4,3.4,.703,3.2,8.2,11.4,1.0,0.7,1.7,1.7,2.4,14.0,2018
15871,514,Andrew Wiggins,SF,22,MIN,82,82,36.3,6.9,15.9,.438,1.4,4.1,.331,5.6,11.7,.475,.481,2.5,3.8,.643,1.0,3.4,4.4,2.0,1.1,0.6,1.7,2.0,17.7,2018
15872,515,Jacob Wiley,PF,23,BRK,5,0,6.6,0.2,0.8,.250,0.2,0.4,.500,0.0,0.4,.000,.375,0.2,0.4,.500,0.4,1.8,2.2,0.4,0.2,0.0,0.0,0.8,0.8,2018
15873,516,Damien Wilkins,SF,38,IND,19,1,8.0,0.7,2.1,.333,0.2,0.9,.222,0.5,1.1,.429,.385,0.2,0.2,.750,0.3,0.6,0.8,0.5,0.1,0.1,0.3,0.4,1.7,2018
15874,517,Alan Williams,PF,25,PHO,5,0,14.0,1.4,3.6,.389,0.0,0.0,,1.4,3.6,.389,.389,1.2,1.8,.667,0.6,3.8,4.4,1.6,1.0,0.2,1.4,2.6,4.0,2018
15875,518,C.J. Williams,SG,27,LAC,38,17,18.6,2.3,5.2,.442,0.6,2.1,.282,1.7,3.1,.546,.497,0.3,0.4,.813,0.3,1.2,1.5,1.1,0.8,0.3,0.5,1.7,5.5,2018
15876,519,Derrick Williams,PF,26,LAL,2,0,4.5,0.5,2.0,.250,0.0,1.0,.000,0.5,1.0,.500,.250,0.0,0.0,,0.0,0.5,0.5,0.0,0.0,0.0,0.0,0.0,1.0,2018
15877,520,Lou Williams,SG,31,LAC,79,19,32.8,7.4,16.9,.435,2.4,6.6,.359,5.0,10.4,.484,.505,5.5,6.2,.880,0.5,2.0,2.5,5.3,1.1,0.2,3.0,1.3,22.6,2018
15878,Rk,Player,Pos,Age,Tm,G,GS,MP,FG,FGA,FG%,3P,3PA,3P%,2P,2PA,2P%,eFG%,FT,FTA,FT%,ORB,DRB,TRB,AST,STL,BLK,TOV,PF,PTS,2018
15879,521,Marvin Williams,PF,31,CHO,78,78,25.7,3.3,7.2,.458,1.6,3.9,.413,1.7,3.3,.512,.570,1.3,1.6,.829,0.9,3.8,4.7,1.2,0.7,0.5,0.8,1.5,9.5,2018
15880,522,Matt Williams,SG,24,MIA,3,0,3.7,0.7,2.0,.333,0.3,1.7,.200,0.3,0.3,1.000,.417,0.0,0.0,,0.0,0.3,0.3,0.0,0.0,0.0,0.3,0.3,1.7,2018
15881,523,Troy Williams,SF,23,TOT,21,1,14.6,2.4,5.2,.468,0.5,1.8,.289,1.9,3.4,.563,.518,1.0,1.4,.667,1.0,2.0,3.0,0.8,1.0,0.2,0.9,1.6,6.3,2018
15882,523,Troy Williams,SF,23,HOU,4,0,4.3,0.5,2.3,.222,0.0,1.3,.000,0.5,1.0,.500,.222,0.3,0.8,.333,0.3,0.8,1.0,0.3,0.3,0.0,0.3,0.5,1.3,2018
15883,523,Troy Williams,SF,23,NYK,17,1,17.1,2.9,5.9,.490,0.6,1.9,.333,2.2,3.9,.567,.545,1.1,1.6,.704,1.2,2.2,3.5,0.9,1.1,0.2,1.1,1.9,7.5,2018
15884,524,D.J. Wilson,PF,21,MIL,22,0,3.2,0.4,0.7,.563,0.1,0.2,.400,0.3,0.5,.636,.625,0.0,0.1,.500,0.1,0.4,0.5,0.1,0.1,0.0,0.2,0.3,1.0,2018
15885,525,Jamil Wilson,SF,27,LAC,15,10,18.3,2.5,5.4,.469,1.8,4.2,.429,0.7,1.2,.611,.636,0.1,0.3,.500,0.2,1.9,2.1,0.7,0.3,0.5,0.5,2.3,7.0,2018
15886,526,Justise Winslow,PF,21,MIA,68,25,24.7,3.0,7.2,.424,0.7,1.9,.380,2.3,5.3,.440,.474,1.0,1.5,.635,0.9,4.5,5.4,2.2,0.8,0.5,1.1,2.1,7.8,2018
15887,527,Jeff Withey,C,27,DAL,9,0,4.3,0.7,1.8,.375,0.2,1.1,.200,0.4,0.7,.667,.438,0.1,0.2,.500,0.1,1.0,1.1,0.0,0.0,0.3,0.2,0.3,1.7,2018
15888,528,Nate Wolters,PG,26,UTA,5,0,3.8,0.2,1.2,.167,0.0,0.0,,0.2,1.2,.167,.167,0.0,0.0,,0.2,0.2,0.4,0.2,0.0,0.0,0.0,0.2,0.4,2018
15889,529,Brandan Wright,PF,30,TOT,28,1,13.6,2.1,3.6,.578,0.0,0.0,,2.1,3.6,.578,.578,0.8,1.2,.636,1.2,2.2,3.4,0.5,0.5,0.9,0.3,1.1,5.0,2018
15890,529,Brandan Wright,PF,30,MEM,27,1,13.6,2.1,3.7,.576,0.0,0.0,,2.1,3.7,.576,.576,0.8,1.2,.636,1.2,2.3,3.4,0.5,0.5,0.9,0.3,1.1,5.0,2018
15891,529,Brandan Wright,PF,30,HOU,1,0,15.0,2.0,3.0,.667,0.0,0.0,,2.0,3.0,.667,.667,0.0,0.0,,1.0,1.0,2.0,0.0,0.0,1.0,0.0,3.0,4.0,2018
15892,530,Delon Wright,PG,25,TOR,69,4,20.8,2.9,6.3,.465,0.8,2.2,.366,2.1,4.0,.520,.530,1.4,1.7,.829,0.7,2.2,2.9,2.9,1.0,0.5,1.1,1.2,8.0,2018
15893,531,Guerschon Yabusele,PF,22,BOS,33,4,7.1,0.8,1.8,.426,0.4,1.1,.324,0.4,0.7,.583,.525,0.5,0.7,.682,0.5,1.1,1.6,0.5,0.1,0.2,0.4,0.7,2.4,2018
15894,532,James Young,SG,22,PHI,6,0,10.2,0.8,2.3,.357,0.5,1.7,.300,0.3,0.7,.500,.464,0.7,1.0,.667,0.0,0.3,0.3,0.3,0.0,0.0,0.2,0.7,2.8,2018
15895,533,Joe Young,PG,25,IND,53,1,10.5,1.5,3.5,.430,0.5,1.2,.379,1.0,2.3,.458,.497,0.4,0.5,.759,0.2,1.0,1.2,0.7,0.3,0.0,0.5,0.7,3.9,2018
15896,534,Nick Young,SG,32,GSW,80,8,17.4,2.5,6.1,.412,1.5,4.1,.377,1.0,2.0,.481,.538,0.7,0.8,.862,0.3,1.3,1.6,0.5,0.5,0.1,0.5,1.3,7.3,2018
15897,535,Thaddeus Young,PF,29,IND,81,81,32.2,5.2,10.7,.487,0.7,2.2,.320,4.5,8.4,.531,.521,0.7,1.1,.598,2.3,4.0,6.3,1.9,1.7,0.4,1.3,2.2,11.8,2018
15898,536,Cody Zeller,C,25,CHO,33,0,19.0,2.6,4.7,.545,0.1,0.1,.667,2.5,4.6,.542,.551,1.8,2.6,.718,2.0,3.3,5.4,0.9,0.4,0.6,1.0,2.5,7.1,2018
15899,537,Tyler Zeller,C,28,TOT,66,34,16.8,2.8,5.1,.560,0.2,0.4,.357,2.7,4.6,.578,.575,0.9,1.2,.722,1.7,3.0,4.6,0.7,0.2,0.5,0.7,1.9,6.7,2018
15900,537,Tyler Zeller,C,28,BRK,42,33,16.7,3.0,5.5,.546,0.2,0.6,.385,2.7,4.8,.567,.568,1.0,1.4,.667,1.5,3.1,4.6,0.7,0.2,0.5,0.8,1.9,7.1,2018
15901,537,Tyler Zeller,C,28,MIL,24,1,16.9,2.6,4.4,.590,0.0,0.1,.000,2.6,4.3,.602,.590,0.7,0.8,.895,2.0,2.7,4.6,0.8,0.3,0.6,0.5,2.0,5.9,2018
15902,538,Paul Zipser,SF,23,CHI,54,12,15.3,1.5,4.3,.346,0.7,2.0,.336,0.8,2.3,.355,.425,0.4,0.5,.760,0.2,2.2,2.4,0.9,0.4,0.3,0.8,1.6,4.0,2018
15903,539,Ante Žižić,C,21,CLE,32,2,6.7,1.5,2.1,.731,0.0,0.0,,1.5,2.1,.731,.731,0.7,0.9,.724,0.8,1.1,1.9,0.2,0.1,0.4,0.3,0.9,3.7,2018
15904,540,Ivica Zubac,C,20,LAL,43,0,9.5,1.4,2.8,.500,0.0,0.0,.000,1.4,2.8,.504,.500,0.9,1.2,.765,1.0,1.8,2.9,0.6,0.2,0.3,0.6,1.1,3.7,2018
15905,1,Álex Abrines,SG,25,OKC,31,2,19.0,1.8,5.1,.357,1.3,4.1,.323,0.5,1.0,.500,.487,0.4,0.4,.923,0.2,1.4,1.5,0.6,0.5,0.2,0.5,1.7,5.3,2019
15906,2,Quincy Acy,PF,28,PHO,10,0,12.3,0.4,1.8,.222,0.2,1.5,.133,0.2,0.3,.667,.278,0.7,1.0,.700,0.3,2.2,2.5,0.8,0.1,0.4,0.4,2.4,1.7,2019
15907,3,Jaylen Adams,PG,22,ATL,34,1,12.6,1.1,3.2,.345,0.7,2.2,.338,0.4,1.1,.361,.459,0.2,0.3,.778,0.3,1.4,1.8,1.9,0.4,0.1,0.8,1.3,3.2,2019
15908,4,Steven Adams,C,25,OKC,80,80,33.4,6.0,10.1,.595,0.0,0.0,.000,6.0,10.1,.596,.595,1.8,3.7,.500,4.9,4.6,9.5,1.6,1.5,1.0,1.7,2.6,13.9,2019
15909,5,Bam Adebayo,C,21,MIA,82,28,23.3,3.4,5.9,.576,0.0,0.2,.200,3.4,5.7,.588,.579,2.0,2.8,.735,2.0,5.3,7.3,2.2,0.9,0.8,1.5,2.5,8.9,2019
15910,6,Deng Adel,SF,21,CLE,19,3,10.2,0.6,1.9,.306,0.3,1.2,.261,0.3,0.7,.385,.389,0.2,0.2,1.000,0.2,0.8,1.0,0.3,0.1,0.2,0.3,0.7,1.7,2019
15911,7,DeVaughn Akoon-Purcell,SG,25,DEN,7,0,3.1,0.4,1.4,.300,0.0,0.6,.000,0.4,0.9,.500,.300,0.1,0.3,.500,0.1,0.4,0.6,0.9,0.3,0.0,0.3,0.6,1.0,2019
15912,8,LaMarcus Aldridge,C,33,SAS,81,81,33.2,8.4,16.3,.519,0.1,0.5,.238,8.3,15.8,.528,.522,4.3,5.1,.847,3.1,6.1,9.2,2.4,0.5,1.3,1.8,2.2,21.3,2019
15913,9,Rawle Alkins,SG,21,CHI,10,1,12.0,1.3,3.9,.333,0.3,1.2,.250,1.0,2.7,.370,.372,0.8,1.2,.667,1.1,1.5,2.6,1.3,0.1,0.0,0.8,0.7,3.7,2019
15914,10,Grayson Allen,SG,23,UTA,38,2,10.9,1.8,4.7,.376,0.8,2.6,.323,0.9,2.1,.443,.466,1.2,1.6,.750,0.1,0.5,0.6,0.7,0.2,0.2,0.9,1.2,5.6,2019
15915,11,Jarrett Allen,C,20,BRK,80,80,26.2,4.2,7.1,.590,0.1,0.6,.133,4.1,6.5,.629,.595,2.5,3.5,.709,2.4,6.0,8.4,1.4,0.5,1.5,1.3,2.3,10.9,2019
15916,12,Kadeem Allen,PG,26,NYK,19,1,21.9,3.4,7.4,.461,0.9,1.9,.472,2.5,5.5,.457,.521,2.2,2.8,.778,0.4,2.3,2.7,4.0,0.8,0.2,1.4,2.4,9.9,2019
15917,13,Al-Farouq Aminu,PF,28,POR,81,81,28.3,3.2,7.3,.433,1.2,3.5,.343,2.0,3.9,.514,.514,1.9,2.1,.867,1.4,6.1,7.5,1.3,0.8,0.4,0.9,1.8,9.4,2019
15918,14,Justin Anderson,SF,25,ATL,48,4,9.6,1.3,3.3,.408,0.5,1.6,.312,0.8,1.7,.500,.484,0.5,0.7,.743,0.5,1.3,1.8,0.5,0.5,0.3,0.5,1.0,3.7,2019
15919,15,Kyle Anderson,SF,25,MEM,43,40,29.8,3.5,6.4,.543,0.2,0.8,.265,3.3,5.6,.583,.560,0.9,1.5,.578,1.1,4.7,5.8,3.0,1.3,0.9,1.3,2.6,8.0,2019
15920,16,Ryan Anderson,PF,30,TOT,25,8,12.9,0.8,2.8,.304,0.4,1.6,.225,0.5,1.2,.414,.370,0.5,0.6,.750,0.7,1.4,2.2,0.8,0.2,0.0,0.6,1.0,2.5,2019
15921,16,Ryan Anderson,PF,30,PHO,15,8,18.5,1.3,4.0,.317,0.5,2.3,.206,0.8,1.7,.462,.375,0.7,0.9,.786,0.9,2.1,3.0,1.1,0.2,0.1,0.8,1.5,3.7,2019
15922,16,Ryan Anderson,PF,30,MIA,10,0,4.4,0.2,0.9,.222,0.2,0.6,.333,0.0,0.3,.000,.333,0.1,0.2,.500,0.4,0.5,0.9,0.2,0.1,0.0,0.2,0.2,0.7,2019
15923,17,Ike Anigbogu,C,20,IND,3,0,2.0,0.0,1.0,.000,0.0,0.0,,0.0,1.0,.000,.000,0.0,0.0,,0.3,0.7,1.0,0.3,0.0,0.3,0.3,0.0,0.0,2019
15924,18,Giannis Antetokounmpo,PF,24,MIL,72,72,32.8,10.0,17.3,.578,0.7,2.8,.256,9.3,14.5,.641,.599,6.9,9.5,.729,2.2,10.3,12.5,5.9,1.3,1.5,3.7,3.2,27.7,2019
15925,19,Kostas Antetokounmpo,PF,21,DAL,2,0,5.5,0.0,1.5,.000,0.0,0.0,,0.0,1.5,.000,.000,1.0,2.0,.500,0.0,0.5,0.5,0.0,1.0,0.0,0.5,0.0,1.0,2019
15926,20,Carmelo Anthony,PF,34,HOU,10,2,29.4,4.9,12.1,.405,2.1,6.4,.328,2.8,5.7,.491,.492,1.5,2.2,.682,0.9,4.5,5.4,0.5,0.4,0.7,0.8,3.2,13.4,2019
15927,21,OG Anunoby,SF,21,TOR,67,6,20.2,2.7,6.0,.453,1.0,3.0,.332,1.7,3.0,.574,.536,0.5,0.9,.581,0.9,2.1,2.9,0.7,0.7,0.3,0.8,2.1,7.0,2019
15928,22,Ryan Arcidiacono,PG,24,CHI,81,32,24.2,2.3,5.2,.447,1.0,2.7,.373,1.3,2.5,.527,.544,1.1,1.3,.873,0.3,2.4,2.7,3.3,0.8,0.0,0.8,2.1,6.7,2019
15929,23,Trevor Ariza,SF,33,TOT,69,69,34.0,4.3,10.7,.399,2.1,6.3,.334,2.2,4.4,.493,.498,1.9,2.4,.793,0.7,4.7,5.4,3.7,1.3,0.3,1.5,1.9,12.5,2019
15930,23,Trevor Ariza,SF,33,PHO,26,26,34.0,3.3,8.7,.379,1.9,5.3,.360,1.4,3.4,.409,.489,1.4,1.7,.837,0.6,5.0,5.6,3.3,1.5,0.3,1.5,1.7,9.9,2019
15931,23,Trevor Ariza,SF,33,WAS,43,43,34.1,4.8,11.8,.409,2.2,6.9,.322,2.6,5.0,.528,.502,2.2,2.8,.777,0.8,4.5,5.3,3.8,1.2,0.3,1.6,2.0,14.1,2019
15932,24,D.J. Augustin,PG,31,ORL,81,81,28.0,3.9,8.4,.470,1.6,3.8,.421,2.3,4.5,.511,.566,2.2,2.6,.866,0.5,2.0,2.5,5.3,0.6,0.0,1.6,1.4,11.7,2019
15933,25,Deandre Ayton,C,20,PHO,71,70,30.7,7.2,12.3,.585,0.0,0.1,.000,7.2,12.2,.588,.585,2.0,2.7,.746,3.1,7.1,10.3,1.8,0.9,0.9,1.8,2.9,16.3,2019
15934,26,Dwayne Bacon,SG,23,CHO,43,13,17.7,2.8,6.0,.475,0.9,2.0,.437,2.0,4.0,.494,.549,0.8,1.1,.739,0.2,1.9,2.1,1.1,0.3,0.1,0.4,1.7,7.3,2019
15935,27,Marvin Bagley III,PF,19,SAC,62,4,25.3,5.7,11.4,.504,0.5,1.5,.313,5.3,9.8,.534,.525,2.9,4.2,.691,2.6,5.0,7.6,1.0,0.5,1.0,1.6,1.9,14.9,2019
15936,28,Ron Baker,SG,25,TOT,15,0,10.1,0.3,1.3,.200,0.1,0.9,.077,0.2,0.5,.429,.225,0.3,0.4,.833,0.1,0.7,0.7,1.0,0.4,0.1,0.3,1.2,0.9,2019
15937,28,Ron Baker,SG,25,NYK,11,0,9.7,0.4,1.5,.250,0.1,0.8,.111,0.3,0.6,.429,.281,0.5,0.5,.833,0.1,0.5,0.6,1.2,0.5,0.0,0.3,1.5,1.3,2019
15938,28,Ron Baker,SG,25,WAS,4,0,11.3,0.0,1.0,.000,0.0,1.0,.000,0.0,0.0,,.000,0.0,0.0,,0.0,1.0,1.0,0.5,0.3,0.3,0.5,0.5,0.0,2019
15939,29,Wade Baldwin,PG,22,POR,16,0,5.9,0.6,2.1,.303,0.1,0.6,.222,0.5,1.5,.333,.333,0.5,0.7,.727,0.1,0.8,0.9,0.8,0.1,0.1,0.9,0.7,1.9,2019
15940,30,Lonzo Ball,PG,21,LAL,47,45,30.3,3.9,9.7,.406,1.6,4.9,.329,2.3,4.9,.482,.488,0.4,1.0,.417,1.1,4.2,5.3,5.4,1.5,0.4,2.2,2.4,9.9,2019
15941,31,Mo Bamba,C,20,ORL,47,1,16.3,2.5,5.2,.481,0.4,1.5,.300,2.0,3.7,.555,.525,0.8,1.3,.587,1.4,3.6,5.0,0.8,0.3,1.4,0.9,2.2,6.2,2019
15942,32,J.J. Barea,PG,34,DAL,38,0,19.8,4.2,10.1,.418,1.0,3.4,.297,3.2,6.8,.479,.468,1.4,2.1,.705,0.3,2.2,2.5,5.6,0.6,0.0,1.9,1.3,10.9,2019
15943,33,Harrison Barnes,PF-SF,26,TOT,77,77,32.9,5.6,13.3,.420,2.3,5.7,.395,3.3,7.6,.439,.504,3.0,3.6,.824,0.7,3.9,4.7,1.5,0.6,0.2,1.3,1.6,16.4,2019
15944,33,Harrison Barnes,PF,26,DAL,49,49,32.3,5.9,14.6,.404,2.5,6.3,.389,3.4,8.3,.416,.489,3.4,4.0,.833,0.7,3.5,4.2,1.3,0.7,0.2,1.4,1.6,17.7,2019
15945,33,Harrison Barnes,SF,26,SAC,28,28,33.9,5.0,11.1,.455,1.9,4.6,.408,3.1,6.4,.489,.540,2.3,2.9,.800,0.8,4.8,5.5,1.9,0.6,0.1,1.1,1.5,14.3,2019
15946,34,Will Barton,SF,28,DEN,43,38,27.7,4.3,10.7,.402,1.6,4.6,.342,2.7,6.1,.447,.475,1.3,1.7,.770,0.7,3.9,4.6,2.9,0.4,0.5,1.5,1.9,11.5,2019
15947,35,Keita Bates-Diop,SF,23,MIN,30,3,16.8,2.0,4.7,.423,0.4,1.7,.250,1.6,3.0,.522,.468,0.6,0.9,.643,0.5,2.2,2.8,0.6,0.6,0.5,0.5,1.0,5.0,2019
15948,36,Nicolas Batum,SF,30,CHO,75,72,31.4,3.4,7.5,.450,1.5,4.0,.389,1.8,3.5,.519,.553,1.0,1.2,.865,0.9,4.3,5.2,3.3,0.9,0.6,1.6,1.9,9.3,2019
15949,37,Jerryd Bayless,PG,30,MIN,34,6,19.3,2.4,6.8,.357,0.9,2.9,.296,1.6,3.9,.402,.420,0.5,0.8,.571,0.3,1.5,1.8,3.5,0.5,0.1,0.9,1.6,6.1,2019
15950,38,Aron Baynes,C,32,BOS,51,18,16.1,2.1,4.4,.471,0.4,1.2,.344,1.6,3.2,.519,.518,1.0,1.2,.855,1.7,3.0,4.7,1.1,0.2,0.7,0.8,2.5,5.6,2019
15951,39,Kent Bazemore,SG,29,ATL,67,35,24.5,4.1,10.3,.402,1.4,4.5,.320,2.7,5.8,.465,.472,1.9,2.6,.726,0.6,3.3,3.9,2.3,1.3,0.6,1.8,2.5,11.6,2019
15952,40,Bradley Beal,SG,25,WAS,82,82,36.9,9.3,19.6,.475,2.5,7.3,.351,6.8,12.4,.548,.540,4.4,5.5,.808,1.1,3.9,5.0,5.5,1.5,0.7,2.7,2.8,25.6,2019
15953,Rk,Player,Pos,Age,Tm,G,GS,MP,FG,FGA,FG%,3P,3PA,3P%,2P,2PA,2P%,eFG%,FT,FTA,FT%,ORB,DRB,TRB,AST,STL,BLK,TOV,PF,PTS,2019
15954,41,Malik Beasley,SG,22,DEN,81,18,23.2,4.3,9.1,.474,2.0,5.0,.402,2.3,4.1,.560,.584,0.7,0.8,.848,0.4,2.0,2.5,1.2,0.7,0.1,0.7,1.4,11.3,2019
15955,42,Michael Beasley,PF,30,LAL,26,2,10.7,2.9,5.9,.490,0.1,0.7,.176,2.8,5.2,.529,.500,1.1,1.5,.718,0.5,1.8,2.3,1.0,0.3,0.4,1.0,1.6,7.0,2019
15956,43,Marco Belinelli,SG,32,SAS,79,1,23.0,3.6,8.7,.413,1.9,5.0,.372,1.7,3.7,.468,.520,1.4,1.6,.903,0.2,2.3,2.5,1.7,0.4,0.1,0.9,1.5,10.5,2019
15957,44,Jordan Bell,C,24,GSW,68,3,11.6,1.5,2.8,.516,0.0,0.0,.000,1.5,2.8,.521,.516,0.4,0.6,.610,0.8,1.9,2.7,1.1,0.3,0.8,0.6,1.2,3.3,2019
15958,45,DeAndre' Bembry,SG,24,ATL,82,15,23.5,3.4,7.5,.446,0.6,2.1,.289,2.7,5.4,.508,.487,1.1,1.7,.640,0.7,3.7,4.4,2.5,1.3,0.5,1.7,2.3,8.4,2019
15959,46,Dragan Bender,PF,21,PHO,46,27,18.0,1.9,4.3,.447,0.5,2.2,.218,1.4,2.1,.688,.503,0.7,1.2,.593,0.7,3.2,4.0,1.2,0.4,0.5,0.8,2.0,5.0,2019
15960,47,Dairis Bertāns,SG,29,NOP,12,0,13.9,1.0,3.9,.255,0.8,2.8,.294,0.2,1.1,.154,.362,0.0,0.0,,0.2,0.6,0.8,0.8,0.1,0.0,0.2,0.6,2.8,2019
15961,48,Dāvis Bertāns,PF,26,SAS,76,12,21.5,2.7,6.0,.450,1.9,4.4,.429,0.8,1.5,.513,.610,0.7,0.8,.883,0.3,3.2,3.5,1.3,0.5,0.4,0.6,1.8,8.0,2019
15962,49,Patrick Beverley,PG,30,LAC,78,49,27.4,2.5,6.1,.407,1.4,3.6,.397,1.1,2.5,.421,.524,1.2,1.6,.780,1.0,4.0,5.0,3.8,0.9,0.6,1.1,3.4,7.6,2019
15963,50,Khem Birch,C,26,ORL,50,1,12.9,1.8,3.0,.603,0.0,0.0,.000,1.8,3.0,.607,.603,1.2,1.7,.699,1.6,2.2,3.8,0.8,0.4,0.6,0.4,1.4,4.8,2019
15964,51,Bismack Biyombo,C,26,CHO,54,32,14.5,1.6,2.9,.571,0.0,0.0,,1.6,2.9,.571,.571,1.1,1.7,.637,1.5,3.1,4.6,0.6,0.2,0.8,0.6,1.9,4.4,2019
15965,52,Nemanja Bjelica,PF,30,SAC,77,70,23.2,3.7,7.7,.479,1.3,3.3,.401,2.4,4.4,.539,.566,0.9,1.2,.761,1.6,4.1,5.8,1.9,0.7,0.7,1.1,2.6,9.6,2019
15966,53,Antonio Blakeney,SG,22,CHI,57,3,14.5,2.9,6.9,.419,0.6,1.6,.396,2.3,5.4,.426,.465,0.9,1.3,.658,0.1,1.7,1.9,0.7,0.2,0.2,0.6,0.7,7.3,2019
15967,54,Eric Bledsoe,PG,29,MIL,78,78,29.1,6.0,12.4,.484,1.6,4.8,.329,4.4,7.6,.582,.548,2.3,3.0,.750,1.1,3.6,4.6,5.5,1.5,0.4,2.1,2.0,15.9,2019
15968,55,Jaron Blossomgame,SF,25,CLE,27,4,16.3,1.7,3.9,.443,0.4,1.4,.256,1.4,2.5,.552,.491,0.4,0.5,.769,1.0,2.7,3.6,0.5,0.3,0.3,0.4,0.7,4.2,2019
15969,56,Bogdan Bogdanović,SG,26,SAC,70,17,27.8,5.2,12.3,.418,1.9,5.3,.360,3.2,7.0,.462,.496,1.9,2.3,.827,0.6,2.9,3.5,3.8,1.0,0.2,1.7,2.0,14.1,2019
15970,57,Bojan Bogdanović,SF,29,IND,81,81,31.8,6.4,13.0,.497,2.0,4.8,.425,4.4,8.2,.538,.575,3.0,3.8,.807,0.4,3.7,4.1,2.0,0.9,0.0,1.7,1.7,18.0,2019
15971,58,Andrew Bogut,C,34,GSW,11,5,12.2,1.6,3.3,.500,0.0,0.0,,1.6,3.3,.500,.500,0.3,0.3,1.000,1.1,3.9,5.0,1.0,0.3,0.7,0.7,2.0,3.5,2019
15972,59,Jonah Bolden,PF,23,PHI,44,10,14.5,1.8,3.7,.494,0.8,2.2,.354,1.0,1.5,.697,.599,0.3,0.6,.481,1.1,2.7,3.8,0.9,0.4,0.9,0.8,2.3,4.7,2019
15973,60,Isaac Bonga,PG,19,LAL,22,0,5.5,0.2,1.5,.152,0.0,0.4,.000,0.2,1.1,.200,.152,0.4,0.7,.600,0.4,0.7,1.1,0.7,0.4,0.2,0.3,0.4,0.9,2019
15974,Rk,Player,Pos,Age,Tm,G,GS,MP,FG,FGA,FG%,3P,3PA,3P%,2P,2PA,2P%,eFG%,FT,FTA,FT%,ORB,DRB,TRB,AST,STL,BLK,TOV,PF,PTS,2019
15975,61,Devin Booker,SG,22,PHO,64,64,35.0,9.2,19.6,.467,2.1,6.5,.326,7.0,13.1,.536,.521,6.1,7.1,.866,0.6,3.5,4.1,6.8,0.9,0.2,4.1,3.1,26.6,2019
15976,62,Chris Boucher,PF,26,TOR,28,0,5.8,1.2,2.7,.447,0.4,1.3,.324,0.8,1.4,.564,.526,0.5,0.5,.867,0.6,1.4,2.0,0.1,0.2,0.9,0.3,1.1,3.3,2019
15977,63,Avery Bradley,SG,28,TOT,63,63,30.2,3.9,9.7,.408,1.4,3.9,.351,2.6,5.8,.446,.479,0.7,0.8,.860,0.7,2.1,2.8,2.4,0.7,0.3,1.4,2.7,9.9,2019
15978,63,Avery Bradley,SG,28,LAC,49,49,29.9,3.3,8.6,.383,1.2,3.5,.337,2.1,5.1,.415,.452,0.4,0.5,.800,0.7,2.0,2.7,2.0,0.6,0.3,1.2,2.7,8.2,2019
15979,63,Avery Bradley,SG,28,MEM,14,14,31.6,6.2,13.4,.463,2.0,5.2,.384,4.2,8.2,.513,.537,1.6,1.8,.920,0.6,2.6,3.1,4.0,1.0,0.0,2.0,2.4,16.1,2019
15980,64,Tony Bradley,C,21,UTA,3,0,12.0,2.7,5.3,.500,0.0,0.0,,2.7,5.3,.500,.500,0.3,0.7,.500,3.0,2.0,5.0,0.3,0.7,0.7,1.0,2.0,5.7,2019
15981,65,Corey Brewer,SF,32,TOT,31,3,15.9,1.7,4.0,.431,0.5,1.4,.318,1.3,2.5,.494,.488,1.0,1.4,.721,0.8,1.6,2.5,1.3,1.0,0.2,0.6,2.0,4.9,2019
15982,65,Corey Brewer,SF,32,PHI,7,3,20.0,2.9,7.0,.408,0.6,2.0,.286,2.3,5.0,.457,.449,1.3,1.9,.692,0.6,1.9,2.4,1.4,1.7,0.3,1.1,2.3,7.6,2019
15983,65,Corey Brewer,SF,32,SAC,24,0,14.7,1.4,3.1,.446,0.4,1.3,.333,1.0,1.8,.523,.514,0.9,1.3,.733,0.9,1.5,2.5,1.2,0.8,0.2,0.5,2.0,4.1,2019
15984,66,Mikal Bridges,SF,22,PHO,82,56,29.5,3.0,6.9,.430,1.3,3.8,.335,1.7,3.0,.548,.523,1.2,1.4,.805,0.7,2.5,3.2,2.1,1.6,0.5,0.9,2.5,8.3,2019
15985,67,Miles Bridges,SF,20,CHO,80,25,21.2,3.0,6.4,.464,0.8,2.5,.325,2.2,3.9,.553,.527,0.7,1.0,.753,0.8,3.2,4.0,1.2,0.7,0.6,0.6,1.4,7.5,2019
15986,68,Isaiah Briscoe,PG,22,ORL,39,0,14.3,1.4,3.5,.399,0.3,0.9,.324,1.1,2.7,.423,.438,0.4,0.7,.577,0.1,1.8,1.9,2.2,0.3,0.1,0.8,1.7,3.5,2019
15987,69,Ryan Broekhoff,SG,28,DAL,42,0,10.8,1.4,3.0,.452,0.9,2.2,.409,0.5,0.8,.576,.603,0.4,0.5,.789,0.2,1.3,1.5,0.5,0.1,0.1,0.4,0.8,4.0,2019
15988,70,Malcolm Brogdon,SG,26,MIL,64,64,28.6,5.9,11.7,.505,1.6,3.8,.426,4.3,7.9,.544,.575,2.2,2.4,.928,1.0,3.5,4.5,3.2,0.7,0.2,1.4,1.6,15.6,2019
15989,71,Dillon Brooks,SF,23,MEM,18,0,18.3,2.7,6.8,.402,0.8,2.2,.375,1.9,4.6,.415,.463,1.2,1.7,.733,0.5,1.2,1.7,0.9,0.6,0.2,1.1,2.8,7.5,2019
15990,72,MarShon Brooks,SG,30,MEM,29,0,13.3,2.6,5.8,.450,0.5,1.9,.278,2.1,4.0,.530,.494,0.8,1.1,.697,0.4,1.1,1.6,0.9,0.3,0.1,0.7,1.1,6.6,2019
15991,73,Bruce Brown,SG,22,DET,74,56,19.6,1.7,4.2,.398,0.3,1.3,.258,1.4,3.0,.457,.436,0.6,0.8,.750,0.6,1.9,2.5,1.2,0.5,0.5,0.6,2.4,4.3,2019
15992,74,Jaylen Brown,SG,22,BOS,74,25,25.9,5.0,10.7,.465,1.3,3.7,.344,3.7,7.0,.529,.525,1.8,2.7,.658,0.9,3.4,4.2,1.4,0.9,0.4,1.3,2.5,13.0,2019
15993,75,Lorenzo Brown,PG,28,TOR,26,0,8.2,0.9,2.7,.324,0.2,1.1,.214,0.7,1.7,.395,.366,0.1,0.1,1.000,0.2,1.0,1.2,1.1,0.5,0.2,0.6,0.8,2.1,2019
15994,76,Sterling Brown,SG,23,MIL,58,7,17.8,2.5,5.4,.465,0.9,2.5,.361,1.6,2.8,.558,.550,0.5,0.7,.690,0.5,2.7,3.2,1.4,0.4,0.1,0.8,1.5,6.4,2019
15995,77,Troy Brown Jr.,SF,19,WAS,52,10,14.0,1.9,4.5,.415,0.4,1.3,.319,1.4,3.2,.455,.462,0.6,0.9,.681,0.7,2.1,2.8,1.5,0.4,0.1,0.6,1.1,4.8,2019
15996,78,Jalen Brunson,PG,22,DAL,73,38,21.8,3.6,7.7,.467,0.9,2.5,.348,2.8,5.3,.523,.523,1.2,1.6,.725,0.3,2.0,2.3,3.2,0.5,0.1,1.2,1.7,9.3,2019
15997,79,Thomas Bryant,C,21,WAS,72,53,20.8,4.3,7.0,.616,0.5,1.4,.333,3.8,5.6,.685,.648,1.5,1.9,.781,1.6,4.7,6.3,1.3,0.3,0.9,0.8,1.8,10.5,2019
15998,80,Reggie Bullock,SG,27,TOT,63,60,29.8,3.9,9.4,.412,2.3,6.2,.377,1.5,3.2,.483,.537,1.2,1.3,.859,0.3,2.4,2.7,2.0,0.6,0.2,1.0,1.7,11.3,2019
15999,80,Reggie Bullock,SG,27,DET,44,44,30.8,4.1,10.0,.413,2.6,6.7,.388,1.5,3.3,.463,.542,1.3,1.5,.875,0.5,2.3,2.8,2.5,0.5,0.1,1.2,1.8,12.1,2019
16000,80,Reggie Bullock,SG,27,LAL,19,16,27.6,3.3,8.1,.412,1.8,5.2,.343,1.5,2.8,.537,.523,0.9,1.1,.810,0.1,2.5,2.6,1.1,0.8,0.4,0.6,1.6,9.3,2019
16001,Rk,Player,Pos,Age,Tm,G,GS,MP,FG,FGA,FG%,3P,3PA,3P%,2P,2PA,2P%,eFG%,FT,FTA,FT%,ORB,DRB,TRB,AST,STL,BLK,TOV,PF,PTS,2019
16002,81,Trey Burke,PG,26,TOT,58,8,19.4,4.1,9.4,.431,1.0,2.7,.352,3.1,6.7,.463,.482,1.8,2.1,.831,0.5,1.2,1.7,2.7,0.6,0.1,0.8,1.0,10.9,2019
16003,81,Trey Burke,PG,26,NYK,33,7,20.9,4.5,10.8,.413,0.9,2.6,.349,3.6,8.2,.434,.455,1.9,2.3,.827,0.5,1.4,1.9,2.8,0.6,0.2,0.9,1.0,11.8,2019
16004,81,Trey Burke,PG,26,DAL,25,1,17.4,3.5,7.6,.463,1.0,2.9,.356,2.5,4.7,.530,.532,1.6,2.0,.837,0.5,1.0,1.5,2.6,0.5,0.1,0.8,1.0,9.7,2019
16005,82,Alec Burks,SG,27,TOT,64,24,21.5,3.0,7.4,.405,1.0,2.6,.363,2.0,4.8,.428,.469,1.8,2.2,.823,0.5,3.2,3.7,2.0,0.6,0.3,1.0,1.4,8.8,2019
16006,82,Alec Burks,SG,27,UTA,17,0,15.8,2.8,6.7,.412,0.9,2.5,.372,1.8,4.2,.437,.482,1.9,2.2,.868,0.1,1.5,1.6,1.2,0.4,0.2,0.9,1.3,8.4,2019
16007,82,Alec Burks,SG,27,CLE,34,24,28.8,4.0,10.0,.400,1.3,3.5,.378,2.7,6.5,.412,.466,2.3,2.9,.806,0.8,4.7,5.5,2.9,0.7,0.5,1.4,1.8,11.6,2019
16008,82,Alec Burks,SG,27,SAC,13,0,9.8,0.7,1.5,.450,0.0,0.5,.000,0.7,1.1,.643,.450,0.3,0.4,.800,0.2,1.5,1.7,0.8,0.6,0.1,0.3,0.5,1.7,2019
16009,83,Deonte Burton,SG,25,OKC,32,0,7.5,1.0,2.6,.402,0.3,0.8,.296,0.8,1.7,.455,.451,0.3,0.4,.667,0.1,0.8,0.9,0.3,0.2,0.3,0.3,1.0,2.6,2019
16010,84,Jimmy Butler,SF-SG,29,TOT,65,65,33.6,6.4,13.9,.462,1.0,3.0,.347,5.4,10.9,.494,.499,4.8,5.6,.855,1.9,3.4,5.3,4.0,1.9,0.6,1.5,1.7,18.7,2019
16011,84,Jimmy Butler,SG,29,MIN,10,10,36.1,7.4,15.7,.471,1.7,4.5,.378,5.7,11.2,.509,.525,4.8,6.1,.787,1.6,3.6,5.2,4.3,2.4,1.0,1.4,1.8,21.3,2019
16012,84,Jimmy Butler,SF,29,PHI,55,55,33.2,6.3,13.6,.461,0.9,2.7,.338,5.3,10.9,.491,.494,4.8,5.5,.868,1.9,3.4,5.3,4.0,1.8,0.5,1.5,1.7,18.2,2019
16013,85,Bruno Caboclo,PF,23,MEM,34,19,23.5,2.8,6.6,.427,1.4,3.8,.369,1.4,2.8,.505,.533,1.2,1.5,.840,1.2,3.4,4.6,1.5,0.4,1.0,1.1,2.4,8.3,2019
16014,86,José Calderón,PG,37,DET,49,0,12.9,0.9,2.4,.375,0.3,1.2,.246,0.6,1.3,.492,.433,0.2,0.2,.818,0.2,1.0,1.2,2.3,0.3,0.1,0.7,1.3,2.3,2019
16015,87,Kentavious Caldwell-Pope,SG,25,LAL,82,23,24.8,4.0,9.2,.430,1.8,5.3,.347,2.1,3.9,.542,.530,1.7,1.9,.867,0.6,2.3,2.9,1.3,0.9,0.2,0.8,1.7,11.4,2019
16016,88,Isaiah Canaan,PG,27,TOT,30,16,21.0,2.1,5.5,.390,1.1,3.2,.354,1.0,2.3,.441,.494,0.6,0.8,.792,0.2,1.7,1.9,2.8,0.5,0.1,1.2,1.7,6.0,2019
16017,88,Isaiah Canaan,PG,27,PHO,19,15,26.5,2.7,6.8,.395,1.3,3.8,.347,1.4,3.0,.456,.492,0.8,1.1,.750,0.3,2.3,2.6,3.3,0.6,0.0,1.5,2.4,7.5,2019
16018,88,Isaiah Canaan,PG,27,MIN,7,1,13.6,1.6,4.1,.379,1.0,2.7,.368,0.6,1.4,.400,.500,0.6,0.6,1.000,0.0,0.7,0.7,2.7,0.3,0.1,0.6,0.6,4.7,2019
16019,88,Isaiah Canaan,PG,27,MIL,4,0,7.8,0.5,1.5,.333,0.5,1.3,.400,0.0,0.3,.000,.500,0.0,0.0,,0.3,0.8,1.0,0.8,0.0,0.3,0.5,0.5,1.5,2019
16020,89,Clint Capela,C,24,HOU,67,67,33.6,7.1,10.9,.648,0.0,0.0,,7.1,10.9,.648,.648,2.5,3.9,.636,4.4,8.2,12.7,1.4,0.7,1.5,1.4,2.5,16.6,2019
16021,90,DeMarre Carroll,PF,32,BRK,67,8,25.4,3.4,8.6,.395,1.6,4.6,.342,1.8,4.0,.457,.487,2.7,3.6,.760,1.0,4.2,5.2,1.3,0.5,0.1,1.1,1.7,11.1,2019
16022,91,Jevon Carter,PG,23,MEM,39,3,14.8,1.4,4.7,.303,0.9,2.6,.333,0.6,2.1,.265,.395,0.7,0.8,.813,0.4,1.3,1.7,1.8,0.7,0.3,0.8,1.4,4.4,2019
16023,92,Vince Carter,PF,42,ATL,76,9,17.5,2.6,6.2,.419,1.6,4.2,.389,1.0,2.0,.480,.550,0.6,0.9,.712,0.4,2.1,2.6,1.1,0.6,0.4,0.6,1.9,7.4,2019
16024,93,Wendell Carter Jr.,C,19,CHI,44,44,25.2,4.1,8.4,.485,0.1,0.7,.188,4.0,7.7,.513,.493,2.0,2.5,.795,2.0,5.0,7.0,1.8,0.6,1.3,1.5,3.5,10.3,2019
16025,94,Michael Carter-Williams,PG,27,TOT,28,1,13.3,1.6,4.4,.374,0.4,1.4,.263,1.3,3.0,.424,.415,1.1,1.9,.604,0.7,1.8,2.5,2.5,0.7,0.5,0.7,1.7,4.8,2019
16026,94,Michael Carter-Williams,PG,27,HOU,16,1,9.1,1.6,3.8,.410,0.4,1.2,.368,1.1,2.6,.429,.467,0.8,1.6,.462,0.2,0.6,0.8,1.3,0.6,0.4,0.6,1.7,4.3,2019
16027,94,Michael Carter-Williams,PG,27,ORL,12,0,18.9,1.8,5.2,.339,0.3,1.6,.158,1.5,3.6,.419,.363,1.7,2.3,.741,1.3,3.4,4.8,4.1,0.9,0.8,0.8,1.8,5.4,2019
16028,95,Alex Caruso,PG,24,LAL,25,4,21.2,3.1,6.9,.445,1.0,2.0,.480,2.1,4.9,.431,.514,2.0,2.6,.797,0.8,1.9,2.7,3.1,1.0,0.4,1.7,2.2,9.2,2019
16029,96,Omri Casspi,SF,30,MEM,36,0,14.4,2.4,4.5,.534,0.4,1.2,.349,2.0,3.3,.602,.581,1.1,1.6,.672,0.5,2.7,3.2,0.7,0.6,0.3,0.6,1.0,6.3,2019
16030,97,Willie Cauley-Stein,C,25,SAC,81,81,27.3,5.1,9.1,.556,0.0,0.0,.500,5.1,9.1,.556,.557,1.7,3.1,.551,2.2,6.1,8.4,2.4,1.2,0.6,1.0,2.8,11.9,2019
16031,98,Troy Caupain,PG,23,ORL,4,0,4.0,1.0,2.0,.500,0.5,0.8,.667,0.5,1.3,.400,.625,0.0,0.0,,0.3,0.5,0.8,1.0,0.3,0.0,0.0,0.0,2.5,2019
16032,99,Tyler Cavanaugh,PF,24,UTA,11,0,3.5,0.3,0.9,.300,0.1,0.5,.200,0.2,0.5,.400,.350,0.2,0.2,1.000,0.3,0.5,0.7,0.1,0.0,0.0,0.1,0.3,0.8,2019
16033,100,Tyson Chandler,C,36,TOT,55,6,15.9,1.1,1.8,.616,0.0,0.0,.000,1.1,1.8,.622,.616,0.9,1.6,.586,1.7,3.9,5.6,0.7,0.4,0.4,0.8,2.0,3.1,2019
16034,100,Tyson Chandler,C,36,PHO,7,0,12.7,1.1,1.7,.667,0.0,0.0,,1.1,1.7,.667,.667,1.4,2.6,.556,1.0,4.6,5.6,0.9,0.3,0.1,1.0,3.0,3.7,2019
16035,100,Tyson Chandler,C,36,LAL,48,6,16.4,1.1,1.8,.609,0.0,0.0,.000,1.1,1.8,.616,.609,0.9,1.4,.594,1.8,3.8,5.6,0.6,0.4,0.5,0.7,1.9,3.1,2019
16036,Rk,Player,Pos,Age,Tm,G,GS,MP,FG,FGA,FG%,3P,3PA,3P%,2P,2PA,2P%,eFG%,FT,FTA,FT%,ORB,DRB,TRB,AST,STL,BLK,TOV,PF,PTS,2019
16037,101,Wilson Chandler,PF-SF,31,TOT,51,33,23.1,2.2,5.4,.418,1.2,3.1,.373,1.1,2.3,.478,.526,0.4,0.5,.720,0.9,3.3,4.2,1.6,0.5,0.4,0.9,2.4,6.0,2019
16038,101,Wilson Chandler,PF,31,PHI,36,32,26.4,2.5,5.8,.440,1.3,3.3,.390,1.3,2.5,.506,.551,0.4,0.5,.722,1.2,3.4,4.7,2.0,0.6,0.5,1.1,2.6,6.7,2019
16039,101,Wilson Chandler,SF,31,LAC,15,1,15.1,1.5,4.4,.348,0.9,2.7,.325,0.7,1.7,.385,.447,0.3,0.5,.714,0.3,2.9,3.1,0.7,0.2,0.2,0.5,1.9,4.3,2019
16040,102,Joe Chealey,PG,23,CHO,1,0,8.0,1.0,3.0,.333,0.0,0.0,,1.0,3.0,.333,.333,0.0,0.0,,0.0,0.0,0.0,1.0,0.0,0.0,0.0,1.0,2.0,2019
16041,103,Chris Chiozza,PG,23,HOU,7,0,4.7,0.3,1.1,.250,0.3,0.7,.400,0.0,0.4,.000,.375,0.0,0.0,,0.1,0.4,0.6,0.6,0.1,0.1,0.1,0.3,0.9,2019
16042,104,Marquese Chriss,PF,21,TOT,43,2,11.6,1.6,4.2,.372,0.4,1.7,.222,1.2,2.5,.472,.417,0.7,1.0,.711,0.9,2.4,3.3,0.5,0.4,0.3,0.8,1.9,4.2,2019
16043,104,Marquese Chriss,PF,21,HOU,16,0,6.5,0.7,2.1,.324,0.1,0.9,.067,0.6,1.2,.526,.338,0.4,0.4,.857,0.4,1.3,1.8,0.4,0.1,0.3,0.8,1.1,1.8,2019
16044,104,Marquese Chriss,PF,21,CLE,27,2,14.6,2.1,5.4,.384,0.6,2.1,.263,1.5,3.3,.461,.435,1.0,1.4,.684,1.2,3.0,4.2,0.6,0.6,0.3,0.9,2.4,5.7,2019
16045,105,Gary Clark,PF,24,HOU,51,2,12.6,1.0,3.0,.331,0.8,2.7,.297,0.2,0.3,.692,.467,0.1,0.1,1.000,0.5,1.8,2.3,0.4,0.4,0.5,0.1,0.9,2.9,2019
16046,106,Ian Clark,SG,27,NOP,60,6,16.2,2.5,6.4,.394,1.1,3.4,.327,1.4,3.0,.470,.480,0.6,0.6,.892,0.2,1.3,1.5,1.6,0.4,0.1,1.0,1.6,6.7,2019
16047,107,Jordan Clarkson,SG,26,CLE,81,0,27.3,6.5,14.6,.448,1.8,5.5,.324,4.8,9.1,.524,.509,2.0,2.4,.844,1.0,2.3,3.3,2.4,0.7,0.2,1.7,1.4,16.8,2019
16048,108,John Collins,PF,21,ATL,61,59,30.0,7.6,13.6,.560,0.9,2.6,.348,6.7,11.0,.609,.593,3.3,4.4,.763,3.6,6.2,9.8,2.0,0.4,0.6,2.0,3.3,19.5,2019
16049,109,Zach Collins,C,21,POR,77,0,17.6,2.5,5.2,.473,0.5,1.6,.331,1.9,3.6,.534,.523,1.2,1.6,.746,1.4,2.8,4.2,0.9,0.3,0.9,1.0,2.3,6.6,2019
16050,110,Darren Collison,PG,31,IND,76,76,28.2,4.1,8.7,.467,1.0,2.6,.407,3.0,6.1,.492,.527,2.1,2.5,.832,0.5,2.6,3.1,6.0,1.4,0.1,1.6,1.8,11.2,2019
16051,111,Bonzie Colson,SF,23,MIL,8,2,12.3,1.6,4.9,.333,0.6,2.6,.238,1.0,2.3,.444,.397,1.0,1.1,.889,1.0,2.8,3.8,0.4,0.6,0.1,0.4,0.4,4.9,2019
16052,112,Mike Conley,PG,31,MEM,70,70,33.5,7.0,16.0,.438,2.2,6.1,.364,4.8,9.9,.483,.507,4.9,5.8,.845,0.6,2.8,3.4,6.4,1.3,0.3,1.9,1.8,21.1,2019
16053,113,Pat Connaughton,SG,26,MIL,61,2,20.7,2.7,5.7,.466,1.1,3.3,.330,1.6,2.5,.647,.560,0.5,0.7,.725,1.0,3.2,4.2,2.0,0.5,0.4,0.5,1.3,6.9,2019
16054,114,Quinn Cook,PG,25,GSW,74,10,14.3,2.8,5.9,.465,1.1,2.7,.405,1.7,3.2,.515,.557,0.3,0.4,.769,0.3,1.8,2.1,1.6,0.3,0.0,0.7,1.2,6.9,2019
16055,115,DeMarcus Cousins,C,28,GSW,30,30,25.7,5.9,12.4,.480,0.9,3.2,.274,5.1,9.2,.551,.515,3.5,4.8,.736,1.4,6.8,8.2,3.6,1.3,1.5,2.4,3.6,16.3,2019
16056,116,Robert Covington,SF,28,TOT,35,35,34.4,4.5,10.3,.431,2.4,6.4,.378,2.0,3.9,.518,.548,1.9,2.5,.764,0.8,4.7,5.5,1.3,2.1,1.3,1.3,3.6,13.3,2019
16057,116,Robert Covington,SF,28,PHI,13,13,33.8,3.8,9.0,.427,2.3,5.9,.390,1.5,3.1,.500,.556,1.3,1.8,.739,0.5,4.6,5.2,1.1,1.8,1.8,1.7,3.5,11.3,2019
16058,116,Robert Covington,SF,28,MIN,22,22,34.7,4.8,11.1,.433,2.5,6.7,.372,2.3,4.4,.526,.545,2.3,3.0,.773,1.0,4.8,5.7,1.5,2.3,1.1,1.1,3.7,14.5,2019
16059,117,Allen Crabbe,SG,26,BRK,43,20,26.3,3.2,8.7,.367,2.3,6.0,.378,0.9,2.7,.342,.499,1.0,1.3,.732,0.4,3.1,3.4,1.1,0.5,0.3,1.1,2.4,9.6,2019
16060,118,Torrey Craig,SF,28,DEN,75,37,20.0,2.1,4.8,.442,0.8,2.5,.324,1.3,2.3,.569,.526,0.7,0.9,.700,1.2,2.3,3.5,1.0,0.5,0.6,0.6,2.3,5.7,2019
16061,119,Jamal Crawford,SG,38,PHO,64,0,18.9,2.7,6.8,.397,1.0,3.2,.332,1.7,3.7,.453,.474,1.5,1.7,.845,0.1,1.2,1.3,3.6,0.5,0.2,1.5,1.2,7.9,2019
16062,120,Mitch Creek,SF,26,TOT,5,0,9.6,1.6,3.2,.500,0.0,0.4,.000,1.6,2.8,.571,.500,1.0,1.4,.714,1.2,1.2,2.4,1.2,0.4,0.0,0.2,0.6,4.2,2019
16063,120,Mitch Creek,SF,26,BRK,4,0,9.0,1.3,2.5,.500,0.0,0.3,.000,1.3,2.3,.556,.500,1.3,1.8,.714,1.3,1.3,2.5,1.3,0.3,0.0,0.0,0.8,3.8,2019
16064,120,Mitch Creek,SF,26,MIN,1,0,12.0,3.0,6.0,.500,0.0,1.0,.000,3.0,5.0,.600,.500,0.0,0.0,,1.0,1.0,2.0,1.0,1.0,0.0,1.0,0.0,6.0,2019
16065,Rk,Player,Pos,Age,Tm,G,GS,MP,FG,FGA,FG%,3P,3PA,3P%,2P,2PA,2P%,eFG%,FT,FTA,FT%,ORB,DRB,TRB,AST,STL,BLK,TOV,PF,PTS,2019
16066,121,Jae Crowder,SF,28,UTA,80,11,27.1,4.0,10.0,.399,2.2,6.5,.331,1.8,3.4,.527,.508,1.8,2.5,.721,0.8,4.1,4.8,1.7,0.8,0.4,1.1,2.1,11.9,2019
16067,122,Dante Cunningham,PF,31,SAS,64,21,14.5,1.2,2.5,.475,0.5,1.0,.462,0.7,1.5,.484,.570,0.2,0.3,.778,0.8,2.2,2.9,0.8,0.4,0.2,0.3,1.1,3.0,2019
16068,123,Seth Curry,SG,28,POR,74,2,18.9,2.9,6.3,.456,1.5,3.4,.450,1.3,2.9,.463,.577,0.6,0.7,.846,0.4,1.3,1.6,0.9,0.5,0.2,0.8,1.3,7.9,2019
16069,124,Stephen Curry,PG,30,GSW,69,69,33.8,9.2,19.4,.472,5.1,11.7,.437,4.0,7.7,.525,.604,3.8,4.2,.916,0.7,4.7,5.3,5.2,1.3,0.4,2.8,2.4,27.3,2019
16070,125,Troy Daniels,SG,27,PHO,51,1,14.9,2.2,5.4,.411,1.5,3.8,.381,0.8,1.6,.481,.545,0.4,0.5,.783,0.3,1.2,1.4,0.5,0.5,0.1,0.5,1.5,6.2,2019
16071,126,Anthony Davis,C,25,NOP,56,56,33.0,9.5,18.3,.517,0.9,2.6,.331,8.6,15.7,.547,.540,6.1,7.7,.794,3.1,8.9,12.0,3.9,1.6,2.4,2.0,2.4,25.9,2019
16072,127,Deyonta Davis,C,22,ATL,9,0,13.1,1.7,2.4,.682,0.0,0.1,.000,1.7,2.3,.714,.682,0.7,1.1,.600,1.1,2.9,4.0,0.6,0.3,0.6,0.3,1.3,4.0,2019
16073,128,Ed Davis,C,29,BRK,81,1,17.9,2.3,3.7,.616,0.0,0.0,.000,2.3,3.7,.620,.616,1.2,2.0,.617,2.7,5.9,8.6,0.8,0.4,0.4,0.8,2.8,5.8,2019
16074,129,Tyler Davis,C,21,OKC,1,0,1.0,0.0,1.0,.000,0.0,0.0,,0.0,1.0,.000,.000,0.0,0.0,,1.0,0.0,1.0,0.0,0.0,0.0,0.0,0.0,0.0,2019
16075,130,Dewayne Dedmon,C,29,ATL,64,52,25.1,4.0,8.2,.492,1.3,3.4,.382,2.8,4.8,.570,.571,1.4,1.8,.814,1.6,5.9,7.5,1.4,1.1,1.1,1.3,3.3,10.8,2019
16076,131,Sam Dekker,PF,24,TOT,47,5,16.8,2.6,5.4,.469,0.4,1.3,.306,2.1,4.1,.521,.506,0.6,1.0,.609,1.1,2.0,3.1,1.0,0.8,0.1,0.5,1.0,6.1,2019
16077,131,Sam Dekker,PF,24,CLE,9,5,18.8,2.4,5.3,.458,0.6,1.4,.385,1.9,3.9,.486,.510,0.9,1.1,.800,1.0,2.7,3.7,1.0,1.2,0.0,0.6,1.4,6.3,2019
16078,131,Sam Dekker,PF,24,WAS,38,0,16.3,2.6,5.5,.471,0.4,1.3,.286,2.2,4.2,.528,.505,0.5,0.9,.556,1.2,1.9,3.0,1.0,0.7,0.2,0.5,0.9,6.1,2019
16079,132,Ángel Delgado,C,24,LAC,2,0,7.5,0.5,2.5,.200,0.0,0.0,,0.5,2.5,.200,.200,0.5,1.0,.500,1.0,1.0,2.0,0.0,0.5,0.0,0.0,1.0,1.5,2019
16080,133,Matthew Dellavedova,PG,28,TOT,48,0,16.9,2.0,5.0,.405,0.9,2.7,.338,1.1,2.3,.482,.496,0.9,1.1,.808,0.1,1.5,1.6,3.8,0.3,0.0,1.4,1.6,5.9,2019
16081,133,Matthew Dellavedova,PG,28,MIL,12,0,8.1,0.5,1.6,.316,0.3,0.9,.364,0.2,0.7,.250,.421,0.3,0.3,1.000,0.0,0.8,0.8,2.4,0.2,0.0,0.9,0.8,1.7,2019
16082,133,Matthew Dellavedova,PG,28,CLE,36,0,19.9,2.6,6.2,.413,1.1,3.3,.336,1.4,2.9,.500,.502,1.1,1.3,.792,0.2,1.7,1.9,4.2,0.3,0.1,1.6,1.8,7.3,2019
16083,134,Luol Deng,SF,33,MIN,22,2,17.8,2.7,5.4,.500,0.6,2.0,.318,2.0,3.4,.608,.559,1.1,1.6,.714,0.9,2.4,3.3,0.8,0.7,0.4,0.6,1.1,7.1,2019
16084,135,DeMar DeRozan,SG,29,SAS,77,77,34.9,8.2,17.1,.481,0.1,0.6,.156,8.1,16.5,.492,.483,4.8,5.7,.830,0.7,5.3,6.0,6.2,1.1,0.5,2.6,2.3,21.2,2019
16085,136,Marcus Derrickson,PF,22,GSW,11,0,6.1,1.5,3.0,.485,0.9,1.8,.500,0.5,1.2,.462,.636,0.4,0.5,.800,0.7,0.5,1.2,0.1,0.0,0.1,0.3,0.8,4.2,2019
16086,137,Cheick Diallo,PF,22,NOP,64,1,14.0,2.6,4.2,.620,0.0,0.1,.250,2.6,4.2,.625,.622,0.8,1.0,.746,1.2,4.0,5.2,0.5,0.5,0.5,0.8,1.8,6.0,2019
16087,138,Hamidou Diallo,SG,20,OKC,51,3,10.3,1.5,3.2,.455,0.1,0.5,.167,1.4,2.8,.504,.467,0.7,1.2,.610,0.7,1.2,1.9,0.3,0.4,0.2,0.5,1.5,3.7,2019
16088,139,Gorgui Dieng,C,29,MIN,76,2,13.6,2.5,5.0,.501,0.3,0.7,.339,2.2,4.2,.530,.527,1.2,1.4,.830,1.1,3.0,4.1,0.9,0.6,0.5,0.8,1.8,6.4,2019
16089,140,Spencer Dinwiddie,PG,25,BRK,68,4,28.1,5.4,12.2,.442,1.8,5.4,.335,3.6,6.7,.528,.517,4.2,5.2,.806,0.4,2.1,2.4,4.6,0.6,0.3,2.2,2.8,16.8,2019
16090,Rk,Player,Pos,Age,Tm,G,GS,MP,FG,FGA,FG%,3P,3PA,3P%,2P,2PA,2P%,eFG%,FT,FTA,FT%,ORB,DRB,TRB,AST,STL,BLK,TOV,PF,PTS,2019
16091,141,Donte DiVincenzo,SG,22,MIL,27,0,15.2,1.9,4.6,.403,0.8,3.1,.265,1.0,1.5,.683,.492,0.3,0.4,.750,0.6,1.8,2.4,1.1,0.5,0.2,0.7,1.4,4.9,2019
16092,142,Luka Dončić,SG,19,DAL,72,72,32.2,7.0,16.5,.427,2.3,7.1,.327,4.7,9.3,.503,.497,4.8,6.7,.713,1.2,6.6,7.8,6.0,1.1,0.3,3.4,1.9,21.2,2019
16093,143,Tyler Dorsey,SG,22,TOT,48,11,14.5,2.2,5.5,.405,0.9,2.8,.333,1.3,2.8,.477,.489,0.8,1.3,.623,0.6,1.8,2.4,1.2,0.3,0.0,0.6,1.1,6.2,2019
16094,143,Tyler Dorsey,SG,22,ATL,27,0,9.3,1.2,3.3,.360,0.4,1.4,.256,0.8,1.9,.440,.416,0.6,1.0,.615,0.3,1.3,1.6,0.6,0.3,0.0,0.4,0.7,3.3,2019
16095,143,Tyler Dorsey,SG,22,MEM,21,11,21.3,3.6,8.3,.429,1.6,4.4,.366,2.0,3.9,.500,.526,1.0,1.7,.629,0.9,2.5,3.3,1.9,0.3,0.0,0.8,1.6,9.8,2019
16096,144,Damyean Dotson,SG,24,NYK,73,40,27.5,4.0,9.6,.415,1.7,4.7,.368,2.2,4.9,.461,.506,1.0,1.3,.745,0.5,3.1,3.6,1.8,0.8,0.1,1.0,1.8,10.7,2019
16097,145,PJ Dozier,SG,22,BOS,6,0,8.5,1.3,3.5,.381,0.3,1.3,.250,1.0,2.2,.462,.429,0.2,0.3,.500,1.0,1.8,2.8,0.8,0.3,0.0,0.0,0.3,3.2,2019
16098,146,Goran Dragić,PG,32,MIA,36,22,27.5,5.0,12.0,.413,1.6,4.6,.348,3.4,7.5,.454,.479,2.2,2.8,.782,0.6,2.5,3.1,4.8,0.8,0.1,2.0,2.3,13.7,2019
16099,147,Andre Drummond,C,25,DET,79,79,33.5,7.1,13.3,.533,0.1,0.5,.132,7.0,12.8,.548,.536,3.1,5.2,.590,5.4,10.2,15.6,1.4,1.7,1.7,2.2,3.4,17.3,2019
16100,148,Jared Dudley,PF,33,BRK,59,25,20.7,1.7,4.1,.423,0.9,2.6,.351,0.8,1.5,.545,.533,0.5,0.8,.696,0.6,2.1,2.6,1.4,0.6,0.3,0.7,2.2,4.9,2019
16101,149,Kris Dunn,PG,24,CHI,46,44,30.2,4.7,11.0,.425,0.7,2.1,.354,3.9,8.9,.441,.458,1.2,1.5,.797,0.4,3.7,4.1,6.0,1.5,0.5,2.3,3.6,11.3,2019
16102,150,Kevin Durant,SF,30,GSW,78,78,34.6,9.2,17.7,.521,1.8,5.0,.353,7.5,12.8,.587,.571,5.7,6.5,.885,0.4,5.9,6.4,5.9,0.7,1.1,2.9,2.0,26.0,2019
16103,151,Trevon Duval,PG,20,MIL,3,0,2.0,0.7,1.0,.667,0.3,0.3,1.000,0.3,0.7,.500,.833,0.0,0.0,,0.0,0.3,0.3,0.7,0.0,0.0,0.0,0.0,1.7,2019
16104,152,Vince Edwards,SF,22,HOU,2,0,8.0,0.5,2.0,.250,0.5,2.0,.250,0.0,0.0,,.375,0.0,0.0,,0.5,0.5,1.0,0.0,0.0,0.0,0.0,0.0,1.5,2019
16105,153,Henry Ellenson,PF,22,TOT,19,0,13.6,2.1,5.0,.411,0.9,2.0,.447,1.2,3.0,.386,.500,1.0,1.3,.760,0.3,3.2,3.5,0.8,0.4,0.1,0.5,1.4,6.0,2019
16106,153,Henry Ellenson,PF,22,DET,2,0,12.5,2.0,5.0,.400,1.0,2.0,.500,1.0,3.0,.333,.500,1.0,1.0,1.000,0.0,4.5,4.5,0.5,0.0,0.0,0.0,1.0,6.0,2019
16107,153,Henry Ellenson,PF,22,NYK,17,0,13.8,2.1,5.0,.412,0.9,2.0,.441,1.2,3.0,.392,.500,1.0,1.4,.739,0.3,3.1,3.4,0.9,0.4,0.1,0.5,1.5,6.0,2019
16108,154,Wayne Ellington,SG,31,TOT,53,38,24.5,3.5,8.6,.403,2.6,7.0,.371,0.9,1.6,.541,.554,0.7,0.9,.796,0.3,1.8,2.0,1.4,1.0,0.1,0.8,1.7,10.3,2019
16109,154,Wayne Ellington,SG,31,MIA,25,12,21.3,2.8,7.4,.375,2.3,6.2,.368,0.5,1.2,.414,.530,0.6,0.6,.875,0.2,1.6,1.9,1.2,1.0,0.1,0.6,1.6,8.4,2019
16110,154,Wayne Ellington,SG,31,DET,28,26,27.3,4.1,9.8,.421,2.9,7.8,.373,1.2,2.0,.607,.570,0.9,1.2,.758,0.3,1.9,2.1,1.5,1.1,0.1,0.9,1.9,12.0,2019
16111,155,Joel Embiid,C,24,PHI,64,64,33.7,9.1,18.7,.484,1.2,4.1,.300,7.8,14.6,.535,.517,8.2,10.1,.804,2.5,11.1,13.6,3.7,0.7,1.9,3.5,3.3,27.5,2019
16112,156,James Ennis III,SF,28,TOT,58,27,21.2,2.4,5.1,.469,0.9,2.7,.353,1.4,2.4,.601,.563,1.0,1.4,.716,1.0,2.1,3.1,0.7,0.7,0.4,0.6,2.6,6.7,2019
16113,156,James Ennis III,SF,28,HOU,40,25,23.7,2.6,5.3,.493,1.1,3.0,.367,1.5,2.3,.659,.597,1.1,1.5,.724,0.9,2.0,2.9,0.7,1.0,0.4,0.6,2.8,7.4,2019
16114,156,James Ennis III,SF,28,PHI,18,2,15.6,1.9,4.6,.410,0.6,2.0,.306,1.3,2.6,.489,.476,0.9,1.3,.696,1.3,2.3,3.6,0.8,0.2,0.4,0.6,2.2,5.3,2019
16115,157,Drew Eubanks,PF,21,SAS,23,0,4.9,0.7,1.1,.577,0.0,0.0,,0.7,1.1,.577,.577,0.5,0.6,.846,0.3,1.2,1.5,0.3,0.1,0.2,0.3,0.5,1.8,2019
16116,158,Jacob Evans,SG,21,GSW,30,1,6.8,0.6,1.8,.340,0.1,0.5,.267,0.5,1.3,.368,.377,0.0,0.0,.000,0.2,0.6,0.8,0.8,0.2,0.1,0.4,0.9,1.3,2019
16117,159,Jawun Evans,PG,22,TOT,8,0,8.1,0.4,1.8,.214,0.0,0.4,.000,0.4,1.4,.273,.214,0.0,0.0,,0.1,1.4,1.5,1.3,0.4,0.0,0.8,1.0,0.8,2019
16118,159,Jawun Evans,PG,22,PHO,7,0,9.1,0.4,1.9,.231,0.0,0.3,.000,0.4,1.6,.273,.231,0.0,0.0,,0.1,1.6,1.7,1.4,0.4,0.0,0.9,1.1,0.9,2019
16119,159,Jawun Evans,PG,22,OKC,1,0,1.0,0.0,1.0,.000,0.0,1.0,.000,0.0,0.0,,.000,0.0,0.0,,0.0,0.0,0.0,0.0,0.0,0.0,0.0,0.0,0.0,2019
16120,160,Tyreke Evans,SG,29,IND,69,18,20.3,3.7,9.6,.389,1.1,3.1,.356,2.6,6.4,.405,.448,1.7,2.3,.719,0.5,2.4,2.9,2.4,0.8,0.3,1.7,1.7,10.2,2019
16121,Rk,Player,Pos,Age,Tm,G,GS,MP,FG,FGA,FG%,3P,3PA,3P%,2P,2PA,2P%,eFG%,FT,FTA,FT%,ORB,DRB,TRB,AST,STL,BLK,TOV,PF,PTS,2019
16122,161,Dante Exum,PG,23,UTA,42,1,15.8,2.4,5.7,.419,0.4,1.5,.290,2.0,4.3,.464,.456,1.6,2.0,.791,0.4,1.2,1.6,2.6,0.3,0.1,1.2,1.6,6.9,2019
16123,162,Kenneth Faried,C,29,TOT,37,13,19.7,4.2,7.2,.589,0.2,0.7,.320,4.0,6.5,.617,.604,1.7,2.7,.646,2.6,4.1,6.8,0.5,0.5,0.6,0.9,2.2,10.4,2019
16124,162,Kenneth Faried,C,29,BRK,12,0,9.8,2.1,3.5,.595,0.1,0.4,.200,2.0,3.1,.649,.607,0.8,1.3,.625,1.3,2.4,3.7,0.2,0.2,0.3,0.5,0.7,5.1,2019
16125,162,Kenneth Faried,C,29,HOU,25,13,24.4,5.2,8.9,.587,0.3,0.8,.350,5.0,8.1,.611,.603,2.2,3.3,.651,3.3,5.0,8.2,0.7,0.6,0.8,1.1,3.0,12.9,2019
16126,163,Derrick Favors,C,27,UTA,76,70,23.2,4.8,8.1,.586,0.2,1.0,.218,4.6,7.1,.640,.600,2.0,3.0,.675,2.7,4.6,7.4,1.2,0.7,1.4,1.1,2.1,11.8,2019
16127,164,Cristiano Felício,C,26,CHI,60,0,12.4,1.6,3.0,.531,0.0,0.1,.000,1.6,2.9,.543,.531,0.8,1.2,.685,1.3,2.3,3.6,0.6,0.2,0.1,0.6,1.2,4.0,2019
16128,165,Raymond Felton,PG,34,OKC,33,0,11.5,1.7,4.1,.407,0.6,1.8,.328,1.1,2.2,.473,.481,0.4,0.4,.923,0.1,0.9,1.0,1.6,0.3,0.2,0.4,0.9,4.3,2019
16129,166,Terrance Ferguson,SG,20,OKC,74,74,26.1,2.5,5.8,.429,1.4,3.9,.366,1.1,1.9,.560,.552,0.5,0.7,.725,0.4,1.5,1.9,1.0,0.5,0.2,0.6,3.1,6.9,2019
16130,167,Yogi Ferrell,PG,25,SAC,71,3,15.0,2.2,5.0,.435,0.8,2.1,.362,1.4,2.9,.488,.511,0.8,0.9,.896,0.2,1.4,1.5,1.9,0.5,0.1,0.6,0.9,5.9,2019
16131,168,Dorian Finney-Smith,SF,25,DAL,81,26,24.5,2.8,6.5,.432,1.0,3.1,.311,1.8,3.4,.544,.507,0.9,1.3,.709,1.7,3.1,4.8,1.2,0.9,0.4,0.9,2.3,7.5,2019
16132,169,Bryn Forbes,SG,25,SAS,82,81,28.0,4.4,9.6,.456,2.1,5.0,.426,2.3,4.6,.489,.568,0.8,1.0,.885,0.2,2.7,2.9,2.1,0.5,0.0,1.0,1.9,11.8,2019
16133,170,Evan Fournier,SG,26,ORL,81,81,31.5,5.8,13.2,.438,1.9,5.6,.340,3.9,7.6,.509,.509,1.7,2.1,.806,0.5,2.7,3.2,3.6,0.9,0.1,1.9,2.8,15.1,2019
16134,171,De'Aaron Fox,PG,21,SAC,81,81,31.4,6.2,13.6,.458,1.1,2.9,.371,5.2,10.7,.482,.497,3.7,5.1,.727,0.5,3.2,3.8,7.3,1.6,0.6,2.8,2.5,17.3,2019
16135,172,Melvin Frazier,SG,22,ORL,10,0,4.4,0.7,2.1,.333,0.0,0.6,.000,0.7,1.5,.467,.333,0.1,0.4,.250,0.3,0.2,0.5,0.1,0.1,0.0,0.1,0.6,1.5,2019
16136,173,Tim Frazier,PG,28,TOT,59,19,19.0,2.0,4.4,.444,0.6,1.7,.366,1.3,2.7,.494,.515,0.7,0.9,.759,0.7,2.2,2.8,4.2,0.5,0.1,1.3,1.9,5.3,2019
16137,173,Tim Frazier,PG,28,NOP,47,17,19.3,1.9,4.1,.451,0.6,1.6,.351,1.3,2.5,.517,.521,0.7,0.9,.780,0.7,2.2,2.9,4.4,0.5,0.1,1.3,2.0,5.0,2019
16138,173,Tim Frazier,PG,28,MIL,12,2,17.6,2.3,5.5,.424,0.8,2.0,.417,1.5,3.5,.429,.500,0.8,1.1,.692,0.8,1.8,2.6,3.5,0.4,0.1,1.3,1.6,6.3,2019
16139,174,Jimmer Fredette,SG,29,PHO,6,0,10.8,1.3,4.8,.276,0.0,2.2,.000,1.3,2.7,.500,.276,1.0,1.0,1.000,0.2,1.0,1.2,1.3,0.5,0.0,0.8,0.8,3.7,2019
16140,175,Enes Freedom,C,26,TOT,67,31,24.5,5.6,10.2,.549,0.1,0.5,.294,5.4,9.7,.562,.556,2.3,2.9,.787,3.8,6.0,9.8,1.7,0.5,0.4,1.8,2.5,13.7,2019
16141,175,Enes Freedom,C,26,NYK,44,23,25.6,5.7,10.6,.536,0.2,0.5,.318,5.5,10.1,.547,.544,2.4,2.9,.814,3.9,6.6,10.5,1.9,0.4,0.4,1.8,2.4,14.0,2019
16142,175,Enes Freedom,C,26,POR,23,8,22.3,5.4,9.3,.577,0.1,0.5,.250,5.3,8.8,.596,.584,2.2,3.0,.735,3.7,4.9,8.6,1.4,0.6,0.4,1.7,2.7,13.1,2019
16143,176,Channing Frye,C,35,CLE,36,6,9.5,1.2,3.3,.368,0.9,2.2,.405,0.3,1.1,.289,.504,0.3,0.4,.786,0.1,1.3,1.4,0.6,0.2,0.1,0.4,1.2,3.6,2019
16144,177,Markelle Fultz,SG,20,PHI,19,15,22.5,3.4,8.2,.419,0.2,0.7,.286,3.2,7.4,.433,.432,1.1,1.9,.568,1.4,2.3,3.7,3.1,0.9,0.3,1.3,2.7,8.2,2019
16145,178,Danilo Gallinari,SF,30,LAC,68,68,30.3,6.0,13.0,.463,2.4,5.5,.433,3.6,7.5,.484,.554,5.4,6.0,.904,0.8,5.3,6.1,2.6,0.7,0.3,1.5,1.9,19.8,2019
16146,179,Langston Galloway,SG,27,DET,80,4,21.8,2.9,7.3,.388,1.7,4.8,.355,1.2,2.6,.449,.503,1.0,1.2,.844,0.6,1.5,2.1,1.1,0.5,0.1,0.3,1.7,8.4,2019
16147,180,Billy Garrett,SG,24,NYK,4,0,15.8,2.8,6.8,.407,0.0,2.0,.000,2.8,4.8,.579,.407,1.0,1.0,1.000,0.0,0.8,0.8,1.8,0.3,0.3,0.5,0.8,6.5,2019
16148,Rk,Player,Pos,Age,Tm,G,GS,MP,FG,FGA,FG%,3P,3PA,3P%,2P,2PA,2P%,eFG%,FT,FTA,FT%,ORB,DRB,TRB,AST,STL,BLK,TOV,PF,PTS,2019
16149,181,Marc Gasol,C,34,TOT,79,72,30.8,4.9,11.0,.448,1.3,3.5,.363,3.7,7.6,.487,.505,2.4,3.2,.759,1.0,6.9,7.9,4.4,1.1,1.1,2.0,2.7,13.6,2019
16150,181,Marc Gasol,C,34,MEM,53,53,33.7,5.7,12.9,.444,1.4,4.2,.344,4.3,8.7,.491,.499,2.9,3.8,.756,1.1,7.5,8.6,4.7,1.1,1.2,2.2,2.8,15.7,2019
16151,181,Marc Gasol,C,34,TOR,26,19,24.9,3.3,7.2,.465,0.9,2.0,.442,2.5,5.2,.474,.527,1.5,2.0,.769,0.9,5.7,6.6,3.9,0.9,0.9,1.4,2.7,9.1,2019
16152,182,Pau Gasol,C,38,TOT,30,6,12.0,1.4,3.1,.447,0.2,0.4,.462,1.2,2.7,.444,.479,0.9,1.3,.700,0.7,3.8,4.6,1.7,0.2,0.5,0.5,1.0,3.9,2019
16153,182,Pau Gasol,C,38,SAS,27,6,12.2,1.5,3.3,.466,0.2,0.4,.500,1.3,2.9,.462,.494,1.0,1.4,.711,0.8,3.9,4.7,1.9,0.2,0.5,0.5,1.0,4.2,2019
16154,182,Pau Gasol,C,38,MIL,3,0,10.0,0.3,2.0,.167,0.3,1.0,.333,0.0,1.0,.000,.250,0.3,0.7,.500,0.0,3.3,3.3,0.7,0.0,0.3,0.7,0.3,1.3,2019
16155,183,Rudy Gay,PF,32,SAS,69,51,26.7,5.4,10.8,.504,1.1,2.7,.402,4.4,8.1,.537,.554,1.7,2.1,.816,0.9,5.9,6.8,2.6,0.8,0.5,1.7,2.3,13.7,2019
16156,184,Paul George,SF,28,OKC,77,77,36.9,9.2,21.0,.438,3.8,9.8,.386,5.4,11.1,.484,.529,5.9,7.0,.839,1.4,6.8,8.2,4.1,2.2,0.4,2.7,2.8,28.0,2019
16157,185,Taj Gibson,PF,33,MIN,70,57,24.1,4.3,7.7,.566,0.2,0.5,.324,4.2,7.2,.583,.576,1.9,2.5,.757,2.5,4.1,6.5,1.2,0.8,0.6,1.0,2.7,10.8,2019
16158,186,Harry Giles,PF,20,SAC,58,0,14.1,3.0,6.0,.503,0.0,0.1,.000,3.0,5.9,.512,.503,1.0,1.6,.637,1.1,2.7,3.8,1.5,0.5,0.4,1.3,2.6,7.0,2019
16159,187,Shai Gilgeous-Alexander,PG,20,LAC,82,73,26.5,4.2,8.7,.476,0.6,1.7,.367,3.5,7.0,.503,.512,1.9,2.4,.800,0.7,2.1,2.8,3.3,1.2,0.5,1.7,2.1,10.8,2019
16160,188,Rudy Gobert,C,26,UTA,81,80,31.8,5.9,8.8,.669,0.0,0.0,,5.9,8.8,.669,.669,4.1,6.4,.636,3.8,9.0,12.9,2.0,0.8,2.3,1.6,2.9,15.9,2019
16161,189,Brandon Goodwin,PG,23,DEN,16,0,3.6,0.4,1.4,.261,0.1,0.4,.333,0.3,1.1,.235,.304,0.6,0.7,.818,0.1,0.1,0.2,0.9,0.0,0.0,0.2,0.4,1.4,2019
16162,190,Aaron Gordon,PF,23,ORL,78,78,33.8,6.0,13.4,.449,1.6,4.4,.349,4.5,9.0,.499,.507,2.4,3.2,.731,1.7,5.7,7.4,3.7,0.7,0.7,2.1,2.2,16.0,2019
16163,191,Eric Gordon,SG,30,HOU,68,53,31.7,5.6,13.8,.409,3.2,8.8,.360,2.5,5.0,.497,.525,1.8,2.2,.783,0.3,1.9,2.2,1.9,0.6,0.4,1.3,2.1,16.2,2019
16164,192,Marcin Gortat,C,34,LAC,47,43,16.0,2.1,4.0,.532,0.0,0.0,,2.1,4.0,.532,.532,0.7,1.0,.729,1.4,4.1,5.6,1.4,0.1,0.5,1.1,2.0,5.0,2019
16165,193,Devonte' Graham,PG,23,CHO,46,3,14.7,1.6,4.7,.343,0.7,2.6,.281,0.9,2.1,.421,.421,0.8,1.0,.761,0.2,1.2,1.4,2.6,0.5,0.0,0.7,1.0,4.7,2019
16166,194,Treveon Graham,SG,25,BRK,35,21,20.4,1.8,5.5,.335,1.1,3.7,.297,0.7,1.8,.413,.435,0.5,0.6,.818,0.7,2.4,3.1,1.0,0.4,0.2,0.5,1.9,5.3,2019
16167,195,Jerami Grant,PF,24,OKC,80,77,32.7,5.1,10.3,.497,1.4,3.7,.392,3.7,6.6,.555,.567,2.0,2.8,.710,1.2,4.0,5.2,1.0,0.8,1.3,0.8,2.7,13.6,2019
16168,196,Jerian Grant,PG,26,ORL,60,1,15.7,1.5,3.7,.418,0.7,1.8,.364,0.9,1.8,.473,.509,0.4,0.7,.650,0.3,1.3,1.6,2.6,0.7,0.1,0.9,1.3,4.2,2019
16169,197,Donte Grantham,SF,23,OKC,3,0,0.7,0.0,0.7,.000,0.0,0.7,.000,0.0,0.0,,.000,0.0,0.0,,0.0,0.0,0.0,0.0,0.0,0.0,0.0,0.0,0.0,2019
16170,198,Danny Green,SG,31,TOR,80,80,27.7,3.7,7.9,.465,2.5,5.4,.455,1.2,2.4,.487,.622,0.5,0.6,.841,0.8,3.2,4.0,1.6,0.9,0.7,0.9,2.1,10.3,2019
16171,199,Draymond Green,PF,28,GSW,66,66,31.3,2.8,6.4,.445,0.7,2.5,.285,2.1,3.9,.549,.501,1.0,1.4,.692,0.9,6.4,7.3,6.9,1.4,1.1,2.6,3.0,7.4,2019
16172,200,Gerald Green,SG,33,HOU,73,0,20.2,3.2,7.9,.400,2.1,6.0,.354,1.0,1.9,.547,.535,0.8,0.9,.838,0.4,2.1,2.5,0.5,0.5,0.4,0.8,1.7,9.2,2019
16173,Rk,Player,Pos,Age,Tm,G,GS,MP,FG,FGA,FG%,3P,3PA,3P%,2P,2PA,2P%,eFG%,FT,FTA,FT%,ORB,DRB,TRB,AST,STL,BLK,TOV,PF,PTS,2019
16174,201,JaMychal Green,PF,28,TOT,65,6,21.1,3.5,7.3,.483,1.1,2.7,.403,2.4,4.6,.530,.558,1.2,1.6,.792,1.6,4.7,6.3,0.8,0.7,0.5,1.3,3.0,9.4,2019
16175,201,JaMychal Green,PF,28,MEM,41,4,22.0,3.7,7.6,.484,0.9,2.3,.396,2.8,5.3,.523,.545,1.5,2.0,.788,1.8,4.4,6.1,0.9,0.8,0.6,1.6,3.0,9.8,2019
16176,201,JaMychal Green,PF,28,LAC,24,2,19.6,3.3,6.8,.482,1.4,3.3,.413,1.9,3.5,.548,.582,0.7,0.9,.810,1.3,5.2,6.5,0.6,0.5,0.3,1.0,2.9,8.7,2019
16177,202,Jeff Green,PF,32,WAS,77,44,27.2,4.2,8.9,.475,1.4,4.2,.347,2.8,4.8,.586,.555,2.4,2.7,.888,0.7,3.3,4.0,1.8,0.6,0.5,1.3,2.1,12.3,2019
16178,203,Blake Griffin,PF,29,DET,75,75,35.0,8.3,17.9,.462,2.5,7.0,.362,5.7,10.9,.525,.532,5.5,7.3,.753,1.3,6.2,7.5,5.4,0.7,0.4,3.4,2.7,24.5,2019
16179,204,Daniel Hamilton,SG,23,ATL,19,3,10.7,1.2,3.2,.383,0.4,1.2,.348,0.8,1.9,.405,.450,0.2,0.3,.500,0.5,1.9,2.5,1.2,0.3,0.1,0.8,1.0,3.0,2019
16180,205,Dusty Hannahs,SG,25,MEM,2,0,13.0,1.5,6.0,.250,0.0,2.5,.000,1.5,3.5,.429,.250,1.0,1.0,1.000,0.0,0.5,0.5,2.5,0.5,0.0,0.5,0.5,4.0,2019
16181,206,Tim Hardaway Jr.,SG,26,TOT,65,63,31.6,6.0,15.3,.393,2.5,7.3,.340,3.5,7.9,.442,.474,3.6,4.2,.841,0.5,2.9,3.4,2.4,0.8,0.1,1.6,2.2,18.1,2019
16182,206,Tim Hardaway Jr.,SG,26,NYK,46,46,32.6,6.1,15.8,.388,2.5,7.3,.347,3.6,8.5,.424,.469,4.3,5.1,.854,0.6,2.9,3.5,2.7,0.9,0.1,1.8,2.3,19.1,2019
16183,206,Tim Hardaway Jr.,SG,26,DAL,19,17,29.4,5.7,14.1,.404,2.4,7.4,.321,3.3,6.7,.496,.489,1.7,2.3,.767,0.4,2.8,3.2,1.9,0.6,0.1,1.3,1.8,15.5,2019
16184,207,James Harden,PG,29,HOU,78,78,36.8,10.8,24.5,.442,4.8,13.2,.368,6.0,11.3,.528,.541,9.7,11.0,.879,0.8,5.8,6.6,7.5,2.0,0.7,5.0,3.1,36.1,2019
16185,208,Maurice Harkless,SF,25,POR,60,53,23.6,3.2,6.5,.487,0.6,2.0,.275,2.6,4.5,.582,.530,0.8,1.2,.671,1.3,3.2,4.5,1.2,1.1,0.9,0.8,2.7,7.7,2019
16186,209,Montrezl Harrell,C,25,LAC,82,5,26.3,6.7,10.8,.615,0.0,0.2,.176,6.6,10.6,.623,.617,3.2,5.0,.643,2.2,4.3,6.5,2.0,0.9,1.3,1.6,3.1,16.6,2019
16187,210,Devin Harris,PG,35,DAL,68,2,15.8,1.9,5.1,.380,0.9,2.9,.310,1.0,2.2,.476,.470,1.5,2.0,.761,0.2,1.5,1.6,1.8,0.5,0.2,0.8,2.0,6.3,2019
16188,211,Gary Harris,SG,24,DEN,57,48,28.8,4.7,11.2,.424,1.4,4.2,.339,3.3,6.9,.476,.488,2.0,2.5,.799,0.7,2.1,2.8,2.2,1.0,0.3,1.2,2.0,12.9,2019
16189,212,Joe Harris,SG,27,BRK,76,76,30.2,4.9,9.8,.500,2.4,5.1,.474,2.5,4.8,.528,.622,1.4,1.8,.827,0.7,3.1,3.8,2.4,0.5,0.2,1.6,2.4,13.7,2019
16190,213,Tobias Harris,PF,26,TOT,82,82,34.7,7.5,15.3,.487,1.9,4.8,.397,5.5,10.5,.528,.549,3.2,3.7,.866,0.8,7.0,7.9,2.8,0.6,0.5,1.8,2.2,20.0,2019
16191,213,Tobias Harris,PF,26,LAC,55,55,34.6,7.7,15.5,.496,2.0,4.7,.434,5.7,10.9,.523,.561,3.5,4.0,.877,0.7,7.2,7.9,2.7,0.7,0.4,2.0,2.2,20.9,2019
16192,213,Tobias Harris,PF,26,PHI,27,27,35.0,6.9,14.8,.469,1.6,5.0,.326,5.3,9.8,.542,.524,2.7,3.3,.841,1.2,6.7,7.9,2.9,0.4,0.5,1.6,2.3,18.2,2019
16193,214,Andrew Harrison,PG,24,TOT,17,0,11.0,0.9,3.1,.302,0.3,1.5,.200,0.6,1.6,.393,.349,1.0,1.1,.944,0.4,0.8,1.2,1.4,0.2,0.1,0.7,2.0,3.2,2019
16194,214,Andrew Harrison,PG,24,MEM,1,0,5.0,1.0,2.0,.500,0.0,1.0,.000,1.0,1.0,1.000,.500,0.0,0.0,,0.0,0.0,0.0,0.0,0.0,0.0,0.0,1.0,2.0,2019
16195,214,Andrew Harrison,PG,24,CLE,10,0,14.4,1.2,3.9,.308,0.3,1.4,.214,0.9,2.5,.360,.346,1.6,1.6,1.000,0.4,1.1,1.5,1.7,0.4,0.2,1.0,2.6,4.3,2019
16196,214,Andrew Harrison,PG,24,NOP,6,0,6.3,0.5,2.0,.250,0.3,1.7,.200,0.2,0.3,.500,.333,0.2,0.3,.500,0.3,0.5,0.8,1.2,0.0,0.0,0.3,1.2,1.5,2019
16197,215,Shaquille Harrison,SG,25,CHI,73,11,19.6,2.5,5.8,.432,0.3,1.2,.270,2.2,4.6,.475,.460,1.1,1.7,.667,0.5,2.6,3.0,1.9,1.2,0.4,0.8,1.7,6.5,2019
16198,216,Josh Hart,SG,23,LAL,67,22,25.6,2.8,6.9,.407,1.4,4.1,.336,1.4,2.8,.511,.506,0.8,1.2,.688,0.5,3.2,3.7,1.4,1.0,0.6,0.9,2.2,7.8,2019
16199,217,Isaiah Hartenstein,PF,20,HOU,28,0,7.9,0.7,1.5,.488,0.1,0.2,.333,0.6,1.3,.514,.512,0.4,0.5,.786,0.8,0.9,1.7,0.5,0.3,0.4,0.5,2.0,1.9,2019
16200,218,Udonis Haslem,C,38,MIA,10,1,7.4,1.1,3.3,.333,0.0,1.2,.000,1.1,2.1,.524,.333,0.3,0.4,.750,0.3,2.4,2.7,0.2,0.0,0.0,0.3,0.9,2.5,2019
16201,219,Gordon Hayward,PF,28,BOS,72,18,25.9,4.1,8.8,.466,1.1,3.2,.333,3.0,5.6,.542,.527,2.2,2.6,.834,0.7,3.8,4.5,3.4,0.9,0.3,1.5,1.4,11.5,2019
16202,220,John Henson,C,28,MIL,14,0,13.4,2.2,4.8,.463,0.8,2.2,.355,1.4,2.6,.556,.545,0.4,0.7,.600,1.1,3.9,5.1,1.0,0.5,0.8,0.9,1.1,5.6,2019
16203,Rk,Player,Pos,Age,Tm,G,GS,MP,FG,FGA,FG%,3P,3PA,3P%,2P,2PA,2P%,eFG%,FT,FTA,FT%,ORB,DRB,TRB,AST,STL,BLK,TOV,PF,PTS,2019
16204,221,Juancho Hernangómez,PF,23,DEN,70,25,19.4,2.0,4.5,.439,0.9,2.6,.365,1.0,1.9,.541,.545,0.9,1.2,.767,0.9,2.9,3.8,0.8,0.4,0.3,0.5,1.3,5.8,2019
16205,222,Willy Hernangómez,C,24,CHO,58,3,14.0,2.6,5.1,.519,0.3,0.7,.385,2.4,4.4,.539,.544,1.7,2.5,.694,2.0,3.3,5.4,1.0,0.3,0.3,1.0,1.7,7.3,2019
16206,223,Mario Hezonja,SF,23,NYK,58,24,20.8,3.3,8.0,.412,0.7,2.6,.276,2.6,5.4,.478,.457,1.5,2.0,.763,0.5,3.6,4.1,1.5,1.0,0.1,1.5,1.9,8.8,2019
16207,224,Isaiah Hicks,PF,24,NYK,3,0,10.7,1.3,2.7,.500,0.0,0.0,,1.3,2.7,.500,.500,1.3,1.7,.800,0.7,1.7,2.3,0.7,0.3,1.0,0.3,1.7,4.0,2019
16208,225,Buddy Hield,SG,26,SAC,82,82,31.9,7.6,16.6,.458,3.4,7.9,.427,4.2,8.6,.487,.560,2.1,2.4,.886,1.3,3.7,5.0,2.5,0.7,0.4,1.8,2.5,20.7,2019
16209,226,Haywood Highsmith,SF,22,PHI,5,0,8.0,0.8,2.0,.400,0.2,1.0,.200,0.6,1.0,.600,.450,0.0,0.4,.000,0.0,1.0,1.0,0.4,0.2,0.0,0.2,0.2,1.8,2019
16210,227,Nenê,C,36,HOU,42,2,13.0,1.4,2.8,.517,0.0,0.1,.000,1.4,2.7,.531,.517,0.7,1.1,.660,0.8,2.1,2.9,0.6,0.4,0.4,0.3,2.1,3.6,2019
16211,228,George Hill,PG,32,TOT,60,13,21.7,2.8,6.3,.452,0.8,2.6,.314,2.0,3.7,.547,.516,1.2,1.4,.824,0.7,1.8,2.5,2.3,0.9,0.1,0.9,1.7,7.6,2019
16212,228,George Hill,PG,32,CLE,13,13,26.5,4.2,8.2,.514,1.0,2.2,.464,3.2,6.1,.532,.575,1.3,1.5,.850,0.9,1.2,2.1,2.8,0.9,0.1,1.5,2.7,10.8,2019
16213,228,George Hill,PG,32,MIL,47,0,20.4,2.4,5.7,.428,0.7,2.7,.280,1.7,3.1,.556,.493,1.1,1.4,.815,0.6,2.0,2.6,2.1,0.9,0.1,0.7,1.4,6.8,2019
16214,229,Solomon Hill,SF,27,NOP,44,15,20.0,1.5,4.0,.382,0.7,2.3,.317,0.8,1.8,.468,.472,0.5,0.7,.719,0.8,2.3,3.0,1.3,0.5,0.2,0.7,1.8,4.3,2019
16215,230,Aaron Holiday,PG,22,IND,50,0,12.9,2.1,5.2,.401,0.9,2.5,.339,1.2,2.7,.459,.483,0.8,1.0,.820,0.1,1.2,1.3,1.7,0.4,0.3,0.8,1.4,5.9,2019
16216,231,Jrue Holiday,SG,28,NOP,67,67,35.9,8.2,17.3,.472,1.8,5.4,.325,6.4,11.9,.539,.523,3.1,4.0,.768,1.1,3.9,5.0,7.7,1.6,0.8,3.1,2.2,21.2,2019
16217,232,Justin Holiday,SG,29,TOT,82,77,31.8,3.7,9.5,.386,2.0,5.7,.348,1.7,3.8,.442,.490,1.2,1.3,.896,0.6,3.4,3.9,1.8,1.5,0.4,1.3,2.0,10.5,2019
16218,232,Justin Holiday,SG,29,CHI,38,38,34.9,4.0,10.4,.383,2.6,7.1,.359,1.4,3.3,.435,.506,1.1,1.2,.891,0.5,3.9,4.4,2.2,1.8,0.6,1.2,2.1,11.6,2019
16219,232,Justin Holiday,SG,29,MEM,44,39,29.1,3.4,8.7,.389,1.5,4.4,.333,1.9,4.3,.447,.474,1.2,1.4,.900,0.6,2.9,3.5,1.4,1.2,0.3,1.3,1.9,9.5,2019
16220,233,John Holland,SF,30,CLE,1,0,1.0,0.0,0.0,,0.0,0.0,,0.0,0.0,,,0.0,0.0,,0.0,0.0,0.0,0.0,0.0,0.0,0.0,0.0,0.0,2019
16221,234,Rondae Hollis-Jefferson,SF,24,BRK,59,21,20.9,3.4,8.3,.411,0.2,0.8,.184,3.2,7.4,.436,.420,2.0,3.1,.645,1.4,3.8,5.3,1.6,0.7,0.5,1.2,1.8,8.9,2019
16222,235,Richaun Holmes,C,25,PHO,70,4,16.9,3.2,5.2,.608,0.0,0.0,,3.2,5.2,.608,.608,1.8,2.5,.731,1.6,3.1,4.7,0.9,0.6,1.1,0.7,2.8,8.2,2019
16223,236,Rodney Hood,SG,26,TOT,72,49,26.3,4.1,9.3,.435,1.2,3.3,.356,2.9,6.0,.478,.498,1.9,2.2,.884,0.3,1.8,2.2,1.8,0.8,0.2,0.8,2.0,11.2,2019
16224,236,Rodney Hood,SG,26,CLE,45,45,27.4,4.3,10.1,.427,1.2,3.4,.362,3.1,6.7,.460,.488,2.3,2.5,.912,0.4,2.1,2.5,2.0,0.8,0.1,0.8,2.2,12.2,2019
16225,236,Rodney Hood,SG,26,POR,27,4,24.4,3.6,8.0,.452,1.1,3.1,.345,2.6,4.9,.519,.518,1.2,1.5,.805,0.3,1.4,1.7,1.3,0.8,0.3,0.7,1.7,9.6,2019
16226,237,Al Horford,C,32,BOS,68,68,29.0,5.7,10.6,.535,1.1,3.0,.360,4.6,7.6,.604,.586,1.1,1.4,.821,1.8,5.0,6.7,4.2,0.9,1.3,1.5,1.9,13.6,2019
16227,238,Danuel House Jr.,SF,25,HOU,39,13,25.1,3.0,6.5,.468,1.9,4.6,.416,1.1,1.9,.595,.615,1.4,1.8,.789,0.6,2.9,3.6,1.0,0.5,0.3,0.9,2.1,9.4,2019
16228,239,Dwight Howard,C,33,WAS,9,9,25.6,4.8,7.7,.623,0.0,0.0,,4.8,7.7,.623,.623,3.2,5.3,.604,2.7,6.6,9.2,0.4,0.8,0.4,1.8,3.8,12.8,2019
16229,240,Kevin Huerter,SG,20,ATL,75,59,27.3,3.7,8.8,.419,1.8,4.7,.385,1.9,4.1,.457,.522,0.5,0.7,.732,0.8,2.5,3.3,2.9,0.9,0.3,1.5,2.1,9.7,2019
16230,Rk,Player,Pos,Age,Tm,G,GS,MP,FG,FGA,FG%,3P,3PA,3P%,2P,2PA,2P%,eFG%,FT,FTA,FT%,ORB,DRB,TRB,AST,STL,BLK,TOV,PF,PTS,2019
16231,241,Isaac Humphries,C,21,ATL,5,1,11.2,1.2,4.2,.286,0.6,2.2,.273,0.6,2.0,.300,.357,0.0,0.0,,0.8,1.4,2.2,0.0,0.2,0.0,0.0,1.4,3.0,2019
16232,242,R.J. Hunter,SG,25,BOS,1,0,26.0,6.0,13.0,.462,4.0,10.0,.400,2.0,3.0,.667,.615,1.0,2.0,.500,1.0,2.0,3.0,3.0,1.0,0.0,0.0,3.0,17.0,2019
16233,243,Chandler Hutchison,SF,22,CHI,44,14,20.3,2.2,4.8,.459,0.3,1.1,.280,1.9,3.6,.516,.493,0.5,0.9,.605,0.7,3.5,4.2,0.8,0.5,0.1,0.6,1.3,5.2,2019
16234,244,Serge Ibaka,C,29,TOR,74,51,27.2,6.3,11.9,.529,0.7,2.3,.290,5.6,9.6,.586,.557,1.8,2.4,.763,2.1,6.0,8.1,1.3,0.4,1.4,1.5,2.9,15.0,2019
16235,245,Andre Iguodala,SF,35,GSW,68,13,23.2,2.2,4.4,.500,0.7,2.1,.333,1.5,2.3,.652,.579,0.6,1.0,.582,0.7,3.0,3.7,3.2,0.9,0.8,0.8,1.4,5.7,2019
16236,246,Ersan İlyasova,PF,31,MIL,67,7,18.4,2.5,5.7,.438,0.9,2.4,.363,1.6,3.3,.493,.514,0.9,1.1,.824,1.4,3.1,4.5,0.8,0.5,0.3,0.7,2.6,6.8,2019
16237,247,Joe Ingles,PF,31,UTA,82,82,31.3,4.4,9.8,.448,2.3,5.9,.391,2.1,3.9,.533,.565,1.1,1.5,.707,0.4,3.6,4.0,5.7,1.2,0.2,2.4,2.2,12.1,2019
16238,248,Andre Ingram,SG,33,LAL,4,0,3.8,0.0,1.5,.000,0.0,0.8,.000,0.0,0.8,.000,.000,0.0,0.0,,0.3,0.3,0.5,0.0,0.3,0.0,0.3,0.0,0.0,2019
16239,249,Brandon Ingram,SF,21,LAL,52,52,33.8,7.0,14.0,.497,0.6,1.8,.330,6.4,12.2,.521,.518,3.8,5.6,.675,0.8,4.3,5.1,3.0,0.5,0.6,2.5,2.9,18.3,2019
16240,250,Kyrie Irving,PG,26,BOS,67,67,33.0,9.0,18.5,.487,2.6,6.5,.401,6.4,12.0,.533,.557,3.2,3.7,.873,1.1,3.9,5.0,6.9,1.5,0.5,2.6,2.5,23.8,2019
16241,251,Jonathan Isaac,PF,21,ORL,75,64,26.6,3.5,8.1,.429,1.1,3.5,.323,2.3,4.6,.510,.499,1.5,1.8,.815,1.3,4.2,5.5,1.1,0.8,1.3,1.0,1.9,9.6,2019
16242,252,Wes Iwundu,SF,24,ORL,68,13,18.1,1.7,4.0,.412,0.4,1.2,.367,1.2,2.9,.431,.465,1.2,1.5,.816,0.5,2.2,2.7,1.1,0.4,0.3,0.6,1.8,5.0,2019
16243,253,Demetrius Jackson,PG,24,PHI,6,0,6.5,1.3,2.5,.533,0.3,1.0,.333,1.0,1.5,.667,.600,0.7,0.7,1.000,0.3,0.2,0.5,0.8,0.3,0.0,0.2,0.7,3.7,2019
16244,254,Frank Jackson,PG,20,NOP,61,16,19.2,3.2,7.3,.434,0.9,2.8,.314,2.3,4.6,.507,.493,0.9,1.2,.740,0.4,1.8,2.2,1.1,0.4,0.0,0.8,1.5,8.1,2019
16245,255,Jaren Jackson Jr.,PF,19,MEM,58,56,26.1,5.1,10.2,.506,0.9,2.4,.359,4.3,7.7,.553,.549,2.6,3.4,.766,1.3,3.4,4.7,1.1,0.9,1.4,1.7,3.8,13.8,2019
16246,256,Josh Jackson,SG,21,PHO,79,29,25.2,4.4,10.6,.413,0.9,2.8,.324,3.5,7.8,.445,.456,1.8,2.7,.671,0.8,3.6,4.4,2.3,0.9,0.7,2.2,2.6,11.5,2019
16247,257,Justin Jackson,SF,23,TOT,81,14,19.9,2.7,6.0,.447,1.1,3.0,.355,1.6,3.0,.542,.537,0.8,1.0,.785,0.5,2.1,2.6,1.2,0.4,0.2,0.4,1.2,7.2,2019
16248,257,Justin Jackson,SF,23,SAC,52,3,20.8,2.4,5.7,.424,1.1,3.1,.346,1.3,2.6,.515,.517,0.8,1.0,.820,0.5,2.3,2.8,1.3,0.4,0.3,0.4,1.3,6.7,2019
16249,257,Justin Jackson,SF,23,DAL,29,11,18.3,3.2,6.6,.484,1.1,3.0,.372,2.1,3.6,.577,.568,0.7,1.0,.724,0.7,1.6,2.3,1.0,0.3,0.0,0.2,1.1,8.2,2019
16250,258,Reggie Jackson,PG,28,DET,82,82,27.9,5.4,12.8,.421,2.1,5.7,.369,3.3,7.0,.464,.504,2.5,2.9,.864,0.5,2.1,2.6,4.2,0.7,0.1,1.8,2.5,15.4,2019
16251,259,LeBron James,SF,34,LAL,55,55,35.2,10.1,19.9,.510,2.0,5.9,.339,8.1,14.0,.582,.560,5.1,7.6,.665,1.0,7.4,8.5,8.3,1.3,0.6,3.6,1.7,27.4,2019
16252,260,Amile Jefferson,PF,25,ORL,12,0,5.7,0.8,1.3,.625,0.0,0.0,,0.8,1.3,.625,.625,0.6,0.7,.875,0.5,1.3,1.8,0.3,0.3,0.3,0.1,0.7,2.3,2019
16253,Rk,Player,Pos,Age,Tm,G,GS,MP,FG,FGA,FG%,3P,3PA,3P%,2P,2PA,2P%,eFG%,FT,FTA,FT%,ORB,DRB,TRB,AST,STL,BLK,TOV,PF,PTS,2019
16254,261,John Jenkins,SG,27,TOT,26,0,12.8,1.6,4.0,.400,0.8,2.2,.379,0.8,1.8,.426,.505,0.6,0.7,.833,0.2,1.2,1.4,0.8,0.0,0.1,0.3,0.4,4.7,2019
16255,261,John Jenkins,SG,27,WAS,4,0,3.5,0.5,0.5,1.000,0.5,0.5,1.000,0.0,0.0,,1.500,0.0,0.0,,0.0,0.3,0.3,0.3,0.0,0.0,0.0,0.0,1.5,2019
16256,261,John Jenkins,SG,27,NYK,22,0,14.5,1.8,4.7,.388,0.9,2.5,.357,0.9,2.1,.426,.485,0.7,0.8,.833,0.3,1.4,1.6,1.0,0.0,0.1,0.4,0.5,5.2,2019
16257,262,Jonas Jerebko,PF,31,GSW,73,6,16.7,2.2,4.9,.459,0.9,2.6,.367,1.3,2.3,.563,.556,0.9,1.1,.800,1.0,3.0,3.9,1.3,0.4,0.2,0.6,1.9,6.3,2019
16258,263,Alize Johnson,PF,22,IND,14,0,4.6,0.3,1.1,.250,0.1,0.1,.500,0.2,1.0,.214,.281,0.3,0.6,.500,0.3,1.1,1.4,0.1,0.1,0.2,0.0,0.5,0.9,2019
16259,264,Amir Johnson,C,31,PHI,51,6,10.4,1.5,3.1,.503,0.2,0.8,.300,1.3,2.3,.573,.541,0.6,0.8,.756,0.9,2.0,2.9,1.2,0.3,0.3,0.9,1.9,3.9,2019
16260,265,B.J. Johnson,SF,23,TOT,7,0,7.0,1.3,2.6,.500,0.4,1.0,.429,0.9,1.6,.545,.583,0.3,0.3,1.000,0.3,0.9,1.1,0.0,0.3,0.0,0.3,0.6,3.3,2019
16261,265,B.J. Johnson,SF,23,ATL,6,0,7.2,1.3,2.7,.500,0.5,1.0,.500,0.8,1.7,.500,.594,0.3,0.3,1.000,0.3,1.0,1.3,0.0,0.3,0.0,0.3,0.5,3.5,2019
16262,265,B.J. Johnson,SF,23,SAC,1,0,6.0,1.0,2.0,.500,0.0,1.0,.000,1.0,1.0,1.000,.500,0.0,0.0,,0.0,0.0,0.0,0.0,0.0,0.0,0.0,1.0,2.0,2019
16263,266,James Johnson,PF,31,MIA,55,33,21.2,3.0,6.9,.433,0.9,2.7,.336,2.1,4.2,.496,.499,0.9,1.3,.714,0.4,2.8,3.2,2.5,0.6,0.5,1.3,2.1,7.8,2019
16264,267,Stanley Johnson,SF,22,TOT,66,7,18.3,2.6,6.7,.389,0.9,3.3,.288,1.7,3.4,.484,.459,0.8,1.0,.781,0.5,2.8,3.3,1.3,0.9,0.2,1.2,1.7,6.9,2019
16265,267,Stanley Johnson,SF,22,DET,48,7,20.0,2.8,7.3,.381,1.1,3.8,.282,1.7,3.5,.488,.454,0.9,1.1,.804,0.5,3.1,3.6,1.3,1.0,0.3,1.1,1.9,7.5,2019
16266,267,Stanley Johnson,SF,22,NOP,18,0,13.7,2.1,5.1,.418,0.6,1.9,.324,1.5,3.2,.474,.478,0.5,0.7,.692,0.5,1.8,2.3,1.6,0.7,0.1,1.4,1.2,5.3,2019
16267,268,Tyler Johnson,PG,26,TOT,57,22,26.8,3.8,9.2,.413,1.6,4.6,.346,2.2,4.7,.477,.498,1.7,2.2,.748,0.6,2.4,3.0,2.9,0.9,0.5,1.4,1.7,10.9,2019
16268,268,Tyler Johnson,PG,26,MIA,44,10,25.5,3.9,9.1,.426,1.6,4.6,.353,2.3,4.5,.503,.516,1.4,2.0,.693,0.4,2.3,2.8,2.5,0.9,0.5,1.4,1.6,10.8,2019
16269,268,Tyler Johnson,PG,26,PHO,13,12,31.2,3.5,9.6,.368,1.4,4.3,.321,2.2,5.3,.406,.440,2.6,3.0,.872,1.2,2.8,4.0,4.2,1.1,0.5,1.1,1.9,11.1,2019
16270,269,Wesley Johnson,SF,31,TOT,38,13,14.1,1.2,3.4,.352,0.7,2.0,.329,0.5,1.4,.385,.449,0.3,0.5,.684,0.3,1.6,1.9,0.6,0.4,0.3,0.5,1.7,3.4,2019
16271,269,Wesley Johnson,SF,31,NOP,26,13,14.5,1.3,3.4,.398,0.7,1.9,.380,0.6,1.5,.421,.506,0.2,0.3,.667,0.4,1.7,2.1,0.6,0.5,0.3,0.5,1.7,3.7,2019
16272,269,Wesley Johnson,SF,31,WAS,12,0,13.1,0.8,3.3,.250,0.5,2.2,.231,0.3,1.2,.286,.325,0.6,0.8,.700,0.2,1.3,1.5,0.6,0.2,0.4,0.5,1.5,2.8,2019
16273,270,Nikola Jokić,C,23,DEN,80,80,31.3,7.7,15.1,.511,1.0,3.4,.307,6.7,11.7,.569,.545,3.6,4.4,.821,2.9,8.0,10.8,7.3,1.4,0.7,3.1,2.9,20.1,2019
16274,271,Damian Jones,C,23,GSW,24,22,17.1,2.2,3.1,.716,0.0,0.0,,2.2,3.1,.716,.716,1.0,1.5,.649,1.3,1.8,3.1,1.2,0.5,1.0,0.7,2.6,5.4,2019
16275,272,Derrick Jones Jr.,SF,21,MIA,60,14,19.2,2.7,5.4,.494,0.5,1.5,.308,2.2,3.9,.567,.537,1.2,2.0,.607,1.6,2.4,4.0,0.6,0.8,0.7,0.7,2.1,7.0,2019
16276,273,Jalen Jones,SF,25,CLE,16,0,13.4,1.6,3.9,.419,0.6,1.8,.357,1.0,2.1,.471,.500,1.2,1.7,.704,0.7,1.4,2.1,0.4,0.6,0.1,0.5,1.7,5.1,2019
16277,274,Jemerrio Jones,SF,23,LAL,6,2,23.8,2.0,5.5,.364,0.3,1.7,.200,1.7,3.8,.435,.394,0.2,0.3,.500,2.7,5.5,8.2,2.2,1.2,0.8,0.8,1.7,4.5,2019
16278,275,Terrence Jones,PF,27,HOU,2,0,2.5,0.5,2.0,.250,0.0,1.0,.000,0.5,1.0,.500,.250,0.0,0.5,.000,0.0,2.0,2.0,0.0,0.0,0.0,0.5,0.5,1.0,2019
16279,276,Tyus Jones,PG,22,MIN,68,23,22.9,2.7,6.6,.415,0.6,1.9,.317,2.1,4.7,.453,.460,0.9,1.0,.841,0.3,1.6,2.0,4.8,1.2,0.1,0.7,1.1,6.9,2019
16280,277,DeAndre Jordan,C,30,TOT,69,69,29.7,4.1,6.5,.641,0.0,0.0,,4.1,6.5,.641,.641,2.7,3.8,.705,3.3,9.8,13.1,2.3,0.6,1.1,2.2,2.4,11.0,2019
16281,277,DeAndre Jordan,C,30,DAL,50,50,31.1,4.2,6.5,.644,0.0,0.0,,4.2,6.5,.644,.644,2.7,4.0,.682,3.2,10.5,13.7,2.0,0.7,1.1,2.2,2.5,11.0,2019
16282,277,DeAndre Jordan,C,30,NYK,19,19,25.9,4.1,6.5,.634,0.0,0.0,,4.1,6.5,.634,.634,2.7,3.5,.773,3.4,8.0,11.4,3.0,0.5,1.1,2.2,2.2,10.9,2019
16283,278,Cory Joseph,PG,27,IND,82,9,25.2,2.8,6.7,.412,0.7,2.1,.322,2.1,4.6,.454,.463,0.4,0.5,.698,0.5,2.9,3.4,3.9,1.1,0.3,1.0,1.6,6.5,2019
16284,279,Frank Kaminsky,C,25,CHO,47,0,16.1,2.9,6.3,.463,1.1,3.0,.360,1.9,3.4,.553,.547,1.7,2.3,.738,0.8,2.6,3.5,1.3,0.3,0.3,0.9,1.4,8.6,2019
16285,280,Luke Kennard,SG,22,DET,63,10,22.8,3.6,8.3,.438,1.7,4.3,.394,1.9,4.0,.486,.540,0.8,1.0,.836,0.2,2.7,2.9,1.8,0.4,0.2,0.9,1.5,9.7,2019
16286,Rk,Player,Pos,Age,Tm,G,GS,MP,FG,FGA,FG%,3P,3PA,3P%,2P,2PA,2P%,eFG%,FT,FTA,FT%,ORB,DRB,TRB,AST,STL,BLK,TOV,PF,PTS,2019
16287,281,Michael Kidd-Gilchrist,PF,25,CHO,64,3,18.4,2.5,5.2,.476,0.3,0.7,.340,2.2,4.5,.498,.500,1.5,1.9,.772,1.4,2.5,3.8,1.0,0.5,0.6,0.7,2.4,6.7,2019
16288,282,George King,SF,25,PHO,1,0,6.0,0.0,0.0,,0.0,0.0,,0.0,0.0,,,0.0,0.0,,0.0,1.0,1.0,0.0,0.0,0.0,0.0,0.0,0.0,2019
16289,283,Maxi Kleber,PF,27,DAL,71,18,21.2,2.5,5.4,.453,1.1,3.1,.353,1.4,2.4,.583,.553,0.8,1.0,.784,1.3,3.4,4.6,1.0,0.5,1.1,0.8,2.0,6.8,2019
16290,284,Brandon Knight,PG,27,TOT,39,26,18.9,2.5,6.7,.381,1.1,3.3,.318,1.5,3.4,.443,.460,0.7,0.9,.794,0.3,1.3,1.5,1.8,0.5,0.1,0.8,1.6,6.8,2019
16291,284,Brandon Knight,PG,27,HOU,12,0,9.8,0.9,3.9,.234,0.4,2.7,.156,0.5,1.3,.400,.287,0.8,0.9,.818,0.1,0.7,0.8,0.8,0.2,0.0,0.4,1.2,3.0,2019
16292,284,Brandon Knight,PG,27,CLE,27,26,22.9,3.3,7.9,.413,1.3,3.6,.371,1.9,4.3,.448,.498,0.7,0.9,.783,0.3,1.5,1.9,2.3,0.7,0.1,0.9,1.8,8.5,2019
16293,285,Kevin Knox,PF,19,NYK,75,57,28.8,4.5,12.2,.370,1.7,4.9,.343,2.8,7.3,.387,.438,2.2,3.0,.717,0.8,3.7,4.5,1.1,0.6,0.3,1.5,2.3,12.8,2019
16294,286,Furkan Korkmaz,SG,21,PHI,48,7,14.1,2.0,5.1,.400,1.0,3.0,.326,1.1,2.1,.505,.496,0.8,0.9,.818,0.3,1.9,2.2,1.1,0.6,0.0,0.5,1.3,5.8,2019
16295,287,Luke Kornet,C,23,NYK,46,18,17.0,2.3,6.2,.378,1.5,4.2,.363,0.8,2.0,.411,.502,0.8,1.0,.826,0.6,2.3,2.9,1.2,0.6,0.9,0.5,0.9,7.0,2019
16296,288,Kyle Korver,SG-PF,37,TOT,70,0,19.1,2.9,6.9,.416,2.0,5.0,.397,0.9,1.9,.467,.559,0.9,1.0,.822,0.1,2.2,2.3,1.2,0.4,0.2,0.8,1.5,8.6,2019
16297,288,Kyle Korver,PF,37,CLE,16,0,15.7,2.2,4.8,.461,1.6,3.4,.463,0.6,1.4,.455,.625,0.8,1.0,.813,0.0,1.8,1.8,1.1,0.2,0.1,1.1,1.4,6.8,2019
16298,288,Kyle Korver,SG,37,UTA,54,0,20.1,3.1,7.5,.408,2.1,5.4,.384,1.0,2.1,.469,.547,0.9,1.1,.825,0.2,2.3,2.5,1.2,0.4,0.2,0.8,1.6,9.1,2019
16299,289,Kosta Koufos,C,29,SAC,42,1,12.0,1.7,3.6,.477,0.0,0.0,,1.7,3.6,.477,.477,0.2,0.6,.417,1.2,3.0,4.2,0.9,0.4,0.4,0.6,1.6,3.7,2019
16300,290,Rodions Kurucs,SF,20,BRK,63,46,20.5,3.2,7.1,.450,0.9,2.9,.315,2.3,4.2,.543,.514,1.1,1.5,.783,0.9,3.0,3.9,0.8,0.7,0.4,1.2,2.3,8.5,2019
16301,291,Kyle Kuzma,PF,23,LAL,70,68,33.1,7.1,15.5,.456,1.8,6.0,.303,5.3,9.5,.553,.515,2.7,3.6,.752,0.9,4.6,5.5,2.5,0.6,0.4,1.9,2.4,18.7,2019
16302,292,Skal Labissière,PF,22,TOT,22,1,8.0,1.2,2.2,.531,0.3,0.6,.462,0.9,1.6,.556,.592,0.4,0.8,.529,0.4,1.5,2.0,0.5,0.2,0.3,0.5,1.3,3.0,2019
16303,292,Skal Labissière,PF,22,SAC,13,0,8.7,1.0,2.3,.433,0.3,0.8,.364,0.7,1.5,.474,.500,0.5,0.8,.545,0.3,1.5,1.8,0.5,0.2,0.2,0.5,1.6,2.8,2019
16304,292,Skal Labissière,PF,22,POR,9,1,7.0,1.4,2.1,.684,0.2,0.2,1.000,1.2,1.9,.647,.737,0.3,0.7,.500,0.6,1.6,2.1,0.6,0.3,0.3,0.4,0.9,3.4,2019
16305,293,Jeremy Lamb,SG,26,CHO,79,55,28.5,5.5,12.4,.440,1.5,4.2,.348,4.0,8.2,.487,.499,2.9,3.3,.888,0.8,4.7,5.5,2.2,1.1,0.4,1.0,1.8,15.3,2019
16306,294,Zach LaVine,SG,23,CHI,63,62,34.5,8.4,18.0,.467,1.9,5.1,.374,6.5,12.9,.504,.520,5.0,6.0,.832,0.6,4.0,4.7,4.5,1.0,0.4,3.4,2.2,23.7,2019
16307,295,Jake Layman,SF,24,POR,71,33,18.7,3.0,6.0,.509,0.8,2.5,.326,2.2,3.4,.646,.579,0.7,1.0,.704,0.8,2.3,3.1,0.7,0.4,0.4,0.6,1.6,7.6,2019
16308,296,T.J. Leaf,PF,21,IND,58,1,9.0,1.7,3.2,.541,0.1,0.5,.258,1.6,2.6,.599,.563,0.3,0.5,.613,0.7,1.4,2.2,0.4,0.2,0.3,0.2,0.6,3.9,2019
16309,297,Courtney Lee,SG,33,TOT,34,6,12.6,1.6,3.8,.411,0.5,1.6,.291,1.1,2.2,.500,.473,0.4,0.6,.667,0.3,1.3,1.6,1.1,0.6,0.1,0.4,0.9,4.0,2019
16310,297,Courtney Lee,SG,33,NYK,12,2,13.3,1.8,3.9,.447,0.4,1.3,.313,1.3,2.6,.516,.500,0.8,1.2,.643,0.5,1.8,2.3,1.3,0.7,0.2,0.4,1.1,4.7,2019
16311,297,Courtney Lee,SG,33,DAL,22,4,12.2,1.5,3.7,.390,0.5,1.8,.282,1.0,2.0,.488,.457,0.2,0.3,.714,0.1,1.1,1.2,1.0,0.6,0.0,0.4,0.9,3.6,2019
16312,298,Damion Lee,SG,26,GSW,32,0,11.7,1.8,4.0,.441,0.8,2.1,.397,0.9,1.8,.492,.547,0.6,0.7,.864,0.3,1.8,2.0,0.4,0.4,0.0,0.3,0.9,4.9,2019
16313,299,Walt Lemon Jr.,PG,26,CHI,6,3,27.8,6.3,14.5,.437,0.3,0.8,.400,6.0,13.7,.439,.448,1.3,1.8,.727,0.7,3.8,4.5,5.0,1.8,0.2,1.7,2.3,14.3,2019
16314,300,Alex Len,C,25,ATL,77,31,20.1,4.2,8.4,.494,1.0,2.6,.363,3.2,5.8,.554,.551,1.8,2.8,.648,2.1,3.5,5.5,1.1,0.4,0.9,1.3,2.6,11.1,2019
16315,Rk,Player,Pos,Age,Tm,G,GS,MP,FG,FGA,FG%,3P,3PA,3P%,2P,2PA,2P%,eFG%,FT,FTA,FT%,ORB,DRB,TRB,AST,STL,BLK,TOV,PF,PTS,2019
16316,301,Kawhi Leonard,SF,27,TOR,60,60,34.0,9.3,18.8,.496,1.9,5.0,.371,7.5,13.8,.542,.546,6.1,7.1,.854,1.3,6.0,7.3,3.3,1.8,0.4,2.0,1.5,26.6,2019
16317,302,Meyers Leonard,C,26,POR,61,2,14.4,2.2,4.0,.545,0.8,1.8,.450,1.3,2.1,.626,.649,0.7,0.8,.843,0.8,3.0,3.8,1.2,0.2,0.1,0.7,1.7,5.9,2019
16318,303,Jon Leuer,PF,29,DET,41,1,9.8,1.6,2.8,.584,0.0,0.3,.091,1.6,2.5,.637,.588,0.6,0.8,.742,0.7,1.7,2.4,0.3,0.3,0.1,0.6,1.5,3.8,2019
16319,304,Caris LeVert,SF,24,BRK,40,25,26.6,5.2,12.1,.429,1.2,3.9,.312,4.0,8.2,.483,.478,2.1,3.1,.691,0.9,2.9,3.8,3.9,1.1,0.4,1.7,1.9,13.7,2019
16320,305,Damian Lillard,PG,28,POR,80,80,35.5,8.5,19.2,.444,3.0,8.0,.369,5.6,11.1,.499,.522,5.9,6.4,.912,0.9,3.8,4.6,6.9,1.1,0.4,2.7,1.9,25.8,2019
16321,306,Jeremy Lin,PG,30,TOT,74,4,19.4,3.2,7.3,.440,0.7,2.5,.294,2.5,4.8,.517,.491,2.4,2.8,.838,0.3,2.1,2.4,3.1,0.6,0.2,1.7,1.9,9.6,2019
16322,306,Jeremy Lin,PG,30,ATL,51,1,19.7,3.5,7.6,.466,0.9,2.6,.333,2.7,5.0,.535,.523,2.8,3.3,.845,0.3,2.0,2.3,3.5,0.7,0.1,1.9,1.9,10.7,2019
16323,306,Jeremy Lin,PG,30,TOR,23,3,18.8,2.5,6.7,.374,0.5,2.4,.200,2.0,4.3,.470,.410,1.5,1.8,.810,0.3,2.3,2.6,2.2,0.4,0.3,1.1,2.1,7.0,2019
16324,307,Shaun Livingston,PG,33,GSW,64,0,15.1,1.7,3.3,.519,0.0,0.0,.000,1.7,3.3,.524,.519,0.6,0.8,.784,0.7,1.2,1.8,1.8,0.5,0.4,0.6,1.2,4.0,2019
16325,308,Zach Lofton,SG,26,DET,1,0,4.0,0.0,1.0,.000,0.0,1.0,.000,0.0,0.0,,.000,0.0,0.0,,0.0,0.0,0.0,0.0,1.0,0.0,1.0,0.0,0.0,2019
16326,309,Kevon Looney,C,22,GSW,80,24,18.5,2.7,4.3,.625,0.0,0.1,.100,2.7,4.2,.641,.627,0.8,1.3,.619,2.4,2.8,5.2,1.5,0.6,0.7,0.6,2.6,6.3,2019
16327,310,Brook Lopez,C,30,MIL,81,81,28.7,4.4,9.7,.452,2.3,6.3,.365,2.1,3.4,.613,.571,1.4,1.6,.842,0.4,4.5,4.9,1.2,0.6,2.2,1.0,2.3,12.5,2019
16328,311,Robin Lopez,C,30,CHI,74,36,21.7,4.1,7.2,.568,0.1,0.4,.226,4.0,6.8,.589,.575,1.2,1.7,.724,1.9,2.0,3.9,1.2,0.1,1.1,1.3,1.7,9.5,2019
16329,312,Kevin Love,PF,30,CLE,22,21,27.2,5.0,12.9,.385,2.4,6.7,.361,2.5,6.2,.412,.479,4.7,5.2,.904,1.5,9.4,10.9,2.2,0.3,0.2,1.9,2.5,17.0,2019
16330,313,Kyle Lowry,PG,32,TOR,65,65,34.0,4.7,11.4,.411,2.4,7.0,.347,2.3,4.4,.514,.518,2.5,3.0,.830,0.6,4.2,4.8,8.7,1.4,0.5,2.8,2.6,14.2,2019
16331,314,Jordan Loyd,PG,25,TOR,12,0,4.6,0.7,1.5,.444,0.3,0.7,.500,0.3,0.8,.400,.556,0.8,0.9,.818,0.1,0.7,0.8,0.5,0.0,0.0,0.2,0.4,2.4,2019
16332,315,Kalin Lucas,PG,29,DET,1,0,6.0,0.0,1.0,.000,0.0,1.0,.000,0.0,0.0,,.000,2.0,2.0,1.000,0.0,3.0,3.0,1.0,0.0,0.0,0.0,1.0,2.0,2019
16333,316,Timothé Luwawu-Cabarrot,SF,23,TOT,50,7,13.4,1.6,4.4,.376,0.7,2.3,.310,0.9,2.0,.451,.459,0.6,0.8,.756,0.2,1.7,1.9,0.5,0.4,0.2,0.4,1.5,4.6,2019
16334,316,Timothé Luwawu-Cabarrot,SF,23,OKC,21,1,5.9,0.6,2.0,.302,0.2,1.0,.227,0.4,1.0,.381,.360,0.2,0.3,.667,0.2,0.7,0.9,0.2,0.2,0.0,0.2,0.7,1.7,2019
16335,316,Timothé Luwawu-Cabarrot,SF,23,CHI,29,6,18.8,2.4,6.0,.394,1.1,3.2,.330,1.3,2.8,.469,.483,0.9,1.2,.771,0.2,2.5,2.7,0.8,0.5,0.2,0.6,2.0,6.8,2019
16336,317,Tyler Lydon,PF,22,DEN,25,0,3.8,0.4,0.7,.500,0.2,0.4,.400,0.2,0.3,.625,.611,0.0,0.1,.333,0.3,0.4,0.7,0.2,0.1,0.0,0.2,0.4,0.9,2019
16337,318,Trey Lyles,PF,23,DEN,64,2,17.5,3.2,7.7,.418,0.8,3.1,.255,2.4,4.6,.529,.470,1.3,1.8,.698,0.7,3.2,3.8,1.4,0.5,0.4,1.1,1.5,8.5,2019
16338,319,Scott Machado,PG,28,LAL,4,0,4.8,1.0,1.5,.667,0.3,0.3,1.000,0.8,1.3,.600,.750,0.3,0.3,1.000,0.0,0.0,0.0,0.8,0.3,0.0,0.0,0.5,2.5,2019
16339,320,Shelvin Mack,PG,28,TOT,57,3,21.9,2.9,7.1,.404,0.8,2.3,.354,2.1,4.8,.429,.462,1.0,1.5,.690,0.3,1.5,1.8,3.2,0.8,0.1,1.2,1.5,7.5,2019
16340,320,Shelvin Mack,PG,28,MEM,53,3,22.7,3.0,7.3,.414,0.9,2.4,.359,2.2,4.9,.441,.473,1.0,1.4,.707,0.3,1.6,1.9,3.4,0.8,0.1,1.2,1.5,7.9,2019
16341,320,Shelvin Mack,PG,28,CHO,4,0,10.5,0.5,3.5,.143,0.0,0.5,.000,0.5,3.0,.167,.143,1.3,2.3,.556,0.0,0.5,0.5,0.3,0.5,0.0,1.0,0.8,2.3,2019
16342,Rk,Player,Pos,Age,Tm,G,GS,MP,FG,FGA,FG%,3P,3PA,3P%,2P,2PA,2P%,eFG%,FT,FTA,FT%,ORB,DRB,TRB,AST,STL,BLK,TOV,PF,PTS,2019
16343,321,Daryl Macon,SG,23,DAL,8,0,11.3,1.3,3.4,.370,0.6,1.4,.455,0.6,2.0,.313,.463,0.5,0.9,.571,0.3,1.3,1.5,0.9,0.1,0.0,0.8,1.0,3.6,2019
16344,322,J.P. Macura,SG,23,CHO,2,0,8.5,1.5,4.5,.333,0.0,2.0,.000,1.5,2.5,.600,.333,0.0,0.0,,0.0,1.5,1.5,1.0,0.0,0.0,0.0,0.0,3.0,2019
16345,323,Ian Mahinmi,C,32,WAS,34,6,14.6,1.4,3.1,.452,0.1,0.5,.188,1.3,2.6,.500,.466,1.2,1.8,.689,1.4,2.4,3.8,0.7,0.7,0.5,0.6,2.5,4.1,2019
16346,324,Thon Maker,C-PF,21,TOT,64,5,15.2,1.7,4.2,.407,0.8,2.4,.320,0.9,1.8,.522,.498,0.9,1.3,.667,0.6,2.5,3.2,0.7,0.3,0.8,0.5,1.6,5.0,2019
16347,324,Thon Maker,C,21,MIL,35,0,11.7,1.7,3.8,.440,0.7,2.2,.333,0.9,1.6,.589,.537,0.6,1.1,.541,0.5,2.3,2.7,0.5,0.3,0.5,0.3,1.6,4.7,2019
16348,324,Thon Maker,PF,21,DET,29,5,19.4,1.7,4.6,.373,0.8,2.6,.307,0.9,2.0,.458,.459,1.2,1.6,.766,0.8,2.8,3.7,0.9,0.4,1.1,0.8,1.7,5.5,2019
16349,325,Boban Marjanović,C,30,TOT,58,12,11.7,2.8,4.5,.615,0.1,0.2,.400,2.7,4.3,.624,.623,1.7,2.3,.748,1.5,3.1,4.6,0.9,0.3,0.5,1.0,1.6,7.3,2019
16350,325,Boban Marjanović,C,30,LAC,36,9,10.4,2.4,3.9,.607,0.0,0.1,.000,2.4,3.8,.616,.607,2.0,2.6,.758,1.5,2.7,4.2,0.6,0.3,0.5,1.0,1.6,6.7,2019
16351,325,Boban Marjanović,C,30,PHI,22,3,13.9,3.4,5.5,.625,0.2,0.4,.500,3.2,5.1,.634,.642,1.2,1.6,.722,1.5,3.7,5.1,1.5,0.2,0.5,1.0,1.5,8.2,2019
16352,326,Lauri Markkanen,PF,21,CHI,52,51,32.3,6.6,15.3,.430,2.3,6.4,.361,4.3,8.9,.479,.506,3.3,3.8,.872,1.4,7.6,9.0,1.4,0.7,0.6,1.6,2.3,18.7,2019
16353,327,Jarell Martin,PF,24,ORL,42,1,7.8,1.0,2.5,.413,0.5,1.4,.351,0.5,1.1,.489,.510,0.2,0.3,.818,0.3,1.5,1.7,0.4,0.1,0.2,0.3,1.2,2.7,2019
16354,328,Frank Mason III,PG,24,SAC,38,0,11.4,1.9,4.4,.420,0.4,1.7,.219,1.5,2.8,.543,.462,1.0,1.5,.684,0.2,1.0,1.1,2.2,0.4,0.1,0.9,0.9,5.1,2019
16355,329,Yante Maten,PF,22,MIA,2,0,6.5,0.5,2.0,.250,0.0,0.5,.000,0.5,1.5,.333,.250,0.0,0.0,,0.5,1.0,1.5,0.0,0.5,0.0,0.0,0.0,1.0,2019
16356,330,Wesley Matthews,SF-SG,32,TOT,69,68,30.3,4.0,10.1,.400,2.2,5.8,.372,1.9,4.3,.437,.507,1.9,2.4,.810,0.5,2.0,2.5,2.3,0.8,0.2,1.3,2.3,12.2,2019
16357,330,Wesley Matthews,SF,32,DAL,44,44,29.8,4.4,10.7,.414,2.3,6.0,.380,2.1,4.7,.456,.520,2.0,2.5,.791,0.5,1.9,2.3,2.3,0.8,0.3,1.3,2.3,13.1,2019
16358,330,Wesley Matthews,SG,32,NYK,2,1,27.0,2.0,9.5,.211,1.0,5.0,.200,1.0,4.5,.222,.263,2.0,2.5,.800,0.5,1.0,1.5,2.5,0.5,0.5,1.0,1.0,7.0,2019
16359,330,Wesley Matthews,SG,32,IND,23,23,31.5,3.5,9.1,.386,2.1,5.7,.369,1.4,3.5,.413,.500,1.8,2.1,.854,0.5,2.3,2.8,2.4,0.9,0.2,1.3,2.4,10.9,2019
16360,331,Luc Mbah a Moute,PF,32,LAC,4,0,15.3,2.0,4.5,.444,0.5,1.5,.333,1.5,3.0,.500,.500,0.5,1.3,.400,0.5,1.3,1.8,0.5,0.3,0.3,0.5,2.0,5.0,2019
16361,332,Tahjere McCall,SG,24,BRK,1,0,8.0,2.0,3.0,.667,0.0,1.0,.000,2.0,2.0,1.000,.667,0.0,1.0,.000,0.0,1.0,1.0,0.0,0.0,0.0,0.0,2.0,4.0,2019
16362,333,Patrick McCaw,SG,23,TOT,29,1,13.7,0.9,2.2,.413,0.3,1.0,.321,0.6,1.2,.486,.484,0.4,0.5,.867,0.2,1.4,1.7,1.0,0.8,0.1,0.6,1.3,2.6,2019
16363,333,Patrick McCaw,SG,23,CLE,3,0,17.7,0.7,3.0,.222,0.3,1.3,.250,0.3,1.7,.200,.278,0.0,0.0,,0.0,1.0,1.0,0.7,0.7,0.0,1.0,0.3,1.7,2019
16364,333,Patrick McCaw,SG,23,TOR,26,1,13.2,0.9,2.1,.444,0.3,0.9,.333,0.6,1.2,.533,.519,0.5,0.6,.867,0.3,1.5,1.7,1.0,0.8,0.1,0.5,1.4,2.7,2019
16365,334,CJ McCollum,SG,27,POR,70,70,33.9,8.2,17.8,.459,2.4,6.4,.375,5.8,11.4,.506,.527,2.3,2.7,.828,0.9,3.1,4.0,3.0,0.8,0.4,1.5,2.5,21.0,2019
16366,335,T.J. McConnell,PG,26,PHI,76,3,19.3,2.9,5.5,.525,0.2,0.6,.333,2.7,5.0,.546,.542,0.4,0.5,.784,0.4,1.9,2.3,3.4,1.0,0.2,1.2,1.4,6.4,2019
16367,336,Doug McDermott,SF,27,IND,77,1,17.4,2.7,5.5,.491,1.1,2.7,.408,1.6,2.8,.569,.590,0.9,1.0,.835,0.2,1.2,1.4,0.9,0.2,0.1,0.5,1.4,7.3,2019
16368,337,JaVale McGee,C,31,LAL,75,62,22.3,5.3,8.5,.624,0.0,0.2,.083,5.3,8.4,.634,.625,1.3,2.0,.632,2.6,4.9,7.5,0.7,0.6,2.0,1.4,2.8,12.0,2019
16369,338,Rodney McGruder,SG,27,MIA,66,45,23.5,2.8,7.0,.403,1.2,3.4,.351,1.6,3.6,.453,.489,0.8,1.1,.722,0.9,2.7,3.6,1.7,0.5,0.2,1.0,1.7,7.6,2019
16370,339,Alfonzo McKinnie,SF,26,GSW,72,5,13.9,1.9,3.8,.487,0.6,1.6,.356,1.3,2.2,.586,.564,0.4,0.7,.563,1.1,2.3,3.4,0.4,0.3,0.2,0.4,1.9,4.7,2019
16371,340,Ben McLemore,SG,25,SAC,19,0,8.3,1.3,3.4,.391,0.9,2.2,.415,0.4,1.2,.348,.523,0.4,0.6,.667,0.2,0.7,0.9,0.2,0.3,0.2,0.3,1.2,3.9,2019
16372,Rk,Player,Pos,Age,Tm,G,GS,MP,FG,FGA,FG%,3P,3PA,3P%,2P,2PA,2P%,eFG%,FT,FTA,FT%,ORB,DRB,TRB,AST,STL,BLK,TOV,PF,PTS,2019
16373,341,Jordan McRae,SG,27,WAS,27,0,12.3,2.3,4.8,.469,0.4,1.3,.286,1.9,3.5,.537,.508,1.0,1.3,.800,0.2,1.3,1.5,1.1,0.5,0.3,0.6,1.0,5.9,2019
16374,342,Jodie Meeks,SG,31,TOR,8,0,13.0,2.6,4.9,.538,1.0,2.3,.444,1.6,2.6,.619,.641,0.1,0.1,1.000,0.1,1.4,1.5,1.0,0.1,0.1,0.3,0.6,6.4,2019
16375,343,Salah Mejri,C,32,DAL,36,4,11.1,1.5,3.1,.491,0.3,0.9,.324,1.2,2.2,.564,.540,0.6,0.9,.625,1.0,2.6,3.6,1.0,0.3,0.7,0.6,1.5,3.9,2019
16376,344,De'Anthony Melton,PG,20,PHO,50,31,19.7,2.0,5.1,.391,0.6,1.9,.305,1.4,3.2,.441,.447,0.4,0.6,.750,0.5,2.2,2.7,3.2,1.4,0.5,1.5,2.3,5.0,2019
16377,345,Chimezie Metu,PF,21,SAS,29,0,5.0,0.7,2.0,.328,0.0,0.1,.000,0.7,1.9,.339,.328,0.4,0.6,.765,0.3,0.9,1.2,0.4,0.2,0.1,0.5,0.5,1.8,2019
16378,346,Khris Middleton,SF,27,MIL,77,77,31.1,6.6,14.9,.441,2.3,6.2,.378,4.2,8.8,.485,.519,2.8,3.4,.837,0.6,5.3,6.0,4.3,1.0,0.1,2.3,2.2,18.3,2019
16379,347,C.J. Miles,SF,31,TOT,53,1,16.2,2.1,5.9,.360,1.3,3.8,.330,0.8,2.0,.417,.468,0.9,1.1,.828,0.2,1.5,1.8,0.7,0.5,0.3,0.6,1.5,6.4,2019
16380,347,C.J. Miles,SF,31,TOR,40,1,14.1,1.8,5.2,.340,1.1,3.4,.314,0.7,1.7,.391,.444,0.9,1.1,.795,0.3,1.4,1.7,0.6,0.5,0.3,0.5,1.6,5.5,2019
16381,347,C.J. Miles,SF,31,MEM,13,0,22.6,3.2,8.1,.400,1.8,5.1,.364,1.4,3.0,.462,.514,1.0,1.1,.929,0.1,2.0,2.1,1.1,0.6,0.4,0.7,1.3,9.3,2019
16382,348,Darius Miller,SF,28,NOP,69,15,25.5,2.7,7.0,.390,1.9,5.3,.365,0.8,1.7,.467,.528,0.8,1.0,.789,0.2,1.7,1.9,2.1,0.6,0.3,0.9,2.4,8.2,2019
16383,349,Malcolm Miller,SF,25,TOR,10,0,6.7,1.1,2.6,.423,1.0,2.1,.476,0.1,0.5,.200,.615,0.3,0.4,.750,0.1,0.4,0.5,0.1,0.1,0.1,0.1,0.5,3.5,2019
16384,350,Patty Mills,PG,30,SAS,82,1,23.3,3.4,8.1,.425,1.9,4.9,.394,1.5,3.2,.475,.545,1.1,1.3,.854,0.3,1.9,2.2,3.0,0.6,0.1,1.1,1.6,9.9,2019
16385,351,Paul Millsap,PF,33,DEN,70,65,27.1,4.6,9.5,.484,0.8,2.3,.365,3.8,7.2,.522,.528,2.6,3.6,.727,2.2,5.0,7.2,2.0,1.2,0.8,1.4,2.6,12.6,2019
16386,352,Shake Milton,SG,22,PHI,20,0,13.4,1.7,4.4,.391,0.7,2.2,.318,1.0,2.2,.465,.471,0.3,0.4,.714,0.5,1.3,1.8,0.9,0.4,0.4,0.3,1.5,4.4,2019
16387,353,Nikola Mirotić,PF,27,TOT,46,25,27.1,5.2,11.8,.439,2.5,6.9,.365,2.7,4.9,.545,.546,2.3,2.7,.847,1.3,6.1,7.4,1.2,0.7,0.7,1.0,2.3,15.2,2019
16388,353,Nikola Mirotić,PF,27,NOP,32,22,28.9,5.7,12.7,.447,2.7,7.2,.368,3.0,5.5,.551,.552,2.7,3.2,.842,1.4,6.8,8.3,1.1,0.7,0.8,1.2,2.7,16.7,2019
16389,353,Nikola Mirotić,PF,27,MIL,14,3,22.9,4.0,9.6,.415,2.2,6.2,.356,1.8,3.4,.521,.530,1.4,1.6,.870,1.0,4.4,5.4,1.4,0.7,0.6,0.8,1.5,11.6,2019
16390,354,Donovan Mitchell,SG,22,UTA,77,77,33.7,8.6,19.9,.432,2.4,6.7,.362,6.1,13.1,.468,.493,4.1,5.1,.806,0.8,3.3,4.1,4.2,1.4,0.4,2.8,2.7,23.8,2019
16391,355,Naz Mitrou-Long,SG,25,UTA,14,0,6.0,0.4,1.4,.300,0.1,0.8,.182,0.3,0.6,.444,.350,0.1,0.1,1.000,0.1,0.4,0.4,1.1,0.1,0.1,0.6,0.7,1.1,2019
16392,356,Malik Monk,SG,20,CHO,73,0,17.2,3.1,8.0,.387,1.5,4.5,.330,1.6,3.5,.461,.480,1.2,1.4,.882,0.2,1.7,1.9,1.6,0.5,0.3,1.2,1.5,8.9,2019
16393,357,Greg Monroe,C,28,TOT,43,2,11.2,2.1,4.4,.487,0.0,0.1,.200,2.1,4.3,.495,.489,1.0,1.7,.625,1.6,2.4,4.0,0.6,0.3,0.2,0.7,1.5,5.3,2019
16394,357,Greg Monroe,C,28,TOR,38,2,11.1,1.9,4.2,.460,0.0,0.1,.000,1.9,4.1,.471,.460,0.9,1.6,.574,1.6,2.5,4.1,0.4,0.3,0.2,0.8,1.6,4.8,2019
16395,357,Greg Monroe,C,28,BOS,2,0,2.5,1.5,2.5,.600,0.0,0.0,,1.5,2.5,.600,.600,0.0,0.0,,1.5,0.0,1.5,0.5,0.0,0.0,0.0,0.0,3.0,2019
16396,357,Greg Monroe,C,28,PHI,3,0,17.3,5.0,7.7,.652,0.3,0.3,1.000,4.7,7.3,.636,.674,3.3,3.7,.909,1.3,3.0,4.3,2.3,0.3,0.0,0.3,1.7,13.7,2019
16397,358,E'Twaun Moore,SG,29,NOP,53,36,27.6,4.8,10.0,.481,1.4,3.3,.432,3.4,6.7,.506,.553,0.8,1.1,.763,0.7,1.7,2.4,1.9,0.8,0.2,1.1,2.1,11.9,2019
16398,359,Eric Moreland,PF,27,TOT,5,0,8.6,0.6,1.4,.429,0.2,0.2,1.000,0.4,1.2,.333,.500,0.0,0.0,,0.8,3.2,4.0,0.8,0.2,0.2,1.0,1.8,1.4,2019
16399,359,Eric Moreland,PF,27,PHO,1,0,5.0,0.0,0.0,,0.0,0.0,,0.0,0.0,,,0.0,0.0,,0.0,3.0,3.0,0.0,0.0,0.0,0.0,1.0,0.0,2019
16400,359,Eric Moreland,PF,27,TOR,4,0,9.5,0.8,1.8,.429,0.3,0.3,1.000,0.5,1.5,.333,.500,0.0,0.0,,1.0,3.3,4.3,1.0,0.3,0.3,1.3,2.0,1.8,2019
16401,360,Jaylen Morris,SG,23,MIL,4,0,7.3,1.0,2.5,.400,0.3,0.8,.333,0.8,1.8,.429,.450,0.3,0.5,.500,0.0,1.3,1.3,1.0,0.5,0.0,0.3,0.3,2.5,2019
16402,Rk,Player,Pos,Age,Tm,G,GS,MP,FG,FGA,FG%,3P,3PA,3P%,2P,2PA,2P%,eFG%,FT,FTA,FT%,ORB,DRB,TRB,AST,STL,BLK,TOV,PF,PTS,2019
16403,361,Marcus Morris,PF,29,BOS,75,53,27.9,5.0,11.3,.447,1.9,5.2,.375,3.1,6.1,.508,.533,1.9,2.3,.844,1.0,5.1,6.1,1.5,0.6,0.3,1.2,2.4,13.9,2019
16404,362,Markieff Morris,PF,29,TOT,58,16,21.9,3.5,8.3,.421,1.2,3.5,.335,2.3,4.8,.484,.492,1.2,1.6,.772,1.1,3.5,4.6,1.4,0.6,0.4,0.9,3.0,9.4,2019
16405,362,Markieff Morris,PF,29,WAS,34,15,26.0,4.2,9.6,.436,1.4,4.2,.333,2.8,5.4,.516,.509,1.7,2.1,.781,1.2,3.9,5.1,1.8,0.7,0.6,1.4,3.4,11.5,2019
16406,362,Markieff Morris,PF,29,OKC,24,1,16.1,2.5,6.5,.391,0.8,2.5,.339,1.7,4.0,.423,.455,0.6,0.8,.737,0.8,3.0,3.8,0.8,0.5,0.1,0.3,2.4,6.5,2019
16407,363,Monte Morris,PG,23,DEN,82,6,24.0,4.2,8.6,.493,1.1,2.8,.414,3.1,5.8,.531,.560,0.8,1.0,.802,0.4,1.9,2.4,3.6,0.9,0.0,0.6,1.2,10.4,2019
16408,364,Donatas Motiejūnas,PF,28,SAS,3,0,4.3,1.0,2.0,.500,0.0,0.0,,1.0,2.0,.500,.500,0.0,0.7,.000,0.7,0.3,1.0,0.3,0.0,0.3,1.0,2.0,2.0,2019
16409,365,Johnathan Motley,PF,23,LAC,22,0,7.1,1.8,3.3,.534,0.0,0.1,.000,1.8,3.2,.557,.534,1.1,1.8,.600,0.8,1.5,2.3,0.5,0.2,0.1,0.7,1.2,4.6,2019
16410,366,Emmanuel Mudiay,PG,22,NYK,59,42,27.2,5.6,12.5,.446,1.2,3.6,.329,4.4,9.0,.492,.493,2.4,3.2,.774,0.6,2.8,3.3,3.9,0.7,0.3,2.4,1.7,14.8,2019
16411,367,Jamal Murray,PG,21,DEN,75,74,32.6,6.8,15.6,.437,2.0,5.5,.367,4.8,10.1,.476,.502,2.5,3.0,.848,0.9,3.4,4.2,4.8,0.9,0.4,2.1,2.0,18.2,2019
16412,368,Džanan Musa,SG,19,BRK,9,0,4.3,1.0,2.4,.409,0.1,1.1,.100,0.9,1.3,.667,.432,0.0,0.2,.000,0.1,0.4,0.6,0.2,0.2,0.0,0.4,0.1,2.1,2019
16413,369,Mike Muscala,PF,27,TOT,64,10,20.4,2.3,5.6,.402,1.4,4.0,.348,0.9,1.6,.533,.525,1.1,1.3,.824,0.9,2.9,3.8,1.2,0.3,0.6,0.8,2.0,7.0,2019
16414,369,Mike Muscala,PF,27,PHI,47,6,22.1,2.3,5.9,.392,1.4,4.2,.342,0.9,1.7,.519,.514,1.3,1.6,.818,1.1,3.2,4.3,1.3,0.4,0.6,0.9,2.4,7.4,2019
16415,369,Mike Muscala,PF,27,LAL,17,4,15.6,2.1,4.9,.434,1.2,3.4,.368,0.9,1.5,.577,.560,0.4,0.5,.875,0.4,2.2,2.6,0.8,0.2,0.6,0.3,1.1,5.9,2019
16416,370,Svi Mykhailiuk,SF,21,TOT,42,0,10.5,1.1,3.3,.329,0.7,2.1,.326,0.4,1.2,.333,.432,0.3,0.5,.600,0.2,0.6,0.9,0.9,0.3,0.0,0.5,0.6,3.2,2019
16417,370,Svi Mykhailiuk,SF,21,LAL,39,0,10.8,1.1,3.4,.333,0.7,2.2,.318,0.4,1.2,.362,.436,0.3,0.5,.600,0.2,0.7,0.9,0.8,0.3,0.0,0.5,0.6,3.3,2019
16418,370,Svi Mykhailiuk,SF,21,DET,3,0,6.7,0.7,2.7,.250,0.7,1.3,.500,0.0,1.3,.000,.375,0.0,0.0,,0.3,0.3,0.7,1.3,0.3,0.0,0.3,0.0,2.0,2019
16419,371,Abdel Nader,SF,25,OKC,61,1,11.4,1.5,3.5,.423,0.5,1.6,.320,1.0,1.9,.513,.498,0.4,0.6,.750,0.2,1.7,1.9,0.3,0.3,0.2,0.4,1.1,4.0,2019
16420,372,Larry Nance Jr.,C,26,CLE,67,30,26.8,3.7,7.1,.520,0.5,1.5,.337,3.2,5.7,.567,.554,1.4,2.0,.716,2.5,5.7,8.2,3.2,1.5,0.6,1.4,2.9,9.4,2019
16421,373,Shabazz Napier,PG,27,BRK,56,2,17.6,3.0,7.8,.389,1.4,4.1,.333,1.7,3.7,.449,.476,2.1,2.5,.833,0.3,1.5,1.8,2.6,0.7,0.3,1.2,1.2,9.4,2019
16422,374,Raul Neto,PG,26,UTA,37,1,12.8,2.0,4.4,.460,0.5,1.6,.333,1.5,2.7,.535,.522,0.8,0.9,.848,0.2,1.5,1.7,2.5,0.4,0.1,0.9,1.3,5.3,2019
16423,375,Georges Niang,PF,25,UTA,59,0,8.7,1.5,3.1,.475,0.7,1.8,.410,0.7,1.3,.566,.594,0.3,0.4,.833,0.2,1.3,1.5,0.6,0.2,0.1,0.4,1.0,4.0,2019
16424,376,Joakim Noah,C,33,MEM,42,1,16.5,2.6,5.1,.516,0.0,0.0,.000,2.6,5.0,.519,.516,1.9,2.6,.716,1.4,4.3,5.7,2.1,0.5,0.7,1.2,2.3,7.1,2019
16425,377,Nerlens Noel,C,24,OKC,77,2,13.7,2.1,3.6,.587,0.0,0.0,,2.1,3.6,.587,.587,0.7,1.0,.684,1.6,2.6,4.2,0.6,0.9,1.2,0.6,2.2,4.9,2019
16426,378,Dirk Nowitzki,PF,40,DAL,51,20,15.6,2.6,7.4,.359,1.3,4.0,.312,1.4,3.4,.415,.444,0.8,1.0,.780,0.1,3.0,3.1,0.7,0.2,0.4,0.4,1.5,7.3,2019
16427,379,Frank Ntilikina,PG,20,NYK,43,16,21.0,2.2,6.6,.337,0.8,2.7,.287,1.4,3.9,.371,.395,0.5,0.7,.767,0.3,1.7,2.0,2.8,0.7,0.3,1.3,2.4,5.7,2019
16428,380,James Nunnally,SF,28,TOT,15,0,6.8,0.8,2.3,.353,0.5,1.7,.320,0.3,0.6,.444,.471,0.3,0.3,1.000,0.0,0.3,0.3,0.5,0.1,0.0,0.1,0.7,2.4,2019
16429,380,James Nunnally,SF,28,MIN,13,0,4.9,0.7,1.6,.429,0.4,1.0,.385,0.3,0.6,.500,.548,0.3,0.3,1.000,0.0,0.3,0.3,0.4,0.1,0.0,0.1,0.3,2.1,2019
16430,380,James Nunnally,SF,28,HOU,2,0,19.0,1.5,6.5,.231,1.5,6.0,.250,0.0,0.5,.000,.346,0.0,0.0,,0.0,0.5,0.5,1.0,0.0,0.0,0.0,3.0,4.5,2019
16431,Rk,Player,Pos,Age,Tm,G,GS,MP,FG,FGA,FG%,3P,3PA,3P%,2P,2PA,2P%,eFG%,FT,FTA,FT%,ORB,DRB,TRB,AST,STL,BLK,TOV,PF,PTS,2019
16432,381,Jusuf Nurkić,C,24,POR,72,72,27.4,5.8,11.5,.508,0.0,0.4,.103,5.8,11.1,.523,.510,3.9,5.1,.773,3.4,7.0,10.4,3.2,1.0,1.4,2.3,3.5,15.6,2019
16433,382,David Nwaba,SF,26,CLE,51,14,19.3,2.5,5.1,.481,0.5,1.5,.320,2.0,3.7,.545,.527,1.1,1.7,.682,0.8,2.4,3.2,1.1,0.7,0.3,0.6,2.1,6.5,2019
16434,383,Royce O'Neale,SF,25,UTA,82,16,20.4,2.0,4.2,.475,0.8,2.1,.386,1.2,2.0,.569,.574,0.4,0.5,.762,0.3,3.2,3.5,1.5,0.7,0.3,0.9,2.1,5.2,2019
16435,384,Kyle O'Quinn,C,28,IND,45,3,8.2,1.5,3.0,.507,0.0,0.3,.083,1.5,2.8,.548,.511,0.4,0.5,.810,0.6,2.0,2.6,1.2,0.2,0.6,0.7,1.5,3.5,2019
16436,385,Semi Ojeleye,PF,24,BOS,56,3,10.6,1.2,2.8,.424,0.5,1.6,.315,0.7,1.2,.565,.513,0.4,0.7,.615,0.4,1.1,1.5,0.4,0.2,0.1,0.3,0.8,3.3,2019
16437,386,Jahlil Okafor,C,23,NOP,59,24,15.8,3.6,6.1,.586,0.0,0.1,.200,3.6,6.1,.591,.587,1.0,1.5,.663,1.4,3.3,4.7,0.7,0.3,0.7,0.9,1.6,8.2,2019
16438,387,Elie Okobo,PG,21,PHO,53,16,18.1,2.2,5.5,.393,0.7,2.5,.295,1.4,3.0,.475,.460,0.7,0.9,.787,0.2,1.6,1.8,2.4,0.6,0.1,1.3,2.1,5.7,2019
16439,388,Josh Okogie,SG,20,MIN,74,52,23.7,2.6,6.9,.386,0.8,2.9,.279,1.8,4.0,.464,.445,1.6,2.2,.728,0.6,2.4,2.9,1.2,1.2,0.4,0.9,2.2,7.7,2019
16440,389,Victor Oladipo,SG,26,IND,36,36,31.9,6.9,16.3,.423,2.1,6.0,.343,4.9,10.3,.470,.486,2.9,3.9,.730,0.6,5.0,5.6,5.2,1.7,0.3,2.3,2.0,18.8,2019
16441,390,Kelly Olynyk,PF,27,MIA,79,36,22.9,3.3,7.1,.463,1.4,4.0,.354,1.9,3.1,.604,.563,1.9,2.3,.822,0.9,3.8,4.7,1.8,0.7,0.5,1.4,2.3,10.0,2019
16442,391,Cedi Osman,SF,23,CLE,76,75,32.2,4.7,11.1,.427,1.7,4.9,.348,3.0,6.2,.489,.504,1.9,2.4,.779,0.6,4.1,4.7,2.6,0.8,0.1,1.5,2.6,13.0,2019
16443,392,Kelly Oubre Jr.,SF,23,TOT,69,19,28.0,5.4,12.2,.445,1.6,4.9,.320,3.9,7.3,.530,.510,2.7,3.5,.775,1.0,3.7,4.7,1.2,1.2,0.9,1.5,2.6,15.2,2019
16444,392,Kelly Oubre Jr.,SF,23,WAS,29,7,26.0,4.6,10.5,.433,1.4,4.6,.311,3.1,6.0,.526,.500,2.3,2.9,.800,0.8,3.6,4.4,0.7,0.9,0.7,1.0,2.4,12.9,2019
16445,392,Kelly Oubre Jr.,SF,23,PHO,40,12,29.5,6.1,13.4,.453,1.7,5.2,.325,4.4,8.3,.532,.515,3.0,4.0,.761,1.2,3.7,4.9,1.6,1.4,1.0,1.8,2.8,16.9,2019
16446,393,Zaza Pachulia,C,34,DET,68,3,12.9,1.3,2.8,.440,0.0,0.1,.000,1.3,2.8,.450,.440,1.4,1.8,.782,1.5,2.4,3.9,1.3,0.5,0.3,0.8,2.2,3.9,2019
16447,394,Jabari Parker,PF,23,TOT,64,17,26.9,5.8,11.7,.493,1.0,3.0,.313,4.8,8.7,.556,.533,2.0,2.9,.712,1.2,5.3,6.6,2.4,0.7,0.5,2.4,2.3,14.5,2019
16448,394,Jabari Parker,PF,23,CHI,39,17,26.7,5.6,11.9,.474,0.9,2.9,.325,4.7,9.0,.523,.514,2.0,2.8,.731,1.1,5.1,6.2,2.2,0.6,0.4,2.2,2.2,14.3,2019
16449,394,Jabari Parker,PF,23,WAS,25,0,27.3,6.0,11.4,.523,1.0,3.2,.296,5.0,8.2,.613,.565,2.1,3.0,.684,1.5,5.7,7.2,2.7,0.9,0.6,2.7,2.3,15.0,2019
16450,395,Tony Parker,PG,36,CHO,56,0,17.9,3.8,8.3,.460,0.2,0.9,.255,3.6,7.4,.485,.474,1.6,2.2,.734,0.3,1.2,1.5,3.7,0.4,0.1,1.3,0.9,9.5,2019
16451,396,Chandler Parsons,SF,30,MEM,25,3,19.8,2.7,7.3,.374,1.2,3.8,.309,1.6,3.5,.443,.453,0.9,1.0,.880,0.2,2.6,2.8,1.7,0.8,0.2,1.3,1.8,7.5,2019
16452,397,Patrick Patterson,PF,29,OKC,63,5,13.7,1.3,3.5,.374,0.7,2.2,.336,0.6,1.3,.439,.479,0.3,0.5,.633,0.7,1.7,2.3,0.5,0.3,0.2,0.3,0.7,3.6,2019
16453,398,Justin Patton,C,21,PHI,3,0,7.0,0.7,2.3,.286,0.0,0.7,.000,0.7,1.7,.400,.286,0.3,0.7,.500,0.7,1.3,2.0,1.0,0.7,0.0,0.0,1.7,1.7,2019
16454,399,Chris Paul,PG,33,HOU,58,58,32.0,5.2,12.4,.419,2.2,6.1,.358,3.0,6.3,.479,.508,3.0,3.5,.862,0.6,3.9,4.6,8.2,2.0,0.3,2.6,2.5,15.6,2019
16455,400,Cameron Payne,PG,24,TOT,40,13,17.8,2.4,5.6,.430,0.6,2.1,.298,1.8,3.5,.511,.487,0.8,1.0,.805,0.3,1.5,1.8,2.7,0.7,0.2,1.1,1.6,6.3,2019
16456,400,Cameron Payne,PG,24,CHI,31,12,17.3,2.2,5.4,.411,0.5,1.9,.271,1.7,3.5,.486,.458,0.7,0.8,.880,0.3,1.4,1.7,2.7,0.6,0.2,1.1,1.6,5.7,2019
16457,400,Cameron Payne,PG,24,CLE,9,1,19.6,3.0,6.1,.491,1.0,2.8,.360,2.0,3.3,.600,.573,1.2,1.8,.688,0.3,1.8,2.1,2.6,0.9,0.3,1.2,1.7,8.2,2019
16458,Rk,Player,Pos,Age,Tm,G,GS,MP,FG,FGA,FG%,3P,3PA,3P%,2P,2PA,2P%,eFG%,FT,FTA,FT%,ORB,DRB,TRB,AST,STL,BLK,TOV,PF,PTS,2019
16459,401,Elfrid Payton,PG,24,NOP,42,42,29.8,4.3,9.8,.434,0.8,2.5,.314,3.5,7.3,.476,.475,1.3,1.8,.743,1.2,4.1,5.2,7.6,1.0,0.4,2.7,1.9,10.6,2019
16460,402,Gary Payton II,PG,26,WAS,3,0,5.3,1.7,2.7,.625,0.3,0.7,.500,1.3,2.0,.667,.688,0.0,0.0,,0.3,0.3,0.7,1.3,1.0,0.3,0.3,0.7,3.7,2019
16461,403,Theo Pinson,SG,23,BRK,18,0,11.7,1.4,4.1,.342,0.7,2.6,.261,0.7,1.5,.481,.425,1.1,1.2,.864,0.2,1.8,2.0,1.2,0.3,0.0,1.0,0.8,4.5,2019
16462,404,Mason Plumlee,C,28,DEN,82,17,21.1,3.2,5.4,.593,0.0,0.1,.200,3.2,5.3,.602,.595,1.4,2.4,.561,2.0,4.4,6.4,3.0,0.8,0.9,1.5,3.1,7.8,2019
16463,405,Miles Plumlee,C,30,ATL,18,0,9.6,1.8,2.7,.667,0.0,0.0,,1.8,2.7,.667,.667,0.9,1.7,.533,0.9,1.3,2.2,0.9,0.3,0.2,0.6,0.8,4.4,2019
16464,406,Jakob Poeltl,C,23,SAS,77,24,16.5,2.4,3.8,.645,0.0,0.0,,2.4,3.8,.645,.645,0.6,1.2,.533,2.3,3.0,5.3,1.2,0.4,0.9,0.6,1.6,5.5,2019
16465,407,Quincy Pondexter,SF,30,SAS,53,0,5.5,0.5,1.1,.500,0.1,0.3,.333,0.4,0.8,.575,.552,0.6,0.8,.810,0.2,0.7,0.9,0.5,0.2,0.0,0.2,0.5,1.8,2019
16466,408,Otto Porter Jr.,SF,25,TOT,56,43,30.1,5.3,11.5,.465,1.9,4.6,.406,3.5,6.9,.504,.546,1.4,1.7,.813,1.0,4.6,5.6,2.1,1.5,0.6,1.2,1.9,13.9,2019
16467,408,Otto Porter Jr.,SF,25,WAS,41,28,29.0,4.9,10.8,.457,1.6,4.3,.369,3.3,6.5,.515,.531,1.2,1.6,.766,1.0,4.7,5.6,2.0,1.6,0.5,1.0,1.9,12.6,2019
16468,408,Otto Porter Jr.,SF,25,CHI,15,15,32.8,6.5,13.4,.483,2.6,5.3,.488,3.9,8.1,.479,.580,1.9,2.1,.906,0.9,4.6,5.5,2.7,1.2,0.6,1.7,1.9,17.5,2019
16469,409,Bobby Portis,PF,23,TOT,50,28,26.0,5.6,12.6,.444,1.5,3.8,.393,4.1,8.7,.467,.504,1.5,1.9,.794,2.2,5.9,8.1,1.4,0.7,0.4,1.5,2.9,14.2,2019
16470,409,Bobby Portis,PF,23,CHI,22,6,24.1,5.5,12.3,.450,1.2,3.3,.375,4.3,9.0,.477,.500,1.8,2.3,.780,2.1,5.2,7.3,1.3,0.5,0.4,1.3,2.8,14.1,2019
16471,409,Bobby Portis,PF,23,WAS,28,22,27.4,5.6,12.8,.440,1.7,4.3,.403,3.9,8.5,.458,.507,1.4,1.7,.809,2.3,6.4,8.6,1.5,0.9,0.4,1.6,3.0,14.3,2019
16472,410,Dwight Powell,C,27,DAL,77,22,21.6,3.8,6.3,.597,0.5,1.6,.307,3.3,4.7,.699,.637,2.5,3.3,.772,1.8,3.5,5.3,1.5,0.6,0.6,0.9,2.6,10.6,2019
16473,411,Norman Powell,SG,25,TOR,60,3,18.8,3.2,6.7,.483,1.1,2.8,.400,2.1,3.8,.543,.568,1.0,1.3,.827,0.3,2.1,2.3,1.5,0.7,0.2,1.1,1.6,8.6,2019
16474,412,Alex Poythress,PF,25,ATL,21,1,14.5,1.9,3.9,.494,0.4,1.1,.391,1.5,2.8,.534,.549,0.9,1.4,.621,1.4,2.2,3.6,0.8,0.2,0.5,0.6,2.2,5.1,2019
16475,413,Taurean Prince,SF,24,ATL,55,47,28.2,4.8,10.8,.441,2.2,5.7,.390,2.5,5.1,.498,.545,1.7,2.1,.819,0.4,3.2,3.6,2.1,1.0,0.3,1.8,2.6,13.5,2019
16476,414,Zhou Qi,PF,23,HOU,1,0,1.0,1.0,1.0,1.000,0.0,0.0,,1.0,1.0,1.000,1.000,0.0,0.0,,0.0,0.0,0.0,0.0,0.0,0.0,0.0,0.0,2.0,2019
16477,415,Ivan Rabb,PF,21,MEM,49,13,14.7,2.4,4.3,.547,0.1,0.3,.200,2.3,4.0,.574,.554,1.0,1.4,.710,1.4,2.8,4.2,1.1,0.3,0.3,0.7,1.8,5.8,2019
16478,416,Chasson Randle,PG,25,WAS,49,2,15.2,1.9,4.4,.419,0.9,2.3,.400,0.9,2.1,.441,.525,0.9,1.3,.694,0.2,0.9,1.1,2.0,0.5,0.1,0.9,1.9,5.5,2019
16479,417,Julius Randle,PF,24,NOP,73,49,30.6,7.8,14.9,.524,0.9,2.7,.344,6.9,12.2,.564,.555,4.9,6.7,.731,2.2,6.5,8.7,3.1,0.7,0.6,2.8,3.4,21.4,2019
16480,418,J.J. Redick,SG,34,PHI,76,63,31.3,5.9,13.5,.440,3.2,8.0,.397,2.8,5.6,.502,.557,3.0,3.4,.894,0.3,2.2,2.4,2.7,0.4,0.2,1.3,1.7,18.1,2019
16481,419,Davon Reed,SG,23,IND,10,0,4.7,0.5,1.2,.417,0.2,0.4,.500,0.3,0.8,.375,.500,0.0,0.0,,0.2,0.4,0.6,0.3,0.1,0.0,0.1,0.3,1.2,2019
16482,420,Cameron Reynolds,SG,23,MIN,19,0,13.6,1.7,4.1,.423,1.1,2.7,.412,0.6,1.4,.444,.558,0.4,0.5,.889,0.2,1.4,1.6,0.7,0.3,0.1,0.3,1.4,5.0,2019
16483,Rk,Player,Pos,Age,Tm,G,GS,MP,FG,FGA,FG%,3P,3PA,3P%,2P,2PA,2P%,eFG%,FT,FTA,FT%,ORB,DRB,TRB,AST,STL,BLK,TOV,PF,PTS,2019
16484,421,Josh Richardson,SG,25,MIA,73,73,34.8,5.8,14.1,.412,2.2,6.3,.357,3.5,7.8,.458,.492,2.7,3.2,.861,0.7,2.9,3.6,4.1,1.1,0.5,1.5,2.7,16.6,2019
16485,422,Malachi Richardson,SG,23,TOR,22,0,4.7,0.4,1.3,.310,0.4,1.1,.320,0.0,0.2,.250,.448,0.2,0.2,.800,0.1,0.5,0.6,0.0,0.0,0.0,0.4,0.6,1.4,2019
16486,423,Austin Rivers,SG,26,TOT,76,15,26.7,3.1,7.5,.406,1.4,4.3,.318,1.7,3.2,.522,.497,0.7,1.3,.526,0.3,1.8,2.1,2.2,0.6,0.3,0.9,2.7,8.1,2019
16487,423,Austin Rivers,SG,26,WAS,29,2,23.6,2.6,6.7,.392,1.1,3.7,.311,1.5,3.0,.489,.477,0.9,1.6,.543,0.3,2.1,2.4,2.0,0.6,0.3,1.2,2.5,7.2,2019
16488,423,Austin Rivers,SG,26,HOU,47,13,28.6,3.3,8.0,.413,1.5,4.7,.321,1.8,3.3,.541,.507,0.5,1.0,.510,0.3,1.6,1.9,2.3,0.6,0.3,0.7,2.9,8.7,2019
16489,424,Devin Robinson,SF,23,WAS,7,0,13.6,2.7,4.6,.594,0.0,0.3,.000,2.7,4.3,.633,.594,1.3,2.0,.643,0.9,2.0,2.9,0.9,0.6,0.9,0.3,1.6,6.7,2019
16490,425,Duncan Robinson,SF,24,MIA,15,1,10.7,1.2,3.1,.391,0.7,2.3,.286,0.5,0.7,.727,.500,0.3,0.4,.667,0.1,1.1,1.3,0.3,0.3,0.0,0.3,0.7,3.3,2019
16491,426,Glenn Robinson III,SF,25,DET,47,18,13.0,1.6,3.7,.420,0.4,1.3,.290,1.2,2.4,.491,.472,0.7,0.9,.800,0.4,1.1,1.5,0.4,0.3,0.2,0.4,1.0,4.2,2019
16492,427,Jerome Robinson,SG,21,LAC,33,0,9.7,1.3,3.3,.400,0.5,1.7,.316,0.8,1.6,.491,.482,0.2,0.3,.667,0.1,1.2,1.2,0.6,0.3,0.1,0.4,1.4,3.4,2019
16493,428,Mitchell Robinson,C,20,NYK,66,19,20.6,3.1,4.4,.694,0.0,0.0,,3.1,4.4,.694,.694,1.2,2.0,.600,2.7,3.7,6.4,0.6,0.8,2.4,0.5,3.3,7.3,2019
16494,429,Rajon Rondo,PG,32,LAL,46,29,29.8,3.8,9.4,.405,1.1,3.1,.359,2.7,6.3,.428,.464,0.5,0.8,.639,0.7,4.5,5.3,8.0,1.2,0.2,2.8,2.2,9.2,2019
16495,430,Derrick Rose,PG,30,MIN,51,13,27.3,7.1,14.8,.482,1.1,2.9,.370,6.1,11.9,.509,.518,2.7,3.1,.856,0.6,2.1,2.7,4.3,0.6,0.2,1.6,1.1,18.0,2019
16496,431,Terrence Ross,SG,27,ORL,81,0,26.5,5.4,12.7,.428,2.7,7.0,.383,2.8,5.7,.484,.534,1.6,1.8,.875,0.3,3.1,3.5,1.7,0.9,0.4,1.1,1.5,15.1,2019
16497,432,Terry Rozier,PG,24,BOS,79,14,22.7,3.3,8.4,.387,1.5,4.3,.353,1.8,4.2,.422,.477,0.9,1.2,.785,0.4,3.5,3.9,2.9,0.9,0.3,0.9,1.3,9.0,2019
16498,433,Ricky Rubio,PG,28,UTA,68,67,27.9,4.3,10.7,.404,1.2,3.7,.311,3.2,7.0,.454,.458,2.9,3.4,.855,0.5,3.1,3.6,6.1,1.3,0.1,2.6,2.6,12.7,2019
16499,434,D'Angelo Russell,PG,22,BRK,81,81,30.2,8.1,18.7,.434,2.9,7.8,.369,5.2,10.9,.482,.512,2.0,2.5,.780,0.7,3.2,3.9,7.0,1.2,0.2,3.1,1.7,21.1,2019
16500,435,Domantas Sabonis,C,22,IND,74,5,24.8,5.6,9.5,.590,0.1,0.2,.529,5.5,9.2,.592,.596,2.8,3.9,.715,2.5,6.8,9.3,2.9,0.6,0.4,2.2,3.2,14.1,2019
16501,436,Brandon Sampson,SG,21,CHI,14,2,15.3,2.0,4.3,.467,0.8,2.1,.379,1.2,2.2,.548,.558,0.3,0.4,.667,0.2,0.9,1.1,0.7,0.6,0.2,0.9,1.4,5.1,2019
16502,437,JaKarr Sampson,SF,25,CHI,4,0,31.8,7.3,13.5,.537,1.3,3.5,.357,6.0,10.0,.600,.583,4.3,5.3,.810,1.3,6.8,8.0,1.0,1.0,0.8,1.0,2.0,20.0,2019
16503,438,Dario Šarić,PF,24,TOT,81,41,25.0,3.8,8.6,.437,1.5,4.0,.365,2.3,4.6,.499,.522,1.6,1.9,.880,1.6,4.1,5.6,1.6,0.6,0.1,1.2,2.2,10.6,2019
16504,438,Dario Šarić,PF,24,PHI,13,13,30.5,3.7,10.2,.364,1.6,5.4,.300,2.1,4.8,.435,.443,2.1,2.3,.900,1.6,5.0,6.6,2.0,0.3,0.2,1.9,3.0,11.1,2019
16505,438,Dario Šarić,PF,24,MIN,68,28,23.9,3.8,8.3,.454,1.4,3.7,.383,2.3,4.6,.511,.540,1.5,1.8,.875,1.5,3.9,5.5,1.5,0.6,0.1,1.1,2.1,10.5,2019
16506,439,Tomáš Satoranský,PG,27,WAS,80,54,27.1,3.2,6.6,.485,0.8,2.0,.395,2.4,4.6,.524,.545,1.6,2.0,.819,1.0,2.5,3.5,5.0,1.0,0.2,1.5,2.2,8.9,2019
16507,440,Dennis Schröder,PG,25,OKC,79,14,29.3,5.8,14.0,.414,1.6,4.6,.341,4.2,9.4,.450,.470,2.4,2.9,.819,0.5,3.1,3.6,4.1,0.8,0.2,2.2,2.4,15.5,2019
16508,Rk,Player,Pos,Age,Tm,G,GS,MP,FG,FGA,FG%,3P,3PA,3P%,2P,2PA,2P%,eFG%,FT,FTA,FT%,ORB,DRB,TRB,AST,STL,BLK,TOV,PF,PTS,2019
16509,441,Mike Scott,PF,30,TOT,79,3,17.7,2.1,5.3,.400,1.3,3.2,.401,0.8,2.1,.399,.520,0.3,0.4,.667,0.5,2.9,3.5,0.8,0.3,0.2,0.6,2.0,5.8,2019
16510,441,Mike Scott,PF,30,LAC,52,0,14.4,1.8,4.4,.400,1.0,2.6,.391,0.8,1.9,.412,.513,0.2,0.3,.667,0.5,2.9,3.3,0.8,0.3,0.2,0.5,1.7,4.8,2019
16511,441,Mike Scott,PF,30,PHI,27,3,24.0,2.8,7.0,.400,1.8,4.4,.412,1.0,2.6,.380,.529,0.4,0.6,.667,0.7,3.1,3.8,0.8,0.3,0.2,0.6,2.5,7.8,2019
16512,442,Thabo Sefolosha,SF,34,UTA,50,2,12.2,1.4,3.0,.477,0.7,1.6,.436,0.7,1.4,.521,.591,0.3,0.4,.636,0.2,2.3,2.5,0.5,0.9,0.1,0.5,0.8,3.8,2019
16513,443,Wayne Selden,SG,24,TOT,75,13,19.2,2.6,6.4,.406,0.7,2.3,.316,1.9,4.1,.456,.463,0.9,1.2,.728,0.5,1.9,2.4,1.5,0.4,0.2,1.1,1.7,6.9,2019
16514,443,Wayne Selden,SG,24,MEM,32,0,14.2,2.0,5.0,.404,0.6,2.0,.317,1.4,3.1,.459,.466,0.7,0.9,.759,0.5,0.9,1.4,1.1,0.3,0.2,0.7,1.5,5.4,2019
16515,443,Wayne Selden,SG,24,CHI,43,13,22.9,3.0,7.5,.407,0.8,2.6,.315,2.2,4.9,.455,.461,1.0,1.5,.714,0.5,2.7,3.2,1.7,0.5,0.2,1.3,1.9,8.0,2019
16516,444,Collin Sexton,PG,20,CLE,82,72,31.8,6.3,14.7,.430,1.5,3.6,.402,4.9,11.1,.440,.480,2.6,3.1,.839,0.7,2.2,2.9,3.0,0.5,0.1,2.3,2.3,16.7,2019
16517,445,Landry Shamet,SG,21,TOT,79,27,22.8,3.0,7.1,.431,2.1,5.0,.422,0.9,2.0,.453,.581,0.9,1.2,.806,0.3,1.4,1.7,1.5,0.5,0.1,0.6,2.0,9.1,2019
16518,445,Landry Shamet,SG,21,PHI,54,4,20.5,2.8,6.4,.441,1.8,4.5,.404,1.0,1.9,.529,.584,0.8,1.0,.815,0.3,1.2,1.4,1.1,0.4,0.1,0.5,2.0,8.3,2019
16519,445,Landry Shamet,SG,21,LAC,25,23,27.8,3.5,8.4,.414,2.7,6.0,.450,0.8,2.4,.322,.576,1.2,1.6,.795,0.3,2.0,2.2,2.3,0.5,0.1,0.8,2.0,10.9,2019
16520,446,Iman Shumpert,SG,28,TOT,62,41,23.9,2.7,7.2,.374,1.5,4.4,.348,1.2,2.8,.416,.481,0.6,0.7,.800,0.4,2.5,3.0,1.8,1.0,0.4,0.8,2.0,7.5,2019
16521,446,Iman Shumpert,SG,28,SAC,42,40,26.2,3.2,8.3,.382,1.8,4.8,.366,1.4,3.5,.404,.489,0.8,1.0,.829,0.5,2.6,3.1,2.2,1.1,0.5,0.9,2.2,8.9,2019
16522,446,Iman Shumpert,SG,28,HOU,20,1,19.1,1.7,4.9,.347,1.1,3.6,.296,0.7,1.4,.481,.454,0.1,0.2,.500,0.4,2.3,2.7,1.1,0.6,0.2,0.6,1.8,4.6,2019
16523,447,Pascal Siakam,PF,24,TOR,80,79,31.9,6.5,11.8,.549,1.0,2.7,.369,5.5,9.1,.602,.591,3.0,3.8,.785,1.6,5.3,6.9,3.1,0.9,0.7,1.9,3.0,16.9,2019
16524,448,Jordan Sibert,SG,26,ATL,1,0,4.0,1.0,1.0,1.000,1.0,1.0,1.000,0.0,0.0,,1.500,0.0,0.0,,0.0,0.0,0.0,0.0,0.0,0.0,0.0,0.0,3.0,2019
16525,449,Ben Simmons,PG,22,PHI,79,79,34.2,6.8,12.2,.563,0.0,0.1,.000,6.8,12.1,.566,.563,3.3,5.4,.600,2.2,6.6,8.8,7.7,1.4,0.8,3.5,2.6,16.9,2019
16526,450,Jonathon Simmons,SG-SF,29,TOT,56,9,19.0,2.4,6.3,.380,0.5,1.9,.269,1.9,4.4,.427,.420,1.3,1.7,.742,0.5,1.8,2.3,2.3,0.5,0.3,1.2,1.6,6.5,2019
16527,450,Jonathon Simmons,SG,29,ORL,41,9,20.6,2.5,7.0,.364,0.5,2.0,.229,2.1,5.0,.419,.397,1.4,1.8,.778,0.6,1.9,2.4,2.3,0.4,0.3,1.4,1.7,6.9,2019
16528,450,Jonathon Simmons,SF,29,PHI,15,0,14.6,1.9,4.3,.453,0.6,1.4,.429,1.3,2.9,.465,.523,1.1,1.7,.640,0.3,1.5,1.7,2.2,0.7,0.1,0.8,1.4,5.5,2019
16529,451,Kobi Simmons,PG,21,CLE,1,0,2.0,0.0,0.0,,0.0,0.0,,0.0,0.0,,,0.0,0.0,,0.0,0.0,0.0,0.0,0.0,0.0,0.0,0.0,0.0,2019
16530,452,Anfernee Simons,SG,19,POR,20,1,7.1,1.4,3.2,.444,0.5,1.5,.345,0.9,1.7,.529,.524,0.5,0.8,.563,0.2,0.5,0.7,0.7,0.1,0.0,0.6,0.5,3.8,2019
16531,453,Marcus Smart,SG,24,BOS,80,60,27.5,3.0,7.1,.422,1.6,4.3,.364,1.4,2.8,.511,.533,1.3,1.6,.806,0.7,2.2,2.9,4.0,1.8,0.4,1.5,2.5,8.9,2019
16532,454,Dennis Smith Jr.,PG,21,TOT,53,50,28.5,5.2,12.3,.428,1.3,3.9,.322,4.0,8.3,.477,.479,1.9,2.9,.635,0.6,2.3,2.9,4.8,1.3,0.4,2.9,2.4,13.6,2019
16533,454,Dennis Smith Jr.,PG,21,DAL,32,32,28.4,4.9,11.2,.440,1.3,3.9,.344,3.6,7.3,.491,.500,1.8,2.6,.695,0.6,2.5,3.0,4.3,1.3,0.3,3.1,2.6,12.9,2019
16534,454,Dennis Smith Jr.,PG,21,NYK,21,18,28.6,5.8,14.0,.413,1.1,4.0,.289,4.6,10.0,.462,.454,2.0,3.5,.568,0.7,2.1,2.8,5.4,1.3,0.4,2.6,2.2,14.7,2019
16535,455,Ish Smith,PG,30,DET,56,0,22.3,3.7,8.7,.419,0.8,2.4,.326,2.9,6.3,.455,.464,0.8,1.1,.758,0.4,2.2,2.6,3.6,0.5,0.2,1.1,1.9,8.9,2019
16536,456,J.R. Smith,SG,33,CLE,11,4,20.2,2.5,7.2,.342,1.1,3.5,.308,1.4,3.6,.375,.418,0.7,0.9,.800,0.0,1.6,1.6,1.9,1.0,0.3,1.0,1.7,6.7,2019
16537,457,Jason Smith,C-PF,32,TOT,20,1,9.5,1.1,3.0,.356,0.5,1.3,.346,0.6,1.7,.364,.432,0.7,0.8,.875,0.8,1.8,2.6,0.7,0.2,0.4,0.7,1.5,3.3,2019
16538,457,Jason Smith,C,32,WAS,12,1,10.8,1.3,3.1,.405,0.3,0.8,.400,0.9,2.3,.407,.459,0.8,1.0,.833,0.9,2.2,3.1,1.0,0.1,0.4,0.6,1.8,3.7,2019
16539,457,Jason Smith,PF,32,MIL,6,0,6.7,0.7,2.2,.308,0.5,1.5,.333,0.2,0.7,.250,.423,0.3,0.3,1.000,0.5,1.3,1.8,0.2,0.3,0.3,0.8,1.0,2.2,2019
16540,457,Jason Smith,C,32,NOP,2,0,10.0,1.0,4.5,.222,1.0,3.5,.286,0.0,1.0,.000,.333,1.0,1.0,1.000,1.0,1.0,2.0,0.5,0.0,0.0,0.5,1.5,4.0,2019
16541,458,Zhaire Smith,SG,19,PHI,6,2,18.5,2.3,5.7,.412,1.0,2.7,.375,1.3,3.0,.444,.500,1.0,1.3,.750,0.5,1.7,2.2,1.7,0.3,0.3,1.0,1.3,6.7,2019
16542,459,Tony Snell,SF,27,MIL,74,12,17.6,2.2,4.9,.452,1.1,2.8,.397,1.1,2.1,.522,.564,0.5,0.6,.881,0.4,1.7,2.1,0.9,0.4,0.2,0.3,1.2,6.0,2019
16543,460,Ray Spalding,PF,21,TOT,14,3,10.6,1.8,3.4,.532,0.0,0.2,.000,1.8,3.1,.568,.532,0.3,0.9,.333,1.1,2.4,3.4,0.4,0.6,0.6,0.6,1.6,3.9,2019
16544,460,Ray Spalding,PF,21,DAL,1,0,1.0,0.0,0.0,,0.0,0.0,,0.0,0.0,,,0.0,0.0,,0.0,0.0,0.0,0.0,0.0,0.0,0.0,0.0,0.0,2019
16545,460,Ray Spalding,PF,21,PHO,13,3,11.3,1.9,3.6,.532,0.0,0.2,.000,1.9,3.4,.568,.532,0.3,0.9,.333,1.2,2.5,3.7,0.4,0.7,0.6,0.7,1.8,4.2,2019
16546,Rk,Player,Pos,Age,Tm,G,GS,MP,FG,FGA,FG%,3P,3PA,3P%,2P,2PA,2P%,eFG%,FT,FTA,FT%,ORB,DRB,TRB,AST,STL,BLK,TOV,PF,PTS,2019
16547,461,Omari Spellman,PF,21,ATL,46,11,17.5,2.1,5.3,.402,1.0,2.8,.344,1.2,2.5,.466,.492,0.7,1.0,.711,1.6,2.7,4.2,1.0,0.6,0.5,0.7,1.5,5.9,2019
16548,462,Nik Stauskas,SG,25,TOT,68,0,14.9,2.0,5.0,.402,1.0,2.8,.372,1.0,2.2,.440,.506,0.8,0.9,.891,0.3,1.6,1.9,1.2,0.3,0.1,0.8,0.7,5.9,2019
16549,462,Nik Stauskas,SG,25,POR,44,0,15.3,2.2,5.2,.419,1.0,2.8,.344,1.2,2.4,.510,.513,0.7,0.8,.889,0.2,1.6,1.8,1.4,0.3,0.1,0.9,0.7,6.1,2019
16550,462,Nik Stauskas,SG,25,CLE,24,0,14.3,1.7,4.5,.367,1.1,2.6,.429,0.5,1.9,.283,.491,1.0,1.2,.893,0.3,1.6,2.0,0.8,0.3,0.1,0.5,0.8,5.5,2019
16551,463,D.J. Stephens,SG,28,MEM,1,0,7.0,1.0,2.0,.500,0.0,0.0,,1.0,2.0,.500,.500,0.0,0.0,,0.0,0.0,0.0,0.0,1.0,0.0,1.0,0.0,2.0,2019
16552,464,Lance Stephenson,SG,28,LAL,68,3,16.5,2.7,6.4,.426,1.1,2.9,.371,1.6,3.5,.472,.510,0.7,1.1,.685,0.5,2.7,3.2,2.1,0.6,0.1,1.3,1.6,7.2,2019
16553,465,Edmond Sumner,PG,23,IND,23,2,9.1,1.0,2.8,.344,0.3,1.2,.259,0.7,1.6,.405,.398,0.7,1.0,.625,0.4,0.7,1.0,0.4,0.5,0.2,0.4,1.1,2.9,2019
16554,466,Caleb Swanigan,PF,21,TOT,21,0,8.5,0.9,2.5,.340,0.0,0.3,.143,0.8,2.2,.370,.349,0.3,0.4,.667,0.8,2.2,3.0,0.5,0.3,0.0,0.9,1.3,2.0,2019
16555,466,Caleb Swanigan,PF,21,POR,18,0,8.1,0.8,2.4,.318,0.1,0.3,.200,0.7,2.2,.333,.330,0.3,0.4,.857,0.7,2.2,2.9,0.4,0.2,0.0,0.9,1.2,1.9,2019
16556,466,Caleb Swanigan,PF,21,SAC,3,0,11.0,1.3,3.0,.444,0.0,0.7,.000,1.3,2.3,.571,.444,0.0,0.7,.000,1.3,2.7,4.0,1.3,0.7,0.3,0.7,2.0,2.7,2019
16557,467,Jayson Tatum,SF,20,BOS,79,79,31.1,5.9,13.1,.450,1.5,3.9,.373,4.4,9.2,.483,.506,2.5,2.9,.855,0.9,5.2,6.0,2.1,1.1,0.7,1.5,2.1,15.7,2019
16558,468,Jeff Teague,PG,30,MIN,42,41,30.1,4.2,9.9,.423,0.8,2.5,.333,3.4,7.4,.453,.465,2.9,3.6,.804,0.4,2.1,2.5,8.2,1.0,0.4,2.3,2.1,12.1,2019
16559,469,Garrett Temple,SG,32,TOT,75,55,27.2,2.8,6.6,.422,1.2,3.5,.341,1.6,3.1,.515,.513,1.1,1.4,.748,0.4,2.5,2.9,1.4,1.0,0.4,0.9,2.7,7.8,2019
16560,469,Garrett Temple,SG,32,MEM,49,49,31.2,3.4,7.9,.429,1.5,4.3,.352,1.9,3.6,.520,.525,1.2,1.6,.750,0.4,2.7,3.1,1.4,1.0,0.5,1.1,2.7,9.4,2019
16561,469,Garrett Temple,SG,32,LAC,26,6,19.6,1.6,4.1,.396,0.6,2.1,.296,1.0,2.0,.500,.472,0.9,1.2,.742,0.4,2.1,2.5,1.4,1.0,0.2,0.6,2.7,4.7,2019
16562,470,Miloš Teodosić,PG,31,LAC,15,0,10.0,1.1,2.7,.425,0.7,1.8,.370,0.5,0.9,.538,.550,0.3,0.5,.571,0.2,0.9,1.1,2.1,0.2,0.1,1.4,1.8,3.2,2019
16563,471,Jared Terrell,SG,23,MIN,14,0,7.9,0.9,2.8,.308,0.3,1.2,.235,0.6,1.6,.364,.359,0.2,0.4,.500,0.1,0.4,0.4,0.9,0.2,0.1,0.7,1.1,2.2,2019
16564,472,Emanuel Terry,PF,22,TOT,3,0,7.7,1.3,2.3,.571,0.0,0.0,,1.3,2.3,.571,.571,0.7,1.3,.500,1.0,1.3,2.3,0.7,1.0,0.0,0.7,1.3,3.3,2019
16565,472,Emanuel Terry,PF,22,PHO,2,0,10.0,2.0,3.0,.667,0.0,0.0,,2.0,3.0,.667,.667,0.5,1.0,.500,1.0,2.0,3.0,0.5,1.5,0.0,1.0,2.0,4.5,2019
16566,472,Emanuel Terry,PF,22,MIA,1,0,3.0,0.0,1.0,.000,0.0,0.0,,0.0,1.0,.000,.000,1.0,2.0,.500,1.0,0.0,1.0,1.0,0.0,0.0,0.0,0.0,1.0,2019
16567,473,Daniel Theis,C,26,BOS,66,2,13.8,2.2,4.0,.549,0.4,1.0,.388,1.8,3.0,.603,.598,0.8,1.2,.737,1.3,2.1,3.4,1.0,0.3,0.6,0.5,2.4,5.7,2019
16568,474,Isaiah Thomas,SG,29,DEN,12,0,15.1,2.8,8.3,.343,1.0,3.6,.279,1.8,4.7,.393,.404,1.4,2.3,.630,0.4,0.7,1.1,1.9,0.4,0.1,1.5,1.4,8.1,2019
16569,475,Khyri Thomas,SG,22,DET,26,0,7.5,0.8,2.7,.319,0.4,1.3,.286,0.5,1.3,.353,.391,0.3,0.4,.636,0.2,0.6,0.8,0.3,0.3,0.2,0.2,0.8,2.3,2019
16570,476,Lance Thomas,PF,30,NYK,46,17,17.0,1.7,4.3,.396,0.5,1.7,.278,1.2,2.6,.475,.452,0.6,0.8,.750,0.5,2.1,2.5,0.6,0.4,0.2,0.5,1.8,4.5,2019
16571,477,Klay Thompson,SG,28,GSW,78,78,34.0,8.4,18.0,.467,3.1,7.7,.402,5.3,10.3,.516,.553,1.7,2.0,.816,0.5,3.4,3.8,2.4,1.1,0.6,1.5,2.0,21.5,2019
16572,478,Tristan Thompson,C,27,CLE,43,40,27.9,4.7,8.8,.529,0.0,0.0,,4.7,8.8,.529,.529,1.6,2.5,.642,4.0,6.2,10.2,2.0,0.7,0.4,1.4,2.1,10.9,2019
16573,479,Sindarius Thornwell,SG,24,LAC,64,1,4.9,0.3,0.8,.347,0.0,0.2,.200,0.2,0.5,.412,.378,0.4,0.5,.735,0.1,0.6,0.7,0.3,0.2,0.1,0.3,0.6,1.0,2019
16574,480,Anthony Tolliver,PF,33,MIN,65,0,16.6,1.5,4.0,.382,1.2,3.3,.377,0.3,0.7,.409,.539,0.7,0.9,.783,0.2,2.5,2.7,0.7,0.3,0.3,0.6,1.4,5.0,2019
16575,Rk,Player,Pos,Age,Tm,G,GS,MP,FG,FGA,FG%,3P,3PA,3P%,2P,2PA,2P%,eFG%,FT,FTA,FT%,ORB,DRB,TRB,AST,STL,BLK,TOV,PF,PTS,2019
16576,481,Karl-Anthony Towns,C,23,MIN,77,77,33.1,8.8,17.1,.518,1.8,4.6,.400,7.0,12.5,.562,.572,4.9,5.8,.836,3.4,9.0,12.4,3.4,0.9,1.6,3.1,3.8,24.4,2019
16577,482,Gary Trent Jr.,SG,20,POR,15,1,7.4,1.1,3.3,.320,0.3,1.4,.238,0.7,1.9,.379,.370,0.2,0.5,.429,0.1,0.7,0.7,0.3,0.1,0.1,0.3,0.3,2.7,2019
16578,483,Allonzo Trier,SG,23,NYK,64,3,22.8,3.6,8.1,.448,0.8,2.1,.394,2.8,6.0,.466,.498,2.8,3.5,.803,0.5,2.6,3.1,1.9,0.4,0.2,1.8,1.8,10.9,2019
16579,484,P.J. Tucker,PF,33,HOU,82,82,34.2,2.5,6.4,.396,1.8,4.7,.377,0.7,1.7,.449,.535,0.5,0.7,.695,1.5,4.4,5.8,1.2,1.6,0.5,0.8,3.1,7.3,2019
16580,485,Evan Turner,PG,30,POR,73,2,22.0,2.8,6.1,.460,0.2,0.7,.212,2.6,5.4,.494,.473,1.0,1.5,.708,0.5,4.0,4.5,3.9,0.5,0.2,1.6,1.5,6.8,2019
16581,486,Myles Turner,C,22,IND,74,74,28.6,5.1,10.5,.487,1.0,2.6,.388,4.1,7.9,.521,.536,2.0,2.7,.736,1.4,5.8,7.2,1.6,0.8,2.7,1.4,2.6,13.3,2019
16582,487,Ekpe Udoh,C,31,UTA,51,1,6.3,1.0,1.4,.694,0.0,0.0,,1.0,1.4,.694,.694,0.4,0.6,.633,0.5,1.2,1.8,0.5,0.2,0.6,0.3,0.7,2.3,2019
16583,488,Tyler Ulis,PG,23,CHI,1,0,1.0,0.0,0.0,,0.0,0.0,,0.0,0.0,,,0.0,0.0,,0.0,0.0,0.0,0.0,0.0,0.0,0.0,0.0,0.0,2019
16584,489,Jonas Valančiūnas,C,26,TOT,49,27,22.3,6.1,11.0,.559,0.3,1.0,.292,5.9,10.0,.586,.572,3.0,3.8,.795,2.2,6.4,8.6,1.4,0.4,1.1,1.8,3.0,15.6,2019
16585,489,Jonas Valančiūnas,C,26,TOR,30,10,18.8,5.0,8.6,.575,0.3,1.0,.300,4.7,7.6,.611,.593,2.6,3.1,.819,1.8,5.4,7.2,1.0,0.4,0.8,1.3,2.7,12.8,2019
16586,489,Jonas Valančiūnas,C,26,MEM,19,17,27.7,8.0,14.7,.545,0.3,0.9,.278,7.7,13.7,.563,.554,3.7,4.8,.769,2.7,7.9,10.7,2.2,0.3,1.6,2.7,3.4,19.9,2019
16587,490,Jarred Vanderbilt,PF,19,DEN,17,0,4.1,0.5,1.1,.474,0.0,0.1,.000,0.5,1.1,.500,.474,0.4,0.6,.600,0.4,0.9,1.4,0.2,0.4,0.1,0.5,0.5,1.4,2019
16588,491,Fred VanVleet,PG,24,TOR,64,28,27.5,3.8,9.4,.410,1.8,4.6,.378,2.1,4.8,.441,.503,1.5,1.8,.843,0.3,2.3,2.6,4.8,0.9,0.3,1.3,1.7,11.0,2019
16589,492,Noah Vonleh,PF,23,NYK,68,57,25.3,3.0,6.5,.470,0.7,2.0,.336,2.4,4.5,.531,.523,1.6,2.3,.712,1.7,6.1,7.8,1.9,0.7,0.8,1.3,2.6,8.4,2019
16590,493,Nikola Vučević,C,28,ORL,80,80,31.4,8.8,16.9,.518,1.1,2.9,.364,7.7,14.0,.549,.549,2.2,2.8,.789,2.8,9.2,12.0,3.8,1.0,1.1,2.0,2.0,20.8,2019
16591,494,Dwyane Wade,SG,37,MIA,72,2,26.2,5.8,13.3,.433,1.2,3.6,.330,4.6,9.7,.472,.478,2.3,3.2,.708,1.0,3.0,4.0,4.2,0.8,0.5,2.3,1.6,15.0,2019
16592,495,Moritz Wagner,C,21,LAL,43,5,10.4,1.7,4.0,.415,0.5,1.8,.286,1.1,2.2,.521,.480,1.0,1.2,.811,0.4,1.6,2.0,0.6,0.3,0.3,0.9,1.3,4.8,2019
16593,496,Dion Waiters,SG,27,MIA,44,28,25.9,4.5,10.9,.414,2.5,6.6,.377,2.0,4.3,.471,.528,0.5,1.0,.500,0.2,2.5,2.6,2.8,0.7,0.2,1.5,1.6,12.0,2019
16594,497,Kemba Walker,PG,28,CHO,82,82,34.9,8.9,20.5,.434,3.2,8.9,.356,5.7,11.6,.494,.511,4.6,5.5,.844,0.6,3.8,4.4,5.9,1.2,0.4,2.6,1.6,25.6,2019
16595,498,Lonnie Walker IV,SG,20,SAS,17,0,6.9,0.9,2.7,.348,0.3,0.8,.385,0.6,1.9,.333,.402,0.5,0.6,.800,0.0,1.0,1.0,0.5,0.4,0.2,0.2,0.4,2.6,2019
16596,499,John Wall,PG,28,WAS,32,32,34.5,7.7,17.3,.444,1.6,5.3,.302,6.1,12.0,.507,.490,3.8,5.5,.697,0.5,3.2,3.6,8.7,1.5,0.9,3.8,2.2,20.7,2019
16597,500,Tyrone Wallace,PG,24,LAC,62,0,10.1,1.5,3.5,.424,0.1,0.3,.211,1.4,3.2,.444,.433,0.5,0.9,.526,0.3,1.3,1.6,0.7,0.3,0.1,0.6,1.3,3.5,2019
16598,Rk,Player,Pos,Age,Tm,G,GS,MP,FG,FGA,FG%,3P,3PA,3P%,2P,2PA,2P%,eFG%,FT,FTA,FT%,ORB,DRB,TRB,AST,STL,BLK,TOV,PF,PTS,2019
16599,501,Brad Wanamaker,PG,29,BOS,36,0,9.5,1.4,2.9,.476,0.4,1.1,.410,0.9,1.8,.515,.552,0.7,0.8,.857,0.1,1.1,1.1,1.6,0.3,0.1,0.5,0.9,3.9,2019
16600,502,T.J. Warren,SF,25,PHO,43,36,31.6,6.9,14.2,.486,1.8,4.2,.428,5.1,10.0,.510,.549,2.3,2.9,.815,0.7,3.3,4.0,1.5,1.2,0.7,1.2,2.8,18.0,2019
16601,503,Julian Washburn,SF,27,MEM,18,3,14.1,0.9,2.7,.333,0.3,1.3,.208,0.6,1.3,.458,.385,0.2,0.2,.750,0.4,1.8,2.3,0.8,0.7,0.1,0.4,0.9,2.2,2019
16602,504,Yuta Watanabe,SF,24,MEM,15,0,11.6,1.0,3.4,.294,0.1,1.1,.125,0.9,2.3,.371,.314,0.5,0.7,.700,0.3,1.8,2.1,0.5,0.3,0.1,0.4,0.7,2.6,2019
16603,505,Thomas Welsh,C,22,DEN,11,0,3.3,0.6,1.2,.538,0.3,0.6,.429,0.4,0.5,.667,.654,0.1,0.2,.500,0.0,0.4,0.4,0.5,0.0,0.0,0.1,0.3,1.6,2019
16604,506,Russell Westbrook,PG,30,OKC,73,73,36.0,8.6,20.2,.428,1.6,5.6,.290,7.0,14.5,.481,.468,4.1,6.2,.656,1.5,9.6,11.1,10.7,1.9,0.5,4.5,3.4,22.9,2019
16605,507,Derrick White,PG,24,SAS,67,55,25.8,3.9,8.1,.479,0.7,2.1,.338,3.2,6.0,.529,.523,1.4,1.8,.772,0.5,3.2,3.7,3.9,1.0,0.7,1.4,2.2,9.9,2019
16606,508,Okaro White,PF,26,WAS,3,0,2.0,0.0,0.7,.000,0.0,0.7,.000,0.0,0.0,,.000,0.0,0.0,,0.3,0.3,0.7,0.0,0.0,0.0,0.0,0.0,0.0,2019
16607,509,Hassan Whiteside,C,29,MIA,72,53,23.3,5.4,9.4,.571,0.0,0.2,.125,5.4,9.2,.581,.572,1.5,3.4,.449,3.6,7.8,11.3,0.8,0.6,1.9,1.3,2.7,12.3,2019
16608,510,Andrew Wiggins,SF,23,MIN,73,73,34.8,6.8,16.6,.412,1.6,4.8,.339,5.2,11.8,.441,.461,2.8,4.1,.699,1.1,3.7,4.8,2.5,1.0,0.7,1.9,2.1,18.1,2019
16609,511,Alan Williams,PF,26,BRK,5,0,5.2,1.6,2.6,.615,0.0,0.2,.000,1.6,2.4,.667,.615,0.4,0.8,.500,0.8,3.0,3.8,0.6,0.2,0.0,0.2,0.4,3.6,2019
16610,512,C.J. Williams,SG,28,MIN,15,0,8.5,1.1,2.3,.486,0.3,1.1,.313,0.8,1.3,.632,.557,0.0,0.1,.000,0.1,0.5,0.5,0.8,0.4,0.0,0.3,1.1,2.6,2019
16611,513,Johnathan Williams,C,23,LAL,24,0,15.5,2.7,4.6,.591,0.0,0.1,.000,2.7,4.5,.602,.591,1.1,2.0,.563,2.0,2.1,4.1,0.5,0.3,0.3,0.7,2.6,6.5,2019
16612,514,Kenrich Williams,SF,24,NOP,46,29,23.5,2.3,6.1,.384,1.1,3.4,.333,1.2,2.7,.447,.477,0.3,0.4,.684,1.2,3.6,4.8,1.8,1.0,0.4,0.8,2.1,6.1,2019
16613,515,Lou Williams,SG,32,LAC,75,1,26.6,6.5,15.2,.425,1.4,3.9,.361,5.1,11.3,.447,.471,5.7,6.5,.876,0.5,2.4,3.0,5.4,0.8,0.1,2.4,1.1,20.0,2019
16614,516,Marvin Williams,PF,32,CHO,75,75,28.4,3.7,8.7,.422,1.9,5.1,.366,1.8,3.6,.500,.529,0.9,1.1,.767,1.0,4.4,5.4,1.2,0.9,0.8,0.6,2.1,10.1,2019
16615,517,Robert Williams,C,21,BOS,32,2,8.8,1.1,1.6,.706,0.0,0.0,,1.1,1.6,.706,.706,0.3,0.5,.600,0.8,1.7,2.5,0.2,0.3,1.3,0.3,1.1,2.5,2019
16616,518,Troy Williams,SF,24,SAC,21,0,14.9,2.1,4.7,.449,0.7,2.1,.318,1.4,2.6,.556,.520,0.4,0.7,.600,0.6,2.2,2.8,0.5,0.5,0.4,0.4,1.8,5.3,2019
16617,519,D.J. Wilson,PF,22,MIL,48,3,18.4,2.2,5.2,.414,1.0,2.6,.362,1.2,2.6,.468,.506,0.5,1.0,.553,0.9,3.7,4.6,1.1,0.4,0.4,0.7,1.8,5.8,2019
16618,520,Justise Winslow,SF,22,MIA,66,52,29.7,4.9,11.3,.433,1.5,3.9,.375,3.5,7.5,.462,.497,1.3,2.1,.628,1.0,4.4,5.4,4.3,1.1,0.3,2.2,2.7,12.6,2019
16619,Rk,Player,Pos,Age,Tm,G,GS,MP,FG,FGA,FG%,3P,3PA,3P%,2P,2PA,2P%,eFG%,FT,FTA,FT%,ORB,DRB,TRB,AST,STL,BLK,TOV,PF,PTS,2019
16620,521,Christian Wood,PF,23,TOT,21,2,12.0,2.9,5.6,.521,0.4,1.2,.346,2.5,4.3,.571,.560,2.0,2.7,.732,0.8,3.1,4.0,0.4,0.3,0.5,0.8,0.8,8.2,2019
16621,521,Christian Wood,PF,23,MIL,13,0,4.8,0.9,1.9,.480,0.2,0.4,.600,0.7,1.5,.450,.540,0.8,1.2,.667,0.3,1.2,1.5,0.2,0.0,0.0,0.2,0.2,2.8,2019
16622,521,Christian Wood,PF,23,NOP,8,2,23.6,6.1,11.5,.533,0.8,2.6,.286,5.4,8.9,.606,.565,3.9,5.1,.756,1.6,6.3,7.9,0.8,0.9,1.3,1.8,1.8,16.9,2019
16623,522,Delon Wright,PG,26,TOT,75,13,22.7,3.2,7.4,.434,0.7,2.2,.298,2.6,5.2,.492,.478,1.6,2.0,.793,0.9,2.6,3.5,3.3,1.2,0.4,1.0,1.4,8.7,2019
16624,522,Delon Wright,PG,26,TOR,49,2,18.3,2.6,6.0,.433,0.6,1.8,.333,2.0,4.1,.478,.485,1.1,1.2,.869,0.8,1.8,2.6,2.2,0.9,0.3,0.8,1.1,6.9,2019
16625,522,Delon Wright,PG,26,MEM,26,11,30.8,4.4,10.2,.434,0.8,3.0,.256,3.7,7.2,.508,.472,2.5,3.4,.742,1.1,4.3,5.4,5.3,1.6,0.6,1.5,1.9,12.2,2019
16626,523,Guerschon Yabusele,PF,23,BOS,41,1,6.1,0.9,1.9,.455,0.2,0.7,.321,0.6,1.2,.531,.513,0.4,0.5,.682,0.6,0.7,1.3,0.4,0.2,0.2,0.4,0.8,2.3,2019
16627,524,Nick Young,SG,33,DEN,4,0,9.3,0.8,2.3,.333,0.8,2.0,.375,0.0,0.3,.000,.500,0.0,0.0,,0.0,0.3,0.3,0.5,0.0,0.3,0.5,1.0,2.3,2019
16628,525,Thaddeus Young,PF,30,IND,81,81,30.7,5.5,10.4,.527,0.6,1.8,.349,4.8,8.6,.564,.557,1.1,1.7,.644,2.4,4.1,6.5,2.5,1.5,0.4,1.5,2.4,12.6,2019
16629,526,Trae Young,PG,20,ATL,81,81,30.9,6.5,15.5,.418,1.9,6.0,.324,4.6,9.6,.477,.480,4.2,5.1,.829,0.8,2.9,3.7,8.1,0.9,0.2,3.8,1.7,19.1,2019
16630,527,Cody Zeller,C,26,CHO,49,47,25.4,3.9,7.0,.551,0.1,0.4,.273,3.8,6.6,.570,.559,2.3,2.9,.787,2.2,4.6,6.8,2.1,0.8,0.8,1.3,3.3,10.1,2019
16631,528,Tyler Zeller,C,29,TOT,6,1,15.5,2.7,5.0,.533,0.0,0.2,.000,2.7,4.8,.552,.533,2.3,3.0,.778,1.8,2.2,4.0,0.7,0.2,0.5,0.7,3.3,7.7,2019
16632,528,Tyler Zeller,C,29,ATL,2,0,5.5,0.0,1.0,.000,0.0,0.5,.000,0.0,0.5,.000,.000,0.0,0.0,,1.0,2.0,3.0,0.5,0.0,0.0,0.0,2.0,0.0,2019
16633,528,Tyler Zeller,C,29,MEM,4,1,20.5,4.0,7.0,.571,0.0,0.0,,4.0,7.0,.571,.571,3.5,4.5,.778,2.3,2.3,4.5,0.8,0.3,0.8,1.0,4.0,11.5,2019
16634,529,Ante Žižić,C,22,CLE,59,25,18.3,3.1,5.6,.553,0.0,0.0,,3.1,5.6,.553,.553,1.6,2.2,.705,1.8,3.6,5.4,0.9,0.2,0.4,1.0,1.9,7.8,2019
16635,530,Ivica Zubac,C,21,TOT,59,37,17.6,3.6,6.4,.559,0.0,0.0,,3.6,6.4,.559,.559,1.7,2.1,.802,1.9,4.2,6.1,1.1,0.2,0.9,1.2,2.3,8.9,2019
16636,530,Ivica Zubac,C,21,LAL,33,12,15.6,3.4,5.8,.580,0.0,0.0,,3.4,5.8,.580,.580,1.7,2.0,.864,1.6,3.3,4.9,0.8,0.1,0.8,1.0,2.2,8.5,2019
16637,530,Ivica Zubac,C,21,LAC,26,25,20.2,3.8,7.2,.538,0.0,0.0,,3.8,7.2,.538,.538,1.7,2.3,.733,2.3,5.3,7.7,1.5,0.4,0.9,1.4,2.5,9.4,2019
16638,1,Steven Adams,C,26,OKC,63,63,26.7,4.5,7.6,.592,0.0,0.0,.333,4.5,7.5,.594,.593,1.9,3.2,.582,3.3,6.0,9.3,2.3,0.8,1.1,1.5,1.9,10.9,2020
16639,2,Bam Adebayo,PF,22,MIA,72,72,33.6,6.1,11.0,.557,0.0,0.2,.143,6.1,10.8,.564,.558,3.7,5.3,.691,2.4,7.8,10.2,5.1,1.1,1.3,2.8,2.5,15.9,2020
16640,3,LaMarcus Aldridge,C,34,SAS,53,53,33.1,7.4,15.0,.493,1.2,3.0,.389,6.2,12.0,.519,.532,3.0,3.6,.827,1.9,5.5,7.4,2.4,0.7,1.6,1.4,2.4,18.9,2020
16641,4,Kyle Alexander,C,23,MIA,2,0,6.5,0.5,1.0,.500,0.0,0.0,,0.5,1.0,.500,.500,0.0,0.0,,1.0,0.5,1.5,0.0,0.0,0.0,0.5,0.5,1.0,2020
16642,5,Nickeil Alexander-Walker,SG,21,NOP,47,1,12.6,2.1,5.7,.368,1.0,2.8,.346,1.1,2.8,.391,.455,0.5,0.8,.676,0.2,1.6,1.8,1.9,0.4,0.2,1.1,1.2,5.7,2020
16643,6,Grayson Allen,SG,24,MEM,38,0,18.9,3.1,6.6,.466,1.5,3.7,.404,1.6,2.9,.545,.580,1.0,1.2,.867,0.2,2.0,2.2,1.4,0.3,0.1,0.9,1.4,8.7,2020
16644,7,Jarrett Allen,C,21,BRK,70,64,26.5,4.3,6.6,.649,0.0,0.1,.000,4.3,6.6,.658,.649,2.4,3.9,.633,3.1,6.5,9.6,1.6,0.6,1.3,1.1,2.3,11.1,2020
16645,8,Kadeem Allen,PG,27,NYK,10,0,11.7,1.9,4.4,.432,0.5,1.6,.313,1.4,2.8,.500,.489,0.7,1.1,.636,0.2,0.7,0.9,2.1,0.5,0.2,0.8,0.7,5.0,2020
16646,9,Al-Farouq Aminu,PF,29,ORL,18,2,21.1,1.4,4.8,.291,0.5,2.0,.250,0.9,2.8,.320,.343,1.1,1.6,.655,1.3,3.5,4.8,1.2,1.0,0.4,0.9,1.5,4.3,2020
16647,10,Justin Anderson,SG,26,BRK,10,1,10.7,1.0,3.8,.263,0.6,2.9,.207,0.4,0.9,.444,.342,0.2,0.4,.500,0.1,2.0,2.1,0.8,0.0,0.6,0.4,1.3,2.8,2020
16648,11,Kyle Anderson,SF,26,MEM,67,28,19.9,2.3,4.9,.474,0.4,1.3,.282,2.0,3.7,.541,.511,0.8,1.2,.667,0.9,3.4,4.3,2.4,0.8,0.6,1.0,1.7,5.8,2020
16649,12,Ryan Anderson,C,31,HOU,2,0,7.0,1.0,3.5,.286,0.5,2.5,.200,0.5,1.0,.500,.357,0.0,0.0,,0.0,3.5,3.5,1.0,0.5,0.0,0.5,0.5,2.5,2020
16650,13,Giannis Antetokounmpo,PF,25,MIL,63,63,30.4,10.9,19.7,.553,1.4,4.7,.304,9.5,15.0,.631,.589,6.3,10.0,.633,2.2,11.4,13.6,5.6,1.0,1.0,3.7,3.1,29.5,2020
16651,14,Kostas Antetokounmpo,PF,22,LAL,5,0,4.0,0.6,0.6,1.000,0.0,0.0,,0.6,0.6,1.000,1.000,0.2,0.4,.500,0.4,0.2,0.6,0.4,0.0,0.0,0.2,0.4,1.4,2020
16652,15,Thanasis Antetokounmpo,SF,27,MIL,20,2,6.5,1.2,2.4,.500,0.0,0.5,.000,1.2,1.9,.632,.500,0.4,0.9,.412,0.6,0.6,1.2,0.8,0.4,0.1,0.6,0.9,2.8,2020
16653,16,Carmelo Anthony,PF,35,POR,58,58,32.8,5.8,13.5,.430,1.5,3.9,.385,4.3,9.6,.448,.485,2.3,2.8,.845,1.2,5.1,6.3,1.5,0.8,0.5,1.7,2.9,15.4,2020
16654,17,OG Anunoby,SF,22,TOR,69,68,29.9,4.1,8.2,.505,1.3,3.3,.390,2.9,4.9,.583,.584,1.0,1.5,.706,1.2,4.1,5.3,1.6,1.4,0.7,1.1,2.4,10.6,2020
16655,18,Ryan Arcidiacono,PG,25,CHI,58,4,16.0,1.6,3.8,.409,0.9,2.4,.391,0.6,1.4,.439,.532,0.5,0.7,.711,0.3,1.6,1.9,1.7,0.5,0.1,0.6,1.7,4.5,2020
16656,19,Trevor Ariza,SF,34,TOT,53,21,28.2,2.7,6.1,.438,1.5,3.9,.372,1.2,2.2,.556,.557,1.2,1.4,.838,0.6,4.0,4.6,1.7,1.3,0.3,1.1,2.1,8.0,2020
16657,19,Trevor Ariza,SF,34,SAC,32,0,24.7,2.0,5.2,.388,1.3,3.8,.352,0.7,1.3,.488,.518,0.7,0.8,.778,0.7,3.9,4.6,1.6,1.1,0.2,0.9,2.0,6.0,2020
16658,19,Trevor Ariza,SF,34,POR,21,21,33.4,3.7,7.6,.491,1.6,4.0,.400,2.1,3.5,.595,.597,2.0,2.2,.872,0.6,4.1,4.8,2.0,1.6,0.4,1.3,2.3,11.0,2020
16659,20,D.J. Augustin,PG,32,ORL,57,13,24.9,3.2,8.1,.399,1.2,3.5,.348,2.0,4.6,.438,.475,2.8,3.2,.890,0.4,1.8,2.1,4.6,0.6,0.0,1.5,1.3,10.5,2020
16660,21,Deandre Ayton,C,21,PHO,38,32,32.5,8.2,14.9,.546,0.1,0.3,.231,8.1,14.6,.553,.548,1.8,2.3,.753,3.9,7.6,11.5,1.9,0.7,1.5,2.1,3.1,18.2,2020
16661,22,Dwayne Bacon,SG,24,CHO,39,11,17.6,2.2,6.3,.348,0.5,1.7,.284,1.7,4.5,.373,.387,0.9,1.4,.660,0.4,2.2,2.6,1.3,0.6,0.1,0.9,1.3,5.7,2020
16662,23,Marvin Bagley III,C,20,SAC,13,6,25.7,6.0,12.8,.467,0.3,1.7,.182,5.7,11.2,.510,.479,1.9,2.4,.806,2.2,5.2,7.5,0.8,0.5,0.9,1.4,3.3,14.2,2020
16663,24,Lonzo Ball,PG,22,NOP,63,54,32.1,4.4,10.9,.403,2.3,6.3,.375,2.0,4.6,.442,.511,0.7,1.2,.566,1.1,5.0,6.1,7.0,1.4,0.6,3.1,2.0,11.8,2020
16664,25,Mo Bamba,C,21,ORL,62,0,14.2,2.1,4.6,.462,0.6,1.7,.346,1.5,2.9,.531,.526,0.5,0.7,.674,1.6,3.3,4.9,0.7,0.4,1.4,0.7,1.9,5.4,2020
16665,26,J.J. Barea,PG,35,DAL,29,6,15.5,2.9,7.1,.411,1.1,2.9,.376,1.8,4.2,.434,.488,0.7,0.8,.909,0.3,1.5,1.8,3.9,0.2,0.1,1.3,0.9,7.7,2020
16666,27,Harrison Barnes,PF,27,SAC,72,72,34.5,5.1,11.0,.460,1.4,3.7,.381,3.7,7.3,.501,.525,3.0,3.7,.801,1.1,3.9,4.9,2.2,0.6,0.2,1.2,1.3,14.5,2020
16667,28,RJ Barrett,SG,19,NYK,56,55,30.4,5.2,13.0,.402,1.1,3.5,.320,4.1,9.5,.432,.445,2.8,4.5,.614,0.9,4.1,5.0,2.6,1.0,0.3,2.2,2.2,14.3,2020
16668,29,Will Barton,SF,29,DEN,58,58,33.0,5.7,12.7,.450,1.9,5.0,.375,3.9,7.8,.498,.523,1.8,2.3,.767,1.3,5.0,6.3,3.7,1.1,0.5,1.5,2.1,15.1,2020
16669,30,Keita Bates-Diop,PF-SF,24,TOT,44,0,16.9,2.3,5.3,.427,0.8,2.3,.330,1.5,3.0,.504,.500,1.2,1.7,.720,0.6,2.3,2.9,0.7,0.4,0.5,0.4,1.0,6.5,2020
16670,30,Keita Bates-Diop,PF,24,MIN,37,0,17.5,2.4,5.6,.422,0.8,2.5,.330,1.5,3.0,.500,.498,1.2,1.8,.708,0.6,2.4,3.0,0.8,0.5,0.5,0.4,1.0,6.8,2020
16671,30,Keita Bates-Diop,SF,24,DEN,7,0,14.0,1.9,4.0,.464,0.4,1.3,.333,1.4,2.7,.526,.518,1.1,1.4,.800,0.6,1.9,2.4,0.0,0.3,0.6,0.4,1.0,5.3,2020
16672,31,Nicolas Batum,SF,31,CHO,22,3,23.0,1.3,3.7,.346,0.6,2.2,.286,0.6,1.5,.438,.432,0.4,0.5,.900,1.1,3.4,4.5,3.0,0.8,0.4,1.0,1.9,3.6,2020
16673,32,Aron Baynes,C,33,PHO,42,28,22.2,4.4,9.1,.480,1.4,4.0,.351,3.0,5.1,.582,.558,1.3,1.8,.747,1.7,4.0,5.6,1.6,0.2,0.5,1.2,3.4,11.5,2020
16674,33,Kent Bazemore,SF,30,TOT,68,21,24.8,2.9,7.9,.375,1.2,3.6,.344,1.7,4.3,.400,.453,1.7,2.2,.769,0.4,3.9,4.3,1.4,1.1,0.6,1.3,2.9,8.8,2020
16675,33,Kent Bazemore,SF,30,POR,43,21,25.8,2.6,7.6,.347,1.3,4.0,.327,1.3,3.6,.368,.433,1.3,1.7,.806,0.3,3.7,4.0,1.4,1.0,0.7,1.4,2.8,7.9,2020
16676,33,Kent Bazemore,SF,30,SAC,25,0,23.1,3.5,8.3,.418,1.1,2.9,.384,2.4,5.4,.437,.486,2.2,3.0,.733,0.6,4.3,4.9,1.3,1.2,0.4,1.2,3.0,10.3,2020
16677,34,Darius Bazley,PF,19,OKC,61,9,18.5,2.0,5.2,.394,0.8,2.3,.348,1.2,2.9,.432,.472,0.7,1.0,.694,0.5,3.5,4.0,0.7,0.4,0.7,0.7,0.9,5.6,2020
16678,35,Bradley Beal,SG,26,WAS,57,57,36.0,10.4,22.9,.455,3.0,8.4,.353,7.4,14.4,.515,.520,6.8,8.0,.842,0.9,3.3,4.2,6.1,1.2,0.4,3.4,2.2,30.5,2020
16679,36,Malik Beasley,SG,23,TOT,55,14,22.0,4.1,9.7,.425,1.9,5.0,.388,2.2,4.7,.465,.525,1.0,1.2,.818,0.3,2.4,2.7,1.4,0.7,0.1,1.0,1.4,11.2,2020
16680,36,Malik Beasley,SG,23,DEN,41,0,18.2,2.9,7.3,.389,1.4,3.9,.360,1.4,3.4,.421,.485,0.8,0.9,.868,0.2,1.7,1.9,1.2,0.8,0.1,0.9,1.2,7.9,2020
16681,36,Malik Beasley,SG,23,MIN,14,14,33.1,7.9,16.6,.472,3.5,8.2,.426,4.4,8.4,.517,.577,1.5,2.0,.750,0.6,4.4,5.1,1.9,0.6,0.1,1.5,1.9,20.7,2020
16682,37,Marco Belinelli,SG,33,SAS,57,0,15.5,2.2,5.5,.392,1.2,3.1,.376,1.0,2.4,.412,.498,0.8,1.0,.828,0.1,1.6,1.7,1.2,0.2,0.0,0.3,0.8,6.3,2020
16683,38,Jordan Bell,C,25,TOT,29,0,8.8,1.2,2.3,.522,0.1,0.4,.333,1.1,1.9,.564,.552,0.7,1.1,.613,1.0,1.8,2.8,0.6,0.1,0.3,0.7,0.7,3.2,2020
16684,38,Jordan Bell,C,25,MIN,27,0,8.7,1.2,2.2,.533,0.1,0.3,.222,1.1,1.9,.588,.550,0.6,1.1,.586,1.0,1.9,2.9,0.5,0.1,0.4,0.7,0.6,3.1,2020
16685,38,Jordan Bell,C,25,MEM,2,0,10.5,1.5,3.5,.429,1.0,1.5,.667,0.5,2.0,.250,.571,1.0,1.0,1.000,1.0,0.5,1.5,1.0,0.5,0.0,1.5,1.0,5.0,2020
16686,39,DeAndre' Bembry,SG,25,ATL,43,4,21.3,2.4,5.3,.456,0.3,1.5,.231,2.1,3.8,.546,.489,0.6,1.1,.542,0.8,2.7,3.5,1.9,1.3,0.4,1.4,2.0,5.8,2020
16687,40,Dragan Bender,PF-C,22,TOT,16,3,17.9,2.6,5.8,.446,0.9,2.7,.349,1.6,3.1,.531,.527,0.6,0.9,.714,1.0,3.6,4.6,1.8,0.3,0.6,1.3,2.6,6.7,2020
16688,40,Dragan Bender,C,22,MIL,7,0,13.0,1.4,3.0,.476,0.6,1.3,.444,0.9,1.7,.500,.571,0.3,0.4,.667,0.0,2.9,2.9,1.3,0.0,0.7,0.7,2.3,3.7,2020
16689,40,Dragan Bender,PF,22,GSW,9,3,21.7,3.4,7.9,.437,1.2,3.8,.324,2.2,4.1,.541,.514,0.9,1.2,.727,1.8,4.1,5.9,2.1,0.4,0.4,1.8,2.9,9.0,2020
16690,Rk,Player,Pos,Age,Tm,G,GS,MP,FG,FGA,FG%,3P,3PA,3P%,2P,2PA,2P%,eFG%,FT,FTA,FT%,ORB,DRB,TRB,AST,STL,BLK,TOV,PF,PTS,2020
16691,41,Dāvis Bertāns,PF,27,WAS,54,4,29.3,4.9,11.3,.434,3.7,8.7,.424,1.2,2.6,.471,.598,1.9,2.3,.852,0.6,3.9,4.5,1.7,0.7,0.6,1.1,2.6,15.4,2020
16692,42,Patrick Beverley,PG,31,LAC,51,50,26.3,2.9,6.7,.431,1.6,4.0,.388,1.3,2.6,.496,.548,0.6,0.9,.660,1.1,4.1,5.2,3.6,1.1,0.5,1.3,3.1,7.9,2020
16693,43,Khem Birch,C,27,ORL,48,24,19.2,1.5,3.0,.510,0.0,0.0,.000,1.5,3.0,.514,.510,1.4,2.1,.653,1.9,2.7,4.6,1.0,0.4,0.5,0.6,1.9,4.4,2020
16694,44,Goga Bitadze,C,20,IND,54,2,8.7,1.3,2.8,.467,0.1,0.8,.190,1.1,2.0,.574,.493,0.4,0.6,.727,0.5,1.5,2.0,0.4,0.2,0.7,0.5,1.2,3.2,2020
16695,45,Bismack Biyombo,C,27,CHO,53,29,19.4,2.8,5.2,.543,0.0,0.0,,2.8,5.2,.543,.543,1.7,2.8,.603,2.3,3.5,5.8,0.9,0.2,0.9,0.9,2.2,7.4,2020
16696,46,Nemanja Bjelica,PF,31,SAC,72,67,27.9,4.4,9.1,.481,1.9,4.4,.419,2.5,4.6,.541,.583,1.0,1.2,.821,1.5,4.8,6.4,2.8,0.9,0.6,1.4,3.0,11.5,2020
16697,47,Eric Bledsoe,PG,30,MIL,61,61,27.0,5.5,11.5,.475,1.2,3.5,.344,4.3,8.0,.533,.528,2.8,3.5,.790,0.7,3.9,4.6,5.4,0.9,0.4,2.4,2.1,14.9,2020
16698,48,Bogdan Bogdanović,SG,27,SAC,61,28,29.0,5.5,12.6,.440,2.7,7.2,.372,2.8,5.3,.532,.547,1.4,1.9,.741,0.4,3.0,3.4,3.4,1.0,0.2,1.7,2.2,15.1,2020
16699,49,Bojan Bogdanović,SF,30,UTA,63,63,33.1,6.6,14.8,.447,3.0,7.3,.414,3.6,7.6,.479,.548,4.0,4.4,.903,0.6,3.5,4.1,2.1,0.5,0.1,2.5,1.7,20.2,2020
16700,50,Bol Bol,PF,20,DEN,7,0,12.4,2.0,4.0,.500,0.6,1.3,.444,1.4,2.7,.526,.571,1.1,1.4,.800,0.7,2.0,2.7,0.9,0.3,0.9,1.4,1.6,5.7,2020
16701,51,Jonah Bolden,C,24,TOT,7,0,6.7,0.6,1.6,.364,0.0,0.6,.000,0.6,1.0,.571,.364,0.3,0.6,.500,0.4,0.9,1.3,0.0,0.4,0.3,0.3,1.4,1.4,2020
16702,51,Jonah Bolden,C,24,PHI,4,0,3.5,0.5,0.8,.667,0.0,0.3,.000,0.5,0.5,1.000,.667,0.0,0.5,.000,0.0,0.3,0.3,0.0,0.3,0.0,0.5,1.0,1.0,2020
16703,51,Jonah Bolden,C,24,PHO,3,0,11.0,0.7,2.7,.250,0.0,1.0,.000,0.7,1.7,.400,.250,0.7,0.7,1.000,1.0,1.7,2.7,0.0,0.7,0.7,0.0,2.0,2.0,2020
16704,52,Marques Bolden,C,21,CLE,1,0,3.0,0.0,0.0,,0.0,0.0,,0.0,0.0,,,0.0,0.0,,0.0,2.0,2.0,0.0,1.0,0.0,0.0,1.0,0.0,2020
16705,53,Jordan Bone,PG,22,DET,10,0,5.3,0.5,2.0,.250,0.2,1.0,.200,0.3,1.0,.300,.300,0.0,0.0,,0.0,0.4,0.4,0.8,0.1,0.0,0.2,0.6,1.2,2020
16706,54,Isaac Bonga,SF,20,WAS,66,49,18.9,1.8,3.5,.504,0.4,1.1,.352,1.4,2.5,.571,.558,1.0,1.3,.812,1.1,2.3,3.4,1.2,0.7,0.3,0.9,2.4,5.0,2020
16707,55,Devin Booker,SG,23,PHO,70,70,35.9,9.0,18.3,.489,2.0,5.7,.354,6.9,12.6,.549,.544,6.7,7.3,.919,0.4,3.8,4.2,6.5,0.7,0.3,3.8,3.0,26.6,2020
16708,56,Chris Boucher,C,27,TOR,62,0,13.2,2.3,4.8,.472,0.6,1.9,.322,1.7,2.9,.569,.535,1.5,1.9,.784,1.7,2.7,4.5,0.4,0.4,1.0,0.5,1.8,6.6,2020
16709,57,Brian Bowen,SF,21,IND,6,1,5.2,0.5,1.7,.300,0.0,0.3,.000,0.5,1.3,.375,.300,0.0,0.0,,0.2,1.0,1.2,0.0,0.0,0.2,0.2,0.5,1.0,2020
16710,58,Ky Bowman,PG,22,GSW,45,12,22.6,3.0,7.1,.417,0.7,2.4,.308,2.2,4.8,.472,.469,0.8,0.9,.829,0.5,2.2,2.7,2.9,1.0,0.2,1.6,2.3,7.4,2020
16711,59,Avery Bradley,SG,29,LAL,49,44,24.2,3.5,7.8,.444,1.3,3.5,.364,2.2,4.3,.510,.526,0.4,0.5,.833,0.4,2.0,2.3,1.3,0.9,0.1,1.0,2.2,8.6,2020
16712,60,Tony Bradley,C,22,UTA,58,3,11.4,2.2,3.3,.667,0.1,0.1,1.000,2.1,3.2,.661,.675,0.5,0.8,.652,1.9,2.7,4.6,0.4,0.2,0.6,0.5,2.0,4.9,2020
16713,Rk,Player,Pos,Age,Tm,G,GS,MP,FG,FGA,FG%,3P,3PA,3P%,2P,2PA,2P%,eFG%,FT,FTA,FT%,ORB,DRB,TRB,AST,STL,BLK,TOV,PF,PTS,2020
16714,61,Jarrell Brantley,PF,23,UTA,9,0,10.7,1.1,3.1,.357,0.3,1.4,.231,0.8,1.7,.467,.411,0.1,0.2,.500,0.2,2.0,2.2,1.2,0.3,0.6,0.8,0.8,2.7,2020
16715,62,Ignas Brazdeikis,SF,21,NYK,9,0,5.9,0.7,2.4,.273,0.1,1.0,.111,0.6,1.4,.385,.295,0.4,0.6,.800,0.2,0.3,0.6,0.4,0.0,0.1,0.2,0.3,1.9,2020
16716,63,Corey Brewer,PF,33,SAC,5,0,6.6,0.4,0.8,.500,0.0,0.2,.000,0.4,0.6,.667,.500,0.2,0.6,.333,0.4,1.2,1.6,0.4,0.8,0.0,0.4,1.4,1.0,2020
16717,64,Mikal Bridges,SF,23,PHO,73,32,28.0,3.4,6.6,.510,1.0,2.7,.361,2.4,4.0,.610,.583,1.4,1.7,.844,0.9,3.1,4.0,1.8,1.4,0.6,1.0,2.2,9.1,2020
16718,65,Miles Bridges,SF,21,CHO,65,64,30.7,4.9,11.6,.424,1.5,4.6,.330,3.4,7.0,.486,.489,1.6,2.0,.809,1.4,4.2,5.6,1.8,0.6,0.7,1.5,2.0,13.0,2020
16719,66,Oshae Brissett,SF,21,TOR,19,0,7.1,0.7,1.9,.361,0.2,0.8,.200,0.5,1.1,.476,.403,0.4,0.5,.800,0.5,0.9,1.4,0.4,0.2,0.1,0.4,0.9,1.9,2020
16720,67,Ryan Broekhoff,SF,29,DAL,17,1,10.6,1.3,3.5,.373,1.2,3.0,.392,0.1,0.5,.250,.542,0.4,0.5,.875,0.3,2.2,2.5,0.6,0.3,0.2,0.4,0.9,4.2,2020
16721,68,Malcolm Brogdon,PG,27,IND,54,54,30.9,6.0,13.8,.438,1.4,4.3,.326,4.6,9.5,.488,.489,3.1,3.4,.892,0.9,4.0,4.9,7.1,0.6,0.2,2.4,1.8,16.5,2020
16722,69,Dillon Brooks,SG,24,MEM,73,73,28.9,6.0,14.6,.407,2.0,5.6,.358,3.9,9.0,.438,.476,2.2,2.8,.808,0.9,2.4,3.3,2.1,0.9,0.4,1.7,3.8,16.2,2020
16723,70,Bruce Brown,PG,23,DET,58,43,28.2,3.4,7.7,.443,0.6,1.7,.344,2.8,6.1,.470,.480,1.5,2.1,.739,1.1,3.7,4.7,4.0,1.1,0.5,1.7,2.8,8.9,2020
16724,71,Charlie Brown Jr.,SG,22,ATL,10,0,4.0,0.6,1.9,.316,0.3,0.9,.333,0.3,1.0,.300,.395,0.5,0.5,1.000,0.2,0.2,0.4,0.2,0.2,0.2,0.3,0.3,2.0,2020
16725,72,Jaylen Brown,SG,23,BOS,57,57,33.9,7.5,15.6,.481,2.3,5.9,.382,5.2,9.6,.543,.554,3.1,4.3,.724,1.1,5.3,6.4,2.1,1.1,0.4,2.2,2.9,20.3,2020
16726,73,Moses Brown,C,20,POR,9,0,3.7,0.4,1.1,.400,0.0,0.0,,0.4,1.1,.400,.400,0.3,0.9,.375,0.3,1.2,1.6,0.1,0.1,0.1,0.3,0.8,1.2,2020
16727,74,Sterling Brown,SF,24,MIL,52,1,14.8,1.8,4.9,.371,0.8,2.6,.324,1.0,2.3,.425,.457,0.6,0.8,.800,0.6,2.9,3.5,1.0,0.6,0.1,0.8,1.0,5.1,2020
16728,75,Troy Brown Jr.,SF,20,WAS,69,22,25.8,4.0,9.0,.439,0.9,2.6,.341,3.1,6.4,.479,.488,1.6,2.0,.784,1.1,4.4,5.6,2.6,1.2,0.1,1.1,1.9,10.4,2020
16729,76,Jalen Brunson,PG,23,DAL,57,16,17.9,3.2,6.8,.466,0.8,2.1,.358,2.4,4.7,.515,.522,1.1,1.3,.813,0.4,2.0,2.4,3.3,0.4,0.1,1.2,1.3,8.2,2020
16730,77,Thomas Bryant,C,22,WAS,46,36,24.9,5.3,9.1,.581,0.8,2.0,.407,4.5,7.1,.630,.626,1.9,2.5,.741,2.1,5.1,7.2,1.8,0.5,1.1,1.2,2.2,13.2,2020
16731,78,Reggie Bullock,SG,28,NYK,29,19,23.6,3.1,7.7,.402,1.3,3.8,.333,1.8,3.9,.469,.484,0.6,0.7,.810,0.4,1.9,2.3,1.4,0.9,0.1,0.7,1.9,8.1,2020
16732,79,Trey Burke,PG,27,TOT,33,1,15.8,2.8,6.3,.450,1.0,2.3,.427,1.9,4.1,.463,.526,0.7,0.9,.793,0.5,1.0,1.5,2.5,0.5,0.1,0.6,1.0,7.4,2020
16733,79,Trey Burke,PG,27,PHI,25,0,13.2,2.4,5.1,.465,0.6,1.5,.421,1.7,3.6,.483,.528,0.5,0.7,.722,0.6,0.8,1.4,2.1,0.3,0.0,0.5,0.8,5.9,2020
16734,79,Trey Burke,PG,27,DAL,8,1,23.9,4.4,10.3,.427,2.0,4.6,.432,2.4,5.6,.422,.524,1.3,1.4,.909,0.1,1.8,1.9,3.8,1.1,0.1,1.1,1.5,12.0,2020
16735,80,Alec Burks,SF-SG,28,TOT,66,19,26.6,4.9,11.6,.418,1.8,4.6,.385,3.1,7.1,.439,.493,3.6,4.0,.887,0.7,3.5,4.3,2.9,0.9,0.3,1.4,1.9,15.0,2020
16736,80,Alec Burks,SF,28,GSW,48,18,29.0,5.1,12.5,.406,1.8,4.7,.375,3.3,7.9,.424,.476,4.2,4.7,.897,0.8,3.9,4.7,3.1,1.0,0.4,1.6,2.2,16.1,2020
16737,80,Alec Burks,SG,28,PHI,18,1,20.2,4.3,9.3,.461,1.8,4.3,.416,2.5,5.0,.500,.557,1.9,2.3,.829,0.6,2.5,3.1,2.1,0.7,0.0,0.8,1.2,12.2,2020
16738,Rk,Player,Pos,Age,Tm,G,GS,MP,FG,FGA,FG%,3P,3PA,3P%,2P,2PA,2P%,eFG%,FT,FTA,FT%,ORB,DRB,TRB,AST,STL,BLK,TOV,PF,PTS,2020
16739,81,Deonte Burton,SF,26,OKC,39,0,9.1,1.1,3.2,.344,0.3,1.4,.189,0.8,1.8,.458,.384,0.2,0.4,.571,0.2,1.3,1.5,0.4,0.2,0.3,0.5,0.9,2.7,2020
16740,82,Jimmy Butler,SF,30,MIA,58,58,33.8,5.9,13.1,.455,0.5,2.1,.244,5.4,11.0,.495,.474,7.6,9.1,.834,1.8,4.8,6.7,6.0,1.8,0.6,2.2,1.4,19.9,2020
16741,83,Bruno Caboclo,C,24,TOT,30,0,8.1,1.3,3.0,.427,0.2,1.1,.182,1.1,1.9,.571,.461,0.3,0.3,.889,0.8,1.2,2.0,0.4,0.5,0.6,0.4,1.0,3.0,2020
16742,83,Bruno Caboclo,C,24,MEM,22,0,8.7,1.3,3.1,.406,0.2,1.1,.160,1.1,2.0,.545,.435,0.1,0.1,.667,0.8,1.2,2.0,0.5,0.5,0.5,0.3,1.0,2.8,2020
16743,83,Bruno Caboclo,C,24,HOU,8,0,6.5,1.3,2.5,.500,0.3,1.0,.250,1.0,1.5,.667,.550,0.8,0.8,1.000,0.8,1.3,2.0,0.3,0.6,0.6,0.8,1.0,3.5,2020
16744,84,Devontae Cacok,C,23,LAL,1,0,9.0,3.0,6.0,.500,0.0,0.0,,3.0,6.0,.500,.500,0.0,0.0,,2.0,3.0,5.0,1.0,0.0,0.0,0.0,0.0,6.0,2020
16745,85,Kentavious Caldwell-Pope,SG,26,LAL,69,26,25.5,3.4,7.3,.467,1.3,3.5,.385,2.1,3.9,.541,.558,1.1,1.5,.775,0.6,1.5,2.1,1.6,0.8,0.2,0.9,1.9,9.3,2020
16746,86,Vlatko Čančar,PF,22,DEN,14,0,3.2,0.4,1.1,.400,0.1,0.4,.167,0.4,0.6,.556,.433,0.3,0.3,1.000,0.4,0.4,0.7,0.2,0.1,0.1,0.2,0.5,1.2,2020
16747,87,Clint Capela,C,25,HOU,39,39,32.8,6.3,9.9,.629,0.0,0.0,,6.3,9.9,.629,.629,1.4,2.7,.529,4.3,9.5,13.8,1.2,0.8,1.8,1.6,2.6,13.9,2020
16748,88,DeMarre Carroll,SF-C,33,TOT,24,0,12.1,1.0,2.8,.379,0.3,1.4,.242,0.7,1.4,.515,.439,1.2,1.8,.690,0.5,1.8,2.3,1.0,0.3,0.2,0.7,1.3,3.6,2020
16749,88,DeMarre Carroll,SF,33,SAS,15,0,9.0,0.6,1.9,.310,0.2,0.9,.231,0.4,1.1,.375,.362,0.8,1.3,.600,0.5,1.6,2.1,0.7,0.1,0.1,0.7,1.3,2.2,2020
16750,88,DeMarre Carroll,C,33,HOU,9,0,17.2,1.8,4.1,.432,0.6,2.2,.250,1.2,1.9,.647,.500,1.9,2.4,.773,0.6,2.1,2.7,1.6,0.7,0.3,0.8,1.3,6.0,2020
16751,89,Jevon Carter,PG,24,PHO,58,2,16.3,1.7,4.2,.416,1.1,2.5,.425,0.7,1.7,.402,.543,0.4,0.5,.852,0.5,1.5,2.0,1.4,0.8,0.3,0.6,1.5,4.9,2020
16752,90,Vince Carter,PF,43,ATL,60,0,14.6,1.8,5.1,.352,1.0,3.4,.302,0.8,1.7,.451,.452,0.4,0.5,.793,0.3,1.8,2.1,0.8,0.4,0.4,0.6,1.5,5.0,2020
16753,91,Wendell Carter Jr.,C,20,CHI,43,43,29.2,4.3,8.0,.534,0.1,0.7,.207,4.1,7.3,.564,.542,2.6,3.5,.737,3.2,6.2,9.4,1.2,0.8,0.8,1.7,3.8,11.3,2020
16754,92,Michael Carter-Williams,SG,28,ORL,45,0,18.5,2.5,5.8,.427,0.5,1.7,.293,2.0,4.1,.481,.469,1.8,2.1,.832,1.0,2.2,3.3,2.4,1.1,0.5,1.2,1.9,7.2,2020
16755,93,Alex Caruso,PG,25,LAL,64,2,18.4,1.9,4.5,.412,0.6,1.9,.333,1.3,2.7,.468,.481,1.1,1.5,.734,0.3,1.7,1.9,1.9,1.1,0.3,0.8,1.5,5.5,2020
16756,94,Willie Cauley-Stein,C,26,TOT,54,39,20.3,3.2,5.6,.579,0.0,0.0,.000,3.2,5.6,.581,.579,0.7,1.2,.606,1.6,4.3,5.8,1.3,0.9,1.1,0.7,2.2,7.2,2020
16757,94,Willie Cauley-Stein,C,26,GSW,41,37,22.9,3.5,6.3,.560,0.0,0.0,,3.5,6.3,.560,.560,0.9,1.4,.614,1.7,4.5,6.2,1.5,1.1,1.2,0.9,2.5,7.9,2020
16758,94,Willie Cauley-Stein,C,26,DAL,13,2,12.1,2.4,3.5,.689,0.0,0.1,.000,2.4,3.4,.705,.689,0.4,0.7,.556,1.0,3.6,4.6,0.8,0.3,0.8,0.4,1.5,5.2,2020
16759,95,Tyson Chandler,C,37,HOU,26,5,8.4,0.5,0.7,.778,0.0,0.0,,0.5,0.7,.778,.778,0.2,0.5,.462,1.0,1.6,2.5,0.2,0.2,0.3,0.3,1.2,1.3,2020
16760,96,Wilson Chandler,PF,32,BRK,35,3,21.0,2.1,5.2,.404,1.1,3.5,.306,1.1,1.8,.597,.505,0.6,0.7,.870,0.3,3.8,4.1,1.1,0.5,0.3,1.0,2.3,5.9,2020
16761,97,Joe Chealey,PG,24,CHO,4,0,8.3,0.0,1.8,.000,0.0,1.0,.000,0.0,0.8,.000,.000,0.5,0.5,1.000,0.0,0.0,0.0,0.3,1.0,0.0,0.5,0.5,0.5,2020
16762,98,Zylan Cheatham,PF,24,NOP,4,0,12.8,1.5,2.3,.667,0.0,0.3,.000,1.5,2.0,.750,.667,0.0,0.0,,0.8,1.5,2.3,0.8,0.3,0.3,1.0,2.5,3.0,2020
16763,99,Chris Chiozza,PG,24,TOT,28,2,14.3,2.0,5.0,.393,1.0,2.6,.375,1.0,2.4,.412,.489,0.2,0.2,1.000,0.3,1.6,1.9,3.0,0.8,0.1,1.1,1.3,5.1,2020
16764,99,Chris Chiozza,PG,24,WAS,10,0,12.3,1.0,3.4,.294,0.7,1.6,.438,0.3,1.8,.167,.397,0.0,0.0,,0.0,1.5,1.5,2.8,1.0,0.2,0.9,1.2,2.7,2020
16765,99,Chris Chiozza,PG,24,BRK,18,2,15.4,2.5,5.9,.425,1.1,3.1,.357,1.4,2.8,.500,.519,0.3,0.3,1.000,0.5,1.6,2.1,3.1,0.6,0.1,1.3,1.4,6.4,2020
16766,100,Marquese Chriss,PF,22,GSW,59,21,20.3,3.6,6.5,.545,0.1,0.7,.205,3.4,5.9,.584,.556,2.0,2.6,.769,1.9,4.3,6.2,1.9,0.7,1.1,1.3,2.1,9.3,2020
16767,Rk,Player,Pos,Age,Tm,G,GS,MP,FG,FGA,FG%,3P,3PA,3P%,2P,2PA,2P%,eFG%,FT,FTA,FT%,ORB,DRB,TRB,AST,STL,BLK,TOV,PF,PTS,2020
16768,101,Gary Clark,SF-PF,25,TOT,42,5,13.5,1.3,3.2,.406,0.9,2.6,.351,0.4,0.5,.682,.553,0.2,0.2,.900,0.9,1.7,2.6,0.4,0.1,0.5,0.2,1.1,3.7,2020
16769,101,Gary Clark,PF,25,HOU,18,0,11.8,1.3,3.3,.390,1.0,2.8,.353,0.3,0.4,.625,.542,0.3,0.4,.857,0.6,1.6,2.2,0.7,0.1,0.4,0.1,1.2,3.9,2020
16770,101,Gary Clark,SF,25,ORL,24,5,14.8,1.3,3.1,.419,0.9,2.5,.350,0.4,0.6,.714,.561,0.1,0.1,1.000,1.1,1.8,2.9,0.2,0.2,0.6,0.3,1.0,3.6,2020
16771,102,Brandon Clarke,PF,23,MEM,58,4,22.4,5.1,8.3,.618,0.4,1.1,.359,4.7,7.2,.658,.642,1.5,1.9,.759,1.6,4.4,5.9,1.4,0.6,0.8,0.9,1.7,12.1,2020
16772,103,Jordan Clarkson,SG,27,TOT,71,2,24.0,5.5,12.2,.454,2.1,5.8,.368,3.4,6.4,.533,.542,1.9,2.3,.836,0.7,1.9,2.6,1.9,0.6,0.2,1.4,1.5,15.2,2020
16773,103,Jordan Clarkson,SG,27,CLE,29,0,23.0,5.0,11.2,.442,2.0,5.5,.371,2.9,5.8,.509,.532,2.6,3.0,.884,0.7,1.7,2.4,2.4,0.6,0.3,1.3,1.1,14.6,2020
16774,103,Jordan Clarkson,SG,27,UTA,42,2,24.7,6.0,12.9,.462,2.2,6.0,.366,3.7,6.8,.547,.548,1.5,1.9,.785,0.7,2.1,2.8,1.6,0.7,0.2,1.4,1.8,15.6,2020
16775,104,Nic Claxton,C,20,BRK,15,0,12.5,1.8,3.2,.563,0.1,0.5,.143,1.7,2.7,.634,.573,0.7,1.4,.524,1.3,1.7,2.9,1.1,0.1,0.5,0.6,0.9,4.4,2020
16776,105,Chris Clemons,SG,22,HOU,33,0,8.8,1.7,4.3,.401,1.1,3.2,.346,0.6,1.1,.571,.532,0.3,0.3,.909,0.1,0.8,0.9,0.8,0.3,0.2,0.6,0.8,4.9,2020
16777,106,Antonius Cleveland,SG,25,DAL,11,0,4.2,0.4,1.3,.286,0.0,0.3,.000,0.4,1.0,.364,.286,0.3,0.5,.600,0.2,0.5,0.6,0.1,0.1,0.3,0.2,0.7,1.0,2020
16778,107,Amir Coffey,SG,22,LAC,18,1,8.8,1.3,3.0,.426,0.3,1.1,.316,0.9,1.9,.486,.481,0.3,0.6,.545,0.2,0.7,0.9,0.8,0.3,0.1,0.4,1.1,3.2,2020
16779,108,John Collins,PF,22,ATL,41,41,33.2,8.6,14.8,.583,1.4,3.6,.401,7.2,11.2,.642,.632,2.9,3.7,.800,2.8,7.3,10.1,1.5,0.8,1.6,1.8,3.4,21.6,2020
16780,109,Zach Collins,PF,22,POR,11,11,26.4,2.9,6.2,.471,0.6,1.7,.368,2.3,4.5,.510,.522,0.5,0.7,.750,2.3,4.0,6.3,1.5,0.5,0.5,1.3,3.3,7.0,2020
16781,110,Mike Conley,PG,32,UTA,47,41,29.0,4.9,12.1,.409,2.0,5.4,.375,2.9,6.6,.437,.494,2.4,3.0,.827,0.7,2.5,3.2,4.4,0.8,0.1,2.0,2.2,14.4,2020
16782,111,Pat Connaughton,SG,27,MIL,67,4,18.6,2.0,4.5,.455,0.8,2.5,.331,1.2,2.0,.607,.547,0.5,0.6,.775,0.9,3.3,4.2,1.6,0.4,0.5,0.8,1.0,5.4,2020
16783,112,Quinn Cook,PG,26,LAL,44,1,11.5,2.1,4.9,.425,0.7,1.9,.365,1.4,2.9,.465,.498,0.3,0.3,.786,0.3,0.9,1.2,1.1,0.3,0.0,0.8,0.6,5.1,2020
16784,113,Tyler Cook,PF-SF,22,TOT,13,0,4.2,0.6,0.9,.667,0.0,0.0,,0.6,0.9,.667,.667,0.5,0.6,.875,0.5,0.6,1.1,0.1,0.2,0.0,0.2,0.4,1.8,2020
16785,113,Tyler Cook,PF,22,CLE,11,0,3.2,0.6,0.9,.700,0.0,0.0,,0.6,0.9,.700,.700,0.5,0.5,.833,0.4,0.5,0.9,0.1,0.1,0.0,0.1,0.4,1.7,2020
16786,113,Tyler Cook,SF,22,DEN,2,0,9.5,0.5,1.0,.500,0.0,0.0,,0.5,1.0,.500,.500,1.0,1.0,1.000,1.0,1.0,2.0,0.0,1.0,0.0,1.0,0.5,2.0,2020
16787,114,Robert Covington,PF-C,29,TOT,70,68,30.5,4.4,10.3,.422,2.3,6.9,.335,2.1,3.5,.593,.533,1.4,1.8,.798,0.9,5.7,6.6,1.3,1.6,1.3,1.5,3.1,12.4,2020
16788,114,Robert Covington,PF,29,MIN,48,47,29.4,4.5,10.3,.435,2.3,6.5,.346,2.3,3.8,.587,.544,1.6,2.0,.798,0.8,5.2,6.0,1.2,1.7,0.9,1.5,3.1,12.8,2020
16789,114,Robert Covington,C,29,HOU,22,21,33.0,4.0,10.3,.392,2.4,7.6,.315,1.6,2.7,.610,.509,1.1,1.4,.800,1.2,6.8,8.0,1.5,1.6,2.2,1.4,3.3,11.6,2020
16790,115,Allen Crabbe,SG-SF,27,TOT,37,1,17.6,1.7,4.8,.356,1.0,3.2,.303,0.7,1.6,.466,.458,0.3,0.4,.714,0.3,1.8,2.1,0.9,0.4,0.1,0.5,1.3,4.6,2020
16791,115,Allen Crabbe,SG,27,ATL,28,1,18.6,1.9,5.1,.364,1.1,3.3,.323,0.8,1.8,.440,.469,0.3,0.4,.750,0.4,2.0,2.3,1.0,0.5,0.1,0.4,1.3,5.1,2020
16792,115,Allen Crabbe,SF,27,MIN,9,0,14.6,1.2,3.8,.324,0.7,2.9,.231,0.6,0.9,.625,.412,0.1,0.2,.500,0.1,1.2,1.3,0.6,0.0,0.0,0.6,1.2,3.2,2020
16793,116,Torrey Craig,SF,29,DEN,58,27,18.5,2.1,4.6,.461,0.8,2.4,.326,1.4,2.3,.603,.545,0.4,0.6,.611,1.1,2.2,3.3,0.8,0.4,0.6,0.4,2.3,5.4,2020
16794,117,Jamal Crawford,SG,39,BRK,1,0,6.0,2.0,4.0,.500,1.0,2.0,.500,1.0,2.0,.500,.625,0.0,0.0,,0.0,0.0,0.0,3.0,0.0,0.0,0.0,1.0,5.0,2020
16795,118,Jae Crowder,SF-PF,29,TOT,65,53,28.8,3.5,8.7,.401,2.1,6.1,.343,1.4,2.6,.538,.521,1.5,1.9,.776,0.8,5.1,5.9,2.5,1.1,0.4,1.1,2.2,10.5,2020
16796,118,Jae Crowder,SF,29,MEM,45,45,29.4,3.3,8.9,.368,1.7,5.9,.293,1.5,3.0,.519,.466,1.7,2.1,.789,0.9,5.3,6.2,2.8,1.0,0.3,1.2,1.9,9.9,2020
16797,118,Jae Crowder,PF,29,MIA,20,8,27.7,4.0,8.2,.482,2.9,6.4,.445,1.1,1.8,.611,.655,1.1,1.5,.733,0.6,4.8,5.4,1.8,1.3,0.5,0.8,2.9,11.9,2020
16798,119,Jarrett Culver,SG,20,MIN,63,35,23.9,3.7,9.0,.404,1.0,3.5,.299,2.6,5.5,.471,.462,0.9,1.9,.462,1.1,2.3,3.4,1.7,0.9,0.6,1.3,2.0,9.2,2020
16799,120,Seth Curry,SG,29,DAL,64,25,24.6,4.4,9.0,.495,2.3,5.0,.452,2.2,4.0,.549,.621,1.3,1.5,.825,0.4,1.8,2.3,1.9,0.6,0.1,1.0,1.8,12.4,2020
16800,Rk,Player,Pos,Age,Tm,G,GS,MP,FG,FGA,FG%,3P,3PA,3P%,2P,2PA,2P%,eFG%,FT,FTA,FT%,ORB,DRB,TRB,AST,STL,BLK,TOV,PF,PTS,2020
16801,121,Stephen Curry,PG,31,GSW,5,5,27.8,6.6,16.4,.402,2.4,9.8,.245,4.2,6.6,.636,.476,5.2,5.2,1.000,0.8,4.4,5.2,6.6,1.0,0.4,3.2,2.2,20.8,2020
16802,122,Troy Daniels,SG,28,TOT,47,0,11.3,1.5,4.0,.387,1.0,2.8,.348,0.6,1.1,.481,.511,0.2,0.3,.625,0.3,0.9,1.1,0.4,0.2,0.1,0.3,0.8,4.3,2020
16803,122,Troy Daniels,SG,28,LAL,41,0,11.1,1.5,3.9,.392,1.0,2.7,.357,0.5,1.1,.478,.519,0.2,0.4,.625,0.3,0.8,1.1,0.3,0.2,0.1,0.2,0.7,4.2,2020
16804,122,Troy Daniels,SG,28,DEN,6,0,12.7,1.7,4.7,.357,1.0,3.3,.300,0.7,1.3,.500,.464,0.0,0.0,,0.0,1.0,1.0,0.5,0.5,0.0,0.5,1.2,4.3,2020
16805,123,Anthony Davis,PF,26,LAL,62,62,34.4,8.9,17.7,.503,1.2,3.5,.330,7.7,14.2,.546,.536,7.2,8.5,.846,2.3,7.0,9.3,3.2,1.5,2.3,2.5,2.5,26.1,2020
16806,124,Ed Davis,C,30,UTA,28,1,10.8,0.8,1.6,.478,0.0,0.0,,0.8,1.6,.478,.478,0.3,0.5,.500,1.3,2.5,3.8,0.4,0.4,0.3,0.5,2.2,1.8,2020
16807,125,Terence Davis,SG,22,TOR,72,4,16.8,2.8,6.1,.456,1.3,3.4,.388,1.5,2.7,.541,.564,0.7,0.8,.864,0.7,2.6,3.3,1.6,0.5,0.2,1.1,1.7,7.5,2020
16808,126,Dewayne Dedmon,C,30,TOT,44,18,17.6,2.3,5.8,.400,0.5,2.4,.206,1.8,3.4,.541,.443,0.7,0.8,.833,1.4,4.3,5.7,0.5,0.6,0.9,1.3,3.0,5.8,2020
16809,126,Dewayne Dedmon,C,30,SAC,34,10,15.9,2.0,5.0,.404,0.4,2.1,.197,1.6,2.9,.550,.444,0.7,0.8,.821,1.4,3.6,4.9,0.4,0.4,0.8,1.4,2.7,5.1,2020
16810,126,Dewayne Dedmon,C,30,ATL,10,8,23.3,3.3,8.4,.393,0.8,3.6,.222,2.5,4.8,.521,.440,0.7,0.8,.875,1.4,6.8,8.2,0.7,1.0,1.5,1.0,4.0,8.1,2020
16811,127,Matthew Dellavedova,PG,29,CLE,57,4,14.4,1.1,3.1,.354,0.4,1.6,.231,0.7,1.5,.488,.414,0.6,0.6,.865,0.3,1.0,1.3,3.2,0.4,0.0,1.0,1.4,3.1,2020
16812,128,DeMar DeRozan,SF,30,SAS,68,68,34.1,8.2,15.4,.531,0.1,0.5,.257,8.1,14.9,.540,.535,5.6,6.6,.845,0.6,4.9,5.5,5.6,1.0,0.3,2.4,2.6,22.1,2020
16813,129,Cheick Diallo,C,23,PHO,47,2,10.2,2.0,3.0,.648,0.0,0.1,.333,1.9,3.0,.655,.651,0.7,0.8,.872,0.6,2.1,2.8,0.5,0.2,0.3,0.7,1.2,4.7,2020
16814,130,Hamidou Diallo,SF,21,OKC,46,3,19.5,2.9,6.4,.446,0.3,1.2,.281,2.5,5.2,.485,.473,0.8,1.4,.603,1.0,2.7,3.6,0.8,0.8,0.2,1.1,2.2,6.9,2020
16815,131,Gorgui Dieng,C,30,TOT,63,17,17.4,2.6,5.8,.456,0.9,2.4,.355,1.8,3.4,.528,.530,1.2,1.6,.772,1.4,4.2,5.6,1.2,0.8,0.9,1.0,2.0,7.4,2020
16816,131,Gorgui Dieng,C,30,MIN,46,17,16.9,2.7,6.0,.448,1.0,2.6,.383,1.7,3.4,.497,.531,1.0,1.3,.797,1.6,4.0,5.6,1.3,0.8,0.9,1.0,1.9,7.4,2020
16817,131,Gorgui Dieng,C,30,MEM,17,0,18.7,2.5,5.1,.483,0.5,1.9,.250,2.0,3.2,.618,.529,1.8,2.5,.738,1.1,4.7,5.8,0.9,0.8,1.0,0.9,2.1,7.2,2020
16818,132,Spencer Dinwiddie,PG,26,BRK,64,49,31.2,6.6,16.0,.415,1.9,6.3,.308,4.7,9.7,.485,.476,5.4,7.0,.778,0.5,3.0,3.5,6.8,0.6,0.3,2.7,2.8,20.6,2020
16819,133,Donte DiVincenzo,SG,23,MIL,66,24,23.0,3.5,7.7,.455,1.3,3.7,.336,2.3,4.0,.567,.536,1.0,1.3,.733,1.0,3.8,4.8,2.3,1.3,0.3,1.4,1.7,9.2,2020
16820,134,Luka Dončić,PG,20,DAL,61,61,33.6,9.5,20.6,.463,2.8,8.9,.316,6.7,11.7,.574,.531,7.0,9.2,.758,1.3,8.1,9.4,8.8,1.0,0.2,4.3,2.5,28.8,2020
16821,135,Luguentz Dort,SF,20,OKC,36,28,22.8,2.4,6.1,.394,0.8,2.8,.297,1.6,3.3,.479,.463,1.2,1.5,.792,0.7,1.6,2.3,0.8,0.9,0.1,0.6,2.7,6.8,2020
16822,136,Damyean Dotson,SG,25,NYK,48,0,17.4,2.5,6.0,.414,1.2,3.4,.362,1.3,2.6,.480,.516,0.5,0.7,.667,0.2,1.7,1.9,1.2,0.5,0.1,0.4,0.9,6.7,2020
16823,137,Sekou Doumbouya,PF,19,DET,38,19,19.8,2.4,6.2,.390,0.7,2.6,.286,1.7,3.6,.464,.449,0.8,1.2,.674,0.5,2.6,3.1,0.5,0.5,0.2,0.9,2.1,6.4,2020
16824,138,PJ Dozier,SG,23,DEN,29,0,14.2,2.2,5.4,.414,0.6,1.7,.347,1.7,3.7,.444,.468,0.7,1.0,.724,0.3,1.6,1.9,2.2,0.5,0.2,0.9,1.6,5.8,2020
16825,139,Goran Dragić,PG,33,MIA,59,3,28.2,5.4,12.3,.441,2.1,5.7,.367,3.3,6.5,.505,.526,3.2,4.2,.776,0.5,2.7,3.2,5.1,0.7,0.2,2.4,2.1,16.2,2020
16826,140,Andre Drummond,C,26,TOT,57,56,33.0,7.3,13.8,.533,0.1,0.6,.143,7.2,13.1,.551,.536,3.0,5.2,.575,4.4,10.8,15.2,2.7,1.9,1.6,3.6,3.5,17.7,2020
16827,140,Andre Drummond,C,26,DET,49,48,33.8,7.3,13.9,.530,0.0,0.4,.048,7.3,13.4,.546,.531,3.0,5.2,.584,4.6,11.2,15.8,2.8,2.0,1.7,3.6,3.6,17.8,2020
16828,140,Andre Drummond,C,26,CLE,8,8,28.1,7.3,13.1,.552,0.5,1.8,.286,6.8,11.4,.593,.571,2.5,4.9,.513,3.0,8.1,11.1,1.8,1.5,1.4,3.6,3.1,17.5,2020
16829,Rk,Player,Pos,Age,Tm,G,GS,MP,FG,FGA,FG%,3P,3PA,3P%,2P,2PA,2P%,eFG%,FT,FTA,FT%,ORB,DRB,TRB,AST,STL,BLK,TOV,PF,PTS,2020
16830,141,Jared Dudley,PF,34,LAL,45,1,8.1,0.5,1.3,.400,0.4,0.9,.429,0.1,0.4,.333,.550,0.0,0.0,1.000,0.1,1.0,1.2,0.6,0.3,0.1,0.2,0.9,1.5,2020
16831,142,Kris Dunn,PG,25,CHI,51,32,24.9,3.0,6.7,.444,0.6,2.2,.259,2.4,4.5,.535,.487,0.8,1.1,.741,0.5,3.2,3.6,3.4,2.0,0.3,1.3,3.1,7.3,2020
16832,143,Carsen Edwards,SG,21,BOS,37,0,9.5,1.1,3.5,.328,0.6,2.1,.316,0.5,1.4,.346,.422,0.4,0.5,.684,0.2,1.1,1.3,0.6,0.3,0.1,0.4,0.9,3.3,2020
16833,144,Henry Ellenson,C,23,BRK,5,0,3.0,0.2,1.4,.143,0.0,0.8,.000,0.2,0.6,.333,.143,0.0,0.0,,0.4,0.8,1.2,0.2,0.0,0.0,0.0,0.2,0.4,2020
16834,145,Wayne Ellington,SG,32,NYK,36,1,15.5,1.7,4.8,.351,1.4,4.0,.350,0.3,0.9,.355,.494,0.3,0.4,.846,0.1,1.7,1.8,1.2,0.4,0.1,0.5,1.1,5.1,2020
16835,146,Joel Embiid,C,25,PHI,51,51,29.5,7.5,15.7,.477,1.1,3.4,.331,6.4,12.3,.517,.512,6.9,8.5,.807,2.8,8.9,11.6,3.0,0.9,1.3,3.1,3.4,23.0,2020
16836,147,James Ennis III,SF-SG,29,TOT,69,18,18.3,2.3,5.2,.446,0.8,2.4,.325,1.5,2.8,.553,.522,1.1,1.4,.806,1.0,2.5,3.6,0.9,0.5,0.3,0.8,2.0,6.6,2020
16837,147,James Ennis III,SF,29,PHI,49,0,15.8,2.0,4.6,.442,0.8,2.2,.349,1.3,2.4,.525,.524,1.0,1.2,.787,1.0,2.1,3.1,0.8,0.5,0.3,0.6,1.7,5.8,2020
16838,147,James Ennis III,SG,29,ORL,20,18,24.5,3.0,6.7,.451,0.9,3.2,.286,2.1,3.5,.600,.519,1.6,1.9,.838,1.2,3.6,4.8,1.1,0.6,0.4,1.4,2.6,8.5,2020
16839,148,Drew Eubanks,C,22,SAS,22,3,12.4,2.0,3.0,.642,0.0,0.0,1.000,1.9,3.0,.636,.649,0.9,1.2,.769,1.3,2.6,3.9,0.7,0.2,0.8,1.0,1.7,4.9,2020
16840,149,Jacob Evans,SG,22,TOT,29,1,14.4,1.6,4.6,.336,0.4,1.3,.333,1.1,3.3,.337,.384,0.9,1.0,.862,0.3,1.1,1.4,1.1,0.4,0.4,0.9,1.4,4.4,2020
16841,149,Jacob Evans,SG,22,GSW,27,1,15.3,1.7,4.9,.338,0.5,1.4,.342,1.2,3.5,.337,.387,0.9,1.1,.862,0.3,1.2,1.5,1.1,0.4,0.4,0.9,1.5,4.7,2020
16842,149,Jacob Evans,SG,22,MIN,2,0,2.0,0.0,0.5,.000,0.0,0.5,.000,0.0,0.0,,.000,0.0,0.0,,0.0,0.0,0.0,0.0,0.0,0.0,0.0,0.0,0.0,2020
16843,150,Dante Exum,SG,24,TOT,35,1,13.9,1.6,3.4,.471,0.4,1.2,.349,1.2,2.2,.539,.534,0.9,1.2,.744,0.3,1.6,1.9,1.1,0.4,0.2,0.9,1.1,4.5,2020
16844,150,Dante Exum,SG,24,UTA,11,0,7.5,0.9,2.1,.435,0.2,0.5,.333,0.7,1.5,.471,.478,0.2,0.2,1.000,0.3,0.8,1.1,0.6,0.1,0.2,0.9,0.7,2.2,2020
16845,150,Dante Exum,SG,24,CLE,24,1,16.8,1.9,4.0,.479,0.5,1.5,.351,1.4,2.5,.559,.547,1.3,1.7,.732,0.4,1.9,2.3,1.4,0.5,0.3,0.9,1.3,5.6,2020
16846,151,Tacko Fall,C,24,BOS,7,0,4.7,1.6,2.0,.786,0.0,0.0,,1.6,2.0,.786,.786,0.1,0.4,.333,0.1,2.0,2.1,0.1,0.1,0.6,0.4,1.0,3.3,2020
16847,152,Derrick Favors,C,28,NOP,51,49,24.4,4.1,6.6,.617,0.0,0.1,.143,4.1,6.5,.627,.618,0.8,1.4,.563,3.2,6.6,9.8,1.6,0.6,0.9,1.1,2.1,9.0,2020
16848,153,Cristiano Felício,C,27,CHI,22,0,17.5,1.5,2.5,.630,0.0,0.1,.000,1.5,2.4,.654,.630,0.8,1.0,.783,2.5,2.1,4.6,0.7,0.5,0.1,0.8,1.5,3.9,2020
16849,154,Terrance Ferguson,SF,21,OKC,56,38,22.4,1.4,3.9,.355,0.9,3.0,.292,0.5,0.9,.558,.466,0.3,0.4,.750,0.4,0.9,1.3,0.9,0.5,0.3,0.6,2.8,3.9,2020
16850,155,Bruno Fernando,C,21,ATL,56,13,12.7,1.8,3.6,.518,0.1,0.7,.135,1.8,2.9,.605,.530,0.5,0.9,.569,1.2,2.3,3.5,0.9,0.3,0.3,0.8,1.9,4.3,2020
16851,156,Yogi Ferrell,PG,26,SAC,50,0,10.6,1.6,3.8,.420,0.5,1.6,.304,1.1,2.2,.505,.484,0.7,0.8,.857,0.1,0.9,1.0,1.4,0.4,0.1,0.6,0.8,4.4,2020
16852,157,Dorian Finney-Smith,PF,26,DAL,71,68,29.9,3.4,7.4,.466,1.6,4.3,.376,1.8,3.1,.589,.575,1.1,1.5,.722,2.0,3.7,5.7,1.6,0.6,0.5,1.0,2.5,9.5,2020
16853,158,Bryn Forbes,SG,26,SAS,63,62,25.1,3.8,9.2,.417,2.3,6.0,.388,1.5,3.2,.470,.544,1.2,1.4,.833,0.2,1.8,2.0,1.7,0.5,0.0,0.9,1.8,11.2,2020
16854,159,Evan Fournier,SF,27,ORL,66,66,31.5,6.6,14.1,.467,2.6,6.6,.399,4.0,7.5,.527,.560,2.7,3.3,.818,0.3,2.3,2.6,3.2,1.1,0.2,1.9,2.4,18.5,2020
16855,160,De'Aaron Fox,PG,22,SAC,51,49,32.0,7.7,16.0,.480,1.1,3.6,.292,6.6,12.4,.535,.513,4.7,6.7,.705,0.7,3.2,3.8,6.8,1.5,0.5,3.1,2.8,21.1,2020
16856,Rk,Player,Pos,Age,Tm,G,GS,MP,FG,FGA,FG%,3P,3PA,3P%,2P,2PA,2P%,eFG%,FT,FTA,FT%,ORB,DRB,TRB,AST,STL,BLK,TOV,PF,PTS,2020
16857,161,Melvin Frazier,SG,23,ORL,19,0,6.6,0.8,1.8,.441,0.4,0.8,.500,0.4,0.9,.389,.559,0.1,0.2,.500,0.1,0.4,0.5,0.2,0.5,0.1,0.3,0.6,2.1,2020
16858,162,Michael Frazier,SG,25,HOU,13,0,11.2,0.5,2.2,.241,0.3,1.8,.174,0.2,0.5,.500,.310,0.7,1.1,.643,0.1,0.7,0.8,0.2,0.2,0.0,0.4,1.7,2.1,2020
16859,163,Tim Frazier,PG,29,DET,27,11,13.1,1.3,3.5,.362,0.4,1.1,.333,0.9,2.4,.375,.415,0.7,0.9,.792,0.3,0.9,1.2,3.4,0.5,0.1,1.3,1.6,3.6,2020
16860,164,Enes Freedom,C,27,BOS,58,7,16.9,3.4,6.0,.572,0.0,0.1,.143,3.4,5.9,.581,.573,1.2,1.7,.707,2.8,4.6,7.4,1.0,0.4,0.7,1.0,1.7,8.1,2020
16861,165,Markelle Fultz,PG,21,ORL,72,60,27.7,5.0,10.7,.465,0.5,1.9,.267,4.5,8.8,.507,.488,1.6,2.2,.730,0.6,2.7,3.3,5.1,1.3,0.2,2.0,2.0,12.1,2020
16862,166,Wenyen Gabriel,PF,22,TOT,30,1,7.8,0.7,1.6,.438,0.2,0.7,.300,0.5,0.9,.536,.500,0.5,0.7,.682,0.7,1.0,1.7,0.3,0.4,0.2,0.5,1.3,2.1,2020
16863,166,Wenyen Gabriel,PF,22,SAC,11,0,5.5,0.5,1.5,.353,0.1,0.7,.125,0.5,0.8,.556,.382,0.5,0.9,.600,0.4,0.5,0.9,0.3,0.3,0.2,0.5,0.6,1.7,2020
16864,166,Wenyen Gabriel,PF,22,POR,19,1,9.2,0.8,1.6,.484,0.3,0.6,.417,0.5,1.0,.526,.565,0.5,0.6,.750,0.9,1.3,2.2,0.3,0.4,0.3,0.6,1.7,2.3,2020
16865,167,Daniel Gafford,C,21,CHI,43,7,14.2,2.2,3.1,.701,0.0,0.0,,2.2,3.1,.701,.701,0.7,1.4,.533,1.2,1.3,2.5,0.5,0.3,1.3,0.7,2.3,5.1,2020
16866,168,Danilo Gallinari,PF,31,OKC,62,62,29.6,5.8,13.2,.438,2.9,7.1,.405,2.9,6.1,.476,.547,4.3,4.8,.893,0.5,4.6,5.2,1.9,0.7,0.1,1.2,1.2,18.7,2020
16867,169,Langston Galloway,SG,28,DET,66,6,25.8,3.6,8.2,.435,2.0,5.0,.399,1.6,3.2,.493,.557,1.1,1.3,.859,0.5,1.8,2.3,1.5,0.7,0.2,0.6,1.5,10.3,2020
16868,170,Darius Garland,SG,20,CLE,59,59,30.9,4.7,11.8,.401,1.8,5.0,.355,3.0,6.8,.434,.476,1.1,1.2,.875,0.5,1.4,1.9,3.9,0.7,0.1,2.6,1.6,12.3,2020
16869,171,Marc Gasol,C,35,TOR,44,43,26.4,2.7,6.3,.427,1.3,3.4,.385,1.4,3.0,.473,.529,0.8,1.1,.735,0.7,5.5,6.3,3.3,0.8,0.9,1.3,2.8,7.5,2020
16870,172,Rudy Gay,PF,33,SAS,67,5,21.8,4.0,8.9,.446,1.1,3.3,.336,2.9,5.6,.511,.508,1.8,2.0,.882,0.9,4.5,5.4,1.7,0.5,0.5,1.3,1.5,10.8,2020
16871,173,Paul George,SF,29,LAC,48,48,29.6,7.1,16.3,.439,3.3,7.9,.412,3.9,8.4,.464,.539,4.0,4.5,.876,0.5,5.2,5.7,3.9,1.4,0.4,2.6,2.4,21.5,2020
16872,174,Taj Gibson,C,34,NYK,62,56,16.5,2.7,4.6,.584,0.1,0.2,.286,2.6,4.4,.599,.591,0.7,0.9,.732,1.8,2.5,4.3,0.8,0.4,0.5,0.8,2.0,6.1,2020
16873,175,Harry Giles,C,21,SAC,46,17,14.5,3.0,5.5,.554,0.0,0.0,.000,3.0,5.4,.558,.554,0.8,1.1,.776,0.9,3.2,4.1,1.3,0.5,0.4,1.0,2.6,6.9,2020
16874,176,Shai Gilgeous-Alexander,SG,21,OKC,70,70,34.7,6.8,14.5,.471,1.2,3.6,.347,5.6,10.9,.512,.514,4.1,5.1,.807,0.7,5.2,5.9,3.3,1.1,0.7,1.9,1.7,19.0,2020
16875,177,Rudy Gobert,C,27,UTA,68,68,34.3,5.7,8.2,.693,0.0,0.0,,5.7,8.2,.693,.693,3.7,5.9,.630,3.4,10.1,13.5,1.5,0.8,2.0,1.9,3.2,15.1,2020
16876,178,Brandon Goodwin,PG,24,ATL,34,1,12.6,2.2,5.6,.400,0.8,2.6,.299,1.5,3.0,.485,.468,0.8,0.9,.933,0.3,1.8,2.1,1.5,0.4,0.1,0.9,1.3,6.1,2020
16877,179,Aaron Gordon,PF,24,ORL,62,62,32.5,5.4,12.4,.437,1.2,3.8,.308,4.2,8.5,.494,.484,2.4,3.6,.674,1.7,5.9,7.7,3.7,0.8,0.6,1.6,2.0,14.4,2020
16878,180,Eric Gordon,SF,31,HOU,36,15,28.2,4.8,12.9,.369,2.7,8.4,.317,2.1,4.4,.469,.473,2.3,3.0,.766,0.3,1.7,2.0,1.5,0.6,0.4,1.2,1.9,14.4,2020
16879,Rk,Player,Pos,Age,Tm,G,GS,MP,FG,FGA,FG%,3P,3PA,3P%,2P,2PA,2P%,eFG%,FT,FTA,FT%,ORB,DRB,TRB,AST,STL,BLK,TOV,PF,PTS,2020
16880,181,Devonte' Graham,PG,24,CHO,63,53,35.1,5.8,15.3,.382,3.5,9.3,.373,2.4,6.0,.397,.495,3.0,3.7,.820,0.7,2.7,3.4,7.5,1.0,0.2,2.9,1.8,18.2,2020
16881,182,Treveon Graham,SF,26,TOT,55,20,16.9,1.6,4.4,.360,0.6,2.2,.275,1.0,2.2,.443,.428,0.7,1.0,.643,0.9,1.8,2.7,0.8,0.4,0.1,0.5,1.9,4.4,2020
16882,182,Treveon Graham,SF,26,MIN,33,20,20.1,1.9,5.3,.354,0.6,2.5,.241,1.3,2.8,.457,.411,0.8,1.1,.730,0.9,2.2,3.0,0.9,0.5,0.1,0.6,2.0,5.2,2020
16883,182,Treveon Graham,SF,26,ATL,22,0,12.1,1.1,3.0,.373,0.6,1.7,.351,0.5,1.4,.400,.470,0.4,0.9,.474,1.0,1.3,2.3,0.7,0.3,0.2,0.5,1.6,3.3,2020
16884,183,Jerami Grant,PF,25,DEN,71,24,26.6,4.3,8.9,.478,1.4,3.5,.389,2.9,5.4,.537,.555,2.1,2.8,.750,0.8,2.7,3.5,1.2,0.7,0.8,0.9,2.2,12.0,2020
16885,184,Jerian Grant,SG,27,WAS,6,0,13.3,1.7,4.5,.370,0.3,1.3,.250,1.3,3.2,.421,.407,0.8,1.2,.714,0.3,0.7,1.0,1.5,0.2,0.2,0.5,1.8,4.5,2020
16886,185,Josh Gray,PG,26,NOP,2,0,11.5,0.5,1.0,.500,0.0,0.0,,0.5,1.0,.500,.500,0.0,0.0,,0.5,0.5,1.0,1.0,0.0,0.0,2.5,0.5,1.0,2020
16887,186,Danny Green,SG,32,LAL,68,68,24.8,2.9,7.0,.416,1.8,4.8,.367,1.1,2.2,.524,.542,0.5,0.7,.688,0.8,2.6,3.3,1.3,1.3,0.5,0.9,2.0,8.0,2020
16888,187,Draymond Green,PF,29,GSW,43,43,28.4,2.9,7.3,.389,0.8,3.0,.279,2.0,4.3,.465,.446,1.5,1.9,.759,0.5,5.7,6.2,6.2,1.4,0.8,2.3,2.6,8.0,2020
16889,188,JaMychal Green,PF,29,LAC,63,1,20.7,2.4,5.6,.429,1.5,3.8,.387,0.9,1.8,.518,.560,0.6,0.8,.750,1.2,4.9,6.2,0.8,0.5,0.4,0.9,2.8,6.8,2020
16890,189,Javonte Green,SG,26,BOS,48,2,9.8,1.3,2.6,.500,0.2,0.7,.273,1.1,1.9,.581,.536,0.6,0.9,.667,0.5,1.4,1.9,0.5,0.5,0.2,0.5,0.9,3.4,2020
16891,190,Jeff Green,PF-C,33,TOT,48,4,20.0,3.3,7.2,.462,1.3,3.8,.339,2.0,3.4,.602,.552,1.5,1.9,.802,0.5,2.3,2.8,1.0,0.5,0.4,0.9,1.9,9.4,2020
16892,190,Jeff Green,PF,33,UTA,30,2,18.4,2.5,6.5,.385,1.1,3.5,.327,1.4,3.0,.451,.472,1.6,2.1,.778,0.5,2.2,2.7,0.7,0.4,0.3,0.9,1.5,7.8,2020
16893,190,Jeff Green,C,33,HOU,18,2,22.6,4.7,8.3,.564,1.6,4.4,.354,3.1,3.9,.800,.658,1.3,1.6,.857,0.6,2.3,2.9,1.7,0.8,0.5,0.8,2.4,12.2,2020
16894,191,Blake Griffin,PF,30,DET,18,18,28.4,4.9,13.9,.352,1.5,6.2,.243,3.4,7.7,.439,.406,4.2,5.4,.776,0.9,3.7,4.7,3.3,0.4,0.4,2.2,1.5,15.5,2020
16895,192,Marko Guduric,SG,24,MEM,44,0,11.0,1.4,3.6,.395,0.6,1.9,.301,0.8,1.7,.500,.475,0.5,0.6,.923,0.3,1.3,1.7,1.0,0.3,0.2,0.8,0.8,3.9,2020
16896,193,Kyle Guy,SG,22,SAC,3,0,3.3,0.7,1.7,.400,0.0,1.0,.000,0.7,0.7,1.000,.400,0.0,0.0,,0.0,0.3,0.3,0.3,0.0,0.0,0.0,0.3,1.3,2020
16897,194,Rui Hachimura,PF,21,WAS,48,48,30.1,5.3,11.4,.466,0.5,1.8,.287,4.8,9.5,.500,.489,2.4,2.9,.829,1.6,4.5,6.1,1.8,0.8,0.2,1.1,2.2,13.5,2020
16898,195,Devon Hall,PG,24,OKC,11,0,7.4,0.5,2.7,.200,0.4,1.5,.235,0.2,1.2,.154,.267,0.4,0.7,.500,0.2,0.5,0.6,1.2,0.4,0.1,0.5,0.5,1.8,2020
16899,196,Donta Hall,C-PF,22,TOT,9,0,14.8,1.7,2.4,.682,0.0,0.0,,1.7,2.4,.682,.682,1.0,2.0,.500,1.6,2.7,4.2,0.4,0.3,0.7,0.6,2.6,4.3,2020
16900,196,Donta Hall,PF,22,DET,4,0,12.0,0.3,1.0,.250,0.0,0.0,,0.3,1.0,.250,.250,1.0,1.5,.667,1.5,2.3,3.8,0.5,0.3,0.3,0.5,2.3,1.5,2020
16901,196,Donta Hall,C,22,BRK,5,0,17.0,2.8,3.6,.778,0.0,0.0,,2.8,3.6,.778,.778,1.0,2.4,.417,1.6,3.0,4.6,0.4,0.4,1.0,0.6,2.8,6.6,2020
16902,197,Dusty Hannahs,SG,26,MEM,2,0,6.5,2.0,4.5,.444,1.0,1.5,.667,1.0,3.0,.333,.556,1.0,1.0,1.000,0.0,0.5,0.5,0.0,0.0,0.0,0.0,0.5,6.0,2020
16903,198,Tim Hardaway Jr.,SG,27,DAL,71,58,29.5,5.4,12.5,.434,2.9,7.2,.398,2.5,5.2,.485,.550,2.1,2.6,.819,0.4,2.9,3.3,1.9,0.6,0.1,1.0,1.8,15.8,2020
16904,199,James Harden,SG,30,HOU,68,68,36.5,9.9,22.3,.444,4.4,12.4,.355,5.5,9.9,.556,.543,10.2,11.8,.865,1.0,5.5,6.6,7.5,1.8,0.9,4.5,3.3,34.3,2020
16905,200,Maurice Harkless,PF-SF,26,TOT,62,48,23.0,2.3,4.6,.502,0.5,1.6,.347,1.7,3.0,.584,.562,0.6,1.1,.591,0.9,3.0,3.9,1.1,0.9,0.5,0.9,2.4,5.8,2020
16906,200,Maurice Harkless,PF,26,LAC,50,38,22.8,2.2,4.3,.516,0.5,1.5,.370,1.7,2.9,.590,.578,0.5,0.8,.571,0.9,3.1,4.0,1.0,1.0,0.6,0.9,2.4,5.5,2020
16907,200,Maurice Harkless,SF,26,NYK,12,10,23.8,2.5,5.5,.455,0.6,2.1,.280,1.9,3.4,.561,.508,1.3,2.0,.625,0.7,2.7,3.3,1.7,0.8,0.3,0.6,2.3,6.8,2020
16908,Rk,Player,Pos,Age,Tm,G,GS,MP,FG,FGA,FG%,3P,3PA,3P%,2P,2PA,2P%,eFG%,FT,FTA,FT%,ORB,DRB,TRB,AST,STL,BLK,TOV,PF,PTS,2020
16909,201,Jared Harper,PG,22,PHO,3,0,2.7,0.3,1.3,.250,0.0,0.7,.000,0.3,0.7,.500,.250,0.0,0.0,,0.0,0.0,0.0,0.0,0.0,0.0,0.0,0.0,0.7,2020
16910,202,Montrezl Harrell,C,26,LAC,63,2,27.8,7.5,12.9,.580,0.0,0.3,.000,7.5,12.6,.593,.580,3.7,5.6,.658,2.6,4.5,7.1,1.7,0.6,1.1,1.7,2.3,18.6,2020
16911,203,Gary Harris,SG,25,DEN,56,55,31.8,3.9,9.3,.420,1.3,3.8,.333,2.6,5.5,.479,.487,1.3,1.6,.815,0.5,2.4,2.9,2.1,1.4,0.3,1.1,2.1,10.4,2020
16912,204,Joe Harris,SF,28,BRK,69,69,30.8,5.5,11.4,.486,2.5,5.9,.424,3.0,5.5,.553,.596,0.9,1.3,.719,0.9,3.4,4.3,2.1,0.6,0.2,1.5,2.3,14.5,2020
16913,205,Tobias Harris,PF,27,PHI,72,72,34.3,7.7,16.3,.471,1.8,5.0,.367,5.9,11.3,.517,.527,2.4,3.0,.806,1.0,5.9,6.9,3.2,0.7,0.6,1.4,2.3,19.6,2020
16914,206,Shaquille Harrison,SG,26,CHI,43,10,11.3,1.8,3.8,.467,0.4,1.0,.381,1.4,2.9,.496,.515,0.9,1.2,.780,0.5,1.5,2.0,1.1,0.8,0.4,0.4,1.3,4.9,2020
16915,207,Josh Hart,SF,24,NOP,65,16,27.0,3.5,8.2,.423,1.9,5.4,.342,1.6,2.7,.584,.537,1.3,1.8,.739,0.9,5.6,6.5,1.7,1.0,0.4,1.2,2.5,10.1,2020
16916,208,Isaiah Hartenstein,C,21,HOU,23,2,11.6,1.9,2.9,.657,0.0,0.2,.000,1.9,2.7,.710,.657,0.8,1.2,.679,1.3,2.7,3.9,0.8,0.4,0.5,0.7,1.8,4.7,2020
16917,209,Udonis Haslem,C,39,MIA,4,1,11.0,1.0,2.8,.364,0.3,0.8,.333,0.8,2.0,.375,.409,0.8,1.0,.750,0.3,3.8,4.0,0.3,0.0,0.0,0.3,1.5,3.0,2020
16918,210,Jaxson Hayes,C,19,NOP,64,14,16.9,2.7,4.0,.672,0.0,0.1,.250,2.7,4.0,.678,.674,1.9,3.0,.647,1.5,2.5,4.0,0.9,0.4,0.9,0.8,2.5,7.4,2020
16919,211,Gordon Hayward,SF,29,BOS,52,52,33.5,6.7,13.5,.500,1.6,4.3,.383,5.1,9.2,.554,.561,2.4,2.8,.855,1.1,5.6,6.7,4.1,0.7,0.4,1.8,1.8,17.5,2020
16920,212,John Henson,C,29,TOT,40,8,15.0,2.4,4.3,.556,0.2,0.9,.222,2.2,3.4,.644,.579,0.6,1.2,.500,1.2,2.9,4.1,1.4,0.6,1.1,0.9,2.0,5.5,2020
16921,212,John Henson,C,29,CLE,29,2,14.2,2.1,4.1,.508,0.2,1.1,.194,1.9,3.1,.618,.533,0.6,1.1,.515,1.1,2.8,3.9,1.5,0.6,1.1,0.7,1.9,5.0,2020
16922,212,John Henson,C,29,DET,11,6,17.1,3.1,4.6,.667,0.2,0.5,.400,2.9,4.2,.696,.686,0.5,1.2,.462,1.3,3.1,4.4,1.0,0.7,0.9,1.4,2.1,6.9,2020
16923,213,Dewan Hernandez,C,23,TOR,6,0,4.7,0.8,2.3,.357,0.2,0.3,.500,0.7,2.0,.333,.393,0.5,0.8,.600,0.8,1.5,2.3,0.5,0.2,0.0,0.5,1.0,2.3,2020
16924,214,Juancho Hernangómez,PF,24,TOT,48,14,17.4,2.1,5.1,.405,0.9,2.7,.341,1.2,2.5,.475,.494,0.9,1.5,.620,0.9,3.2,4.1,0.8,0.4,0.2,0.7,1.3,6.0,2020
16925,214,Juancho Hernangómez,PF,24,DEN,34,0,12.4,1.1,3.2,.345,0.4,1.8,.250,0.7,1.5,.460,.414,0.5,0.7,.640,0.7,2.1,2.8,0.6,0.1,0.1,0.5,0.9,3.1,2020
16926,214,Juancho Hernangómez,PF,24,MIN,14,14,29.4,4.4,9.8,.453,2.1,4.9,.420,2.4,4.9,.485,.558,2.0,3.3,.609,1.4,5.9,7.3,1.3,1.0,0.3,1.0,2.5,12.9,2020
16927,215,Willy Hernangómez,C,25,CHO,31,0,12.1,2.4,4.5,.532,0.2,0.7,.227,2.2,3.8,.590,.550,1.2,1.9,.627,1.4,2.9,4.3,0.9,0.3,0.2,1.0,1.0,6.1,2020
16928,216,Tyler Herro,SG,20,MIA,55,8,27.4,4.9,11.5,.428,2.1,5.4,.389,2.8,6.1,.462,.520,1.6,1.8,.870,0.3,3.8,4.1,2.2,0.6,0.2,1.6,1.4,13.5,2020
16929,217,Kevin Hervey,PF,23,OKC,10,0,5.2,0.7,2.7,.259,0.3,2.0,.150,0.4,0.7,.571,.315,0.0,0.0,,0.1,1.1,1.2,0.5,0.1,0.1,0.0,0.4,1.7,2020
16930,218,Mario Hezonja,PF,24,POR,53,4,16.4,1.7,4.1,.422,0.5,1.5,.308,1.3,2.6,.486,.477,0.9,1.1,.814,0.6,2.9,3.5,0.9,0.7,0.2,0.8,2.0,4.8,2020
16931,219,Buddy Hield,SG,27,SAC,72,44,30.8,6.9,16.1,.429,3.8,9.6,.394,3.2,6.6,.479,.545,1.6,1.9,.846,0.8,3.8,4.6,3.0,0.9,0.2,2.3,2.3,19.2,2020
16932,220,George Hill,PG,33,MIL,59,2,21.5,3.3,6.4,.516,1.4,3.0,.460,1.9,3.4,.565,.624,1.4,1.7,.842,0.8,2.2,3.0,3.1,0.8,0.1,1.0,1.4,9.4,2020
16933,Rk,Player,Pos,Age,Tm,G,GS,MP,FG,FGA,FG%,3P,3PA,3P%,2P,2PA,2P%,eFG%,FT,FTA,FT%,ORB,DRB,TRB,AST,STL,BLK,TOV,PF,PTS,2020
16934,221,Solomon Hill,PF,28,TOT,59,4,18.4,1.9,4.7,.396,1.1,2.9,.368,0.8,1.8,.439,.509,0.7,0.9,.741,0.5,2.3,2.8,1.8,0.7,0.2,0.9,1.4,5.5,2020
16935,221,Solomon Hill,PF,28,MEM,48,3,18.8,2.0,4.9,.412,1.2,3.1,.381,0.8,1.8,.465,.532,0.5,0.8,.684,0.5,2.5,3.0,2.0,0.6,0.1,0.8,1.5,5.7,2020
16936,221,Solomon Hill,PF,28,MIA,11,1,17.0,1.3,4.1,.311,0.6,2.2,.292,0.6,1.9,.333,.389,1.3,1.5,.875,0.5,1.5,1.9,0.9,1.1,0.5,1.0,1.1,4.5,2020
16937,222,Jaylen Hoard,PF,20,POR,13,0,7.9,1.2,2.5,.469,0.0,0.2,.000,1.2,2.2,.517,.469,0.6,1.0,.615,1.1,1.4,2.5,0.3,0.4,0.0,0.3,0.9,2.9,2020
16938,223,Aaron Holiday,PG,23,IND,66,33,24.5,3.5,8.5,.414,1.3,3.3,.394,2.2,5.2,.427,.491,1.1,1.3,.851,0.3,2.0,2.4,3.4,0.8,0.2,1.3,1.8,9.5,2020
16939,224,Jrue Holiday,SG,29,NOP,61,61,34.7,7.5,16.5,.455,2.0,5.7,.353,5.5,10.8,.509,.516,2.1,3.0,.709,1.3,3.5,4.8,6.7,1.6,0.8,3.0,2.4,19.1,2020
16940,225,Justin Holiday,SF,30,IND,73,6,25.0,2.8,6.7,.428,1.8,4.5,.405,1.0,2.1,.477,.566,0.7,0.9,.791,0.4,2.8,3.3,1.3,1.2,0.6,0.6,1.9,8.3,2020
16941,226,Rondae Hollis-Jefferson,PF,25,TOR,60,6,18.7,2.6,5.5,.471,0.1,0.4,.130,2.5,5.1,.497,.476,1.8,2.4,.734,1.8,2.9,4.7,1.8,0.8,0.4,1.0,1.9,7.0,2020
16942,227,Richaun Holmes,C,26,SAC,44,38,28.2,5.1,7.8,.648,0.0,0.0,,5.1,7.8,.648,.648,2.1,2.7,.788,2.9,5.3,8.1,1.0,0.9,1.3,1.2,3.8,12.3,2020
16943,228,Rodney Hood,SF,27,POR,21,21,29.5,4.1,8.2,.506,1.7,3.4,.493,2.5,4.8,.515,.608,1.0,1.3,.778,0.5,3.0,3.4,1.5,0.8,0.2,0.9,2.2,11.0,2020
16944,229,Al Horford,C,33,PHI,67,61,30.2,4.8,10.6,.450,1.5,4.2,.350,3.3,6.4,.516,.520,0.9,1.2,.763,1.5,5.3,6.8,4.0,0.8,0.9,1.2,2.1,11.9,2020
16945,230,Talen Horton-Tucker,SG,19,LAL,6,1,13.5,2.3,5.0,.467,0.7,2.2,.308,1.7,2.8,.588,.533,0.3,0.7,.500,0.3,0.8,1.2,1.0,1.3,0.2,1.0,1.7,5.7,2020
16946,231,Danuel House Jr.,SF,26,HOU,63,52,30.4,3.7,8.6,.427,2.0,5.6,.363,1.6,2.9,.549,.546,1.2,1.4,.811,0.9,3.3,4.2,1.3,1.1,0.5,0.9,2.1,10.5,2020
16947,232,Dwight Howard,C,34,LAL,69,2,18.9,2.9,4.0,.729,0.0,0.1,.600,2.9,3.9,.732,.735,1.6,3.1,.514,2.5,4.9,7.3,0.7,0.4,1.1,1.2,3.2,7.5,2020
16948,233,William Howard,PF,26,HOU,2,0,6.5,0.0,2.0,.000,0.0,2.0,.000,0.0,0.0,,.000,0.0,0.0,,0.0,1.0,1.0,0.5,0.0,0.0,0.5,0.5,0.0,2020
16949,234,Kevin Huerter,SG,21,ATL,56,48,31.4,4.5,10.9,.413,2.3,6.0,.380,2.2,4.9,.453,.517,0.9,1.1,.828,0.6,3.4,4.1,3.8,0.9,0.5,1.6,2.5,12.2,2020
16950,235,De'Andre Hunter,SF,22,ATL,63,62,32.0,4.4,10.8,.410,1.7,4.8,.355,2.7,6.0,.454,.489,1.7,2.3,.764,0.7,3.8,4.5,1.8,0.7,0.3,1.6,2.9,12.3,2020
16951,236,Chandler Hutchison,SF,23,CHI,28,10,18.8,2.9,6.3,.457,0.4,1.4,.316,2.4,4.9,.496,.491,1.6,2.8,.590,0.6,3.2,3.9,0.9,1.0,0.3,1.0,1.7,7.8,2020
16952,237,Serge Ibaka,C,30,TOR,55,27,27.0,6.2,12.2,.512,1.3,3.3,.385,5.0,8.9,.559,.564,1.6,2.3,.718,2.1,6.1,8.2,1.4,0.5,0.8,2.0,2.8,15.4,2020
16953,238,Andre Iguodala,SF,36,MIA,21,0,19.9,1.8,4.2,.432,0.7,2.2,.298,1.1,2.0,.585,.511,0.3,0.7,.400,0.8,2.9,3.7,2.4,0.7,1.0,1.2,1.7,4.6,2020
16954,239,Ersan İlyasova,PF,32,MIL,63,8,15.7,2.3,5.0,.466,0.8,2.2,.365,1.5,2.8,.545,.546,1.1,1.4,.828,1.0,3.8,4.8,0.8,0.4,0.3,0.5,1.5,6.6,2020
16955,240,Joe Ingles,PF,32,UTA,72,45,29.7,3.4,7.7,.445,2.0,4.9,.399,1.5,2.8,.525,.572,1.0,1.3,.787,0.4,3.5,3.9,5.2,0.9,0.2,2.0,2.1,9.8,2020
16956,Rk,Player,Pos,Age,Tm,G,GS,MP,FG,FGA,FG%,3P,3PA,3P%,2P,2PA,2P%,eFG%,FT,FTA,FT%,ORB,DRB,TRB,AST,STL,BLK,TOV,PF,PTS,2020
16957,241,Brandon Ingram,PF,22,NOP,62,62,33.9,8.2,17.7,.463,2.4,6.2,.391,5.8,11.5,.501,.531,5.0,5.9,.851,0.8,5.3,6.1,4.2,1.0,0.6,3.0,2.9,23.8,2020
16958,242,Kyrie Irving,PG,27,BRK,20,20,32.9,10.0,20.8,.478,2.8,7.1,.394,7.2,13.7,.522,.546,4.7,5.1,.922,1.1,4.1,5.2,6.4,1.4,0.5,2.6,2.7,27.4,2020
16959,243,Jonathan Isaac,PF,22,ORL,34,32,28.8,4.6,9.8,.470,0.9,2.8,.340,3.6,7.0,.521,.518,1.8,2.3,.779,1.7,5.1,6.8,1.4,1.6,2.3,1.4,2.4,11.9,2020
16960,244,Wes Iwundu,SF,25,ORL,52,21,18.3,1.9,4.5,.416,0.5,1.6,.341,1.3,2.9,.457,.476,1.5,1.9,.804,0.5,2.1,2.5,1.2,0.5,0.3,0.5,1.5,5.8,2020
16961,245,Frank Jackson,PG,21,NOP,59,2,13.5,2.3,5.6,.405,0.8,2.4,.326,1.5,3.2,.465,.476,0.9,1.3,.747,0.4,1.0,1.4,1.0,0.3,0.1,0.8,1.3,6.3,2020
16962,246,Jaren Jackson Jr.,C,20,MEM,57,57,28.5,6.2,13.2,.469,2.5,6.5,.394,3.6,6.8,.540,.565,2.4,3.3,.747,1.0,3.6,4.6,1.4,0.7,1.6,1.7,4.1,17.4,2020
16963,247,Josh Jackson,SF,22,MEM,22,0,17.3,3.2,7.2,.440,1.0,3.3,.319,2.1,4.0,.540,.513,1.6,2.3,.700,0.5,2.5,3.0,1.6,0.8,0.4,1.3,1.8,9.0,2020
16964,248,Justin Jackson,PF,24,DAL,65,3,16.1,2.1,5.2,.396,0.7,2.5,.294,1.3,2.7,.489,.466,0.6,0.8,.840,0.4,2.0,2.4,0.8,0.2,0.2,0.2,1.1,5.5,2020
16965,249,Reggie Jackson,PG,29,TOT,31,16,24.0,4.3,10.5,.411,1.8,4.7,.393,2.5,5.8,.425,.498,1.5,1.7,.833,0.5,2.4,3.0,4.1,0.4,0.2,1.6,1.9,11.9,2020
16966,249,Reggie Jackson,PG,29,DET,14,10,27.2,5.4,14.1,.384,2.2,5.9,.378,3.2,8.3,.388,.462,1.9,2.4,.788,0.8,2.1,2.9,5.1,0.6,0.1,1.6,1.5,14.9,2020
16967,249,Reggie Jackson,PG,29,LAC,17,6,21.3,3.4,7.5,.453,1.5,3.7,.413,1.9,3.8,.492,.555,1.1,1.2,.905,0.4,2.6,3.0,3.2,0.3,0.2,1.6,2.2,9.5,2020
16968,250,Justin James,SF,23,SAC,36,0,6.4,1.0,2.3,.417,0.3,0.8,.310,0.7,1.5,.473,.470,0.3,0.6,.476,0.2,0.7,0.9,0.5,0.2,0.3,0.2,0.5,2.5,2020
16969,251,LeBron James,PG,35,LAL,67,67,34.6,9.6,19.4,.493,2.2,6.3,.348,7.4,13.1,.564,.550,3.9,5.7,.693,1.0,6.9,7.8,10.2,1.2,0.5,3.9,1.8,25.3,2020
16970,252,Amile Jefferson,PF,26,ORL,18,0,4.1,0.3,0.8,.357,0.0,0.0,,0.3,0.8,.357,.357,0.3,0.8,.357,0.6,0.7,1.3,0.2,0.1,0.2,0.2,0.4,0.8,2020
16971,253,DaQuan Jeffries,SG,22,SAC,13,0,10.8,1.5,3.1,.500,0.4,1.4,.278,1.2,1.7,.682,.563,0.4,0.5,.833,0.2,1.2,1.4,0.5,0.3,0.1,0.2,1.5,3.8,2020
16972,254,Ty Jerome,SG,22,PHO,31,0,10.6,1.2,3.6,.336,0.5,1.6,.280,0.8,2.0,.381,.398,0.4,0.5,.750,0.2,1.3,1.5,1.4,0.5,0.1,0.6,0.9,3.3,2020
16973,255,Alize Johnson,PF,23,IND,17,1,6.9,0.7,1.7,.414,0.2,0.5,.375,0.5,1.2,.429,.466,0.4,0.6,.700,0.9,1.9,2.8,0.4,0.2,0.1,0.4,0.7,2.0,2020
16974,256,B.J. Johnson,SF,24,ORL,10,0,8.3,0.9,3.2,.281,0.3,0.9,.333,0.6,2.3,.261,.328,0.9,1.0,.900,0.3,1.2,1.5,0.3,0.3,0.0,0.6,0.3,3.0,2020
16975,257,Cameron Johnson,PF,23,PHO,57,9,22.0,3.1,7.1,.435,1.9,4.8,.390,1.2,2.3,.526,.565,0.8,1.0,.807,0.9,2.4,3.3,1.2,0.6,0.4,0.6,1.5,8.8,2020
16976,258,James Johnson,PF-C,32,TOT,32,1,19.3,3.2,6.7,.479,1.0,2.8,.363,2.2,3.9,.565,.556,1.0,1.5,.646,0.8,2.9,3.7,2.3,0.8,1.0,1.5,2.5,8.4,2020
16977,258,James Johnson,PF,32,MIA,18,0,15.6,2.2,4.8,.448,0.9,2.5,.356,1.3,2.3,.548,.540,0.4,0.8,.571,0.4,2.4,2.9,1.2,0.3,0.7,0.8,1.9,5.7,2020
16978,258,James Johnson,C,32,MIN,14,1,24.1,4.6,9.1,.500,1.2,3.3,.370,3.4,5.9,.573,.566,1.6,2.4,.676,1.2,3.5,4.7,3.8,1.4,1.4,2.4,3.3,12.0,2020
16979,259,Keldon Johnson,SF,20,SAS,17,1,17.7,3.1,5.2,.596,0.8,1.3,.591,2.4,3.9,.597,.669,2.1,2.6,.795,0.6,2.8,3.4,0.9,0.8,0.1,0.8,1.6,9.1,2020
16980,260,Stanley Johnson,PF,23,TOR,25,0,6.0,0.9,2.4,.373,0.3,1.0,.292,0.6,1.4,.429,.432,0.4,0.6,.563,0.3,1.2,1.5,0.8,0.2,0.2,0.6,0.6,2.4,2020
16981,Rk,Player,Pos,Age,Tm,G,GS,MP,FG,FGA,FG%,3P,3PA,3P%,2P,2PA,2P%,eFG%,FT,FTA,FT%,ORB,DRB,TRB,AST,STL,BLK,TOV,PF,PTS,2020
16982,261,Tyler Johnson,PG-SG,27,TOT,39,7,18.2,2.5,6.4,.388,1.0,3.1,.319,1.5,3.4,.450,.464,1.1,1.3,.840,0.5,1.5,1.9,1.9,0.4,0.2,0.7,1.5,7.0,2020
16983,261,Tyler Johnson,PG,27,PHO,31,3,16.6,2.1,5.5,.380,0.8,2.7,.289,1.3,2.8,.466,.450,0.8,1.0,.750,0.3,1.4,1.7,1.6,0.4,0.3,0.8,1.4,5.7,2020
16984,261,Tyler Johnson,SG,27,BRK,8,4,24.3,4.0,9.9,.405,1.8,4.5,.389,2.3,5.4,.419,.494,2.3,2.3,1.000,1.0,2.0,3.0,3.0,0.5,0.1,0.6,1.9,12.0,2020
16985,262,Nikola Jokić,C,24,DEN,73,73,32.0,7.7,14.7,.528,1.1,3.5,.314,6.6,11.2,.594,.565,3.4,4.1,.817,2.3,7.5,9.7,7.0,1.2,0.6,3.1,3.0,19.9,2020
16986,263,Damian Jones,C,24,ATL,55,27,16.1,2.2,3.2,.680,0.0,0.2,.222,2.2,3.1,.704,.685,1.1,1.5,.738,1.3,2.4,3.7,0.6,0.5,0.7,0.5,2.7,5.6,2020
16987,264,Derrick Jones Jr.,SF,22,MIA,59,16,23.3,3.1,5.9,.527,0.6,2.2,.280,2.5,3.7,.677,.580,1.6,2.1,.772,1.1,2.8,3.9,1.1,1.0,0.6,0.5,2.2,8.5,2020
16988,265,Tyus Jones,PG,23,MEM,65,6,19.0,3.0,6.6,.459,0.7,1.9,.379,2.3,4.7,.492,.514,0.7,0.9,.741,0.1,1.4,1.6,4.4,0.9,0.1,0.8,0.7,7.4,2020
16989,266,DeAndre Jordan,C,31,BRK,56,6,22.0,3.4,5.1,.666,0.0,0.0,,3.4,5.1,.666,.666,1.5,2.2,.680,2.5,7.5,10.0,1.9,0.3,0.9,1.3,2.0,8.3,2020
16990,267,Cory Joseph,PG,28,SAC,72,26,24.4,2.4,5.7,.415,0.8,2.2,.352,1.6,3.5,.455,.483,0.8,1.0,.857,0.6,2.0,2.6,3.5,0.7,0.3,1.1,1.8,6.4,2020
16991,268,Mfiondu Kabengele,C,22,LAC,12,0,5.3,1.2,2.7,.438,0.8,1.7,.450,0.4,1.0,.417,.578,0.4,0.4,1.000,0.1,0.8,0.9,0.2,0.2,0.2,0.2,0.8,3.5,2020
16992,269,Frank Kaminsky,C,26,PHO,39,13,19.9,3.5,7.9,.450,1.1,3.2,.331,2.5,4.7,.530,.516,1.6,2.3,.678,0.9,3.6,4.5,1.9,0.4,0.3,0.9,1.9,9.7,2020
16993,270,Luke Kennard,SG,23,DET,28,25,32.9,5.4,12.2,.442,2.6,6.5,.399,2.8,5.7,.491,.548,2.4,2.7,.893,0.3,3.2,3.5,4.1,0.4,0.2,1.5,2.3,15.8,2020
16994,271,Stanton Kidd,SG,27,UTA,4,0,3.8,0.0,0.8,.000,0.0,0.3,.000,0.0,0.5,.000,.000,0.0,0.0,,0.0,0.8,0.8,0.3,0.0,0.0,0.5,0.8,0.0,2020
16995,272,Michael Kidd-Gilchrist,PF,26,TOT,25,0,11.2,0.9,2.6,.333,0.2,0.8,.250,0.7,1.8,.370,.371,0.4,0.6,.786,0.6,2.1,2.7,0.6,0.1,0.2,0.6,1.5,2.4,2020
16996,272,Michael Kidd-Gilchrist,PF,26,CHO,12,0,13.3,1.5,4.4,.340,0.4,1.4,.294,1.1,3.0,.361,.387,0.6,0.8,.778,0.8,2.2,2.9,0.8,0.0,0.3,0.6,1.5,4.0,2020
16997,272,Michael Kidd-Gilchrist,PF,26,DAL,13,0,9.3,0.3,1.0,.308,0.0,0.2,.000,0.3,0.8,.400,.308,0.3,0.4,.800,0.4,2.1,2.5,0.3,0.2,0.2,0.7,1.5,0.9,2020
16998,273,Louis King,SF,20,DET,10,0,6.2,0.8,2.1,.381,0.4,1.1,.364,0.4,1.0,.400,.476,0.0,0.3,.000,0.1,0.9,1.0,0.5,0.2,0.0,0.2,1.0,2.0,2020
16999,274,Maxi Kleber,PF,28,DAL,74,21,25.5,3.2,6.9,.461,1.6,4.3,.373,1.6,2.6,.605,.577,1.1,1.3,.849,1.5,3.7,5.2,1.2,0.3,1.1,0.8,2.4,9.1,2020
17000,275,Brandon Knight,SG-PG,28,TOT,25,3,18.5,2.4,6.7,.353,1.8,5.2,.344,0.6,1.4,.389,.488,0.8,1.4,.588,0.2,1.5,1.6,2.8,0.4,0.1,1.5,1.6,7.3,2020
17001,275,Brandon Knight,SG,28,CLE,16,0,15.1,1.8,5.4,.326,1.2,4.0,.297,0.6,1.4,.409,.436,0.3,0.8,.308,0.2,1.1,1.3,1.9,0.3,0.1,1.0,1.3,4.9,2020
17002,275,Brandon Knight,PG,28,DET,9,3,24.6,3.4,9.0,.383,2.9,7.4,.388,0.6,1.6,.357,.543,1.8,2.3,.762,0.1,2.2,2.3,4.2,0.6,0.1,2.4,2.2,11.6,2020
17003,276,Kevin Knox,SF,20,NYK,65,4,17.9,2.2,6.2,.359,1.0,3.1,.327,1.2,3.1,.391,.440,1.0,1.6,.653,0.4,2.4,2.8,0.9,0.4,0.4,0.7,1.6,6.4,2020
17004,277,John Konchar,SG,23,MEM,19,0,9.5,1.3,1.9,.649,0.3,0.5,.500,1.0,1.4,.704,.716,0.1,0.1,.500,0.9,1.5,2.5,1.2,0.4,0.2,0.4,0.4,2.8,2020
17005,278,Furkan Korkmaz,SG,22,PHI,72,12,21.7,3.4,7.8,.430,2.0,4.9,.402,1.4,2.9,.478,.557,1.1,1.4,.755,0.3,2.1,2.3,1.1,0.6,0.2,0.8,1.4,9.8,2020
17006,279,Luke Kornet,C,24,CHI,36,14,15.5,2.3,5.2,.439,0.9,3.0,.287,1.4,2.2,.646,.521,0.6,0.8,.714,0.6,1.7,2.3,0.9,0.3,0.7,0.4,1.5,6.0,2020
17007,280,Kyle Korver,SF,38,MIL,58,1,16.6,2.2,5.1,.430,1.7,4.1,.418,0.5,1.0,.482,.599,0.6,0.7,.854,0.3,1.8,2.1,1.2,0.4,0.2,0.8,1.3,6.7,2020
17008,Rk,Player,Pos,Age,Tm,G,GS,MP,FG,FGA,FG%,3P,3PA,3P%,2P,2PA,2P%,eFG%,FT,FTA,FT%,ORB,DRB,TRB,AST,STL,BLK,TOV,PF,PTS,2020
17009,281,Rodions Kurucs,PF,21,BRK,47,9,14.6,1.7,3.8,.446,0.7,1.9,.367,1.0,1.9,.529,.540,0.5,0.8,.632,0.5,2.4,2.9,1.1,0.5,0.1,1.0,1.9,4.6,2020
17010,282,Kyle Kuzma,PF,24,LAL,61,9,25.0,4.8,11.0,.436,1.4,4.5,.316,3.4,6.5,.518,.500,1.9,2.5,.735,0.9,3.6,4.5,1.3,0.5,0.4,1.5,2.1,12.8,2020
17011,283,Skal Labissière,C,23,POR,33,1,17.2,2.5,4.5,.551,0.1,0.4,.231,2.4,4.1,.582,.561,0.8,1.0,.758,2.0,3.2,5.1,1.3,0.2,0.9,0.9,2.7,5.8,2020
17012,284,Jeremy Lamb,SG,27,IND,46,42,28.1,4.7,10.4,.451,1.2,3.4,.335,3.5,7.0,.508,.506,2.0,2.4,.836,0.5,3.8,4.3,2.1,1.2,0.5,1.1,2.3,12.5,2020
17013,285,Romeo Langford,SG,20,BOS,32,2,11.6,0.9,2.5,.350,0.2,0.8,.185,0.7,1.7,.434,.381,0.6,0.8,.720,0.5,0.8,1.3,0.4,0.3,0.3,0.3,1.0,2.5,2020
17014,286,Zach LaVine,SF,24,CHI,60,60,34.8,9.0,20.0,.450,3.1,8.1,.380,5.9,11.9,.497,.526,4.5,5.6,.802,0.7,4.1,4.8,4.2,1.5,0.5,3.4,2.2,25.5,2020
17015,287,Vic Law,PF,24,ORL,8,0,7.8,0.8,2.3,.333,0.1,0.9,.143,0.6,1.4,.455,.361,0.3,0.8,.333,0.3,1.1,1.4,0.4,0.3,0.0,0.3,0.8,1.9,2020
17016,288,Jake Layman,SF,25,MIN,23,2,22.0,3.5,7.8,.453,1.0,3.1,.333,2.5,4.7,.533,.520,1.0,1.4,.750,0.7,1.7,2.5,0.7,0.7,0.4,1.0,2.0,9.1,2020
17017,289,T.J. Leaf,PF,22,IND,28,1,7.9,1.3,3.1,.419,0.2,0.6,.278,1.1,2.4,.456,.448,0.3,0.6,.438,0.8,1.7,2.5,0.3,0.4,0.1,0.3,0.8,3.0,2020
17018,290,Jalen Lecque,SG,19,PHO,5,0,6.4,0.8,2.0,.400,0.0,0.8,.000,0.8,1.2,.667,.400,0.4,0.4,1.000,0.0,0.4,0.4,0.4,0.0,0.0,0.4,0.6,2.0,2020
17019,291,Courtney Lee,SG,34,DAL,24,9,14.4,1.7,3.4,.488,0.9,2.0,.447,0.8,1.5,.543,.616,0.3,0.3,.857,0.3,1.0,1.3,0.5,0.8,0.3,0.5,1.4,4.5,2020
17020,292,Damion Lee,SG,27,GSW,49,36,29.0,4.3,10.4,.417,1.7,4.9,.356,2.6,5.6,.471,.500,2.2,2.6,.873,0.7,4.2,4.9,2.7,1.0,0.1,1.4,2.4,12.7,2020
17021,293,Alex Len,C,26,TOT,55,12,17.6,3.2,5.8,.555,0.3,1.1,.271,2.9,4.7,.619,.580,1.2,1.9,.648,1.8,4.0,5.8,0.9,0.4,0.9,1.0,2.3,8.0,2020
17022,293,Alex Len,C,26,ATL,40,9,18.6,3.6,6.5,.546,0.4,1.4,.250,3.2,5.1,.627,.573,1.3,2.0,.630,1.7,4.0,5.8,1.1,0.5,0.8,1.0,2.3,8.7,2020
17023,293,Alex Len,C,26,SAC,15,3,15.0,2.3,3.9,.593,0.1,0.2,.667,2.2,3.7,.589,.610,1.1,1.6,.708,2.1,4.0,6.1,0.5,0.2,1.0,1.1,2.3,5.9,2020
17024,294,Kawhi Leonard,SF,28,LAC,57,57,32.4,9.3,19.9,.470,2.2,5.7,.378,7.2,14.2,.506,.524,6.2,7.1,.886,0.9,6.1,7.1,4.9,1.8,0.6,2.6,2.0,27.1,2020
17025,295,Meyers Leonard,C,27,MIA,51,49,20.3,2.3,4.6,.509,1.0,2.5,.414,1.3,2.1,.623,.622,0.4,0.5,.643,0.6,4.5,5.1,1.1,0.3,0.3,0.8,2.1,6.1,2020
17026,296,Caris LeVert,SG,25,BRK,45,31,29.6,6.9,16.3,.425,1.8,4.9,.364,5.1,11.4,.451,.480,3.1,4.4,.711,1.1,3.1,4.2,4.4,1.2,0.2,2.6,1.8,18.7,2020
17027,297,Damian Lillard,PG,29,POR,66,66,37.5,9.5,20.4,.463,4.1,10.2,.401,5.4,10.2,.524,.563,7.0,7.8,.888,0.5,3.8,4.3,8.0,1.1,0.3,2.9,1.7,30.0,2020
17028,298,Nassir Little,PF,19,POR,48,5,11.9,1.4,3.1,.430,0.3,1.2,.237,1.1,1.9,.554,.477,0.6,0.9,.636,0.6,1.6,2.3,0.5,0.3,0.3,0.3,1.5,3.6,2020
17029,299,Kevon Looney,C,23,GSW,20,4,13.1,1.5,4.0,.367,0.1,0.7,.071,1.4,3.3,.431,.373,0.5,0.6,.750,1.4,1.9,3.3,1.0,0.6,0.3,0.6,1.7,3.4,2020
17030,300,Brook Lopez,C,31,MIL,68,67,26.7,4.3,9.9,.435,1.5,4.8,.314,2.8,5.1,.549,.511,1.9,2.2,.836,0.9,3.7,4.6,1.5,0.7,2.4,1.0,2.4,12.0,2020
17031,Rk,Player,Pos,Age,Tm,G,GS,MP,FG,FGA,FG%,3P,3PA,3P%,2P,2PA,2P%,eFG%,FT,FTA,FT%,ORB,DRB,TRB,AST,STL,BLK,TOV,PF,PTS,2020
17032,301,Robin Lopez,C,31,MIL,66,5,14.5,2.2,4.5,.492,0.5,1.6,.333,1.7,2.9,.577,.550,0.4,0.8,.528,0.8,1.6,2.4,0.7,0.2,0.7,1.0,1.5,5.4,2020
17033,302,Kevin Love,PF,31,CLE,56,56,31.8,5.8,13.0,.450,2.6,7.0,.374,3.2,6.0,.537,.550,3.3,3.9,.854,1.0,8.8,9.8,3.2,0.6,0.3,2.5,1.6,17.6,2020
17034,303,Kyle Lowry,PG,33,TOR,58,58,36.2,5.8,13.8,.416,2.8,8.0,.352,2.9,5.8,.504,.518,5.1,5.9,.857,0.6,4.5,5.0,7.5,1.4,0.4,3.1,3.3,19.4,2020
17035,304,Timothé Luwawu-Cabarrot,SF,24,BRK,47,2,18.1,2.5,5.7,.435,1.3,3.4,.388,1.2,2.3,.505,.550,1.5,1.7,.852,0.6,2.1,2.7,0.6,0.4,0.1,0.8,2.3,7.8,2020
17036,305,Trey Lyles,PF,24,SAS,63,53,20.2,2.4,5.4,.446,1.0,2.7,.387,1.4,2.8,.503,.541,0.5,0.7,.733,1.1,4.6,5.7,1.1,0.4,0.4,0.6,1.6,6.4,2020
17037,306,Daryl Macon,PG,24,MIA,4,0,3.5,0.3,0.8,.333,0.3,0.5,.500,0.0,0.3,.000,.500,0.0,0.0,,0.0,0.0,0.0,0.3,0.0,0.0,0.5,0.3,0.8,2020
17038,307,J.P. Macura,SG,24,CLE,1,0,1.0,0.0,0.0,,0.0,0.0,,0.0,0.0,,,0.0,0.0,,0.0,0.0,0.0,0.0,0.0,0.0,0.0,0.0,0.0,2020
17039,308,Josh Magette,PG,30,ORL,8,0,4.8,0.6,1.9,.333,0.1,0.5,.250,0.5,1.4,.364,.367,0.1,0.3,.500,0.1,0.6,0.8,0.6,0.4,0.1,0.6,0.5,1.5,2020
17040,309,Ian Mahinmi,C,33,WAS,38,35,21.3,2.7,5.5,.495,0.1,0.7,.192,2.6,4.8,.538,.507,1.8,3.0,.619,2.1,3.7,5.7,1.3,0.8,1.2,1.2,3.0,7.4,2020
17041,310,Thon Maker,C,22,DET,60,14,12.9,1.6,3.2,.482,0.4,1.1,.344,1.2,2.2,.550,.539,1.2,1.8,.664,0.9,1.9,2.8,0.7,0.4,0.7,0.8,1.7,4.7,2020
17042,311,Terance Mann,SF,23,LAC,41,6,8.8,0.9,1.9,.468,0.2,0.5,.350,0.7,1.4,.508,.513,0.4,0.7,.667,0.2,1.1,1.3,1.3,0.3,0.1,0.4,1.1,2.4,2020
17043,312,Boban Marjanović,C,31,DAL,44,5,9.6,2.8,4.8,.573,0.1,0.4,.235,2.7,4.4,.603,.583,1.0,1.3,.754,1.5,3.0,4.5,0.5,0.2,0.2,0.7,1.3,6.6,2020
17044,313,Lauri Markkanen,PF,22,CHI,50,50,29.8,5.0,11.8,.425,2.2,6.3,.344,2.8,5.5,.518,.517,2.5,3.1,.824,1.2,5.1,6.3,1.5,0.8,0.5,1.6,1.9,14.7,2020
17045,314,Caleb Martin,SF,24,CHO,18,1,17.6,2.1,4.7,.440,1.1,2.1,.541,0.9,2.6,.362,.560,0.9,1.2,.810,0.6,1.6,2.1,1.3,0.7,0.4,0.8,1.8,6.2,2020
17046,315,Cody Martin,SF,24,CHO,48,3,18.8,1.9,4.3,.430,0.4,1.6,.234,1.5,2.7,.546,.473,0.9,1.4,.646,0.8,2.5,3.3,2.0,0.8,0.2,0.9,1.6,5.0,2020
17047,316,Jeremiah Martin,PG,23,BRK,9,0,11.0,2.7,5.9,.453,0.6,2.0,.278,2.1,3.9,.543,.500,1.2,1.6,.786,0.1,1.0,1.1,2.0,0.8,0.2,0.4,0.8,7.1,2020
17048,317,Kelan Martin,SF,24,MIN,31,4,16.0,2.3,5.8,.392,0.8,3.1,.260,1.5,2.7,.541,.461,1.0,1.0,.968,0.4,2.7,3.1,0.7,0.2,0.3,0.6,1.6,6.4,2020
17049,318,Frank Mason III,PG,25,MIL,9,0,13.1,2.6,5.7,.451,0.7,2.3,.286,1.9,3.3,.567,.510,1.1,1.9,.588,0.6,1.6,2.1,3.2,0.6,0.1,1.2,1.2,6.9,2020
17050,319,Garrison Mathews,SG,23,WAS,18,0,12.6,1.3,3.1,.429,1.1,2.6,.413,0.3,0.6,.500,.598,1.7,1.9,.912,0.3,1.0,1.3,0.6,0.4,0.1,0.4,1.8,5.4,2020
17051,320,Wesley Matthews,SG,33,MIL,67,67,24.4,2.5,6.3,.396,1.6,4.4,.364,0.9,1.9,.472,.524,0.8,1.0,.765,0.3,2.1,2.5,1.4,0.6,0.1,0.6,1.5,7.4,2020
17052,Rk,Player,Pos,Age,Tm,G,GS,MP,FG,FGA,FG%,3P,3PA,3P%,2P,2PA,2P%,eFG%,FT,FTA,FT%,ORB,DRB,TRB,AST,STL,BLK,TOV,PF,PTS,2020
17053,321,Luc Mbah a Moute,PF,33,HOU,3,0,8.3,0.7,1.7,.400,0.0,0.7,.000,0.7,1.0,.667,.400,0.3,0.7,.500,0.3,0.3,0.7,0.0,0.7,0.0,0.3,0.0,1.7,2020
17054,322,Patrick McCaw,SF,24,TOR,37,12,24.5,1.8,4.4,.414,0.6,1.9,.324,1.2,2.5,.484,.485,0.4,0.5,.722,0.5,1.8,2.3,2.1,1.1,0.1,0.8,1.6,4.6,2020
17055,323,CJ McCollum,SG,28,POR,70,70,36.5,8.7,19.4,.451,2.8,7.3,.379,6.0,12.1,.494,.522,2.0,2.6,.757,0.7,3.6,4.2,4.4,0.8,0.6,1.8,2.6,22.2,2020
17056,324,T.J. McConnell,PG,27,IND,71,3,18.7,3.0,5.8,.516,0.1,0.2,.294,2.9,5.5,.525,.522,0.5,0.6,.833,0.5,2.1,2.7,5.0,0.8,0.2,1.4,1.0,6.5,2020
17057,325,Jalen McDaniels,SF,22,CHO,16,0,18.3,2.1,4.4,.471,0.6,1.5,.375,1.5,2.9,.522,.536,0.9,1.1,.824,0.9,3.1,4.1,0.8,0.5,0.2,0.7,2.3,5.6,2020
17058,326,Doug McDermott,PF,28,IND,69,0,19.9,3.9,7.9,.488,1.9,4.3,.435,2.0,3.7,.549,.605,0.7,0.8,.828,0.4,2.1,2.5,1.1,0.2,0.1,0.6,1.7,10.3,2020
17059,327,JaVale McGee,C,32,LAL,68,68,16.6,2.9,4.5,.637,0.0,0.1,.500,2.8,4.4,.640,.642,0.8,1.2,.646,1.8,3.9,5.7,0.5,0.5,1.4,0.8,2.3,6.6,2020
17060,328,Rodney McGruder,SG,28,LAC,56,4,15.6,1.3,3.2,.398,0.4,1.6,.270,0.9,1.6,.522,.464,0.3,0.6,.559,0.5,2.2,2.7,0.6,0.5,0.1,0.4,1.3,3.3,2020
17061,329,Alfonzo McKinnie,SF,27,CLE,40,1,14.8,1.8,4.3,.427,0.4,1.6,.215,1.5,2.7,.557,.468,0.6,0.8,.710,0.9,1.9,2.8,0.4,0.6,0.2,0.7,1.8,4.6,2020
17062,330,Jordan McLaughlin,PG,23,MIN,30,2,19.7,2.9,5.9,.489,1.0,2.5,.382,1.9,3.4,.569,.570,0.9,1.3,.667,0.2,1.4,1.6,4.2,1.1,0.1,1.0,1.0,7.6,2020
17063,331,Ben McLemore,SF,26,HOU,71,23,22.8,3.4,7.7,.444,2.5,6.4,.400,0.9,1.3,.656,.610,0.7,0.9,.746,0.3,1.9,2.2,0.8,0.6,0.2,0.7,2.2,10.1,2020
17064,332,Jordan McRae,SG,28,TOT,37,4,21.2,4.0,9.9,.407,1.2,3.4,.357,2.8,6.5,.433,.469,2.2,2.9,.761,0.5,2.9,3.4,2.5,0.6,0.4,1.2,2.0,11.5,2020
17065,332,Jordan McRae,SG,28,WAS,29,4,22.6,4.6,10.9,.420,1.4,3.7,.377,3.2,7.3,.441,.483,2.2,2.9,.771,0.6,3.0,3.6,2.8,0.7,0.5,1.3,2.1,12.8,2020
17066,332,Jordan McRae,SG,28,DEN,4,0,8.0,0.5,1.5,.333,0.5,1.0,.500,0.0,0.5,.000,.500,0.8,1.0,.750,0.3,1.0,1.3,1.0,0.5,0.3,0.0,0.5,2.3,2020
17067,332,Jordan McRae,SG,28,DET,4,0,24.5,3.5,10.8,.326,0.8,4.0,.188,2.8,6.8,.407,.360,4.0,5.5,.727,0.0,3.8,3.8,1.8,0.0,0.0,1.3,2.5,11.8,2020
17068,333,Nicolò Melli,C,29,NOP,60,8,17.4,2.3,5.4,.421,1.2,3.4,.335,1.1,2.0,.573,.528,0.9,1.2,.740,0.6,2.4,3.0,1.4,0.6,0.4,0.8,2.1,6.6,2020
17069,334,De'Anthony Melton,PG,21,MEM,60,8,19.5,2.7,6.7,.401,0.7,2.3,.286,2.0,4.4,.464,.451,1.6,2.0,.769,0.7,3.0,3.7,2.9,1.3,0.3,1.4,1.8,7.6,2020
17070,335,Chimezie Metu,C,22,SAS,18,0,5.8,1.3,2.3,.571,0.0,0.1,.000,1.3,2.2,.600,.571,0.6,0.7,.769,0.7,1.2,1.8,0.6,0.2,0.3,0.6,0.4,3.2,2020
17071,336,Khris Middleton,SF,28,MIL,62,59,29.9,7.6,15.3,.497,2.4,5.7,.415,5.2,9.6,.546,.575,3.4,3.7,.916,0.7,5.5,6.2,4.3,0.9,0.1,2.2,2.3,20.9,2020
17072,337,Eric Mika,C,25,SAC,1,0,19.0,2.0,3.0,.667,0.0,0.0,,2.0,3.0,.667,.667,2.0,2.0,1.000,2.0,5.0,7.0,0.0,0.0,0.0,0.0,5.0,6.0,2020
17073,338,C.J. Miles,SF,32,WAS,10,0,16.1,1.9,5.9,.322,1.1,3.5,.314,0.8,2.4,.333,.415,1.5,2.0,.750,0.4,0.8,1.2,1.2,1.0,0.4,0.4,1.4,6.4,2020
17074,339,Malcolm Miller,SF,26,TOR,28,1,5.8,0.4,1.0,.414,0.3,0.8,.364,0.1,0.3,.571,.552,0.1,0.3,.375,0.1,0.5,0.6,0.4,0.2,0.1,0.1,0.6,1.3,2020
17075,340,Patty Mills,PG,31,SAS,66,1,22.5,3.9,9.1,.431,2.3,6.1,.382,1.6,3.0,.533,.560,1.5,1.7,.866,0.3,1.3,1.6,1.8,0.8,0.1,0.8,1.6,11.6,2020
17076,Rk,Player,Pos,Age,Tm,G,GS,MP,FG,FGA,FG%,3P,3PA,3P%,2P,2PA,2P%,eFG%,FT,FTA,FT%,ORB,DRB,TRB,AST,STL,BLK,TOV,PF,PTS,2020
17077,341,Paul Millsap,PF,34,DEN,51,48,24.3,4.1,8.6,.482,1.1,2.4,.435,3.1,6.2,.500,.543,2.3,2.8,.816,1.9,3.8,5.7,1.6,0.9,0.6,1.4,2.9,11.6,2020
17078,342,Shake Milton,SG,23,PHI,40,24,20.1,3.4,6.9,.484,1.5,3.4,.430,1.9,3.6,.535,.588,1.3,1.6,.785,0.4,1.8,2.2,2.6,0.5,0.2,1.2,2.3,9.4,2020
17079,343,Donovan Mitchell,SG,23,UTA,69,69,34.3,8.7,19.4,.449,2.5,6.9,.366,6.2,12.6,.494,.513,4.0,4.7,.863,0.8,3.6,4.4,4.3,1.0,0.2,2.7,2.5,24.0,2020
17080,344,Naz Mitrou-Long,SG,26,IND,5,0,9.4,1.2,3.4,.353,0.4,2.4,.167,0.8,1.0,.800,.412,0.0,0.0,,0.0,1.4,1.4,1.6,0.2,0.2,0.6,0.4,2.8,2020
17081,345,Adam Mokoka,SF,21,CHI,11,0,10.2,1.1,2.5,.429,0.5,1.4,.400,0.5,1.2,.462,.536,0.2,0.4,.500,0.6,0.3,0.9,0.4,0.4,0.0,0.2,1.5,2.9,2020
17082,346,Malik Monk,SG,21,CHO,55,1,21.3,3.9,8.9,.434,1.1,3.7,.284,2.8,5.2,.542,.494,1.5,1.8,.820,0.5,2.4,2.9,2.1,0.5,0.3,1.4,1.3,10.3,2020
17083,347,Matt Mooney,SG,23,CLE,4,0,4.8,0.3,1.0,.250,0.0,0.5,.000,0.3,0.5,.500,.250,0.0,0.0,,0.0,0.8,0.8,0.3,0.5,0.3,0.0,0.3,0.5,2020
17084,348,E'Twaun Moore,SG,30,NOP,56,6,18.2,3.3,7.8,.426,1.1,3.0,.377,2.2,4.8,.456,.498,0.6,0.8,.689,0.6,1.8,2.3,1.4,0.6,0.2,0.7,1.4,8.3,2020
17085,349,Ja Morant,PG,20,MEM,67,67,31.0,6.7,14.0,.477,0.9,2.7,.335,5.8,11.3,.511,.509,3.6,4.6,.776,0.8,3.1,3.9,7.3,0.9,0.3,3.3,1.6,17.8,2020
17086,350,Juwan Morgan,PF,22,UTA,21,0,6.4,0.7,1.2,.577,0.1,0.4,.375,0.6,0.9,.667,.635,0.1,0.2,.750,0.5,0.9,1.4,0.3,0.0,0.1,0.3,0.9,1.7,2020
17087,351,Marcus Morris,SF-PF,30,TOT,62,62,31.2,5.7,13.1,.438,2.3,5.6,.408,3.4,7.5,.461,.526,2.9,3.5,.823,1.0,4.1,5.0,1.4,0.8,0.5,1.6,2.9,16.7,2020
17088,351,Marcus Morris,SF,30,NYK,43,43,32.3,6.5,14.8,.442,2.7,6.1,.439,3.8,8.7,.444,.533,3.8,4.6,.823,1.1,4.3,5.4,1.4,0.8,0.4,1.7,3.0,19.6,2020
17089,351,Marcus Morris,PF,30,LAC,19,19,28.9,3.9,9.2,.425,1.4,4.4,.310,2.5,4.7,.533,.500,0.9,1.2,.818,0.6,3.5,4.1,1.4,0.7,0.7,1.3,2.7,10.1,2020
17090,352,Markieff Morris,PF,30,TOT,58,17,20.5,3.5,7.9,.443,1.5,3.9,.386,2.0,4.0,.500,.539,1.1,1.5,.776,0.7,3.1,3.8,1.3,0.5,0.3,1.3,2.3,9.7,2020
17091,352,Markieff Morris,PF,30,DET,44,16,22.5,4.0,8.8,.450,1.7,4.3,.397,2.3,4.5,.500,.546,1.4,1.8,.772,0.5,3.4,3.9,1.6,0.6,0.3,1.6,2.4,11.0,2020
17092,352,Markieff Morris,PF,30,LAL,14,1,14.2,2.0,4.9,.406,0.9,2.8,.333,1.1,2.1,.500,.500,0.4,0.4,.833,1.1,2.1,3.2,0.6,0.4,0.4,0.4,2.1,5.3,2020
17093,353,Monte Morris,PG,24,DEN,73,12,22.4,3.6,7.8,.459,0.9,2.4,.378,2.7,5.4,.495,.517,1.0,1.2,.843,0.3,1.5,1.9,3.5,0.8,0.2,0.7,1.0,9.0,2020
17094,354,Johnathan Motley,PF,24,LAC,13,0,3.2,0.8,1.2,.733,0.1,0.1,1.000,0.8,1.1,.714,.767,0.4,0.5,.714,0.2,0.5,0.8,0.6,0.2,0.0,0.4,0.5,2.2,2020
17095,355,Emmanuel Mudiay,PG,23,UTA,54,2,15.7,2.8,6.1,.462,0.6,1.6,.345,2.2,4.4,.504,.508,1.2,1.5,.759,0.3,2.0,2.3,2.1,0.4,0.2,1.4,1.3,7.3,2020
17096,356,Mychal Mulder,SF,25,GSW,7,3,29.1,3.7,9.6,.388,2.3,7.4,.308,1.4,2.1,.667,.507,1.3,1.7,.750,0.4,2.9,3.3,1.1,0.3,0.1,0.7,2.9,11.0,2020
17097,357,Dejounte Murray,PG,23,SAS,66,58,25.6,4.5,9.7,.462,0.6,1.7,.369,3.8,8.0,.481,.494,1.4,1.7,.798,1.0,4.8,5.8,4.1,1.7,0.3,1.9,2.2,10.9,2020
17098,358,Jamal Murray,PG,22,DEN,59,59,32.3,6.9,15.2,.456,1.9,5.5,.346,5.0,9.7,.519,.519,2.8,3.1,.881,0.8,3.2,4.0,4.8,1.1,0.3,2.2,1.7,18.5,2020
17099,359,Džanan Musa,SF,20,BRK,40,0,12.2,1.6,4.3,.372,0.5,2.0,.244,1.1,2.4,.479,.427,1.1,1.5,.750,0.5,1.6,2.2,1.1,0.4,0.0,0.9,0.8,4.8,2020
17100,360,Mike Muscala,C,28,OKC,47,2,12.2,1.6,4.0,.407,1.1,3.0,.378,0.5,1.0,.500,.550,0.4,0.5,.818,0.3,2.0,2.3,0.9,0.2,0.3,0.4,1.2,4.8,2020
17101,Rk,Player,Pos,Age,Tm,G,GS,MP,FG,FGA,FG%,3P,3PA,3P%,2P,2PA,2P%,eFG%,FT,FTA,FT%,ORB,DRB,TRB,AST,STL,BLK,TOV,PF,PTS,2020
17102,361,Svi Mykhailiuk,SF,22,DET,56,27,22.6,3.0,7.2,.410,2.1,5.1,.404,0.9,2.1,.425,.552,1.0,1.3,.814,0.3,1.6,1.9,1.9,0.7,0.1,1.1,1.6,9.0,2020
17103,362,Abdel Nader,SF,26,OKC,55,6,15.8,2.2,4.8,.468,0.9,2.3,.375,1.4,2.5,.556,.559,0.9,1.2,.773,0.3,1.6,1.8,0.7,0.4,0.4,0.8,1.4,6.3,2020
17104,363,Larry Nance Jr.,PF,27,CLE,56,10,26.3,4.1,7.7,.531,1.0,2.8,.352,3.1,4.9,.636,.596,0.9,1.3,.676,1.9,5.4,7.3,2.2,1.0,0.4,1.1,1.6,10.1,2020
17105,364,Shabazz Napier,PG,28,TOT,56,32,24.0,3.4,8.1,.412,1.4,4.3,.317,2.0,3.9,.519,.496,2.3,2.7,.824,0.5,2.4,2.8,4.7,1.2,0.2,2.3,1.8,10.3,2020
17106,364,Shabazz Napier,PG,28,MIN,36,22,23.8,3.2,7.9,.403,1.3,4.4,.296,1.9,3.4,.540,.486,2.0,2.4,.818,0.5,2.6,3.1,5.2,1.1,0.2,2.1,1.7,9.6,2020
17107,364,Shabazz Napier,PG,28,WAS,20,10,24.4,3.7,8.7,.428,1.5,4.1,.358,2.3,4.6,.489,.512,2.7,3.3,.831,0.5,2.0,2.4,3.8,1.5,0.2,2.6,2.0,11.6,2020
17108,365,Raul Neto,PG,27,PHI,54,3,12.4,1.9,4.1,.455,0.6,1.6,.386,1.2,2.5,.500,.532,0.7,0.9,.830,0.2,0.9,1.1,1.8,0.4,0.1,0.9,0.9,5.1,2020
17109,366,Malik Newman,SG,22,CLE,1,0,4.0,0.0,2.0,.000,0.0,1.0,.000,0.0,1.0,.000,.000,2.0,2.0,1.000,0.0,0.0,0.0,0.0,0.0,0.0,1.0,0.0,2.0,2020
17110,367,Georges Niang,PF,26,UTA,66,1,14.0,2.1,4.9,.438,1.4,3.4,.400,0.8,1.5,.526,.578,0.3,0.4,.833,0.2,1.7,1.9,0.7,0.3,0.1,0.5,1.1,5.9,2020
17111,368,Joakim Noah,C,34,LAC,5,0,10.0,0.8,1.6,.500,0.0,0.0,,0.8,1.6,.500,.500,1.2,1.6,.750,1.0,2.2,3.2,1.4,0.2,0.2,1.2,1.8,2.8,2020
17112,369,Nerlens Noel,C,25,OKC,61,7,18.5,3.0,4.4,.684,0.0,0.0,.333,3.0,4.4,.688,.686,1.3,1.7,.755,1.5,3.4,4.9,0.9,1.0,1.5,1.1,2.7,7.4,2020
17113,370,Zach Norvell,SG,22,TOT,5,0,8.2,0.6,2.4,.250,0.6,1.6,.375,0.0,0.8,.000,.375,0.2,0.2,1.000,0.0,1.2,1.2,0.6,0.4,0.0,0.6,0.8,2.0,2020
17114,370,Zach Norvell,SG,22,LAL,2,0,2.5,0.0,0.5,.000,0.0,0.0,,0.0,0.5,.000,.000,0.0,0.0,,0.0,0.5,0.5,0.0,0.0,0.0,0.0,0.0,0.0,2020
17115,370,Zach Norvell,SG,22,GSW,3,0,12.0,1.0,3.7,.273,1.0,2.7,.375,0.0,1.0,.000,.409,0.3,0.3,1.000,0.0,1.7,1.7,1.0,0.7,0.0,1.0,1.3,3.3,2020
17116,371,Jaylen Nowell,SG,20,MIN,15,0,10.1,1.3,3.5,.358,0.2,1.7,.115,1.1,1.8,.593,.387,1.1,1.1,.941,0.2,0.7,0.9,1.3,0.2,0.1,0.2,0.7,3.8,2020
17117,372,Frank Ntilikina,PG,21,NYK,57,26,20.8,2.3,5.8,.393,0.8,2.4,.321,1.5,3.4,.444,.459,0.9,1.0,.864,0.4,1.7,2.1,3.0,0.9,0.3,1.2,2.5,6.3,2020
17118,373,Kendrick Nunn,PG,24,MIA,67,67,29.3,6.0,13.6,.439,2.0,5.8,.350,3.9,7.8,.505,.514,1.3,1.5,.850,0.3,2.4,2.7,3.3,0.8,0.2,1.7,2.3,15.3,2020
17119,374,Jusuf Nurkić,C,25,POR,8,8,31.6,6.8,13.6,.495,0.3,1.3,.200,6.5,12.4,.525,.505,3.9,4.4,.886,2.9,7.4,10.3,4.0,1.4,2.0,2.4,4.9,17.6,2020
17120,375,David Nwaba,SF,27,BRK,20,0,13.4,1.9,3.6,.521,0.6,1.4,.429,1.3,2.2,.581,.606,0.9,1.4,.667,0.4,1.9,2.3,0.4,0.6,0.6,0.4,1.6,5.2,2020
17121,376,Royce O'Neale,SF,26,UTA,71,62,28.9,2.2,5.1,.433,1.3,3.4,.377,0.9,1.7,.545,.559,0.6,0.8,.764,0.4,5.1,5.5,2.5,0.8,0.5,0.9,2.8,6.3,2020
17122,377,Kyle O'Quinn,C,29,PHI,29,2,10.8,1.4,2.9,.494,0.2,0.9,.259,1.2,2.0,.603,.535,0.4,0.7,.550,1.2,2.8,4.0,1.8,0.2,0.8,0.7,1.3,3.5,2020
17123,378,Semi Ojeleye,PF,25,BOS,69,6,14.7,1.2,2.8,.408,0.7,1.8,.378,0.5,1.0,.464,.531,0.4,0.5,.875,0.4,1.7,2.1,0.5,0.3,0.1,0.3,1.2,3.4,2020
17124,379,Jahlil Okafor,C,24,NOP,30,9,15.6,3.4,5.4,.623,0.0,0.1,.333,3.3,5.3,.629,.627,1.3,2.1,.645,1.6,2.6,4.2,1.2,0.2,0.7,1.3,2.2,8.1,2020
17125,380,Elie Okobo,PG,22,PHO,55,3,13.1,1.3,3.3,.398,0.5,1.3,.352,0.9,2.0,.427,.467,0.9,1.3,.704,0.3,1.3,1.6,2.1,0.4,0.1,0.7,1.0,4.0,2020
17126,Rk,Player,Pos,Age,Tm,G,GS,MP,FG,FGA,FG%,3P,3PA,3P%,2P,2PA,2P%,eFG%,FT,FTA,FT%,ORB,DRB,TRB,AST,STL,BLK,TOV,PF,PTS,2020
17127,381,Josh Okogie,SG,21,MIN,62,28,25.0,2.7,6.4,.427,0.7,2.5,.266,2.1,3.9,.529,.479,2.5,3.1,.796,1.4,2.9,4.3,1.6,1.1,0.4,1.4,2.2,8.6,2020
17128,382,KZ Okpala,PF,20,MIA,5,0,5.2,0.6,1.0,.600,0.0,0.2,.000,0.6,0.8,.750,.600,0.2,0.4,.500,0.2,0.8,1.0,0.2,0.4,0.2,0.2,0.4,1.4,2020
17129,383,Victor Oladipo,SG,27,IND,19,16,27.8,5.1,12.9,.394,1.7,5.5,.317,3.4,7.5,.451,.461,2.5,3.1,.814,0.5,3.5,3.9,2.9,0.9,0.2,2.5,1.9,14.5,2020
17130,384,Kelly Olynyk,C,28,MIA,67,9,19.4,2.7,5.9,.462,1.4,3.5,.406,1.3,2.4,.543,.582,1.3,1.5,.860,0.7,3.9,4.6,1.7,0.7,0.3,1.1,2.6,8.2,2020
17131,385,Miye Oni,SF,22,UTA,10,1,10.9,1.2,3.2,.375,0.7,1.9,.368,0.5,1.3,.385,.484,0.4,0.5,.800,0.5,1.2,1.7,0.4,0.4,0.2,0.4,0.9,3.5,2020
17132,386,Cedi Osman,SF,24,CLE,65,65,29.4,4.1,9.4,.437,1.9,4.9,.383,2.2,4.4,.497,.538,1.0,1.4,.670,0.6,3.0,3.6,2.4,0.8,0.2,1.4,2.5,11.0,2020
17133,387,Kelly Oubre Jr.,SF,24,PHO,56,55,34.5,6.7,14.8,.452,1.9,5.5,.352,4.7,9.3,.511,.517,3.4,4.4,.780,1.2,5.3,6.4,1.5,1.3,0.7,1.5,3.4,18.7,2020
17134,388,Tariq Owens,PF,24,PHO,3,0,5.0,0.3,1.7,.200,0.0,0.7,.000,0.3,1.0,.333,.200,0.7,0.7,1.000,0.7,0.3,1.0,0.0,0.3,0.0,0.0,0.3,1.3,2020
17135,389,Jeremy Pargo,PG,33,GSW,3,0,14.7,3.7,7.3,.500,1.0,2.3,.429,2.7,5.0,.533,.568,0.0,0.3,.000,0.3,0.7,1.0,2.7,0.3,0.0,1.3,2.7,8.3,2020
17136,390,Jabari Parker,PF,24,TOT,38,23,24.1,5.8,11.3,.510,0.8,3.1,.269,4.9,8.2,.603,.548,1.6,2.1,.753,1.6,4.0,5.6,1.8,1.2,0.4,1.7,2.6,14.0,2020
17137,390,Jabari Parker,PF,24,ATL,32,23,26.2,6.2,12.3,.504,1.0,3.6,.270,5.2,8.7,.601,.543,1.7,2.3,.736,1.7,4.3,6.0,1.8,1.3,0.5,1.9,2.9,15.0,2020
17138,390,Jabari Parker,PF,24,SAC,6,0,13.3,3.5,6.0,.583,0.2,0.7,.250,3.3,5.3,.625,.597,1.3,1.5,.889,1.2,2.7,3.8,1.7,0.5,0.2,0.7,1.0,8.5,2020
17139,391,Chandler Parsons,PF,31,ATL,5,0,10.8,1.0,3.6,.278,0.8,2.8,.286,0.2,0.8,.250,.389,0.0,0.0,,0.2,1.2,1.4,0.6,0.8,0.2,0.6,0.6,2.8,2020
17140,392,Eric Paschall,PF,23,GSW,60,26,27.6,5.3,10.7,.497,0.6,2.2,.287,4.7,8.5,.550,.526,2.7,3.5,.774,1.4,3.2,4.6,2.1,0.5,0.2,1.6,2.1,14.0,2020
17141,393,Anžejs Pasečņiks,C,24,WAS,27,0,16.2,2.3,4.3,.526,0.0,0.1,.000,2.3,4.2,.540,.526,1.3,2.1,.586,1.6,2.4,4.0,0.7,0.3,0.4,0.9,2.8,5.8,2020
17142,394,Patrick Patterson,PF,30,LAC,59,18,13.2,1.6,3.9,.408,1.1,2.9,.390,0.5,1.0,.459,.552,0.6,0.7,.814,0.6,2.0,2.6,0.7,0.1,0.1,0.4,0.9,4.9,2020
17143,395,Justin Patton,C,22,OKC,5,0,4.8,0.8,2.0,.400,0.2,0.8,.250,0.6,1.2,.500,.450,0.0,0.0,,0.2,0.8,1.0,0.4,0.0,0.0,0.4,0.8,1.8,2020
17144,396,Chris Paul,PG,34,OKC,70,70,31.5,6.2,12.7,.489,1.6,4.3,.365,4.6,8.3,.554,.552,3.6,4.0,.907,0.4,4.6,5.0,6.7,1.6,0.2,2.3,2.3,17.6,2020
17145,397,Cameron Payne,SG,25,PHO,8,0,22.9,4.1,8.5,.485,1.9,3.6,.517,2.3,4.9,.462,.596,0.8,0.9,.857,0.5,3.4,3.9,3.0,1.0,0.3,1.4,2.5,10.9,2020
17146,398,Elfrid Payton,PG,25,NYK,45,36,27.7,4.3,9.8,.439,0.3,1.5,.203,4.0,8.2,.482,.455,1.1,1.9,.570,1.2,3.6,4.7,7.2,1.6,0.4,2.1,2.0,10.0,2020
17147,399,Gary Payton II,SF,27,WAS,29,17,14.9,1.7,4.0,.414,0.4,1.6,.283,1.2,2.4,.500,.470,0.1,0.3,.500,0.9,1.9,2.8,1.7,1.1,0.2,0.7,1.9,3.9,2020
17148,400,Norvel Pelle,C,26,PHI,24,0,9.7,1.0,2.0,.521,0.0,0.0,.000,1.0,2.0,.532,.521,0.3,0.6,.500,0.8,2.2,3.0,0.3,0.1,1.3,0.8,2.3,2.4,2020
17149,Rk,Player,Pos,Age,Tm,G,GS,MP,FG,FGA,FG%,3P,3PA,3P%,2P,2PA,2P%,eFG%,FT,FTA,FT%,ORB,DRB,TRB,AST,STL,BLK,TOV,PF,PTS,2020
17150,401,Theo Pinson,SG,24,BRK,33,0,11.1,1.4,4.7,.290,0.5,2.4,.188,0.9,2.3,.400,.339,0.5,0.5,.938,0.3,1.3,1.6,1.7,0.5,0.1,1.0,1.1,3.6,2020
17151,402,Mason Plumlee,C,29,DEN,61,1,17.3,2.9,4.7,.615,0.0,0.1,.000,2.9,4.6,.625,.615,1.4,2.5,.535,1.6,3.6,5.2,2.5,0.5,0.6,1.3,2.3,7.2,2020
17152,403,Jakob Poeltl,C,24,SAS,66,18,17.7,2.5,4.0,.624,0.0,0.0,,2.5,4.0,.624,.624,0.6,1.3,.465,2.0,3.7,5.7,1.8,0.6,1.4,0.8,1.9,5.6,2020
17153,404,Vincent Poirier,C,26,BOS,22,0,5.9,0.8,1.6,.472,0.0,0.1,.500,0.7,1.5,.471,.486,0.3,0.3,.857,0.6,1.4,2.0,0.4,0.1,0.4,0.4,1.1,1.9,2020
17154,405,Shamorie Ponds,PG,21,TOR,4,0,2.8,0.8,1.3,.600,0.3,0.5,.500,0.5,0.8,.667,.700,0.5,0.5,1.000,0.0,0.3,0.3,0.5,0.0,0.3,0.0,0.5,2.3,2020
17155,406,Jordan Poole,SG,20,GSW,57,14,22.4,2.9,8.8,.333,1.3,4.6,.279,1.6,4.2,.392,.406,1.7,2.1,.798,0.2,1.9,2.1,2.4,0.6,0.2,1.3,1.6,8.8,2020
17156,407,Kevin Porter Jr.,SF,19,CLE,50,3,23.2,3.7,8.4,.442,1.1,3.2,.335,2.7,5.3,.506,.505,1.5,2.0,.723,0.4,2.8,3.2,2.2,0.9,0.3,1.9,2.7,10.0,2020
17157,408,Michael Porter Jr.,SF,21,DEN,55,8,16.4,3.5,7.0,.509,1.1,2.7,.422,2.4,4.3,.564,.590,1.1,1.3,.833,1.2,3.5,4.7,0.8,0.5,0.5,0.9,1.8,9.3,2020
17158,409,Otto Porter Jr.,SF,26,CHI,14,9,23.6,4.4,10.0,.443,1.7,4.4,.387,2.7,5.6,.487,.529,1.4,1.9,.704,0.9,2.5,3.4,1.8,1.1,0.4,0.8,2.2,11.9,2020
17159,410,Bobby Portis,PF,24,NYK,66,5,21.1,4.0,8.9,.450,1.0,2.8,.358,3.0,6.1,.493,.507,1.1,1.4,.763,1.2,3.9,5.1,1.5,0.5,0.3,1.1,1.7,10.1,2020
17160,411,Kristaps Porziņģis,C,24,DAL,57,57,31.8,7.0,16.4,.427,2.5,7.1,.352,4.5,9.3,.484,.503,4.0,5.0,.799,1.8,7.7,9.5,1.8,0.7,2.0,1.6,3.2,20.4,2020
17161,412,Dwight Powell,C,28,DAL,40,37,26.5,3.7,5.7,.638,0.3,1.0,.256,3.4,4.8,.716,.659,1.9,2.8,.667,1.9,3.8,5.7,1.5,0.9,0.6,0.9,2.6,9.4,2020
17162,413,Norman Powell,SG,26,TOR,52,26,28.4,5.7,11.5,.495,2.1,5.3,.399,3.6,6.3,.575,.586,2.5,2.9,.843,0.5,3.2,3.7,1.8,1.2,0.4,1.5,2.1,16.0,2020
17163,414,Taurean Prince,PF,25,BRK,64,61,29.0,4.3,11.5,.376,2.3,6.7,.339,2.1,4.8,.429,.475,1.1,1.4,.798,0.8,5.2,6.0,1.8,0.9,0.4,2.0,2.5,12.1,2020
17164,415,Chasson Randle,PG,26,GSW,3,0,13.3,0.0,1.3,.000,0.0,0.7,.000,0.0,0.7,.000,.000,1.7,2.0,.833,0.0,0.7,0.7,1.7,0.7,0.0,0.0,1.0,1.7,2020
17165,416,Julius Randle,PF,25,NYK,64,64,32.5,7.2,15.7,.460,1.0,3.6,.277,6.2,12.1,.515,.492,4.0,5.5,.733,2.4,7.4,9.7,3.1,0.8,0.3,3.0,2.8,19.5,2020
17166,417,Josh Reaves,SF,22,DAL,4,0,7.0,0.8,2.3,.333,0.0,0.5,.000,0.8,1.8,.429,.333,0.5,0.5,1.000,0.3,0.5,0.8,0.8,0.0,0.0,0.0,1.3,2.0,2020
17167,418,Cam Reddish,SF,20,ATL,58,34,26.7,3.7,9.6,.384,1.4,4.3,.332,2.2,5.2,.428,.459,1.7,2.2,.802,0.6,3.1,3.7,1.5,1.1,0.5,1.7,2.3,10.5,2020
17168,419,J.J. Redick,SG,35,NOP,60,36,26.4,4.8,10.5,.453,3.0,6.6,.453,1.8,3.9,.453,.596,2.8,3.1,.892,0.2,2.4,2.5,2.0,0.3,0.2,1.3,1.6,15.3,2020
17169,420,Naz Reid,C,20,MIN,30,11,16.5,3.3,8.1,.412,1.1,3.2,.330,2.3,4.9,.466,.477,1.2,1.8,.698,1.1,3.0,4.1,1.2,0.6,0.7,0.7,2.8,9.0,2020
17170,Rk,Player,Pos,Age,Tm,G,GS,MP,FG,FGA,FG%,3P,3PA,3P%,2P,2PA,2P%,eFG%,FT,FTA,FT%,ORB,DRB,TRB,AST,STL,BLK,TOV,PF,PTS,2020
17171,421,Josh Richardson,SG,26,PHI,55,53,30.8,5.1,11.7,.430,1.5,4.5,.341,3.5,7.2,.486,.496,2.1,2.6,.809,0.7,2.4,3.2,2.9,0.9,0.7,1.9,2.5,13.7,2020
17172,422,Austin Rivers,SG,27,HOU,68,4,23.4,3.1,7.4,.421,1.4,4.0,.356,1.7,3.4,.498,.517,1.1,1.6,.703,0.4,2.2,2.6,1.7,0.7,0.1,0.7,1.9,8.8,2020
17173,423,Andre Roberson,SF,28,OKC,7,0,12.4,1.1,4.1,.276,0.4,2.0,.214,0.7,2.1,.333,.328,0.1,0.3,.500,1.0,2.9,3.9,0.6,0.1,0.4,0.3,1.9,2.9,2020
17174,424,Duncan Robinson,SG,25,MIA,73,68,29.7,4.4,9.4,.470,3.7,8.3,.446,0.7,1.1,.654,.667,0.9,1.0,.931,0.1,3.0,3.2,1.4,0.5,0.3,1.0,2.6,13.5,2020
17175,425,Glenn Robinson III,SF,26,TOT,62,52,28.8,4.6,9.5,.486,1.2,3.2,.391,3.4,6.4,.534,.552,1.2,1.4,.860,1.3,3.0,4.4,1.5,0.9,0.3,0.9,1.6,11.7,2020
17176,425,Glenn Robinson III,SF,26,GSW,48,48,31.6,5.1,10.6,.481,1.4,3.5,.400,3.7,7.0,.522,.548,1.3,1.5,.851,1.4,3.3,4.7,1.8,0.9,0.3,1.0,1.7,12.9,2020
17177,425,Glenn Robinson III,SF,26,PHI,14,4,19.3,3.1,6.1,.518,0.6,1.9,.333,2.5,4.1,.603,.571,0.8,0.9,.917,1.1,2.1,3.1,0.8,0.6,0.1,0.4,1.3,7.7,2020
17178,426,Jerome Robinson,SG,22,TOT,63,6,15.5,1.8,4.9,.371,0.8,2.4,.320,1.0,2.5,.420,.450,0.6,0.9,.702,0.2,1.8,2.0,1.4,0.4,0.3,0.8,1.8,5.1,2020
17179,426,Jerome Robinson,SG,22,LAC,42,1,11.3,1.1,3.2,.338,0.5,1.6,.284,0.6,1.6,.391,.408,0.3,0.5,.579,0.1,1.3,1.4,1.1,0.3,0.2,0.6,1.3,2.9,2020
17180,426,Jerome Robinson,SG,22,WAS,21,5,24.0,3.3,8.3,.397,1.4,4.1,.349,1.9,4.2,.443,.483,1.4,1.8,.763,0.4,2.9,3.3,2.0,0.7,0.4,1.1,2.7,9.4,2020
17181,427,Justin Robinson,PG,22,WAS,9,0,5.4,0.6,1.3,.417,0.3,0.6,.600,0.2,0.8,.286,.542,0.0,0.0,,0.1,0.4,0.6,0.8,0.0,0.1,0.3,0.2,1.4,2020
17182,428,Mitchell Robinson,C,21,NYK,61,7,23.1,4.1,5.6,.742,0.0,0.0,,4.1,5.6,.742,.742,1.4,2.4,.568,3.0,4.0,7.0,0.6,0.9,2.0,0.6,3.2,9.7,2020
17183,429,Isaiah Roby,PF,21,OKC,3,0,3.7,0.0,0.3,.000,0.0,0.0,,0.0,0.3,.000,.000,0.0,0.0,,0.0,0.7,0.7,0.0,0.0,0.0,0.3,0.3,0.0,2020
17184,430,Rajon Rondo,PG,33,LAL,48,3,20.5,2.9,6.8,.418,0.9,2.6,.328,2.0,4.2,.473,.480,0.6,0.9,.659,0.5,2.5,3.0,5.0,0.8,0.0,1.9,1.2,7.1,2020
17185,431,Derrick Rose,PG,31,DET,50,15,26.0,7.4,15.1,.490,0.9,2.9,.306,6.5,12.1,.535,.520,2.4,2.8,.871,0.5,1.9,2.4,5.6,0.8,0.3,2.5,1.0,18.1,2020
17186,432,Terrence Ross,SG,28,ORL,69,0,27.4,4.9,12.3,.403,2.6,7.3,.351,2.4,5.0,.480,.508,2.3,2.7,.853,0.2,3.0,3.2,1.2,1.1,0.3,1.0,1.6,14.7,2020
17187,433,Terry Rozier,PG,25,CHO,63,63,34.3,6.3,14.9,.423,2.7,6.7,.407,3.6,8.2,.436,.514,2.6,3.0,.874,0.8,3.6,4.4,4.1,1.0,0.2,2.2,2.0,18.0,2020
17188,434,Ricky Rubio,PG,29,PHO,65,65,31.0,4.4,10.6,.415,1.2,3.3,.361,3.2,7.3,.439,.471,3.0,3.5,.863,0.7,4.0,4.7,8.8,1.4,0.2,2.7,2.6,13.0,2020
17189,435,D'Angelo Russell,PG,23,TOT,45,45,32.3,8.0,18.8,.426,3.5,9.6,.367,4.5,9.2,.487,.519,3.6,4.4,.809,0.4,3.6,3.9,6.3,1.1,0.3,3.3,1.9,23.1,2020
17190,435,D'Angelo Russell,PG,23,GSW,33,33,32.1,8.3,19.2,.430,3.6,9.7,.374,4.6,9.5,.487,.524,3.4,4.4,.785,0.4,3.3,3.7,6.2,0.9,0.3,3.1,1.9,23.6,2020
17191,435,D'Angelo Russell,PG,23,MIN,12,12,32.7,7.3,17.6,.412,3.2,9.2,.345,4.1,8.4,.485,.502,4.0,4.6,.873,0.3,4.3,4.6,6.6,1.4,0.3,3.8,1.8,21.7,2020
17192,436,Domantas Sabonis,PF,23,IND,62,62,34.8,7.4,13.7,.540,0.3,1.1,.254,7.1,12.6,.565,.550,3.5,4.8,.723,3.0,9.4,12.4,5.0,0.8,0.5,2.7,3.1,18.5,2020
17193,437,Luka Šamanić,PF,20,SAS,3,1,16.0,1.7,5.3,.313,1.0,2.7,.375,0.7,2.7,.250,.406,1.0,1.3,.750,0.3,3.0,3.3,2.0,0.0,0.7,0.7,2.0,5.3,2020
17194,438,JaKarr Sampson,PF,26,IND,34,12,13.9,2.0,3.4,.591,0.1,0.4,.154,1.9,3.0,.647,.600,0.5,0.8,.667,0.6,2.0,2.6,0.6,0.5,0.4,0.4,1.9,4.6,2020
17195,439,Dario Šarić,PF,25,PHO,66,51,24.7,3.9,8.2,.476,1.3,3.6,.357,2.6,4.6,.568,.554,1.6,1.9,.844,1.5,4.6,6.2,1.9,0.6,0.2,1.3,2.4,10.7,2020
17196,440,Tomáš Satoranský,SG,28,CHI,65,64,28.9,3.6,8.5,.430,1.0,3.1,.322,2.7,5.4,.491,.488,1.6,1.9,.876,1.2,2.7,3.9,5.4,1.2,0.1,2.0,2.1,9.9,2020
17197,Rk,Player,Pos,Age,Tm,G,GS,MP,FG,FGA,FG%,3P,3PA,3P%,2P,2PA,2P%,eFG%,FT,FTA,FT%,ORB,DRB,TRB,AST,STL,BLK,TOV,PF,PTS,2020
17198,441,Admiral Schofield,PF,22,WAS,33,2,11.2,1.1,2.8,.380,0.6,1.8,.311,0.5,0.9,.516,.484,0.3,0.5,.667,0.2,1.2,1.4,0.5,0.2,0.1,0.2,1.5,3.0,2020
17199,442,Dennis Schröder,PG,26,OKC,65,2,30.8,7.0,14.8,.469,1.9,5.0,.385,5.0,9.8,.513,.534,3.0,3.6,.839,0.3,3.3,3.6,4.0,0.7,0.2,2.6,2.2,18.9,2020
17200,443,Mike Scott,PF,31,PHI,68,11,17.8,2.2,5.1,.426,1.2,3.2,.369,1.0,2.0,.519,.540,0.4,0.5,.811,1.0,2.7,3.6,0.8,0.3,0.1,0.4,1.4,6.0,2020
17201,444,Thabo Sefolosha,PF,35,HOU,41,0,10.6,0.9,2.2,.407,0.4,1.3,.278,0.5,0.9,.595,.489,0.1,0.2,.375,0.5,1.8,2.3,0.6,0.6,0.3,0.4,1.0,2.2,2020
17202,445,Collin Sexton,PG,21,CLE,65,65,33.0,7.9,16.7,.472,1.5,3.9,.380,6.4,12.8,.501,.517,3.5,4.1,.846,0.9,2.2,3.1,3.0,1.0,0.1,2.4,2.2,20.8,2020
17203,446,Landry Shamet,SG,22,LAC,53,30,27.4,3.0,7.4,.404,2.1,5.6,.375,0.9,1.8,.495,.546,1.2,1.4,.855,0.1,1.8,1.9,1.9,0.4,0.2,0.8,2.7,9.3,2020
17204,447,Marial Shayok,SG,24,PHI,4,0,7.0,0.8,3.0,.250,0.5,1.5,.333,0.3,1.5,.167,.333,0.8,1.0,.750,0.3,1.5,1.8,0.3,0.0,0.3,0.8,1.0,2.8,2020
17205,448,Iman Shumpert,SF,29,BRK,13,0,18.5,1.6,4.9,.328,0.6,2.5,.242,1.0,2.4,.419,.391,0.3,0.5,.571,0.7,1.9,2.6,0.9,0.9,0.2,0.8,1.6,4.2,2020
17206,449,Pascal Siakam,PF,25,TOR,60,60,35.2,8.3,18.4,.453,2.2,6.1,.359,6.2,12.3,.499,.512,4.0,5.1,.792,1.1,6.3,7.3,3.5,1.0,0.9,2.5,2.8,22.9,2020
17207,450,Chris Silva,PF,23,MIA,44,0,7.9,1.1,1.8,.615,0.0,0.1,.000,1.1,1.7,.640,.615,0.8,1.3,.673,1.4,1.5,2.9,0.5,0.2,0.5,0.7,1.9,3.0,2020
17208,451,Ben Simmons,PG,23,PHI,57,57,35.4,6.6,11.4,.580,0.0,0.1,.286,6.5,11.2,.583,.581,3.2,5.2,.621,2.0,5.8,7.8,8.0,2.1,0.6,3.5,3.3,16.4,2020
17209,452,Anfernee Simons,SG,20,POR,70,4,20.7,3.1,7.7,.399,1.1,3.2,.332,2.0,4.4,.448,.469,1.1,1.3,.826,0.4,1.8,2.2,1.4,0.4,0.1,0.9,1.9,8.3,2020
17210,453,Alen Smailagić,C,19,GSW,14,0,9.9,1.4,2.9,.500,0.2,0.9,.231,1.2,1.9,.630,.538,1.1,1.4,.842,0.7,1.2,1.9,0.9,0.2,0.3,0.8,1.0,4.2,2020
17211,454,Marcus Smart,SG,25,BOS,60,40,32.0,4.3,11.4,.375,2.3,6.6,.347,2.0,4.8,.415,.476,2.1,2.5,.836,0.7,3.1,3.8,4.9,1.7,0.5,1.7,2.7,12.9,2020
17212,455,Dennis Smith Jr.,PG,22,NYK,34,3,15.8,2.1,6.2,.341,0.5,1.6,.296,1.6,4.6,.357,.379,0.8,1.6,.509,0.6,1.7,2.3,2.9,0.8,0.2,1.7,1.9,5.5,2020
17213,456,Ish Smith,PG,31,WAS,68,23,26.3,4.5,10.1,.447,0.9,2.5,.367,3.6,7.6,.473,.492,0.9,1.3,.721,0.4,2.8,3.2,4.9,0.9,0.4,1.4,1.6,10.9,2020
17214,457,J.R. Smith,SG,34,LAL,6,0,13.2,1.2,3.7,.318,0.2,1.8,.091,1.0,1.8,.545,.341,0.3,0.3,1.000,0.0,0.8,0.8,0.5,0.2,0.0,0.7,0.8,2.8,2020
17215,458,Zhaire Smith,SF,20,PHI,7,0,4.6,0.4,1.6,.273,0.0,0.4,.000,0.4,1.1,.375,.273,0.3,0.6,.500,0.0,0.3,0.3,0.3,0.4,0.0,0.3,0.6,1.1,2020
17216,459,Tony Snell,SF,28,DET,59,57,27.8,2.9,6.5,.445,1.7,4.3,.402,1.2,2.2,.531,.579,0.5,0.5,1.000,0.2,1.7,1.9,2.2,0.5,0.3,0.5,1.7,8.0,2020
17217,460,Omari Spellman,C,22,GSW,49,3,18.1,2.6,6.0,.431,0.9,2.2,.391,1.7,3.8,.454,.503,1.5,1.9,.793,1.6,2.9,4.5,1.0,0.7,0.5,1.1,1.3,7.6,2020
17218,Rk,Player,Pos,Age,Tm,G,GS,MP,FG,FGA,FG%,3P,3PA,3P%,2P,2PA,2P%,eFG%,FT,FTA,FT%,ORB,DRB,TRB,AST,STL,BLK,TOV,PF,PTS,2020
17219,461,Max Strus,SF,23,CHI,2,0,3.0,1.0,1.5,.667,0.0,0.5,.000,1.0,1.0,1.000,.667,0.5,0.5,1.000,0.5,0.0,0.5,0.0,0.0,0.0,0.0,0.5,2.5,2020
17220,462,Edmond Sumner,SG,24,IND,31,3,14.4,2.0,4.6,.430,0.5,1.7,.264,1.5,2.9,.528,.479,0.5,0.9,.552,0.4,1.1,1.5,1.8,0.5,0.3,0.7,1.4,4.9,2020
17221,463,Caleb Swanigan,PF-C,22,TOT,27,1,10.7,1.0,1.7,.596,0.0,0.1,.000,1.0,1.7,.622,.596,0.3,0.6,.529,1.0,2.7,3.7,1.1,0.1,0.3,1.4,2.3,2.4,2020
17222,463,Caleb Swanigan,C,22,SAC,7,0,3.3,0.3,0.6,.500,0.0,0.0,,0.3,0.6,.500,.500,0.1,0.3,.500,0.3,0.7,1.0,0.3,0.1,0.3,0.9,1.1,0.7,2020
17223,463,Caleb Swanigan,PF,22,POR,20,1,13.3,1.3,2.2,.605,0.0,0.1,.000,1.3,2.1,.634,.605,0.4,0.8,.533,1.3,3.4,4.7,1.5,0.1,0.3,1.6,2.7,3.0,2020
17224,464,Jayson Tatum,PF,21,BOS,66,66,34.3,8.4,18.6,.450,2.9,7.1,.403,5.5,11.5,.480,.527,3.8,4.7,.812,1.0,6.0,7.0,3.0,1.4,0.9,2.3,2.1,23.4,2020
17225,465,Jeff Teague,PG,31,TOT,59,17,24.8,3.6,8.3,.436,0.7,2.0,.368,2.9,6.3,.457,.480,2.9,3.3,.873,0.5,1.9,2.4,5.2,0.7,0.3,2.0,1.8,10.9,2020
17226,465,Jeff Teague,PG,31,MIN,34,13,27.8,4.3,9.5,.448,1.0,2.6,.379,3.3,7.0,.473,.498,3.7,4.2,.868,0.4,2.1,2.6,6.1,0.7,0.4,2.2,2.1,13.2,2020
17227,465,Jeff Teague,PG,31,ATL,25,4,20.8,2.7,6.6,.412,0.4,1.2,.333,2.3,5.4,.430,.442,1.9,2.1,.887,0.5,1.7,2.2,4.0,0.8,0.2,1.6,1.4,7.7,2020
17228,466,Garrett Temple,SG,33,BRK,62,35,27.9,3.6,9.5,.378,2.0,6.2,.329,1.5,3.2,.473,.486,1.1,1.4,.805,0.5,3.0,3.5,2.5,0.8,0.5,1.0,1.7,10.3,2020
17229,467,Daniel Theis,C,27,BOS,65,64,24.1,3.7,6.6,.566,0.5,1.5,.333,3.2,5.1,.633,.603,1.3,1.8,.763,2.2,4.4,6.6,1.7,0.6,1.3,0.8,3.4,9.2,2020
17230,468,Isaiah Thomas,PG,30,WAS,40,37,23.1,4.4,10.7,.408,2.0,4.7,.413,2.4,5.9,.405,.500,1.6,1.9,.816,0.3,1.4,1.7,3.7,0.3,0.2,1.9,1.9,12.2,2020
17231,469,Khyri Thomas,SG,23,DET,8,0,7.6,0.6,2.1,.294,0.6,1.8,.357,0.0,0.4,.000,.441,0.3,0.5,.500,0.1,0.0,0.1,0.4,0.4,0.0,0.4,1.1,2.1,2020
17232,470,Lance Thomas,PF,31,BRK,7,4,14.0,1.1,3.3,.348,0.6,1.9,.308,0.6,1.4,.400,.435,0.6,0.6,1.000,0.3,1.6,1.9,0.9,0.0,0.0,0.9,1.6,3.4,2020
17233,471,Matt Thomas,SG,25,TOR,41,1,10.7,1.8,3.7,.487,1.1,2.4,.475,0.6,1.2,.510,.643,0.2,0.3,.750,0.2,1.3,1.5,0.5,0.2,0.0,0.4,0.9,4.9,2020
17234,472,Tristan Thompson,PF,28,CLE,57,51,30.2,5.1,9.9,.512,0.2,0.4,.391,4.9,9.5,.518,.520,1.7,2.8,.615,4.0,6.2,10.1,2.1,0.6,0.9,1.8,2.2,12.0,2020
17235,473,Sindarius Thornwell,SF,25,NOP,2,0,17.5,3.0,5.5,.545,1.0,2.0,.500,2.0,3.5,.571,.636,1.0,2.0,.500,0.0,2.0,2.0,2.0,0.5,0.5,1.0,1.0,8.0,2020
17236,474,Matisse Thybulle,SG,22,PHI,65,14,19.8,1.7,4.1,.423,0.9,2.4,.357,0.9,1.7,.519,.528,0.4,0.6,.610,0.7,1.0,1.6,1.2,1.4,0.7,0.8,2.2,4.7,2020
17237,475,Anthony Tolliver,PF,34,TOT,55,13,15.9,1.2,3.3,.357,0.9,2.6,.338,0.3,0.7,.432,.492,0.4,0.5,.724,0.6,2.2,2.8,0.8,0.3,0.2,0.6,1.3,3.6,2020
17238,475,Anthony Tolliver,PF,34,POR,33,9,16.8,1.3,3.5,.368,0.9,2.7,.337,0.4,0.8,.464,.496,0.4,0.6,.684,0.8,2.5,3.3,0.9,0.2,0.3,0.6,1.6,3.9,2020
17239,475,Anthony Tolliver,PF,34,SAC,9,0,9.1,0.3,1.9,.176,0.2,1.7,.133,0.1,0.2,.500,.235,0.1,0.2,.500,0.2,1.0,1.2,0.3,0.4,0.1,0.4,0.7,1.0,2020
17240,475,Anthony Tolliver,PF,34,MEM,13,4,18.2,1.5,3.7,.396,1.3,3.2,.415,0.2,0.5,.286,.573,0.5,0.6,.875,0.4,2.2,2.5,0.8,0.5,0.1,0.7,1.1,4.8,2020
17241,476,Juan Toscano-Anderson,SG,26,GSW,13,6,20.9,2.2,4.8,.460,0.6,1.8,.348,1.6,3.1,.525,.524,0.2,0.4,.600,0.7,3.3,4.0,2.0,1.0,0.4,1.2,2.3,5.3,2020
17242,477,Karl-Anthony Towns,C,24,MIN,35,35,33.9,9.0,17.8,.508,3.3,7.9,.412,5.8,9.9,.586,.600,5.1,6.5,.796,2.7,8.1,10.8,4.4,0.9,1.2,3.1,3.3,26.5,2020
17243,478,Gary Trent Jr.,SF,21,POR,61,8,21.8,3.2,7.2,.444,1.8,4.4,.418,1.4,2.8,.486,.571,0.6,0.7,.822,0.4,1.2,1.6,1.0,0.8,0.3,0.3,1.5,8.9,2020
17244,479,Allonzo Trier,SG,24,NYK,24,1,12.1,2.1,4.4,.481,0.8,2.2,.358,1.3,2.2,.604,.571,1.4,1.8,.791,0.3,1.0,1.2,1.2,0.1,0.2,0.9,1.2,6.5,2020
17245,480,P.J. Tucker,PF,34,HOU,72,72,34.3,2.5,5.9,.415,1.5,4.2,.358,1.0,1.8,.551,.541,0.5,0.7,.813,1.6,5.1,6.6,1.6,1.1,0.5,1.0,3.2,6.9,2020
17246,Rk,Player,Pos,Age,Tm,G,GS,MP,FG,FGA,FG%,3P,3PA,3P%,2P,2PA,2P%,eFG%,FT,FTA,FT%,ORB,DRB,TRB,AST,STL,BLK,TOV,PF,PTS,2020
17247,481,Rayjon Tucker,SG,22,UTA,20,0,8.1,1.0,2.2,.465,0.2,0.9,.176,0.9,1.3,.654,.500,1.0,1.2,.826,0.2,0.9,1.0,0.3,0.1,0.1,0.4,0.5,3.1,2020
17248,482,Evan Turner,SG,31,ATL,19,0,13.2,1.3,3.5,.373,0.0,0.3,.000,1.3,3.3,.403,.373,0.6,0.7,.857,0.4,1.6,2.0,2.0,0.5,0.4,1.4,1.1,3.3,2020
17249,483,Myles Turner,C,23,IND,62,62,29.5,4.3,9.5,.457,1.4,4.0,.344,2.9,5.4,.540,.530,2.0,2.7,.751,1.4,5.2,6.6,1.2,0.7,2.1,1.4,2.7,12.1,2020
17250,484,Jarrod Uthoff,PF,26,TOT,7,0,7.6,1.0,2.6,.389,0.4,1.3,.333,0.6,1.3,.444,.472,0.3,0.3,1.000,0.3,0.6,0.9,0.0,0.1,0.0,0.0,0.3,2.7,2020
17251,484,Jarrod Uthoff,PF,26,MEM,4,0,3.5,0.3,1.8,.143,0.0,1.0,.000,0.3,0.8,.333,.143,0.5,0.5,1.000,0.3,0.0,0.3,0.0,0.3,0.0,0.0,0.3,1.0,2020
17252,484,Jarrod Uthoff,PF,26,WAS,3,0,13.0,2.0,3.7,.545,1.0,1.7,.600,1.0,2.0,.500,.682,0.0,0.0,,0.3,1.3,1.7,0.0,0.0,0.0,0.0,0.3,5.0,2020
17253,485,Jonas Valančiūnas,C,27,MEM,70,70,26.4,6.2,10.6,.585,0.5,1.3,.352,5.7,9.3,.617,.606,2.1,2.9,.740,3.0,8.2,11.3,1.9,0.4,1.1,1.8,2.6,14.9,2020
17254,486,Denzel Valentine,SF,26,CHI,36,5,13.6,2.7,6.6,.409,1.3,3.8,.336,1.4,2.8,.510,.506,0.2,0.2,.750,0.3,1.8,2.1,1.2,0.7,0.2,0.7,1.4,6.8,2020
17255,487,Jarred Vanderbilt,PF,20,TOT,11,0,4.2,0.5,0.7,.625,0.0,0.1,.000,0.5,0.6,.714,.625,0.2,0.2,1.000,0.3,0.5,0.8,0.2,0.3,0.1,0.6,0.5,1.1,2020
17256,487,Jarred Vanderbilt,PF,20,DEN,9,0,4.6,0.6,0.8,.714,0.0,0.0,,0.6,0.8,.714,.714,0.0,0.0,,0.3,0.6,0.9,0.2,0.3,0.1,0.8,0.7,1.1,2020
17257,487,Jarred Vanderbilt,PF,20,MIN,2,0,2.5,0.0,0.5,.000,0.0,0.5,.000,0.0,0.0,,.000,1.0,1.0,1.000,0.0,0.5,0.5,0.0,0.0,0.0,0.0,0.0,1.0,2020
17258,488,Fred VanVleet,SG,25,TOR,54,54,35.7,5.9,14.3,.413,2.7,6.9,.390,3.2,7.4,.434,.507,3.1,3.7,.848,0.3,3.4,3.8,6.6,1.9,0.3,2.2,2.4,17.6,2020
17259,489,Gabe Vincent,PG,23,MIA,9,0,9.2,0.9,4.1,.216,0.7,3.0,.222,0.2,1.1,.200,.297,0.0,0.0,,0.0,0.6,0.6,0.7,0.6,0.0,0.1,0.7,2.4,2020
17260,490,Noah Vonleh,C,24,TOT,36,1,10.5,1.4,2.6,.565,0.1,0.4,.200,1.4,2.1,.636,.582,0.7,0.9,.781,1.0,2.4,3.4,0.8,0.3,0.2,0.6,1.1,3.7,2020
17261,490,Noah Vonleh,C,24,MIN,29,1,12.0,1.6,3.0,.547,0.1,0.5,.143,1.6,2.5,.625,.558,0.8,1.0,.821,1.2,2.8,4.0,0.9,0.4,0.2,0.7,1.2,4.1,2020
17262,490,Noah Vonleh,C,24,DEN,7,0,4.3,0.7,0.9,.833,0.1,0.1,1.000,0.6,0.7,.800,.917,0.3,0.6,.500,0.4,0.7,1.1,0.3,0.0,0.0,0.3,0.6,1.9,2020
17263,491,Nikola Vučević,C,29,ORL,62,62,32.2,8.0,16.7,.477,1.6,4.7,.339,6.4,12.0,.531,.525,2.1,2.7,.784,2.3,8.6,10.9,3.6,0.9,0.8,1.4,2.2,19.6,2020
17264,492,Dean Wade,PF,23,CLE,12,0,5.9,0.8,1.1,.692,0.2,0.3,.500,0.6,0.8,.778,.769,0.0,0.1,.000,0.3,1.3,1.6,0.2,0.2,0.3,0.3,0.7,1.7,2020
17265,493,Moritz Wagner,C,22,WAS,45,5,18.6,3.2,5.9,.545,0.6,1.8,.313,2.7,4.1,.645,.592,1.7,2.1,.821,1.2,3.6,4.9,1.2,0.6,0.4,1.5,3.4,8.7,2020
17266,494,Dion Waiters,SG,28,TOT,10,0,20.7,4.1,9.9,.414,1.5,4.7,.319,2.6,5.2,.500,.490,1.4,1.7,.824,0.2,2.2,2.4,2.0,0.4,0.6,1.6,2.1,11.1,2020
17267,494,Dion Waiters,SG,28,MIA,3,0,14.0,3.3,8.7,.385,2.7,5.7,.471,0.7,3.0,.222,.538,0.0,0.3,.000,0.0,3.7,3.7,1.0,0.0,0.7,1.0,1.7,9.3,2020
17268,494,Dion Waiters,SG,28,LAL,7,0,23.6,4.4,10.4,.425,1.0,4.3,.233,3.4,6.1,.558,.473,2.0,2.3,.875,0.3,1.6,1.9,2.4,0.6,0.6,1.9,2.3,11.9,2020
17269,495,Kemba Walker,PG,29,BOS,56,56,31.1,6.8,15.9,.425,3.2,8.4,.381,3.5,7.4,.476,.526,3.7,4.3,.864,0.6,3.2,3.9,4.8,0.9,0.5,2.1,1.6,20.4,2020
17270,496,Lonnie Walker IV,SG,21,SAS,61,12,16.2,2.5,5.9,.426,0.7,1.7,.406,1.8,4.2,.434,.483,0.7,1.0,.721,0.4,1.9,2.3,1.1,0.5,0.2,0.7,1.3,6.4,2020
17271,497,Tyrone Wallace,SG,25,ATL,14,0,11.4,1.0,3.1,.318,0.1,1.1,.067,0.9,2.1,.448,.330,0.8,1.2,.647,0.2,1.4,1.6,0.9,0.5,0.1,0.7,1.4,2.9,2020
17272,498,Derrick Walton,PG,24,TOT,26,1,9.5,0.7,1.5,.462,0.4,0.9,.417,0.3,0.6,.533,.590,0.3,0.3,.778,0.1,0.5,0.6,1.0,0.3,0.0,0.2,0.8,2.0,2020
17273,498,Derrick Walton,PG,24,LAC,23,1,9.7,0.7,1.6,.472,0.4,0.9,.429,0.3,0.7,.533,.597,0.3,0.4,.778,0.1,0.6,0.7,1.0,0.2,0.0,0.2,0.8,2.2,2020
17274,498,Derrick Walton,PG,24,DET,3,0,8.7,0.3,1.0,.333,0.3,1.0,.333,0.0,0.0,,.500,0.0,0.0,,0.0,0.3,0.3,1.7,1.0,0.0,0.3,0.7,1.0,2020
17275,499,Brad Wanamaker,PG,30,BOS,71,1,19.3,2.3,5.1,.448,0.5,1.4,.363,1.8,3.7,.481,.499,1.8,1.9,.926,0.3,1.7,2.0,2.5,0.9,0.2,1.1,1.9,6.9,2020
17276,500,T.J. Warren,SF,26,IND,67,67,32.9,8.0,14.9,.536,1.4,3.4,.403,6.6,11.5,.575,.581,2.5,3.0,.819,1.0,3.2,4.2,1.5,1.2,0.5,1.3,2.8,19.8,2020
17277,Rk,Player,Pos,Age,Tm,G,GS,MP,FG,FGA,FG%,3P,3PA,3P%,2P,2PA,2P%,eFG%,FT,FTA,FT%,ORB,DRB,TRB,AST,STL,BLK,TOV,PF,PTS,2020
17278,501,P.J. Washington,PF,21,CHO,58,57,30.3,4.6,10.2,.455,1.5,4.0,.374,3.1,6.2,.507,.528,1.5,2.3,.647,1.0,4.4,5.4,2.1,0.9,0.8,1.6,2.7,12.2,2020
17279,502,Yuta Watanabe,SF,25,MEM,18,0,5.8,0.8,1.9,.441,0.2,0.4,.375,0.7,1.4,.462,.485,0.2,0.4,.375,0.4,0.7,1.1,0.3,0.3,0.1,0.1,0.5,2.0,2020
17280,503,Tremont Waters,PG,22,BOS,11,1,10.8,1.3,4.5,.286,0.4,2.2,.167,0.9,2.3,.400,.327,0.7,0.7,1.000,0.0,1.1,1.1,1.5,0.9,0.2,1.4,1.2,3.6,2020
17281,504,Paul Watson,SF,25,TOT,10,0,8.7,1.0,2.6,.385,0.4,1.2,.333,0.6,1.4,.429,.462,0.7,0.9,.778,0.2,1.5,1.7,0.8,0.4,0.1,0.3,0.5,3.1,2020
17282,504,Paul Watson,SF,25,ATL,2,0,8.5,0.0,3.5,.000,0.0,1.5,.000,0.0,2.0,.000,.000,0.0,0.0,,0.0,1.0,1.0,1.5,0.5,0.0,0.0,0.5,0.0,2020
17283,504,Paul Watson,SF,25,TOR,8,0,8.8,1.3,2.4,.526,0.5,1.1,.444,0.8,1.3,.600,.632,0.9,1.1,.778,0.3,1.6,1.9,0.6,0.4,0.1,0.4,0.5,3.9,2020
17284,505,Quinndary Weatherspoon,SG,23,SAS,11,0,7.1,0.5,1.5,.294,0.1,0.5,.200,0.4,1.1,.333,.324,0.1,0.2,.500,0.1,0.5,0.6,1.0,0.3,0.1,0.5,0.7,1.1,2020
17285,506,Russell Westbrook,PG,31,HOU,57,57,35.9,10.6,22.5,.472,1.0,3.7,.258,9.6,18.7,.514,.493,5.1,6.7,.763,1.8,6.2,7.9,7.0,1.6,0.4,4.5,3.5,27.2,2020
17286,507,Coby White,PG,19,CHI,65,1,25.8,4.8,12.2,.394,2.0,5.8,.354,2.8,6.4,.430,.478,1.6,2.0,.791,0.4,3.1,3.5,2.7,0.8,0.1,1.7,1.8,13.2,2020
17287,508,Derrick White,SG,25,SAS,68,20,24.7,3.7,8.1,.458,1.2,3.2,.366,2.6,4.9,.518,.530,2.6,3.1,.853,0.5,2.8,3.3,3.5,0.6,0.9,1.3,2.2,11.3,2020
17288,509,Hassan Whiteside,C,30,POR,67,61,30.0,6.5,10.5,.621,0.1,0.1,.571,6.4,10.4,.622,.624,2.4,3.6,.686,3.9,9.7,13.5,1.2,0.4,2.9,1.8,2.9,15.5,2020
17289,510,Andrew Wiggins,SF,24,TOT,54,54,34.4,8.1,18.1,.447,2.1,6.2,.332,6.0,11.9,.506,.504,3.5,5.0,.709,1.2,3.9,5.1,3.7,0.8,1.0,2.4,2.4,21.8,2020
17290,510,Andrew Wiggins,SF,24,MIN,42,42,34.6,8.4,18.8,.444,2.2,6.5,.331,6.2,12.3,.505,.502,3.5,4.9,.720,1.1,4.1,5.2,3.7,0.7,0.9,2.5,2.4,22.4,2020
17291,510,Andrew Wiggins,SF,24,GSW,12,12,33.6,7.2,15.7,.457,1.7,4.9,.339,5.5,10.8,.512,.511,3.4,5.1,.672,1.5,3.1,4.6,3.6,1.3,1.4,2.1,2.2,19.4,2020
17292,511,Grant Williams,PF,21,BOS,69,5,15.1,1.3,3.1,.412,0.3,1.4,.250,0.9,1.7,.548,.469,0.6,0.8,.722,0.9,1.7,2.6,1.0,0.4,0.5,0.7,2.4,3.4,2020
17293,512,Johnathan Williams,PF,24,WAS,15,6,12.0,1.3,2.3,.559,0.0,0.1,.000,1.3,2.1,.594,.559,0.5,0.9,.538,1.6,2.7,4.3,0.5,0.1,0.5,0.3,1.1,3.0,2020
17294,513,Kenrich Williams,PF,25,NOP,39,18,21.3,1.3,3.8,.347,0.6,2.5,.258,0.7,1.3,.520,.432,0.2,0.7,.346,1.3,3.5,4.8,1.5,0.7,0.5,0.6,2.3,3.5,2020
17295,514,Lou Williams,PG,33,LAC,65,8,28.7,6.0,14.4,.418,1.7,4.8,.352,4.3,9.6,.451,.477,4.5,5.2,.861,0.5,2.6,3.1,5.6,0.7,0.2,2.8,1.2,18.2,2020
17296,515,Marvin Williams,PF,33,TOT,58,1,19.5,2.1,4.6,.446,1.0,2.7,.359,1.1,1.9,.568,.551,0.8,1.0,.860,0.5,2.6,3.2,1.0,0.6,0.5,0.6,1.8,5.9,2020
17297,515,Marvin Williams,PF,33,CHO,41,1,19.7,2.3,5.1,.448,1.1,2.9,.376,1.2,2.3,.538,.552,1.0,1.2,.860,0.4,2.3,2.7,1.0,0.6,0.5,0.6,1.7,6.7,2020
17298,515,Marvin Williams,PF,33,MIL,17,0,18.9,1.5,3.4,.439,0.7,2.3,.308,0.8,1.1,.722,.544,0.4,0.4,.857,0.9,3.5,4.4,1.1,0.6,0.5,0.5,1.9,4.0,2020
17299,516,Robert Williams,C,22,BOS,29,1,13.4,2.2,3.0,.727,0.0,0.0,,2.2,3.0,.727,.727,0.8,1.2,.647,1.4,3.0,4.4,0.9,0.8,1.2,0.7,1.8,5.2,2020
17300,517,Nigel Williams-Goss,PG,25,UTA,10,0,5.0,0.5,1.6,.313,0.2,0.7,.286,0.3,0.9,.333,.375,0.2,0.2,1.000,0.2,0.4,0.6,0.6,0.3,0.1,0.3,0.6,1.4,2020
17301,518,Zion Williamson,PF,19,NOP,24,24,27.8,8.8,15.0,.583,0.3,0.6,.429,8.5,14.4,.590,.592,4.8,7.4,.640,2.7,3.6,6.3,2.1,0.7,0.4,2.5,1.8,22.5,2020
17302,519,D.J. Wilson,PF,23,MIL,37,1,9.8,1.4,3.6,.394,0.5,2.0,.247,0.9,1.6,.576,.462,0.3,0.5,.611,0.3,2.2,2.5,0.7,0.1,0.1,0.5,0.9,3.6,2020
17303,520,Justise Winslow,SG,23,MIA,11,5,32.0,4.5,11.7,.388,0.5,2.5,.222,4.0,9.3,.431,.411,1.6,2.5,.667,1.5,5.2,6.6,4.0,0.6,0.5,2.2,3.5,11.3,2020
17304,Rk,Player,Pos,Age,Tm,G,GS,MP,FG,FGA,FG%,3P,3PA,3P%,2P,2PA,2P%,eFG%,FT,FTA,FT%,ORB,DRB,TRB,AST,STL,BLK,TOV,PF,PTS,2020
17305,521,Christian Wood,PF,24,DET,62,12,21.4,4.6,8.2,.567,0.9,2.3,.386,3.8,5.9,.636,.620,2.9,3.9,.744,1.7,4.6,6.3,1.0,0.5,0.9,1.4,1.6,13.1,2020
17306,522,Delon Wright,PG,27,DAL,73,5,21.5,2.6,5.6,.462,0.6,1.7,.370,2.0,3.9,.504,.519,1.1,1.4,.770,1.0,2.9,3.8,3.3,1.2,0.3,1.0,1.3,6.9,2020
17307,523,Justin Wright-Foreman,PG,22,UTA,4,0,11.3,1.8,5.0,.350,0.5,2.5,.200,1.3,2.5,.500,.400,0.8,1.0,.750,0.0,1.3,1.3,1.8,0.5,0.0,0.8,1.3,4.8,2020
17308,524,Thaddeus Young,PF,31,CHI,64,16,24.9,4.2,9.4,.448,1.2,3.5,.356,3.0,5.9,.501,.513,0.7,1.1,.583,1.5,3.5,4.9,1.8,1.4,0.4,1.6,2.1,10.3,2020
17309,525,Trae Young,PG,21,ATL,60,60,35.3,9.1,20.8,.437,3.4,9.5,.361,5.7,11.4,.501,.519,8.0,9.3,.860,0.5,3.7,4.3,9.3,1.1,0.1,4.8,1.7,29.6,2020
17310,526,Cody Zeller,C,27,CHO,58,39,23.1,4.3,8.3,.524,0.3,1.3,.240,4.0,7.0,.577,.543,2.1,3.1,.682,2.8,4.3,7.1,1.5,0.7,0.4,1.3,2.4,11.1,2020
17311,527,Tyler Zeller,C,30,SAS,2,0,2.0,0.5,2.0,.250,0.0,0.0,,0.5,2.0,.250,.250,0.0,0.0,,1.5,0.5,2.0,0.0,0.0,0.0,0.0,0.0,1.0,2020
17312,528,Ante Žižić,C,23,CLE,22,0,10.0,1.9,3.3,.569,0.0,0.0,,1.9,3.3,.569,.569,0.6,0.9,.737,0.8,2.2,3.0,0.3,0.3,0.2,0.5,1.2,4.4,2020
17313,529,Ivica Zubac,C,22,LAC,72,70,18.4,3.3,5.3,.613,0.0,0.0,.000,3.3,5.3,.616,.613,1.7,2.3,.747,2.7,4.8,7.5,1.1,0.2,0.9,0.8,2.3,8.3,2020
